0 0.240277778125 0.012152778125 0.240277778125 0 0.2166666671875 0.0017361109374999999 0.21805555625 0.015625 0.22291666718749997 0.0208333328125 0.23333333281250002 0.0208333328125 0.240277778125 0.012152778125
0 0.21458333281250003 0.0338541671875 0.2173611109375 0.019965278125 0.21319444375000002 0.013020832812499999 0.20486111093749998 0.0095486109375 0.19513888906250001 0.015625 0.19444444375 0.0329861109375 0.1979166671875 0.03819444375 0.20694444375 0.03993055625 0.21458333281250003 0.0338541671875
0 0.21805555625 0.06857638906249999 0.2166666671875 0.05208333281250001 0.20972222187499998 0.04600694375 0.1986111109375 0.050347221875 0.1986111109375 0.07552083281250001 0.20486111093749998 0.07986111093750001 0.21111111093749999 0.078125 0.21805555625 0.06857638906249999
0 0.23680555625 0.0529513890625 0.23819444375 0.0329861109375 0.23333333281250002 0.026909721874999997 0.22430555624999998 0.026909721874999997 0.2173611109375 0.035590278125 0.21597222187499998 0.0442708328125 0.2236111109375 0.058159721875 0.2298611109375 0.059027778125 0.23680555625 0.0529513890625
0 0.23541666718749998 0.090277778125 0.23472222187499997 0.06944444375 0.2236111109375 0.066840278125 0.2173611109375 0.07638888906249999 0.21944444375 0.09461805625 0.22569444375 0.09982638906249999 0.23194444375 0.09895833281250001 0.23541666718749998 0.090277778125
0 0.2208333328125 0.09895833281250001 0.21319444375000002 0.08680555625 0.20416666718749998 0.0859375 0.19930555625 0.09114583281250001 0.20069444375 0.1154513890625 0.209027778125 0.1171875 0.21875 0.10850694375 0.2208333328125 0.09895833281250001
0 0.23263888906250002 0.13454861093749998 0.23402777812500003 0.11631944375 0.23055555625 0.11024305625 0.22291666718749997 0.109375 0.21180555625 0.120659721875 0.20972222187499998 0.13194444375 0.215277778125 0.13888888906250002 0.22638888906250001 0.13975694375 0.23263888906250002 0.13454861093749998
0 0.23055555625 0.1588541671875 0.2298611109375 0.15017361093749998 0.22430555624999998 0.14409722187500001 0.209027778125 0.14149305625 0.20486111093749998 0.14670138906250002 0.20347222187499997 0.15625 0.20972222187499998 0.16753472187500001 0.22152777812500002 0.16840277812499999 0.23055555625 0.1588541671875
0 0.23194444375 0.18923611093749998 0.2298611109375 0.17795138906250002 0.22430555624999998 0.17274305625 0.21180555625 0.17361111093749998 0.20555555625 0.18142361093749998 0.20555555625 0.1927083328125 0.2125 0.20052083281250002 0.225 0.19878472187500001 0.23194444375 0.18923611093749998
0 0.22916666718749998 0.22482638906250002 0.23055555625 0.21180555625 0.225 0.20486111093749998 0.2125 0.20572916718749998 0.20694444375 0.21267361093749998 0.20625 0.22482638906250002 0.21111111093749999 0.23350694375 0.2236111109375 0.23350694375 0.22916666718749998 0.22482638906250002
0 0.22916666718749998 0.26215277812500004 0.2270833328125 0.2421875 0.21597222187499998 0.23958333281250002 0.209027778125 0.24479166718749998 0.209027778125 0.2673611109375 0.215277778125 0.27256944375000003 0.22430555624999998 0.2708333328125 0.22916666718749998 0.26215277812500004
0 0.22916666718749998 0.2986111109375 0.22638888906250001 0.2829861109375 0.2166666671875 0.2795138890625 0.2104166671875 0.28472222187499996 0.21111111093749999 0.30555555624999997 0.2166666671875 0.3107638890625 0.2236111109375 0.30902777812500004 0.22916666718749998 0.2986111109375
0 0.22916666718749998 0.3420138890625 0.228472221875 0.3220486109375 0.21944444375 0.3151041671875 0.2104166671875 0.3229166671875 0.21111111093749999 0.34461805624999997 0.21597222187499998 0.3489583328125 0.225 0.34809027812500004 0.22916666718749998 0.3420138890625
0 0.2298611109375 0.3810763890625 0.22777777812500002 0.35850694375000003 0.21944444375 0.3541666671875 0.21111111093749999 0.3611111109375 0.21180555625 0.3845486109375 0.2173611109375 0.38975694375000003 0.22569444375 0.3880208328125 0.2298611109375 0.3810763890625
0 0.23055555625 0.4201388890625 0.22916666718749998 0.4001736109375 0.21944444375 0.39496527812500004 0.21111111093749999 0.40190972187499996 0.21111111093749999 0.4244791671875 0.2166666671875 0.43055555625 0.22638888906250001 0.42881944375 0.23055555625 0.4201388890625
0 0.23125 0.4592013890625 0.22916666718749998 0.44097222187499996 0.2201388890625 0.4357638890625 0.21111111093749999 0.44444444375 0.2125 0.4661458328125 0.2173611109375 0.46961805625 0.22777777812500002 0.46788194375 0.23125 0.4592013890625
0 0.228472221875 0.5060763890625 0.23194444375 0.4939236109375 0.22916666718749998 0.4791666671875 0.2201388890625 0.4748263890625 0.2125 0.48090277812500004 0.21111111093749999 0.4973958328125 0.2138888890625 0.5060763890625 0.21875 0.5086805562500001 0.228472221875 0.5060763890625
0 0.23194444375 0.5373263890625 0.2298611109375 0.519097221875 0.2208333328125 0.5138888890625 0.2125 0.5217013890625 0.21319444375000002 0.542534721875 0.2208333328125 0.546875 0.22777777812500002 0.5451388890625 0.23194444375 0.5373263890625
0 0.23263888906250002 0.5720486109375 0.23125 0.5564236109375 0.2270833328125 0.5520833328125 0.21875 0.551215278125 0.2138888890625 0.5546875 0.2125 0.5607638890625 0.21111111093749999 0.5772569437499999 0.2138888890625 0.581597221875 0.22777777812500002 0.5772569437499999 0.23263888906250002 0.5720486109375
0 0.3236111109375 0.5920138890625 0.3229166671875 0.582465278125 0.31875 0.5772569437499999 0.3013888890625 0.5763888890625 0.2951388890625 0.5807291671875 0.29444444375 0.5920138890625 0.2986111109375 0.5998263890625 0.3145833328125 0.5998263890625 0.3236111109375 0.5920138890625
0 0.43055555625 0.5911458328125 0.43125 0.5833333328125 0.427777778125 0.5755208328125 0.41041666718750003 0.574652778125 0.40416666718750005 0.5789930562500001 0.40277777812500004 0.590277778125 0.40694444374999994 0.597222221875 0.42222222187499997 0.598090278125 0.43055555625 0.5911458328125
0 0.5229166671875001 0.6006944437499999 0.52569444375 0.5798611109375 0.5215277781250001 0.574652778125 0.51319444375 0.574652778125 0.5076388890625 0.5807291671875 0.5048611109375 0.5989583328125 0.5097222218749999 0.6067708328125 0.51805555625 0.6085069437499999 0.5229166671875001 0.6006944437499999
0 0.578472221875 0.6154513890625 0.5791666671875 0.6067708328125 0.57430555625 0.5911458328125 0.5645833328125 0.590277778125 0.559722221875 0.598090278125 0.5576388890625 0.6076388890625 0.5618055562500001 0.620659721875 0.5708333328124999 0.621527778125 0.578472221875 0.6154513890625
0 0.6354166671875 0.6111111109375 0.634027778125 0.5963541671875 0.6291666671875 0.5885416671875 0.6201388890625 0.589409721875 0.6145833328125 0.6015625 0.6145833328125 0.6154513890625 0.61875 0.6197916671875 0.6298611109375 0.6180555562500001 0.6354166671875 0.6111111109375
0 0.6895833328125 0.5989583328125 0.684722221875 0.5859375 0.6770833328125 0.5850694437499999 0.6701388890625 0.5946180562500001 0.66944444375 0.609375 0.6736111109375 0.6163194437499999 0.6875 0.6111111109375 0.6895833328125 0.5989583328125
0 0.7458333328125 0.609375 0.7458333328125 0.597222221875 0.7416666671875001 0.5859375 0.73194444375 0.5859375 0.7270833328124999 0.597222221875 0.7256944437499999 0.6085069437499999 0.7284722218749999 0.6154513890625 0.7388888890625 0.6154513890625 0.7458333328125 0.609375
0 0.80069444375 0.605034721875 0.797222221875 0.5868055562500001 0.7875 0.5850694437499999 0.7819444437499999 0.5946180562500001 0.7805555562500001 0.609375 0.7826388890625 0.6145833328125 0.7958333328125 0.6145833328125 0.80069444375 0.605034721875
0 0.8548611109375001 0.6076388890625 0.8541666671874999 0.5868055562500001 0.85 0.582465278125 0.8423611109375001 0.5833333328125 0.8361111109375001 0.597222221875 0.8354166671875 0.605034721875 0.840277778125 0.613715278125 0.8479166671874999 0.6145833328125 0.8548611109375001 0.6076388890625
0 0.9069444437499999 0.5842013890625 0.903472221875 0.5807291671875 0.8965277781250001 0.582465278125 0.890277778125 0.598090278125 0.8923611109375 0.6119791671875 0.9048611109375001 0.6119791671875 0.909027778125 0.6024305562500001 0.9069444437499999 0.5842013890625
0 0.9638888890624999 0.59375 0.9583333328125001 0.5798611109375 0.95 0.5807291671875 0.9444444437499999 0.5920138890625 0.9451388890624999 0.6085069437499999 0.9520833328125 0.6119791671875 0.9625 0.6067708328125 0.9638888890624999 0.59375
1 0.27638888906250003 0.5954861109375 0.2791666671875 0.590277778125 0.2791666671875 0.5859375 0.271527778125 0.578125 0.25555555625 0.5763888890625 0.23402777812500003 0.5763888890625 0.2173611109375 0.5876736109375 0.2166666671875 0.5946180562500001 0.222222221875 0.6006944437499999 0.2673611109375 0.5989583328125 0.27638888906250003 0.5954861109375
1 0.3861111109375 0.590277778125 0.384722221875 0.5798611109375 0.37569444375 0.5755208328125 0.33680555624999997 0.5755208328125 0.3291666671875 0.578125 0.3270833328125 0.5833333328125 0.32777777812500003 0.5946180562500001 0.334027778125 0.5998263890625 0.37569444375 0.5989583328125 0.3861111109375 0.590277778125
1 0.490972221875 0.5885416671875 0.490277778125 0.5798611109375 0.4826388890625 0.573784721875 0.43958333281249995 0.573784721875 0.43402777812500004 0.5789930562500001 0.43333333281249997 0.5911458328125 0.4388888890625 0.598090278125 0.48333333281249996 0.597222221875 0.490972221875 0.5885416671875
1 0.5548611109375 0.6067708328125 0.559722221875 0.5876736109375 0.55625 0.578125 0.5458333328125 0.5729166671875 0.5326388890625 0.574652778125 0.5270833328125 0.5868055562500001 0.5243055562500001 0.612847221875 0.53125 0.620659721875 0.547222221875 0.6171875 0.5548611109375 0.6067708328125
1 0.6076388890625 0.612847221875 0.6145833328125 0.5885416671875 0.6111111109375 0.5772569437499999 0.60555555625 0.5729166671875 0.5916666671875 0.5711805562500001 0.5826388890625 0.573784721875 0.578472221875 0.5807291671875 0.577777778125 0.5954861109375 0.5854166671875001 0.6145833328125 0.5979166671875 0.6197916671875 0.6076388890625 0.612847221875
1 0.6638888890625 0.6102430562500001 0.66944444375 0.5876736109375 0.66875 0.5798611109375 0.6645833328124999 0.573784721875 0.64444444375 0.5711805562500001 0.6361111109375 0.5833333328125 0.6375 0.6015625 0.64305555625 0.6154513890625 0.6548611109375 0.6180555562500001 0.6638888890625 0.6102430562500001
1 0.7208333328125 0.6067708328125 0.725 0.5798611109375 0.71875 0.5720486109375 0.7111111109375 0.5694444437499999 0.6979166671875 0.5711805562500001 0.690972221875 0.581597221875 0.6923611109375 0.6024305562500001 0.6972222218749999 0.613715278125 0.7090277781250001 0.6163194437499999 0.7208333328125 0.6067708328125
1 0.775 0.6067708328125 0.7798611109375 0.5868055562500001 0.7798611109375 0.5789930562500001 0.7763888890625 0.5720486109375 0.75555555625 0.5694444437499999 0.7479166671875 0.5798611109375 0.7486111109375 0.597222221875 0.7548611109375 0.612847221875 0.7638888890625 0.6154513890625 0.775 0.6067708328125
1 0.8291666671875 0.6067708328125 0.834722221875 0.581597221875 0.828472221875 0.5694444437499999 0.8125 0.5677083328125 0.80625 0.5711805562500001 0.8020833328125001 0.5789930562500001 0.8027777781250001 0.5963541671875 0.8111111109375001 0.612847221875 0.821527778125 0.613715278125 0.8291666671875 0.6067708328125
1 0.88055555625 0.6085069437499999 0.88819444375 0.5868055562500001 0.8861111109375001 0.5711805562500001 0.88125 0.566840278125 0.8701388890624999 0.565972221875 0.86319444375 0.5685763890625 0.859722221875 0.573784721875 0.8576388890625 0.5876736109375 0.86319444375 0.609375 0.872222221875 0.612847221875 0.88055555625 0.6085069437499999
1 0.934027778125 0.6085069437499999 0.9388888890624999 0.5998263890625 0.9423611109375001 0.5833333328125 0.9381944437499999 0.5677083328125 0.922222221875 0.5651041671875 0.9131944437499999 0.5729166671875 0.9111111109375001 0.5876736109375 0.9159722218749999 0.605902778125 0.9229166671875 0.6119791671875 0.934027778125 0.6085069437499999
1 0.98680555625 0.6085069437499999 0.99375 0.5920138890625 0.99375 0.5685763890625 0.98680555625 0.5633680562500001 0.97430555625 0.5642361109375 0.9673611109375001 0.5720486109375 0.9666666671874999 0.589409721875 0.971527778125 0.605902778125 0.9756944437499999 0.609375 0.98680555625 0.6085069437499999
1 0.15625 0.620659721875 0.15972222187500001 0.6032986109375 0.15277777812499999 0.5842013890625 0.1458333328125 0.5798611109375 0.1375 0.5798611109375 0.1263888890625 0.590277778125 0.12569444375 0.612847221875 0.1298611109375 0.6223958328125 0.1458333328125 0.6276041671875 0.15625 0.620659721875
1 0.20277777812500003 0.6041666671875 0.20277777812500003 0.590277778125 0.19305555624999998 0.5798611109375 0.17361111093749998 0.5789930562500001 0.16388888906250001 0.589409721875 0.16319444375 0.609375 0.17361111093749998 0.6241319437499999 0.1875 0.6197916671875 0.20277777812500003 0.6041666671875
1 0.121527778125 0.6154513890625 0.121527778125 0.59375 0.1125 0.581597221875 0.0951388890625 0.581597221875 0.0875 0.5963541671875 0.0895833328125 0.6145833328125 0.0979166671875 0.6276041671875 0.11388888906250001 0.625 0.121527778125 0.6154513890625
1 0.08055555625000001 0.620659721875 0.084027778125 0.6119791671875 0.084027778125 0.5989583328125 0.0770833328125 0.5842013890625 0.0638888890625 0.5798611109375 0.0548611109375 0.5833333328125 0.04930555625 0.5911458328125 0.04930555625 0.612847221875 0.05625 0.6241319437499999 0.06944444375 0.628472221875 0.08055555625000001 0.620659721875
1 0.020138889062500002 0.6302083328125 0.032638889062499996 0.6302083328125 0.0416666671875 0.6241319437499999 0.046527778125 0.6154513890625 0.046527778125 0.5998263890625 0.0423611109375 0.5885416671875 0.0298611109375 0.5807291671875 0.021527778125 0.581597221875 0.014583332812499999 0.5876736109375 0.01180555625 0.5946180562500001 0.01180555625 0.6111111109375 0.015972221875 0.6267361109375 0.020138889062500002 0.6302083328125
1 0 0.6258680562500001 0.00625 0.621527778125 0.0083333328125 0.6145833328125 0.006944443749999999 0.5911458328125 0.002777778125 0.5842013890625 0 0.5842013890625 0 0.6258680562500001