1 0.0486111109375 0.621527778125 0.0513888890625 0.613715278125 0.0513888890625 0.5998263890625 0.0451388890625 0.5850694437499999 0.0375 0.5807291671875 0.029166667187500002 0.5807291671875 0.0208333328125 0.5842013890625 0.0166666671875 0.590277778125 0.015972221875 0.613715278125 0.021527778125 0.6276041671875 0.03819444375 0.6302083328125 0.0486111109375 0.621527778125
1 0 0.6302083328125 0.009027778125 0.625 0.013888889062500001 0.6154513890625 0.0125 0.5920138890625 0.0034722218749999997 0.582465278125 0 0.582465278125 0 0.6302083328125
1 0.084722221875 0.6223958328125 0.0888888890625 0.613715278125 0.0888888890625 0.598090278125 0.08125 0.5833333328125 0.06527777812499999 0.5807291671875 0.0548611109375 0.59375 0.0548611109375 0.6111111109375 0.06319444375 0.6258680562500001 0.07569444374999999 0.628472221875 0.084722221875 0.6223958328125
1 0.12430555624999999 0.620659721875 0.127777778125 0.6076388890625 0.1270833328125 0.5963541671875 0.1208333328125 0.5842013890625 0.11180555625 0.5798611109375 0.1020833328125 0.5807291671875 0.09444444375 0.590277778125 0.09375 0.613715278125 0.09930555625000001 0.6241319437499999 0.11180555625 0.6276041671875 0.12430555624999999 0.620659721875
1 0.153472221875 0.6267361109375 0.1625 0.6180555562500001 0.16388888906250001 0.598090278125 0.15555555625 0.582465278125 0.14236111093749998 0.5798611109375 0.13125 0.5946180562500001 0.13055555624999998 0.609375 0.1361111109375 0.6223958328125 0.14236111093749998 0.6267361109375 0.153472221875 0.6267361109375
1 0.1888888890625 0.6197916671875 0.20347222187499997 0.6085069437499999 0.20972222187499998 0.5989583328125 0.209027778125 0.5876736109375 0.20069444375 0.5789930562500001 0.177777778125 0.5789930562500001 0.16944444375 0.5885416671875 0.16805555625 0.6076388890625 0.17361111093749998 0.6171875 0.18055555625 0.620659721875 0.1888888890625 0.6197916671875
1 0.4 0.5946180562500001 0.40277777812500004 0.589409721875 0.4 0.578125 0.39027777812500003 0.574652778125 0.3513888890625 0.5755208328125 0.34375 0.581597221875 0.34375 0.5928819437499999 0.35069444375000003 0.5998263890625 0.3916666671875 0.5989583328125 0.4 0.5946180562500001
1 0.5048611109375 0.59375 0.5076388890625 0.5842013890625 0.50555555625 0.578125 0.4986111109375 0.573784721875 0.46527777812500004 0.5729166671875 0.45277777812500003 0.5763888890625 0.45069444374999995 0.590277778125 0.45625 0.598090278125 0.49583333281249997 0.5989583328125 0.5048611109375 0.59375
1 0.5618055562500001 0.6119791671875 0.56805555625 0.5885416671875 0.565972221875 0.5789930562500001 0.5625 0.5755208328125 0.54305555625 0.573784721875 0.5354166671875 0.5876736109375 0.534027778125 0.6119791671875 0.53680555625 0.6197916671875 0.5520833328125 0.620659721875 0.5618055562500001 0.6119791671875
1 0.61944444375 0.6067708328125 0.6236111109375 0.5833333328125 0.61875 0.5755208328125 0.59930555625 0.5711805562500001 0.5916666671875 0.573784721875 0.5868055562500001 0.581597221875 0.590277778125 0.6067708328125 0.5986111109375 0.6189236109375 0.6076388890625 0.6189236109375 0.61944444375 0.6067708328125
1 0.6708333328125 0.613715278125 0.675 0.605902778125 0.6763888890625 0.5789930562500001 0.6701388890625 0.5720486109375 0.653472221875 0.5711805562500001 0.6451388890625 0.5798611109375 0.64444444375 0.59375 0.65 0.6119791671875 0.65625 0.6180555562500001 0.6708333328125 0.613715278125
1 0.7291666671875 0.6067708328125 0.734027778125 0.582465278125 0.7284722218749999 0.5720486109375 0.7090277781250001 0.5694444437499999 0.7041666671875 0.5720486109375 0.7 0.5798611109375 0.7013888890625 0.6032986109375 0.70625 0.6145833328125 0.7166666671875 0.6171875 0.7291666671875 0.6067708328125
1 0.7833333328125 0.6076388890625 0.7888888890625 0.5842013890625 0.7875 0.5763888890625 0.777777778125 0.5685763890625 0.7666666671875 0.5685763890625 0.7583333328124999 0.5755208328125 0.7569444437499999 0.5963541671875 0.7625 0.6111111109375 0.7715277781250001 0.6154513890625 0.7833333328125 0.6076388890625
1 0.8361111109375001 0.6085069437499999 0.8430555562500001 0.5850694437499999 0.840277778125 0.5711805562500001 0.834722221875 0.5677083328125 0.8208333328125 0.5677083328125 0.8131944437499999 0.573784721875 0.8111111109375001 0.590277778125 0.8173611109375001 0.6111111109375 0.827777778125 0.613715278125 0.8361111109375001 0.6085069437499999
1 0.8875 0.6102430562500001 0.8965277781250001 0.5868055562500001 0.89375 0.5711805562500001 0.8875 0.565972221875 0.8770833328125001 0.565972221875 0.8673611109375001 0.5755208328125 0.865972221875 0.5876736109375 0.8708333328125001 0.6067708328125 0.878472221875 0.612847221875 0.8875 0.6102430562500001
1 0.9416666671874999 0.6085069437499999 0.95069444375 0.5876736109375 0.9479166671874999 0.5694444437499999 0.940972221875 0.5651041671875 0.9291666671875 0.5651041671875 0.921527778125 0.573784721875 0.9201388890625 0.5885416671875 0.92569444375 0.6076388890625 0.9305555562500001 0.6111111109375 0.9416666671874999 0.6085069437499999
1 0.9993055562500001 0.6032986109375 0.9993055562500001 0.566840278125 0.9826388890625 0.5642361109375 0.97430555625 0.5755208328125 0.9756944437499999 0.5954861109375 0.9826388890625 0.6085069437499999 0.9930555562500001 0.609375 0.9993055562500001 0.6032986109375
0 0.21458333281250003 0.0373263890625 0.2173611109375 0.0251736109375 0.2125 0.015625 0.20277777812500003 0.013888889062500001 0.19513888906250001 0.019097221875 0.19513888906250001 0.035590278125 0.20069444375 0.0442708328125 0.20833333281250002 0.043402778125 0.21458333281250003 0.0373263890625
0 0.21944444375 0 0.2173611109375 0.0060763890625 0.21805555625 0.019097221875 0.2270833328125 0.0260416671875 0.23611111093749998 0.02256944375 0.24097222187499998 0.010416667187500001 0.23958333281250002 0 0.21944444375 0
0 0.23333333281250002 0.061631943749999994 0.2375 0.0529513890625 0.2375 0.0364583328125 0.23333333281250002 0.03125 0.22638888906250001 0.03038194375 0.2173611109375 0.03993055625 0.2166666671875 0.050347221875 0.21944444375 0.058159721875 0.22430555624999998 0.06336805625 0.23333333281250002 0.061631943749999994
0 0.21805555625 0.07118055625 0.2173611109375 0.058159721875 0.209027778125 0.050347221875 0.1979166671875 0.0564236109375 0.2 0.08072916718749999 0.20347222187499997 0.08420138906249999 0.20972222187499998 0.08333333281250001 0.21805555625 0.07118055625
0 0.23402777812500003 0.10069444375 0.23611111093749998 0.07552083281250001 0.23333333281250002 0.07118055625 0.22291666718749997 0.07118055625 0.2166666671875 0.082465278125 0.21805555625 0.09548611093750001 0.2236111109375 0.1032986109375 0.2298611109375 0.1041666671875 0.23402777812500003 0.10069444375
0 0.2208333328125 0.11024305625 0.2208333328125 0.10243055625 0.21319444375000002 0.09114583281250001 0.20486111093749998 0.090277778125 0.2 0.09635416718749999 0.20069444375 0.1145833328125 0.20347222187499997 0.1197916671875 0.21111111093749999 0.1197916671875 0.2208333328125 0.11024305625
0 0.23402777812500003 0.120659721875 0.23194444375 0.1171875 0.2236111109375 0.1154513890625 0.21111111093749999 0.12586805625 0.209027778125 0.13107638906250002 0.21180555625 0.14149305625 0.22638888906250001 0.14496527812499999 0.23263888906250002 0.13888888906250002 0.23402777812500003 0.120659721875
0 0.2298611109375 0.1666666671875 0.23055555625 0.15798611093749998 0.225 0.15017361093749998 0.2104166671875 0.1484375 0.20486111093749998 0.1536458328125 0.20486111093749998 0.16579861093749998 0.20972222187499998 0.1744791671875 0.2236111109375 0.17361111093749998 0.2298611109375 0.1666666671875
0 0.2298611109375 0.19965277812499999 0.23055555625 0.1848958328125 0.225 0.1796875 0.2104166671875 0.18055555625 0.20555555625 0.18663194375 0.20625 0.20052083281250002 0.21111111093749999 0.206597221875 0.22291666718749997 0.206597221875 0.2298611109375 0.19965277812499999
0 0.22777777812500002 0.23611111093749998 0.2298611109375 0.22048611093749998 0.22638888906250001 0.21354166718749998 0.21875 0.2109375 0.2076388890625 0.21614583281250002 0.20625 0.22743055625 0.209027778125 0.23958333281250002 0.21805555625 0.2421875 0.22777777812500002 0.23611111093749998
0 0.22430555624999998 0.28038194375000003 0.228472221875 0.2708333328125 0.228472221875 0.2517361109375 0.22291666718749997 0.24739583281250002 0.21319444375000002 0.24826388906250002 0.20972222187499998 0.2517361109375 0.20833333281250002 0.2673611109375 0.21111111093749999 0.27777777812500004 0.21458333281250003 0.28125 0.22430555624999998 0.28038194375000003
0 0.22916666718749998 0.30381944375000003 0.22638888906250001 0.2916666671875 0.2173611109375 0.28819444375000003 0.2104166671875 0.2942708328125 0.2104166671875 0.3142361109375 0.21597222187499998 0.3185763890625 0.225 0.31684027812500004 0.22916666718749998 0.30381944375000003
0 0.22916666718749998 0.3489583328125 0.228472221875 0.32899305624999997 0.225 0.32465277812500004 0.21875 0.32378472187499996 0.2104166671875 0.3307291671875 0.21180555625 0.3541666671875 0.21875 0.35850694375000003 0.22430555624999998 0.3567708328125 0.22916666718749998 0.3489583328125
0 0.2298611109375 0.3880208328125 0.22916666718749998 0.3689236109375 0.22291666718749997 0.36284722187499996 0.21111111093749999 0.36805555624999997 0.21111111093749999 0.390625 0.21597222187499998 0.39756944375000003 0.225 0.3967013890625 0.2298611109375 0.3880208328125
0 0.23055555625 0.4279513890625 0.22916666718749998 0.4079861109375 0.22430555624999998 0.4036458328125 0.21875 0.4036458328125 0.21111111093749999 0.4114583328125 0.21180555625 0.43402777812500004 0.2201388890625 0.4392361109375 0.228472221875 0.4357638890625 0.23055555625 0.4279513890625
0 0.2270833328125 0.4765625 0.23055555625 0.47222222187499996 0.2298611109375 0.4505208328125 0.2208333328125 0.44444444375 0.2138888890625 0.44878472187499996 0.2104166671875 0.45399305625 0.2125 0.47309027812500004 0.2166666671875 0.4782986109375 0.2270833328125 0.4765625
0 0.228472221875 0.5147569437499999 0.23194444375 0.5017361109375 0.22916666718749998 0.48784722187499996 0.21944444375 0.48350694375 0.2125 0.4895833328125 0.21111111093749999 0.503472221875 0.21319444375000002 0.5138888890625 0.22291666718749997 0.5173611109375 0.228472221875 0.5147569437499999
0 0.22777777812500002 0.5529513890625 0.23194444375 0.5451388890625 0.2298611109375 0.526909721875 0.2201388890625 0.5225694437499999 0.21319444375000002 0.527777778125 0.21180555625 0.543402778125 0.2138888890625 0.551215278125 0.21805555625 0.5546875 0.22777777812500002 0.5529513890625
0 0.228472221875 0.5885416671875 0.23402777812500003 0.5763888890625 0.23194444375 0.5642361109375 0.225 0.559027778125 0.2125 0.5642361109375 0.21180555625 0.573784721875 0.21597222187499998 0.5868055562500001 0.2201388890625 0.5911458328125 0.228472221875 0.5885416671875
0 0.34027777812500004 0.5911458328125 0.3395833328125 0.581597221875 0.33541666718749996 0.5772569437499999 0.31736111093749997 0.5763888890625 0.31180555625 0.5798611109375 0.31180555625 0.59375 0.31736111093749997 0.5998263890625 0.33125 0.5998263890625 0.34027777812500004 0.5911458328125
0 0.4479166671875 0.5911458328125 0.4479166671875 0.5789930562500001 0.44444444375 0.574652778125 0.42569444375 0.574652778125 0.4201388890625 0.5798611109375 0.42083333281249996 0.5928819437499999 0.4263888890625 0.598090278125 0.440277778125 0.598090278125 0.4479166671875 0.5911458328125
0 0.527777778125 0.6111111109375 0.5333333328125 0.5920138890625 0.5319444437499999 0.5789930562500001 0.528472221875 0.5755208328125 0.5208333328125 0.5763888890625 0.5138888890625 0.5885416671875 0.5125 0.5989583328125 0.515277778125 0.6102430562500001 0.5208333328125 0.6145833328125 0.527777778125 0.6111111109375
0 0.58819444375 0.612847221875 0.5861111109375 0.597222221875 0.58055555625 0.5885416671875 0.571527778125 0.5911458328125 0.5673611109375 0.6024305562500001 0.5666666671875 0.6154513890625 0.571527778125 0.621527778125 0.58055555625 0.621527778125 0.58819444375 0.612847221875
0 0.64444444375 0.6032986109375 0.63819444375 0.5876736109375 0.63055555625 0.5876736109375 0.6243055562500001 0.597222221875 0.6229166671875 0.6119791671875 0.6270833328125 0.6197916671875 0.6416666671875 0.6154513890625 0.64444444375 0.6032986109375
0 0.6972222218749999 0.5920138890625 0.69305555625 0.5842013890625 0.684027778125 0.5850694437499999 0.6798611109375 0.59375 0.68125 0.612847221875 0.6888888890625 0.6163194437499999 0.6972222218749999 0.609375 0.6972222218749999 0.5920138890625
0 0.7541666671875 0.5946180562500001 0.7486111109375 0.5842013890625 0.7402777781250001 0.5859375 0.7354166671875 0.598090278125 0.73680555625 0.6154513890625 0.747222221875 0.6163194437499999 0.7548611109375 0.6076388890625 0.7541666671875 0.5946180562500001
0 0.80694444375 0.6111111109375 0.8083333328125001 0.5963541671875 0.8048611109375001 0.5850694437499999 0.7951388890625 0.5850694437499999 0.790277778125 0.598090278125 0.7895833328124999 0.6076388890625 0.7923611109375 0.613715278125 0.80069444375 0.6154513890625 0.80694444375 0.6111111109375
0 0.8638888890624999 0.6024305562500001 0.8604166671875 0.5842013890625 0.8520833328125 0.582465278125 0.8458333328125001 0.5920138890625 0.8451388890624999 0.6102430562500001 0.8520833328125 0.6154513890625 0.859027778125 0.612847221875 0.8638888890624999 0.6024305562500001
0 0.9145833328125 0.609375 0.91805555625 0.5989583328125 0.915277778125 0.5842013890625 0.91180555625 0.5807291671875 0.9055555562500001 0.581597221875 0.8986111109375001 0.5989583328125 0.8986111109375001 0.6076388890625 0.9013888890624999 0.6111111109375 0.9076388890624999 0.612847221875 0.9145833328125 0.609375
0 0.9694444437499999 0.5920138890625 0.9666666671874999 0.5807291671875 0.9590277781250001 0.5807291671875 0.9541666671875 0.5928819437499999 0.9548611109375 0.6102430562500001 0.9576388890624999 0.612847221875 0.9673611109375001 0.6111111109375 0.9694444437499999 0.5920138890625
1 0.29722222187499997 0.5928819437499999 0.29652777812500003 0.5850694437499999 0.2875 0.578125 0.2826388890625 0.581597221875 0.2791666671875 0.5789930562500001 0.25625 0.5850694437499999 0.2388888890625 0.5850694437499999 0.23472222187499997 0.5928819437499999 0.24236111093749999 0.6006944437499999 0.290972221875 0.6006944437499999 0.29722222187499997 0.5928819437499999