1 0 0.6310763890625 0.0111111109375 0.625 0.015972221875 0.6145833328125 0.013888889062500001 0.5928819437499999 0.009027778125 0.5850694437499999 0.0034722218749999997 0.581597221875 0 0.581597221875 0 0.6310763890625
1 0.0173611109375 0.6111111109375 0.021527778125 0.6258680562500001 0.03125 0.6310763890625 0.04375 0.628472221875 0.052777778124999994 0.6145833328125 0.05069444375 0.5928819437499999 0.0458333328125 0.5842013890625 0.03819444375 0.5807291671875 0.034722221875 0.5807291671875 0.021527778125 0.5859375 0.01805555625 0.5911458328125 0.0173611109375 0.598090278125 0.0173611109375 0.6111111109375
1 0.058333332812500006 0.6163194437499999 0.0625 0.6241319437499999 0.07083333281250001 0.628472221875 0.084722221875 0.6232638890625 0.090277778125 0.612847221875 0.08819444374999999 0.5911458328125 0.084027778125 0.5850694437499999 0.0770833328125 0.5807291671875 0.0736111109375 0.5807291671875 0.0638888890625 0.581597221875 0.055555556250000006 0.5963541671875 0.055555556250000006 0.6067708328125 0.058333332812500006 0.6163194437499999
1 0.1 0.6232638890625 0.10694444375 0.6276041671875 0.1208333328125 0.625 0.127777778125 0.6145833328125 0.127777778125 0.5946180562500001 0.12222222187500001 0.5842013890625 0.1145833328125 0.5798611109375 0.10833333281249999 0.5798611109375 0.1020833328125 0.581597221875 0.09444444375 0.59375 0.0951388890625 0.6154513890625 0.1 0.6232638890625
1 0.134722221875 0.6189236109375 0.14444444375 0.6276041671875 0.1548611109375 0.6267361109375 0.1604166671875 0.6232638890625 0.1666666671875 0.6119791671875 0.16388888906250001 0.5920138890625 0.15694444375 0.582465278125 0.1513888890625 0.5798611109375 0.14791666718750002 0.5798611109375 0.140277778125 0.581597221875 0.134722221875 0.5885416671875 0.13125 0.6032986109375 0.134722221875 0.6189236109375
1 0.17361111093749998 0.6145833328125 0.1875 0.6197916671875 0.20277777812500003 0.609375 0.2104166671875 0.5998263890625 0.21111111093749999 0.589409721875 0.209027778125 0.5842013890625 0.19930555625 0.578125 0.19583333281249998 0.578125 0.17986111093749999 0.5789930562500001 0.172222221875 0.5850694437499999 0.16944444375 0.6024305562500001 0.17361111093749998 0.6145833328125
1 0.36805555624999997 0.598090278125 0.409027778125 0.5989583328125 0.41805555625 0.5963541671875 0.42222222187499997 0.589409721875 0.42152777812500003 0.5798611109375 0.4166666671875 0.5755208328125 0.37569444375 0.574652778125 0.37013888906250003 0.574652778125 0.3638888890625 0.5789930562500001 0.3625 0.5850694437499999 0.3645833328125 0.5954861109375 0.36805555624999997 0.598090278125
1 0.4763888890625 0.597222221875 0.4923611109375 0.598090278125 0.50625 0.6041666671875 0.5145833328125 0.6032986109375 0.5215277781250001 0.5946180562500001 0.522222221875 0.581597221875 0.5173611109375 0.5755208328125 0.5104166671875 0.5729166671875 0.506684028125 0.5729166671875 0.47361111093749997 0.574652778125 0.46944444374999994 0.582465278125 0.4701388890625 0.590277778125 0.4763888890625 0.597222221875
1 0.5513888890625 0.6180555562500001 0.5555555562500001 0.620659721875 0.56875 0.6180555562500001 0.5770833328125 0.6067708328125 0.5798611109375 0.5833333328125 0.5770833328125 0.5772569437499999 0.56805555625 0.5729166671875 0.5645833328125 0.5729166671875 0.5513888890625 0.574652778125 0.546527778125 0.5850694437499999 0.5479166671875 0.6111111109375 0.5513888890625 0.6180555562500001
1 0.6048611109375 0.6085069437499999 0.6104166671875 0.6171875 0.6152777781250001 0.6197916671875 0.6263888890625 0.613715278125 0.6354166671875 0.590277778125 0.6347222218749999 0.5798611109375 0.63125 0.5755208328125 0.6208333328125 0.5711805562500001 0.6166666671875001 0.5711805562500001 0.60625 0.573784721875 0.6020833328124999 0.5798611109375 0.6006944437499999 0.5868055562500001 0.6048611109375 0.6085069437499999
1 0.6604166671875 0.6119791671875 0.6645833328124999 0.6163194437499999 0.6701388890625 0.6171875 0.6777777781250001 0.6119791671875 0.6833333328125 0.6067708328125 0.6868055562500001 0.5989583328125 0.6895833328125 0.5807291671875 0.684027778125 0.5729166671875 0.6798611109375 0.5711805562500001 0.67586805625 0.5711805562500001 0.66180555625 0.5720486109375 0.6555555562500001 0.581597221875 0.6555555562500001 0.5954861109375 0.6604166671875 0.6119791671875
1 0.721527778125 0.6163194437499999 0.7333333328125 0.6145833328125 0.7395833328125 0.6067708328125 0.74444444375 0.5911458328125 0.74375 0.578125 0.73819444375 0.5720486109375 0.7291666671875 0.5694444437499999 0.7256944437499999 0.5694444437499999 0.715277778125 0.5720486109375 0.709722221875 0.581597221875 0.71319444375 0.605902778125 0.721527778125 0.6163194437499999
1 0.76944444375 0.605034721875 0.7770833328125 0.613715278125 0.7875 0.612847221875 0.7923611109375 0.6085069437499999 0.796527778125 0.598090278125 0.7986111109375 0.5798611109375 0.79444444375 0.5711805562500001 0.7888888890625 0.5685763890625 0.7854166671875 0.5685763890625 0.772222221875 0.5703125 0.7666666671875 0.5807291671875 0.765972221875 0.5876736109375 0.76944444375 0.605034721875
1 0.8236111109375001 0.6041666671875 0.8298611109375 0.613715278125 0.8423611109375001 0.6119791671875 0.85 0.5998263890625 0.8534722218749999 0.5798611109375 0.8506944437499999 0.5729166671875 0.84375 0.5677083328125 0.8401041671874999 0.5677083328125 0.8291666671875 0.5677083328125 0.82430555625 0.5720486109375 0.8208333328125 0.5798611109375 0.8236111109375001 0.6041666671875
1 0.88680555625 0.6119791671875 0.8979166671875 0.609375 0.9041666671874999 0.5989583328125 0.9069444437499999 0.5789930562500001 0.9041666671874999 0.5694444437499999 0.8986111109375001 0.565972221875 0.89375 0.565972221875 0.88125 0.5694444437499999 0.8763888890624999 0.5807291671875 0.8798611109375001 0.6041666671875 0.88680555625 0.6119791671875
1 0.9423611109375001 0.6119791671875 0.952777778125 0.6085069437499999 0.959722221875 0.5920138890625 0.9604166671875 0.574652778125 0.9576388890624999 0.5677083328125 0.9520833328125 0.5651041671875 0.9476854171875001 0.5651041671875 0.9361111109375001 0.566840278125 0.9291666671875 0.5798611109375 0.934722221875 0.605902778125 0.9423611109375001 0.6119791671875
1 0.9930555562500001 0.6067708328125 0.996527778125 0.6085069437499999 0.9993055562500001 0.6085069437499999 0.9993055562500001 0.5633680562500001 0.9979166671874999 0.5633680562500001 0.9895833328125001 0.565972221875 0.9854166671875 0.5755208328125 0.9875 0.5963541671875 0.9930555562500001 0.6067708328125
0 0.19305555624999998 0 0.19513888906250001 0.0173611109375 0.20138888906250002 0.0208333328125 0.21111111093749999 0.0182291671875 0.2166666671875 0.0095486109375 0.2173611109375 0 0.2138888890625 0 0.19305555624999998 0
0 0.22430555624999998 0.0373263890625 0.23472222187499997 0.035590278125 0.23958333281250002 0.0251736109375 0.2388888890625 0.012152778125 0.23125 0.006944443749999999 0.2270833328125 0.006944443749999999 0.22152777812500002 0.0095486109375 0.2173611109375 0.0208333328125 0.21875 0.03211805625 0.22430555624999998 0.0373263890625
0 0.209027778125 0.05729166718749999 0.2125 0.053819443749999994 0.21805555625 0.042534721875 0.21805555625 0.035590278125 0.209027778125 0.0251736109375 0.20416666718749998 0.0251736109375 0.19513888906250001 0.0329861109375 0.197222221875 0.05208333281250001 0.20277777812500003 0.058159721875 0.209027778125 0.05729166718749999
0 0.2236111109375 0.07552083281250001 0.23194444375 0.073784721875 0.23680555625 0.065972221875 0.2375 0.051215278125 0.23194444375 0.043402778125 0.228125 0.043402778125 0.2201388890625 0.046875 0.21597222187499998 0.058159721875 0.21875 0.07118055625 0.2236111109375 0.07552083281250001
0 0.20277777812500003 0.098090278125 0.209027778125 0.097222221875 0.21805555625 0.07986111093750001 0.2166666671875 0.07204861093750001 0.209027778125 0.06423611093750001 0.20625 0.06423611093750001 0.2 0.06770833281250001 0.1979166671875 0.074652778125 0.1986111109375 0.09201388906249999 0.20277777812500003 0.098090278125
0 0.2236111109375 0.1154513890625 0.2298611109375 0.1154513890625 0.23402777812500003 0.109375 0.23541666718749998 0.08767361093750001 0.2298611109375 0.081597221875 0.2236111109375 0.081597221875 0.21875 0.08680555625 0.2138888890625 0.09895833281250001 0.215277778125 0.1067708328125 0.2236111109375 0.1154513890625
0 0.20347222187499997 0.1354166671875 0.2076388890625 0.1380208328125 0.2138888890625 0.13715277812499999 0.22430555624999998 0.1276041671875 0.22291666718749997 0.11805555625 0.2125 0.1076388890625 0.209027778125 0.1076388890625 0.20416666718749998 0.10850694375 0.20138888906250002 0.1171875 0.20138888906250002 0.1302083328125 0.20347222187499997 0.1354166671875
0 0.2166666671875 0.16493055625 0.22638888906250001 0.1640625 0.23263888906250002 0.15711805625 0.23333333281250002 0.14149305625 0.2270833328125 0.13628472187500001 0.22291666718749997 0.13628472187500001 0.21180555625 0.1432291671875 0.2076388890625 0.15017361093749998 0.20833333281250002 0.15798611093749998 0.2166666671875 0.16493055625
0 0.215277778125 0.19704861093749998 0.228472221875 0.19184027812499999 0.23125 0.18315972187500001 0.22777777812500002 0.171875 0.21805555625 0.16840277812499999 0.21458333281250003 0.16840277812499999 0.20625 0.17361111093749998 0.20416666718749998 0.18315972187500001 0.20694444375 0.1927083328125 0.215277778125 0.19704861093749998
0 0.2166666671875 0.23263888906250002 0.225 0.22916666718749998 0.23055555625 0.215277778125 0.22916666718749998 0.20486111093749998 0.22152777812500002 0.20052083281250002 0.2166666671875 0.20052083281250002 0.20972222187499998 0.203125 0.20625 0.21006944375 0.20833333281250002 0.22743055625 0.2166666671875 0.23263888906250002
0 0.2104166671875 0.26475694375000003 0.21597222187499998 0.26909722187499996 0.22430555624999998 0.2673611109375 0.22916666718749998 0.25694444375000003 0.22916666718749998 0.24305555625 0.22152777812500002 0.23524305625 0.2166666671875 0.23524305625 0.2104166671875 0.24045138906250002 0.2076388890625 0.24739583281250002 0.20833333281250002 0.2595486109375 0.2104166671875 0.26475694375000003
0 0.21597222187499998 0.3107638890625 0.22291666718749997 0.3098958328125 0.22777777812500002 0.3029513890625 0.228472221875 0.28211805624999997 0.22291666718749997 0.27430555624999997 0.21944444375 0.27430555624999997 0.21111111093749999 0.2786458328125 0.209027778125 0.2890625 0.2104166671875 0.30381944375000003 0.21597222187499998 0.3107638890625
0 0.2138888890625 0.3498263890625 0.2201388890625 0.3515625 0.228472221875 0.3454861109375 0.2298611109375 0.3333333328125 0.228472221875 0.3220486109375 0.22152777812500002 0.31597222187499996 0.21875 0.31597222187499996 0.21111111093749999 0.3220486109375 0.20972222187499998 0.33159722187499996 0.2104166671875 0.3454861109375 0.2138888890625 0.3498263890625
0 0.2201388890625 0.3923611109375 0.22777777812500002 0.3888888890625 0.2298611109375 0.38194444375000003 0.22916666718749998 0.36284722187499996 0.22291666718749997 0.35590277812500004 0.21805555625 0.35590277812500004 0.21111111093749999 0.3611111109375 0.20972222187499998 0.37847222187499996 0.21180555625 0.38715277812500004 0.2201388890625 0.3923611109375
0 0.22430555624999998 0.4279513890625 0.22916666718749998 0.42274305625 0.2298611109375 0.40625 0.22430555624999998 0.3984375 0.21805555625 0.3984375 0.21111111093749999 0.40538194375 0.21180555625 0.4201388890625 0.2166666671875 0.42881944375 0.22430555624999998 0.4279513890625
0 0.2201388890625 0.46875 0.2270833328125 0.4670138890625 0.23125 0.4557291671875 0.2298611109375 0.4401041671875 0.225 0.43402777812500004 0.21875 0.43402777812500004 0.21111111093749999 0.44184027812500004 0.21111111093749999 0.4583333328125 0.21597222187499998 0.46788194375 0.2201388890625 0.46875
0 0.2166666671875 0.5078125 0.22430555624999998 0.5078125 0.23055555625 0.5017361109375 0.2298611109375 0.4782986109375 0.222222221875 0.47309027812500004 0.21944444375 0.47309027812500004 0.21458333281250003 0.47569444375 0.21180555625 0.48090277812500004 0.21180555625 0.4973958328125 0.2166666671875 0.5078125
0 0.2201388890625 0.5486111109375 0.2298611109375 0.5451388890625 0.23194444375 0.5390625 0.23055555625 0.519097221875 0.225 0.5138888890625 0.21944444375 0.5138888890625 0.21180555625 0.5225694437499999 0.21180555625 0.5338541671875 0.2138888890625 0.5451388890625 0.2201388890625 0.5486111109375
0 0.215277778125 0.581597221875 0.2201388890625 0.5850694437499999 0.22777777812500002 0.5833333328125 0.23333333281250002 0.5755208328125 0.23055555625 0.558159721875 0.22430555624999998 0.5538194437499999 0.2201388890625 0.5538194437499999 0.215277778125 0.5555555562500001 0.21180555625 0.5633680562500001 0.21180555625 0.573784721875 0.215277778125 0.581597221875
0 0.30069444375 0.598090278125 0.3166666671875 0.5998263890625 0.32430555625 0.5963541671875 0.3270833328125 0.5928819437499999 0.3270833328125 0.5833333328125 0.31875 0.5763888890625 0.315277778125 0.5763888890625 0.3048611109375 0.5763888890625 0.3 0.5789930562500001 0.29722222187499997 0.5876736109375 0.30069444375 0.598090278125
0 0.3423611109375 0.5998263890625 0.35694444375 0.597222221875 0.35972222187499997 0.5833333328125 0.35694444375 0.5772569437499999 0.3513888890625 0.5755208328125 0.346527778125 0.5755208328125 0.334722221875 0.578125 0.3326388890625 0.5842013890625 0.334027778125 0.5954861109375 0.3423611109375 0.5998263890625
0 0.44305555625000004 0.5963541671875 0.4611111109375 0.597222221875 0.465972221875 0.5928819437499999 0.4673611109375 0.5807291671875 0.46388888906250003 0.5755208328125 0.459027778125 0.573784721875 0.45555555625000005 0.573784721875 0.44444444375 0.574652778125 0.44097222187499996 0.578125 0.43958333281249995 0.5885416671875 0.44305555625000004 0.5963541671875
0 0.5326388890625 0.6189236109375 0.5409722218749999 0.6154513890625 0.54444444375 0.6076388890625 0.54305555625 0.5868055562500001 0.53680555625 0.5807291671875 0.5354166671875 0.5807291671875 0.527777778125 0.5868055562500001 0.5236111109375 0.6015625 0.525 0.612847221875 0.5326388890625 0.6189236109375
0 0.5826388890625 0.6197916671875 0.5868055562500001 0.621527778125 0.5916666671875 0.621527778125 0.5986111109375 0.6163194437499999 0.6013888890625 0.6076388890625 0.5986111109375 0.59375 0.5923611109375 0.5868055562500001 0.5895833328125 0.5868055562500001 0.5826388890625 0.5928819437499999 0.5798611109375 0.6041666671875 0.58055555625 0.6154513890625 0.5826388890625 0.6197916671875
0 0.6416666671875 0.620659721875 0.65 0.6180555562500001 0.6548611109375 0.6119791671875 0.6548611109375 0.5998263890625 0.65069444375 0.590277778125 0.6465277781250001 0.5876736109375 0.6458333328125 0.5876736109375 0.6388888890625 0.5911458328125 0.634027778125 0.605034721875 0.6361111109375 0.6163194437499999 0.6416666671875 0.620659721875
0 0.69375 0.6180555562500001 0.70069444375 0.6180555562500001 0.7090277781250001 0.6085069437499999 0.7083333328125 0.5963541671875 0.7020833328125 0.5859375 0.69930555625 0.5859375 0.6944444437499999 0.5885416671875 0.6888888890625 0.605034721875 0.6888888890625 0.6119791671875 0.69375 0.6180555562500001
0 0.75 0.6163194437499999 0.7597222218749999 0.6154513890625 0.765277778125 0.6076388890625 0.7645833328125 0.5928819437499999 0.7611111109375 0.5859375 0.75625 0.5842013890625 0.75555555625 0.5842013890625 0.7486111109375 0.589409721875 0.7458333328125 0.598090278125 0.7451388890625 0.6076388890625 0.75 0.6163194437499999
0 0.80625 0.6163194437499999 0.8131944437499999 0.6145833328125 0.81875 0.605902778125 0.8166666671874999 0.5876736109375 0.8125 0.5842013890625 0.809027778125 0.5842013890625 0.8041666671875 0.5876736109375 0.79930555625 0.6032986109375 0.80069444375 0.612847221875 0.80625 0.6163194437499999
0 0.8604166671875 0.6145833328125 0.86875 0.613715278125 0.8743055562500001 0.6067708328125 0.8729166671874999 0.5911458328125 0.8680555562500001 0.582465278125 0.86319444375 0.582465278125 0.8583333328125 0.5876736109375 0.85555555625 0.6024305562500001 0.85555555625 0.6085069437499999 0.8604166671875 0.6145833328125
0 0.915277778125 0.613715278125 0.9229166671875 0.6119791671875 0.9270833328125001 0.6041666671875 0.92569444375 0.5850694437499999 0.9229166671875 0.5807291671875 0.9173611109375001 0.5807291671875 0.9111111109375001 0.5876736109375 0.9083333328125001 0.5989583328125 0.9104166671874999 0.6111111109375 0.915277778125 0.613715278125
1 0.284027778125 0.5998263890625 0.290972221875 0.5963541671875 0.29375 0.5911458328125 0.29305555625 0.5833333328125 0.28680555625 0.5772569437499999 0.24236111093749999 0.5763888890625 0.23958333281250002 0.5763888890625 0.23125 0.5876736109375 0.23263888906250002 0.5946180562500001 0.23958333281250002 0.5998263890625 0.284027778125 0.5998263890625