1 0.20416666718749998 0.6085069437499999 0.2125 0.5963541671875 0.209027778125 0.582465278125 0.20486111093749998 0.5789930562500001 0.17916666718750002 0.5789930562500001 0.1708333328125 0.5876736109375 0.17013888906250002 0.6076388890625 0.1729166671875 0.6145833328125 0.1833333328125 0.6197916671875 0.20416666718749998 0.6085069437499999
1 0.165277778125 0.6163194437499999 0.165277778125 0.597222221875 0.15694444375 0.582465278125 0.14236111093749998 0.5807291671875 0.13263888906250001 0.5946180562500001 0.13333333281249998 0.6145833328125 0.140972221875 0.6258680562500001 0.1541666671875 0.6267361109375 0.165277778125 0.6163194437499999
1 0.115972221875 0.6276041671875 0.125 0.621527778125 0.1291666671875 0.5989583328125 0.121527778125 0.5833333328125 0.115277778125 0.5798611109375 0.103472221875 0.5807291671875 0.0951388890625 0.5920138890625 0.09444444375 0.6102430562500001 0.0986111109375 0.621527778125 0.10694444375 0.6276041671875 0.115972221875 0.6276041671875
1 0.08333333281250001 0.625 0.090277778125 0.6145833328125 0.090277778125 0.5954861109375 0.08194444375 0.582465278125 0.06527777812499999 0.581597221875 0.05625 0.5954861109375 0.058333332812500006 0.6154513890625 0.0666666671875 0.6276041671875 0.07569444374999999 0.628472221875 0.08333333281250001 0.625
1 0.05 0.621527778125 0.053472221875 0.6024305562500001 0.046527778125 0.5842013890625 0.030555556249999997 0.5807291671875 0.0173611109375 0.5911458328125 0.021527778125 0.6267361109375 0.032638889062499996 0.6310763890625 0.040972221875 0.6302083328125 0.05 0.621527778125
1 0.1888888890625 0.6189236109375 0.20416666718749998 0.6085069437499999 0.2125 0.5963541671875 0.209027778125 0.582465278125 0.20069444375 0.578125 0.17916666718750002 0.5789930562500001 0.1708333328125 0.5876736109375 0.17013888906250002 0.6076388890625 0.17430555625 0.6154513890625 0.18055555625 0.6189236109375 0.1888888890625 0.6189236109375
1 0 0.6310763890625 0.006944443749999999 0.629340278125 0.015277778124999999 0.6154513890625 0.013888889062500001 0.59375 0.009027778125 0.5850694437499999 0.0034722218749999997 0.581597221875 0 0.581597221875 0 0.6310763890625
1 0.303472221875 0.5911458328125 0.3013888890625 0.581597221875 0.29444444375 0.5763888890625 0.246527778125 0.5755208328125 0.2388888890625 0.582465278125 0.23819444375 0.5928819437499999 0.24444444375000002 0.6006944437499999 0.2958333328125 0.6006944437499999 0.303472221875 0.5911458328125
1 0.39791666718749996 0.598090278125 0.403472221875 0.5963541671875 0.409027778125 0.5876736109375 0.4076388890625 0.5807291671875 0.4 0.5755208328125 0.36319444375 0.574652778125 0.35 0.5798611109375 0.34861111093749997 0.590277778125 0.35069444375000003 0.5954861109375 0.3583333328125 0.5998263890625 0.39791666718749996 0.598090278125
1 0.5076388890625 0.597222221875 0.5125 0.5876736109375 0.5111111109375 0.5789930562500001 0.503472221875 0.573784721875 0.46388888906250003 0.573784721875 0.4576388890625 0.5772569437499999 0.45625 0.590277778125 0.4625 0.597222221875 0.5013888890625 0.6006944437499999 0.5076388890625 0.597222221875
1 0.5611111109375 0.6171875 0.5666666671875 0.6076388890625 0.5708333328124999 0.5833333328125 0.5604166671875 0.5729166671875 0.5479166671875 0.5729166671875 0.5416666671875 0.578125 0.5381944437499999 0.5885416671875 0.5395833328124999 0.6154513890625 0.54305555625 0.6197916671875 0.5520833328125 0.621527778125 0.5611111109375 0.6171875
1 0.61944444375 0.6119791671875 0.6263888890625 0.5885416671875 0.6243055562500001 0.578125 0.61944444375 0.573784721875 0.602777778125 0.5711805562500001 0.5951388890625 0.573784721875 0.590277778125 0.581597221875 0.590277778125 0.5954861109375 0.5986111109375 0.6171875 0.6083333328125 0.6197916671875 0.61944444375 0.6119791671875
1 0.6701388890625 0.6163194437499999 0.678472221875 0.6006944437499999 0.6791666671875001 0.578125 0.6701388890625 0.5711805562500001 0.6569444437499999 0.5711805562500001 0.6479166671875001 0.5807291671875 0.6479166671875001 0.5963541671875 0.6541666671875 0.613715278125 0.6611111109375 0.6189236109375 0.6701388890625 0.6163194437499999
1 0.7284722218749999 0.6119791671875 0.7361111109375 0.5911458328125 0.734722221875 0.5763888890625 0.7270833328124999 0.5703125 0.7111111109375 0.5703125 0.7041666671875 0.5763888890625 0.702777778125 0.590277778125 0.7076388890625 0.6119791671875 0.7145833328125 0.6163194437499999 0.7284722218749999 0.6119791671875
1 0.7861111109375 0.6067708328125 0.7916666671875 0.5868055562500001 0.7916666671875 0.5789930562500001 0.7861111109375 0.5711805562500001 0.7673611109375 0.5694444437499999 0.7597222218749999 0.5798611109375 0.76180555625 0.605034721875 0.7673611109375 0.6145833328125 0.777777778125 0.6145833328125 0.7861111109375 0.6067708328125
1 0.8388888890624999 0.6085069437499999 0.8458333328125001 0.5850694437499999 0.8416666671874999 0.5703125 0.8368055562500001 0.5677083328125 0.821527778125 0.5685763890625 0.8138888890624999 0.5798611109375 0.815277778125 0.5989583328125 0.821527778125 0.6119791671875 0.83055555625 0.613715278125 0.8388888890624999 0.6085069437499999
1 0.8916666671875 0.6085069437499999 0.9 0.5833333328125 0.8965277781250001 0.5694444437499999 0.8819444437499999 0.565972221875 0.871527778125 0.573784721875 0.86944444375 0.590277778125 0.8756944437499999 0.609375 0.88055555625 0.612847221875 0.8916666671875 0.6085069437499999
1 0.9513888890625 0.597222221875 0.953472221875 0.5842013890625 0.95069444375 0.5694444437499999 0.9444444437499999 0.5651041671875 0.93125 0.5651041671875 0.9229166671875 0.5772569437499999 0.9270833328125001 0.605902778125 0.934722221875 0.6111111109375 0.9458333328125 0.6076388890625 0.9513888890625 0.597222221875
1 0.9993055562500001 0.6067708328125 0.9993055562500001 0.5642361109375 0.9833333328125 0.5651041671875 0.977777778125 0.5763888890625 0.977777778125 0.5868055562500001 0.984027778125 0.6076388890625 0.9930555562500001 0.6102430562500001 0.9993055562500001 0.6067708328125
0 0.2201388890625 0 0.2173611109375 0.006944443749999999 0.21875 0.0217013890625 0.22569444375 0.026909721874999997 0.23680555625 0.02256944375 0.24097222187499998 0.0095486109375 0.23819444375 0 0.2201388890625 0
0 0.215277778125 0.0373263890625 0.2173611109375 0.0251736109375 0.2104166671875 0.015625 0.2 0.01649305625 0.19513888906250001 0.02256944375 0.19513888906250001 0.0364583328125 0.2 0.0451388890625 0.20694444375 0.04600694375 0.215277778125 0.0373263890625
0 0.23541666718749998 0.05989583281250001 0.2375 0.0390625 0.23263888906250002 0.0329861109375 0.22430555624999998 0.03211805625 0.2166666671875 0.043402778125 0.21597222187499998 0.051215278125 0.2236111109375 0.06423611093750001 0.23055555625 0.06423611093750001 0.23541666718749998 0.05989583281250001
0 0.21944444375 0.06857638906249999 0.2173611109375 0.05989583281250001 0.20972222187499998 0.05208333281250001 0.20486111093749998 0.05208333281250001 0.1979166671875 0.059027778125 0.19930555625 0.082465278125 0.20347222187499997 0.0859375 0.2125 0.08333333281250001 0.21944444375 0.06857638906249999
0 0.23472222187499997 0.09895833281250001 0.23472222187499997 0.074652778125 0.23055555625 0.07118055625 0.2236111109375 0.07204861093750001 0.2166666671875 0.08333333281250001 0.21597222187499998 0.090277778125 0.222222221875 0.1032986109375 0.23125 0.105034721875 0.23472222187499997 0.09895833281250001
0 0.2201388890625 0.113715278125 0.2208333328125 0.1067708328125 0.21319444375000002 0.09288194375 0.20486111093749998 0.09201388906249999 0.2 0.097222221875 0.2 0.1154513890625 0.20347222187499997 0.1232638890625 0.21111111093749999 0.1232638890625 0.2201388890625 0.113715278125
0 0.23333333281250002 0.13888888906250002 0.23402777812500003 0.1232638890625 0.23194444375 0.1189236109375 0.2236111109375 0.1171875 0.209027778125 0.13194444375 0.20833333281250002 0.13888888906250002 0.21111111093749999 0.14409722187500001 0.2270833328125 0.14670138906250002 0.23333333281250002 0.13888888906250002
0 0.2298611109375 0.17013888906250002 0.23055555625 0.1588541671875 0.22430555624999998 0.15190972187500001 0.2125 0.15017361093749998 0.20486111093749998 0.1588541671875 0.20555555625 0.17274305625 0.2104166671875 0.17795138906250002 0.2236111109375 0.1770833328125 0.2298611109375 0.17013888906250002
0 0.228472221875 0.20486111093749998 0.23055555625 0.1979166671875 0.228472221875 0.18402777812499999 0.2166666671875 0.18055555625 0.20694444375 0.18663194375 0.20555555625 0.1953125 0.209027778125 0.207465278125 0.21875 0.21006944375 0.228472221875 0.20486111093749998
0 0.228472221875 0.238715278125 0.22916666718749998 0.22135416718749998 0.22569444375 0.21614583281250002 0.21597222187499998 0.214409721875 0.2076388890625 0.21961805625 0.20694444375 0.23611111093749998 0.21180555625 0.24479166718749998 0.21944444375 0.245659721875 0.228472221875 0.238715278125
0 0.2236111109375 0.2838541671875 0.228472221875 0.27430555624999997 0.228472221875 0.2552083328125 0.22430555624999998 0.25 0.2166666671875 0.25 0.2104166671875 0.2552083328125 0.20833333281250002 0.26996527812500004 0.21111111093749999 0.28211805624999997 0.2166666671875 0.28559027812500004 0.2236111109375 0.2838541671875
0 0.228472221875 0.3142361109375 0.2270833328125 0.29600694375000003 0.22430555624999998 0.29253472187499996 0.2166666671875 0.2916666671875 0.2104166671875 0.296875 0.2104166671875 0.3177083328125 0.2166666671875 0.3229166671875 0.22430555624999998 0.3203125 0.228472221875 0.3142361109375
0 0.22916666718749998 0.35069444375000003 0.228472221875 0.3333333328125 0.22430555624999998 0.328125 0.21875 0.32725694375000003 0.2138888890625 0.32899305624999997 0.2104166671875 0.33506944375000003 0.21111111093749999 0.35590277812500004 0.2166666671875 0.3611111109375 0.22638888906250001 0.35850694375000003 0.22916666718749998 0.35069444375000003
0 0.2298611109375 0.3923611109375 0.228472221875 0.37065972187499996 0.21875 0.36631944375000003 0.21111111093749999 0.3723958328125 0.21111111093749999 0.39496527812500004 0.2166666671875 0.40190972187499996 0.225 0.4001736109375 0.2298611109375 0.3923611109375
0 0.23055555625 0.43315972187499996 0.22916666718749998 0.4123263890625 0.22430555624999998 0.40711805625 0.2173611109375 0.40711805625 0.2104166671875 0.4157986109375 0.21180555625 0.43663194375 0.2173611109375 0.4427083328125 0.22569444375 0.44184027812500004 0.23055555625 0.43315972187499996
0 0.23125 0.4704861109375 0.22916666718749998 0.45225694375 0.225 0.44878472187499996 0.2173611109375 0.44878472187499996 0.21180555625 0.4548611109375 0.21319444375000002 0.47743055625 0.21805555625 0.4826388890625 0.22569444375 0.4817708328125 0.23125 0.4704861109375
0 0.23125 0.5130208328125 0.23055555625 0.49305555625 0.225 0.48784722187499996 0.2166666671875 0.48784722187499996 0.21180555625 0.4939236109375 0.21180555625 0.5130208328125 0.21875 0.5208333328125 0.228472221875 0.519097221875 0.23125 0.5130208328125
0 0.2298611109375 0.5546875 0.23194444375 0.5494791671875 0.2298611109375 0.5295138890625 0.21944444375 0.5260416671875 0.2125 0.5321180562500001 0.2138888890625 0.5555555562500001 0.2166666671875 0.559027778125 0.222222221875 0.559027778125 0.2298611109375 0.5546875
0 0.23263888906250002 0.5954861109375 0.23680555625 0.5833333328125 0.23263888906250002 0.5677083328125 0.2270833328125 0.5625 0.21597222187499998 0.5633680562500001 0.2125 0.5677083328125 0.21180555625 0.5755208328125 0.21875 0.5928819437499999 0.22430555624999998 0.5963541671875 0.23263888906250002 0.5954861109375
0 0.3458333328125 0.5920138890625 0.3458333328125 0.582465278125 0.34305555625 0.5772569437499999 0.322222221875 0.5763888890625 0.31736111093749997 0.5807291671875 0.31597222187499996 0.590277778125 0.322222221875 0.5989583328125 0.33819444375 0.5998263890625 0.3458333328125 0.5920138890625
0 0.45277777812500003 0.5911458328125 0.45277777812500003 0.5789930562500001 0.44930555625 0.574652778125 0.43125 0.574652778125 0.4263888890625 0.5789930562500001 0.42569444375 0.589409721875 0.43055555625 0.597222221875 0.4451388890625 0.598090278125 0.45277777812500003 0.5911458328125
0 0.5354166671875 0.6032986109375 0.53680555625 0.5876736109375 0.534722221875 0.581597221875 0.53125 0.578125 0.5243055562500001 0.578125 0.5166666671875 0.589409721875 0.51805555625 0.6119791671875 0.5208333328125 0.6145833328125 0.5298611109375 0.613715278125 0.5354166671875 0.6032986109375
0 0.5895833328125 0.6154513890625 0.590972221875 0.605902778125 0.5854166671875001 0.590277778125 0.5763888890625 0.589409721875 0.5708333328124999 0.6024305562500001 0.5701388890625 0.6145833328125 0.5736111109375 0.6197916671875 0.58125 0.621527778125 0.5895833328125 0.6154513890625
0 0.647222221875 0.6085069437499999 0.6458333328125 0.5963541671875 0.6395833328125 0.5868055562500001 0.63125 0.589409721875 0.6263888890625 0.6015625 0.6256944437499999 0.6119791671875 0.6298611109375 0.6197916671875 0.6388888890625 0.6197916671875 0.647222221875 0.6085069437499999
0 0.7 0.6111111109375 0.7013888890625 0.598090278125 0.696527778125 0.5850694437499999 0.6888888890625 0.5842013890625 0.6826388890625 0.5963541671875 0.68194444375 0.6067708328125 0.6875 0.6163194437499999 0.6916666671875 0.6171875 0.7 0.6111111109375
0 0.7583333328124999 0.6067708328125 0.7569444437499999 0.5911458328125 0.7513888890625 0.5842013890625 0.7423611109375 0.5868055562500001 0.73819444375 0.5989583328125 0.7375 0.6102430562500001 0.7402777781250001 0.6154513890625 0.7513888890625 0.6154513890625 0.7583333328124999 0.6067708328125
0 0.8118055562500001 0.6067708328125 0.809722221875 0.5876736109375 0.80625 0.5842013890625 0.7986111109375 0.5850694437499999 0.7923611109375 0.6006944437499999 0.79444444375 0.612847221875 0.7986111109375 0.6163194437499999 0.80694444375 0.6145833328125 0.8118055562500001 0.6067708328125
0 0.8666666671875 0.6076388890625 0.8673611109375001 0.597222221875 0.8638888890624999 0.5833333328125 0.85625 0.581597221875 0.8486111109375001 0.5920138890625 0.847222221875 0.6067708328125 0.85 0.6119791671875 0.8604166671875 0.613715278125 0.8666666671875 0.6076388890625
0 0.91944444375 0.6085069437499999 0.9208333328125 0.597222221875 0.9166666671874999 0.581597221875 0.9076388890624999 0.581597221875 0.902777778125 0.5946180562500001 0.9013888890624999 0.6067708328125 0.9048611109375001 0.6119791671875 0.9131944437499999 0.612847221875 0.91944444375 0.6085069437499999
0 0.9736111109375001 0.6032986109375 0.972222221875 0.5876736109375 0.9666666671874999 0.582465278125 0.9638888890624999 0.5842013890625 0.9611111109375001 0.5911458328125 0.9625 0.6102430562500001 0.9701388890624999 0.6102430562500001 0.9736111109375001 0.6032986109375