0 0.19305555624999998 0 0.19375 0.0173611109375 0.20069444375 0.02256944375 0.21111111093749999 0.019965278125 0.2173611109375 0.0095486109375 0.2173611109375 0 0.19305555624999998 0
0 0.23958333281250002 0.0251736109375 0.23958333281250002 0.01649305625 0.23263888906250002 0.00868055625 0.2236111109375 0.0095486109375 0.2173611109375 0.0208333328125 0.21805555625 0.03211805625 0.22430555624999998 0.0390625 0.23402777812500003 0.0373263890625 0.23958333281250002 0.0251736109375
0 0.2166666671875 0.0486111109375 0.2173611109375 0.0364583328125 0.21319444375000002 0.0295138890625 0.20347222187499997 0.027777778125000003 0.19583333281249998 0.035590278125 0.19583333281249998 0.04600694375 0.20069444375 0.05989583281250001 0.20833333281250002 0.059027778125 0.2166666671875 0.0486111109375
0 0.23333333281250002 0.07552083281250001 0.23680555625 0.06510416718749999 0.23680555625 0.05208333281250001 0.23402777812500003 0.046875 0.22291666718749997 0.04600694375 0.2166666671875 0.0564236109375 0.21597222187499998 0.06510416718749999 0.22152777812500002 0.07638888906249999 0.22916666718749998 0.078125 0.23333333281250002 0.07552083281250001
0 0.21805555625 0.0859375 0.21805555625 0.07552083281250001 0.209027778125 0.065972221875 0.20347222187499997 0.066840278125 0.19930555625 0.07204861093750001 0.19930555625 0.098090278125 0.20347222187499997 0.1015625 0.20833333281250002 0.10069444375 0.21805555625 0.0859375
0 0.23333333281250002 0.1145833328125 0.23541666718749998 0.09114583281250001 0.23263888906250002 0.08506944375 0.22152777812500002 0.0859375 0.215277778125 0.098090278125 0.215277778125 0.1076388890625 0.22152777812500002 0.11631944375 0.22916666718749998 0.11805555625 0.23333333281250002 0.1145833328125
0 0.22291666718749997 0.13194444375 0.22291666718749997 0.1223958328125 0.21319444375000002 0.11024305625 0.20625 0.109375 0.20208333281250002 0.1145833328125 0.20138888906250002 0.13107638906250002 0.20486111093749998 0.13888888906250002 0.21319444375000002 0.13975694375 0.22291666718749997 0.13194444375
0 0.23194444375 0.16059027812499999 0.23333333281250002 0.14670138906250002 0.2298611109375 0.140625 0.222222221875 0.13888888906250002 0.2125 0.14409722187500001 0.20694444375 0.15277777812499999 0.20625 0.1588541671875 0.2104166671875 0.16579861093749998 0.22152777812500002 0.16840277812499999 0.23194444375 0.16059027812499999
0 0.23125 0.18923611093749998 0.23125 0.18142361093749998 0.22430555624999998 0.17274305625 0.21111111093749999 0.17274305625 0.20555555625 0.18055555625 0.20555555625 0.1927083328125 0.21180555625 0.19965277812499999 0.22430555624999998 0.19878472187500001 0.23125 0.18923611093749998
0 0.2298611109375 0.21875 0.2270833328125 0.207465278125 0.215277778125 0.20399305625 0.20694444375 0.21267361093749998 0.20625 0.22395833281250002 0.21111111093749999 0.23350694375 0.22569444375 0.23263888906250002 0.2298611109375 0.21875
0 0.22916666718749998 0.24739583281250002 0.22569444375 0.24131944375 0.21597222187499998 0.23958333281250002 0.20833333281250002 0.24826388906250002 0.21111111093749999 0.26996527812500004 0.21944444375 0.27256944375000003 0.22638888906250001 0.2682291671875 0.22916666718749998 0.24739583281250002
0 0.22916666718749998 0.3029513890625 0.2270833328125 0.28211805624999997 0.222222221875 0.27777777812500004 0.21597222187499998 0.2786458328125 0.20972222187499998 0.28819444375000003 0.21111111093749999 0.30902777812500004 0.21597222187499998 0.31336805624999997 0.22430555624999998 0.3125 0.22916666718749998 0.3029513890625
0 0.22916666718749998 0.3420138890625 0.22777777812500002 0.3255208328125 0.22291666718749997 0.3203125 0.215277778125 0.32118055624999997 0.21180555625 0.3255208328125 0.21111111093749999 0.3454861109375 0.215277778125 0.3498263890625 0.225 0.3489583328125 0.22916666718749998 0.3420138890625
0 0.2298611109375 0.3802083328125 0.228472221875 0.3619791671875 0.22430555624999998 0.3567708328125 0.21875 0.35590277812500004 0.21111111093749999 0.36371527812500004 0.21180555625 0.3854166671875 0.21597222187499998 0.38975694375000003 0.22569444375 0.3888888890625 0.2298611109375 0.3802083328125
0 0.228472221875 0.42534722187499996 0.228472221875 0.4001736109375 0.225 0.3958333328125 0.21875 0.39496527812500004 0.21111111093749999 0.40277777812500004 0.2104166671875 0.4157986109375 0.2138888890625 0.4270833328125 0.2173611109375 0.4296875 0.228472221875 0.42534722187499996
0 0.23125 0.45746527812500004 0.228472221875 0.4392361109375 0.2201388890625 0.4348958328125 0.21111111093749999 0.44444444375 0.21180555625 0.4661458328125 0.2201388890625 0.4713541671875 0.228472221875 0.46788194375 0.23125 0.45746527812500004
0 0.2236111109375 0.5104166671875 0.23055555625 0.504340278125 0.23055555625 0.484375 0.2236111109375 0.4765625 0.21458333281250003 0.4791666671875 0.21111111093749999 0.48524305625 0.2125 0.504340278125 0.21597222187499998 0.5095486109375 0.2236111109375 0.5104166671875
0 0.2298611109375 0.5451388890625 0.23194444375 0.5286458328125 0.22916666718749998 0.519097221875 0.21875 0.515625 0.2138888890625 0.519965278125 0.21180555625 0.5251736109375 0.2125 0.543402778125 0.2173611109375 0.5477430562500001 0.2298611109375 0.5451388890625
0 0.23402777812500003 0.5789930562500001 0.23263888906250002 0.5642361109375 0.228472221875 0.5555555562500001 0.21875 0.5538194437499999 0.2125 0.5607638890625 0.21180555625 0.5755208328125 0.2138888890625 0.578125 0.2201388890625 0.582465278125 0.23402777812500003 0.5789930562500001
0 0.2923611109375 0.59375 0.29305555625 0.5859375 0.28819444375000003 0.578125 0.2708333328125 0.5763888890625 0.26527777812500003 0.5807291671875 0.2645833328125 0.5928819437499999 0.26805555625 0.5989583328125 0.284027778125 0.5998263890625 0.2923611109375 0.59375
0 0.40069444374999996 0.5911458328125 0.40069444374999996 0.5807291671875 0.3958333328125 0.5755208328125 0.38055555625 0.574652778125 0.372222221875 0.581597221875 0.37152777812500004 0.5885416671875 0.37569444375 0.598090278125 0.39305555625 0.5989583328125 0.40069444374999996 0.5911458328125
0 0.50555555625 0.5954861109375 0.5069444437499999 0.5755208328125 0.4916666671875 0.5729166671875 0.48194444374999995 0.5789930562500001 0.48125 0.589409721875 0.48541666718750004 0.5963541671875 0.5006944437499999 0.5998263890625 0.50555555625 0.5954861109375
0 0.5645833328125 0.6145833328125 0.5638888890625 0.5998263890625 0.5576388890625 0.590277778125 0.55069444375 0.5911458328125 0.54444444375 0.6032986109375 0.54375 0.6154513890625 0.5479166671875 0.621527778125 0.55625 0.6223958328125 0.5645833328125 0.6145833328125
0 0.61944444375 0.6111111109375 0.6180555562500001 0.598090278125 0.6111111109375 0.5885416671875 0.602777778125 0.5920138890625 0.5986111109375 0.6041666671875 0.5979166671875 0.6145833328125 0.6034722218749999 0.621527778125 0.6138888890625 0.6197916671875 0.61944444375 0.6111111109375
0 0.67569444375 0.6076388890625 0.6736111109375 0.5946180562500001 0.6673611109375 0.5868055562500001 0.6611111109375 0.5885416671875 0.6548611109375 0.6024305562500001 0.6548611109375 0.613715278125 0.659722221875 0.6197916671875 0.6701388890625 0.6180555562500001 0.67569444375 0.6076388890625
0 0.7291666671875 0.6102430562500001 0.7291666671875 0.5946180562500001 0.725 0.5876736109375 0.7173611109375 0.5868055562500001 0.7118055562500001 0.5954861109375 0.709722221875 0.6102430562500001 0.7125 0.6163194437499999 0.7229166671875 0.6163194437499999 0.7291666671875 0.6102430562500001
0 0.7861111109375 0.6067708328125 0.7854166671875 0.5946180562500001 0.7805555562500001 0.5842013890625 0.7729166671875001 0.5850694437499999 0.7666666671875 0.598090278125 0.765972221875 0.6076388890625 0.76875 0.6154513890625 0.7798611109375 0.6154513890625 0.7861111109375 0.6067708328125
0 0.8395833328125001 0.6067708328125 0.8368055562500001 0.5859375 0.8291666671875 0.5833333328125 0.8229166671874999 0.5911458328125 0.8222222218749999 0.6119791671875 0.8291666671875 0.6154513890625 0.8354166671875 0.612847221875 0.8395833328125001 0.6067708328125
0 0.89305555625 0.6067708328125 0.89444444375 0.5954861109375 0.8888888890625 0.581597221875 0.8798611109375001 0.5842013890625 0.8756944437499999 0.5963541671875 0.8756944437499999 0.6085069437499999 0.8798611109375001 0.613715278125 0.8888888890625 0.612847221875 0.89305555625 0.6067708328125
0 0.9451388890624999 0.5833333328125 0.9361111109375001 0.581597221875 0.9291666671875 0.598090278125 0.93125 0.6102430562500001 0.94305555625 0.6111111109375 0.9486111109375001 0.6006944437499999 0.9451388890624999 0.5833333328125
1 0 0.6189236109375 0.0034722218749999997 0.6267361109375 0.013888889062500001 0.6310763890625 0.026388889062499997 0.625 0.03194444375 0.6145833328125 0.0298611109375 0.5920138890625 0.020138889062500002 0.581597221875 0.0034722218749999997 0.5842013890625 0 0.5885416671875 0 0.6189236109375
1 0.059027778125 0.6267361109375 0.06875 0.6171875 0.06944444375 0.598090278125 0.060416667187499995 0.582465278125 0.0486111109375 0.5807291671875 0.0354166671875 0.5920138890625 0.0354166671875 0.613715278125 0.04305555625 0.6267361109375 0.0486111109375 0.629340278125 0.059027778125 0.6267361109375
1 0.1076388890625 0.6145833328125 0.10625 0.5920138890625 0.0979166671875 0.581597221875 0.08194444375 0.581597221875 0.0736111109375 0.5954861109375 0.075 0.6163194437499999 0.08333333281250001 0.6267361109375 0.09930555625000001 0.625 0.1076388890625 0.6145833328125
1 0.14236111093749998 0.6197916671875 0.1451388890625 0.6119791671875 0.1451388890625 0.5963541671875 0.13819444375 0.5833333328125 0.12430555624999999 0.5798611109375 0.11805555625 0.582465278125 0.11180555625 0.5911458328125 0.1111111109375 0.6111111109375 0.11736111093749999 0.6232638890625 0.13194444375 0.6276041671875 0.14236111093749998 0.6197916671875
1 0.1770833328125 0.621527778125 0.1833333328125 0.6111111109375 0.18194444375000002 0.5920138890625 0.172222221875 0.5807291671875 0.1576388890625 0.5807291671875 0.14930555625 0.5946180562500001 0.15 0.612847221875 0.1583333328125 0.6267361109375 0.17013888906250002 0.6267361109375 0.1770833328125 0.621527778125
1 0.24236111093749999 0.5998263890625 0.2479166671875 0.5954861109375 0.24930555625 0.5885416671875 0.24375 0.5798611109375 0.22916666718749998 0.5842013890625 0.20416666718749998 0.5772569437499999 0.19305555624999998 0.5789930562500001 0.1888888890625 0.5833333328125 0.1888888890625 0.6024305562500001 0.2 0.6085069437499999 0.2125 0.6032986109375 0.24236111093749999 0.5998263890625
1 0.35208333281250004 0.597222221875 0.35694444375 0.589409721875 0.3541666671875 0.5798611109375 0.34722222187499996 0.5763888890625 0.302777778125 0.5763888890625 0.29722222187499997 0.582465278125 0.2979166671875 0.5963541671875 0.30555555624999997 0.6006944437499999 0.3451388890625 0.5998263890625 0.35208333281250004 0.597222221875
1 0.4611111109375 0.5911458328125 0.46319444374999996 0.5842013890625 0.459027778125 0.5763888890625 0.4513888890625 0.573784721875 0.41041666718750003 0.574652778125 0.40416666718750005 0.5798611109375 0.40555555625000006 0.5954861109375 0.4125 0.5989583328125 0.45416666718750004 0.597222221875 0.4611111109375 0.5911458328125
1 0.5458333328125 0.5920138890625 0.5458333328125 0.582465278125 0.5375 0.573784721875 0.5166666671875 0.5729166671875 0.509027778125 0.5876736109375 0.509027778125 0.605902778125 0.52569444375 0.6171875 0.5395833328124999 0.6076388890625 0.5458333328125 0.5920138890625
1 0.58194444375 0.6197916671875 0.5895833328125 0.6154513890625 0.59930555625 0.590277778125 0.5979166671875 0.5789930562500001 0.5916666671875 0.5729166671875 0.584722221875 0.5720486109375 0.5708333328124999 0.573784721875 0.565972221875 0.578125 0.5638888890625 0.590277778125 0.56875 0.609375 0.57569444375 0.6189236109375 0.58194444375 0.6197916671875
1 0.65 0.6076388890625 0.6548611109375 0.5876736109375 0.65 0.574652778125 0.63055555625 0.5711805562500001 0.61944444375 0.5798611109375 0.61875 0.5946180562500001 0.627777778125 0.6163194437499999 0.6388888890625 0.6180555562500001 0.65 0.6076388890625
1 0.7048611109375 0.6067708328125 0.7104166671875001 0.582465278125 0.7041666671875 0.5729166671875 0.7 0.5703125 0.6833333328125 0.5711805562500001 0.67569444375 0.5807291671875 0.6763888890625 0.597222221875 0.684027778125 0.6119791671875 0.6944444437499999 0.6154513890625 0.7048611109375 0.6067708328125
1 0.7597222218749999 0.6067708328125 0.7645833328125 0.590277778125 0.76319444375 0.5763888890625 0.75555555625 0.5703125 0.7402777781250001 0.5694444437499999 0.7361111109375 0.5711805562500001 0.73125 0.5798611109375 0.73125 0.5946180562500001 0.73819444375 0.613715278125 0.7493055562500001 0.6154513890625 0.7597222218749999 0.6067708328125
1 0.8145833328125001 0.605902778125 0.8194444437499999 0.5842013890625 0.81875 0.5763888890625 0.8145833328125001 0.5703125 0.7986111109375 0.5677083328125 0.7881944437499999 0.5789930562500001 0.790277778125 0.6032986109375 0.796527778125 0.612847221875 0.8055555562500001 0.613715278125 0.8145833328125001 0.605902778125
1 0.865972221875 0.6085069437499999 0.8736111109375001 0.5850694437499999 0.871527778125 0.5720486109375 0.8645833328125001 0.566840278125 0.852777778125 0.566840278125 0.84375 0.574652778125 0.8416666671874999 0.5885416671875 0.847222221875 0.6085069437499999 0.852777778125 0.612847221875 0.865972221875 0.6085069437499999
1 0.91875 0.609375 0.9270833328125001 0.5850694437499999 0.9236111109375 0.5685763890625 0.9083333328125001 0.5651041671875 0.8979166671875 0.574652778125 0.8965277781250001 0.5885416671875 0.9013888890624999 0.605902778125 0.9076388890624999 0.6119791671875 0.91875 0.609375
1 0.97430555625 0.6076388890625 0.9826388890625 0.5842013890625 0.9791666671874999 0.566840278125 0.959722221875 0.5642361109375 0.9520833328125 0.5720486109375 0.95069444375 0.589409721875 0.95625 0.605902778125 0.9604166671875 0.609375 0.97430555625 0.6076388890625