0 0.21319444375000002 0.006944443749999999 0.21597222187499998 0 0.1916666671875 0.0017361109374999999 0.196527778125 0.010416667187500001 0.20486111093749998 0.012152778125 0.21319444375000002 0.006944443749999999
0 0.22152777812500002 0 0.21805555625 0.0095486109375 0.21875 0.0234375 0.22916666718749998 0.0295138890625 0.23819444375 0.02256944375 0.24097222187499998 0.006944443749999999 0.2375 0 0.22152777812500002 0
0 0.2166666671875 0.0373263890625 0.21805555625 0.027777778125000003 0.20972222187499998 0.0173611109375 0.2 0.0182291671875 0.19513888906250001 0.0251736109375 0.19583333281249998 0.0416666671875 0.20069444375 0.0486111109375 0.20833333281250002 0.0486111109375 0.2166666671875 0.0373263890625
0 0.23333333281250002 0.06510416718749999 0.23680555625 0.058159721875 0.23680555625 0.0390625 0.23194444375 0.034722221875 0.22430555624999998 0.034722221875 0.21805555625 0.042534721875 0.21597222187499998 0.053819443749999994 0.21875 0.061631943749999994 0.22430555624999998 0.066840278125 0.23333333281250002 0.06510416718749999
0 0.21805555625 0.07291666718749999 0.2173611109375 0.06336805625 0.209027778125 0.0546875 0.20208333281250002 0.055555556250000006 0.1979166671875 0.0607638890625 0.1986111109375 0.08420138906249999 0.20208333281250002 0.08767361093750001 0.20972222187499998 0.08680555625 0.21805555625 0.07291666718749999
0 0.23472222187499997 0.10069444375 0.23611111093749998 0.081597221875 0.23402777812500003 0.07552083281250001 0.2236111109375 0.07291666718749999 0.21597222187499998 0.0859375 0.21875 0.10069444375 0.225 0.10850694375 0.23055555625 0.10850694375 0.23472222187499997 0.10069444375
0 0.22152777812500002 0.1145833328125 0.21805555625 0.10243055625 0.20833333281250002 0.09375 0.20416666718749998 0.09461805625 0.20069444375 0.10069444375 0.20138888906250002 0.12413194375 0.20486111093749998 0.1276041671875 0.215277778125 0.12413194375 0.22152777812500002 0.1145833328125
0 0.23333333281250002 0.12413194375 0.22430555624999998 0.1197916671875 0.20972222187499998 0.13454861093749998 0.21111111093749999 0.1458333328125 0.22430555624999998 0.15017361093749998 0.23333333281250002 0.14149305625 0.23333333281250002 0.12413194375
0 0.2298611109375 0.17274305625 0.2298611109375 0.16059027812499999 0.22430555624999998 0.15451388906250002 0.2125 0.15277777812499999 0.20486111093749998 0.16232638906250002 0.20486111093749998 0.17361111093749998 0.209027778125 0.1796875 0.21875 0.18142361093749998 0.2298611109375 0.17274305625
0 0.22916666718749998 0.20833333281250002 0.23125 0.1953125 0.2270833328125 0.18663194375 0.2125 0.18576388906250002 0.20625 0.19184027812499999 0.20625 0.20833333281250002 0.21111111093749999 0.21354166718749998 0.2208333328125 0.214409721875 0.22916666718749998 0.20833333281250002
0 0.22638888906250001 0.24739583281250002 0.2298611109375 0.23524305625 0.225 0.21961805625 0.215277778125 0.21875 0.2076388890625 0.2265625 0.2076388890625 0.2421875 0.21180555625 0.24913194375 0.2208333328125 0.25086805624999997 0.22638888906250001 0.24739583281250002
0 0.2236111109375 0.2890625 0.22777777812500002 0.2829861109375 0.2270833328125 0.2595486109375 0.2173611109375 0.2552083328125 0.20972222187499998 0.2638888890625 0.209027778125 0.2829861109375 0.21111111093749999 0.2873263890625 0.21597222187499998 0.2907986109375 0.2236111109375 0.2890625
0 0.22430555624999998 0.3307291671875 0.22916666718749998 0.3220486109375 0.228472221875 0.3020833328125 0.222222221875 0.29600694375000003 0.215277778125 0.296875 0.21111111093749999 0.3020833328125 0.20972222187499998 0.3177083328125 0.21180555625 0.32725694375000003 0.21597222187499998 0.33159722187499996 0.22430555624999998 0.3307291671875
0 0.22916666718749998 0.3645833328125 0.22916666718749998 0.34288194375000003 0.2236111109375 0.3359375 0.2166666671875 0.3359375 0.21111111093749999 0.3420138890625 0.2104166671875 0.3645833328125 0.215277778125 0.3723958328125 0.222222221875 0.3723958328125 0.22916666718749998 0.3645833328125
0 0.22916666718749998 0.4036458328125 0.2298611109375 0.38715277812500004 0.225 0.37934027812500004 0.21875 0.37847222187499996 0.21111111093749999 0.3845486109375 0.21180555625 0.4036458328125 0.21597222187499998 0.4088541671875 0.22430555624999998 0.4088541671875 0.22916666718749998 0.4036458328125
0 0.22569444375 0.4470486109375 0.23055555625 0.4392361109375 0.22916666718749998 0.4192708328125 0.2208333328125 0.4140625 0.21319444375000002 0.4192708328125 0.21111111093749999 0.42274305625 0.21180555625 0.4427083328125 0.2166666671875 0.4479166671875 0.22569444375 0.4470486109375
0 0.22916666718749998 0.484375 0.23125 0.4713541671875 0.22916666718749998 0.45746527812500004 0.22430555624999998 0.453125 0.21805555625 0.453125 0.21180555625 0.46006944375 0.21111111093749999 0.47309027812500004 0.2138888890625 0.484375 0.21875 0.48871527812500004 0.22916666718749998 0.484375
0 0.22638888906250001 0.5295138890625 0.23125 0.5217013890625 0.23125 0.5017361109375 0.22430555624999998 0.4939236109375 0.21875 0.4939236109375 0.2138888890625 0.4982638890625 0.21180555625 0.5017361109375 0.2138888890625 0.5251736109375 0.2173611109375 0.5295138890625 0.22638888906250001 0.5295138890625
0 0.23125 0.5616319437499999 0.23194444375 0.5451388890625 0.228472221875 0.5373263890625 0.2201388890625 0.534722221875 0.2125 0.542534721875 0.21180555625 0.5564236109375 0.21597222187499998 0.5651041671875 0.225 0.566840278125 0.23125 0.5616319437499999
0 0.27569444375 0.5928819437499999 0.275 0.5833333328125 0.26875 0.5772569437499999 0.2479166671875 0.5763888890625 0.24583333281250003 0.5789930562500001 0.2451388890625 0.5920138890625 0.25 0.6006944437499999 0.2673611109375 0.6006944437499999 0.27569444375 0.5928819437499999
0 0.3111111109375 0.5911458328125 0.3104166671875 0.582465278125 0.30555555624999997 0.5772569437499999 0.290277778125 0.5763888890625 0.2833333328125 0.5833333328125 0.284027778125 0.5954861109375 0.2916666671875 0.6006944437499999 0.303472221875 0.5998263890625 0.3111111109375 0.5911458328125
0 0.41805555625 0.590277778125 0.4173611109375 0.5798611109375 0.41180555625000004 0.574652778125 0.397222221875 0.574652778125 0.39027777812500003 0.5798611109375 0.39027777812500003 0.5928819437499999 0.3958333328125 0.5989583328125 0.40972222187499996 0.5989583328125 0.41805555625 0.590277778125
0 0.5201388890625 0.5876736109375 0.51944444375 0.5772569437499999 0.5138888890625 0.5729166671875 0.5076388890625 0.5729166671875 0.5006944437499999 0.5763888890625 0.49791666718750005 0.581597221875 0.4986111109375 0.5998263890625 0.5069444437499999 0.605902778125 0.51319444375 0.605034721875 0.5201388890625 0.5876736109375
0 0.57569444375 0.612847221875 0.57569444375 0.6024305562500001 0.56875 0.5885416671875 0.559722221875 0.589409721875 0.5541666671875001 0.6024305562500001 0.553472221875 0.6119791671875 0.559027778125 0.620659721875 0.5694444437499999 0.620659721875 0.57569444375 0.612847221875
0 0.6298611109375 0.6102430562500001 0.6270833328125 0.59375 0.6208333328125 0.5885416671875 0.6138888890625 0.5911458328125 0.609027778125 0.6024305562500001 0.609027778125 0.6145833328125 0.61319444375 0.620659721875 0.6229166671875 0.620659721875 0.6298611109375 0.6102430562500001
0 0.6833333328125 0.6067708328125 0.6826388890625 0.5954861109375 0.6770833328125 0.5868055562500001 0.66875 0.5885416671875 0.6631944437499999 0.6024305562500001 0.6631944437499999 0.612847221875 0.6673611109375 0.6180555562500001 0.6770833328125 0.6145833328125 0.6833333328125 0.6067708328125
0 0.7402777781250001 0.6067708328125 0.73819444375 0.5920138890625 0.7333333328125 0.5850694437499999 0.7256944437499999 0.5868055562500001 0.7201388890625 0.5989583328125 0.7194444437499999 0.6102430562500001 0.7236111109375 0.6171875 0.7326388890625 0.6171875 0.7402777781250001 0.6067708328125
0 0.7909722218749999 0.612847221875 0.79375 0.6067708328125 0.7909722218749999 0.5876736109375 0.7826388890625 0.5850694437499999 0.777777778125 0.590277778125 0.7743055562500001 0.6024305562500001 0.775 0.6119791671875 0.7819444437499999 0.6163194437499999 0.7909722218749999 0.612847221875
0 0.8458333328125001 0.5850694437499999 0.8375 0.5833333328125 0.83194444375 0.5911458328125 0.83125 0.6119791671875 0.8423611109375001 0.6145833328125 0.84930555625 0.6032986109375 0.8458333328125001 0.5850694437499999
0 0.9013888890624999 0.6076388890625 0.902777778125 0.597222221875 0.8993055562500001 0.5833333328125 0.8916666671875 0.581597221875 0.8854166671874999 0.5920138890625 0.884027778125 0.6076388890625 0.88680555625 0.6119791671875 0.8923611109375 0.613715278125 0.9013888890624999 0.6076388890625
0 0.95555555625 0.6076388890625 0.9576388890624999 0.59375 0.9520833328125 0.5789930562500001 0.94375 0.5807291671875 0.9388888890624999 0.5920138890625 0.9381944437499999 0.6076388890625 0.9416666671874999 0.6119791671875 0.95 0.6119791671875 0.95555555625 0.6076388890625
1 0.01805555625 0.6310763890625 0.0298611109375 0.625 0.034722221875 0.6154513890625 0.034027778125000005 0.598090278125 0.030555556249999997 0.5885416671875 0.01875 0.5807291671875 0.0041666671875 0.5868055562500001 0 0.6032986109375 0.0020833328125000002 0.6041666671875 0.00555555625 0.6267361109375 0.01805555625 0.6310763890625
1 0.07291666718749999 0.613715278125 0.071527778125 0.59375 0.061805556250000004 0.581597221875 0.047222221875 0.581597221875 0.03819444375 0.5954861109375 0.0395833328125 0.6154513890625 0.047222221875 0.6276041671875 0.0645833328125 0.625 0.07291666718749999 0.613715278125
1 0.10833333281249999 0.6189236109375 0.11041666718750001 0.5989583328125 0.1076388890625 0.5885416671875 0.10138888906250001 0.581597221875 0.084027778125 0.581597221875 0.0770833328125 0.59375 0.0770833328125 0.612847221875 0.084027778125 0.625 0.097222221875 0.6267361109375 0.10833333281249999 0.6189236109375
1 0.147222221875 0.6163194437499999 0.14791666718750002 0.5963541671875 0.140277778125 0.582465278125 0.1263888890625 0.5798611109375 0.1145833328125 0.5920138890625 0.115277778125 0.6154513890625 0.12430555624999999 0.6267361109375 0.13819444375 0.6267361109375 0.147222221875 0.6163194437499999
1 0.1763888890625 0.625 0.18680555625 0.612847221875 0.18680555625 0.5920138890625 0.177777778125 0.5807291671875 0.1604166671875 0.5807291671875 0.15277777812499999 0.5946180562500001 0.1520833328125 0.6067708328125 0.15625 0.6197916671875 0.16180555624999998 0.6267361109375 0.1763888890625 0.625
1 0.2416666671875 0.5911458328125 0.240277778125 0.5807291671875 0.2270833328125 0.5720486109375 0.2166666671875 0.5720486109375 0.19375 0.5833333328125 0.1923611109375 0.5963541671875 0.20069444375 0.605034721875 0.23472222187499997 0.5998263890625 0.2416666671875 0.5911458328125
1 0.3611111109375 0.5998263890625 0.36944444375 0.597222221875 0.37430555625 0.590277778125 0.37152777812500004 0.5789930562500001 0.3645833328125 0.5755208328125 0.321527778125 0.5755208328125 0.31597222187499996 0.578125 0.3138888890625 0.5920138890625 0.31736111093749997 0.598090278125 0.3236111109375 0.6006944437499999 0.3611111109375 0.5998263890625
1 0.4798611109375 0.5876736109375 0.478472221875 0.578125 0.47430555625000004 0.574652778125 0.4270833328125 0.573784721875 0.42083333281249996 0.5789930562500001 0.42222222187499997 0.5954861109375 0.4298611109375 0.5989583328125 0.47430555625000004 0.5963541671875 0.4798611109375 0.5876736109375
1 0.5451388890625 0.6163194437499999 0.54930555625 0.609375 0.5541666671875001 0.5928819437499999 0.5541666671875001 0.582465278125 0.54444444375 0.5729166671875 0.5305555562500001 0.5729166671875 0.5243055562500001 0.578125 0.5201388890625 0.5946180562500001 0.51875 0.6119791671875 0.525 0.6180555562500001 0.53680555625 0.6197916671875 0.5451388890625 0.6163194437499999
1 0.6006944437499999 0.6145833328125 0.6083333328125 0.5989583328125 0.6083333328125 0.5789930562500001 0.6006944437499999 0.5729166671875 0.584722221875 0.5720486109375 0.58055555625 0.573784721875 0.5763888890625 0.581597221875 0.57569444375 0.5920138890625 0.58125 0.613715278125 0.5875 0.6189236109375 0.6006944437499999 0.6145833328125
1 0.6541666671875 0.613715278125 0.6625 0.5946180562500001 0.6631944437499999 0.5789930562500001 0.6541666671875 0.5711805562500001 0.6395833328125 0.5711805562500001 0.634027778125 0.573784721875 0.6298611109375 0.5807291671875 0.6291666671875 0.5928819437499999 0.6354166671875 0.6119791671875 0.6423611109375 0.6180555562500001 0.6541666671875 0.613715278125
1 0.7138888890625 0.6076388890625 0.7194444437499999 0.5868055562500001 0.71875 0.5789930562500001 0.7145833328125 0.5729166671875 0.6923611109375 0.5703125 0.684722221875 0.5807291671875 0.6861111109375 0.6032986109375 0.6923611109375 0.6154513890625 0.7013888890625 0.6171875 0.7138888890625 0.6076388890625
1 0.7638888890625 0.612847221875 0.76875 0.6067708328125 0.7729166671875001 0.5920138890625 0.7715277781250001 0.574652778125 0.7645833328125 0.5694444437499999 0.75555555625 0.5685763890625 0.747222221875 0.5711805562500001 0.7416666671875001 0.5789930562500001 0.740972221875 0.590277778125 0.7451388890625 0.6076388890625 0.7520833328125 0.6154513890625 0.7638888890625 0.612847221875
1 0.8222222218749999 0.6076388890625 0.827777778125 0.5868055562500001 0.825 0.5711805562500001 0.80625 0.5677083328125 0.8 0.5703125 0.7958333328125 0.5789930562500001 0.796527778125 0.5963541671875 0.8027777781250001 0.6119791671875 0.8131944437499999 0.613715278125 0.8222222218749999 0.6076388890625
1 0.8736111109375001 0.609375 0.8819444437499999 0.5868055562500001 0.8798611109375001 0.5711805562500001 0.8743055562500001 0.566840278125 0.8604166671875 0.566840278125 0.8534722218749999 0.574652778125 0.8513888890624999 0.5885416671875 0.85625 0.6076388890625 0.8611111109375 0.612847221875 0.8736111109375001 0.609375
1 0.9291666671875 0.6076388890625 0.9361111109375001 0.5868055562500001 0.934027778125 0.5694444437499999 0.9277777781250001 0.5651041671875 0.9159722218749999 0.5651041671875 0.9111111109375001 0.566840278125 0.90625 0.5755208328125 0.9048611109375001 0.5876736109375 0.9104166671874999 0.6076388890625 0.9159722218749999 0.6119791671875 0.9291666671875 0.6076388890625
1 0.98194444375 0.6085069437499999 0.9888888890624999 0.590277778125 0.98819444375 0.5677083328125 0.9791666671874999 0.5633680562500001 0.9666666671874999 0.5642361109375 0.9604166671875 0.574652778125 0.959722221875 0.5876736109375 0.965972221875 0.605902778125 0.9701388890624999 0.6102430562500001 0.98194444375 0.6085069437499999