0 0.19444444375 0 0.19444444375 0.0208333328125 0.2 0.0251736109375 0.21180555625 0.02256944375 0.21597222187499998 0.0173611109375 0.21805555625 0.0095486109375 0.21597222187499998 0 0.212384028125 0 0.19444444375 0
0 0.225 0.042534721875 0.23263888906250002 0.0416666671875 0.2375 0.0364583328125 0.23958333281250002 0.019965278125 0.23819444375 0.015625 0.23333333281250002 0.012152778125 0.22916666718749998 0.012152778125 0.2208333328125 0.015625 0.2173611109375 0.026909721874999997 0.21875 0.0364583328125 0.225 0.042534721875
0 0.20347222187499997 0.06336805625 0.2104166671875 0.061631943749999994 0.2173611109375 0.051215278125 0.2173611109375 0.0390625 0.20972222187499998 0.03038194375 0.20347222187499997 0.03038194375 0.19583333281249998 0.03819444375 0.197222221875 0.05729166718749999 0.19930555625 0.061631943749999994 0.20347222187499997 0.06336805625
0 0.2236111109375 0.082465278125 0.23263888906250002 0.08072916718749999 0.23611111093749998 0.07291666718749999 0.23680555625 0.0564236109375 0.2298611109375 0.0486111109375 0.225 0.0486111109375 0.21875 0.0546875 0.215277778125 0.06336805625 0.21597222187499998 0.07118055625 0.2236111109375 0.082465278125
0 0.20277777812500003 0.1032986109375 0.2076388890625 0.1032986109375 0.21180555625 0.09982638906249999 0.21875 0.08506944375 0.215277778125 0.07552083281250001 0.209027778125 0.06944444375 0.20416666718749998 0.06944444375 0.19930555625 0.073784721875 0.1979166671875 0.07899305625 0.19930555625 0.09982638906249999 0.20277777812500003 0.1032986109375
0 0.2236111109375 0.120659721875 0.22916666718749998 0.120659721875 0.23402777812500003 0.1145833328125 0.23541666718749998 0.09548611093750001 0.23402777812500003 0.089409721875 0.2298611109375 0.08680555625 0.22430555624999998 0.08680555625 0.21805555625 0.09288194375 0.2125 0.1032986109375 0.2138888890625 0.1119791671875 0.2236111109375 0.120659721875
0 0.2104166671875 0.1458333328125 0.2236111109375 0.13975694375 0.22638888906250001 0.1302083328125 0.2173611109375 0.11805555625 0.20972222187499998 0.1145833328125 0.20833333281250002 0.1145833328125 0.20208333281250002 0.120659721875 0.20208333281250002 0.1380208328125 0.20555555625 0.14409722187500001 0.2104166671875 0.1458333328125
0 0.2104166671875 0.17013888906250002 0.215277778125 0.17274305625 0.228472221875 0.17013888906250002 0.23333333281250002 0.15711805625 0.23263888906250002 0.14930555625 0.2270833328125 0.14496527812499999 0.222222221875 0.14496527812499999 0.2104166671875 0.1510416671875 0.20694444375 0.15625 0.2076388890625 0.16579861093749998 0.2104166671875 0.17013888906250002
0 0.21597222187499998 0.20572916718749998 0.22569444375 0.203125 0.23055555625 0.19444444375 0.2298611109375 0.18315972187500001 0.22152777812500002 0.1770833328125 0.21770833281250002 0.1770833328125 0.2076388890625 0.18055555625 0.20486111093749998 0.1875 0.20694444375 0.20052083281250002 0.21597222187499998 0.20572916718749998
0 0.215277778125 0.24131944375 0.2236111109375 0.23958333281250002 0.228472221875 0.23263888906250002 0.22916666718749998 0.215277778125 0.2208333328125 0.20920138906250002 0.2166666671875 0.20920138906250002 0.2104166671875 0.21180555625 0.20625 0.21961805625 0.2076388890625 0.23611111093749998 0.215277778125 0.24131944375
0 0.21944444375 0.28125 0.22430555624999998 0.2795138890625 0.228472221875 0.2708333328125 0.22916666718749998 0.25434027812500004 0.22430555624999998 0.246527778125 0.21979166718749998 0.246527778125 0.21180555625 0.24826388906250002 0.20833333281250002 0.25434027812500004 0.21111111093749999 0.27690972187499996 0.21944444375 0.28125
0 0.2166666671875 0.3220486109375 0.22430555624999998 0.3203125 0.228472221875 0.3142361109375 0.228472221875 0.29340277812500004 0.2236111109375 0.2864583328125 0.2208333328125 0.2864583328125 0.2201388890625 0.28559027812500004 0.21319444375000002 0.28819444375000003 0.20972222187499998 0.29600694375000003 0.20972222187499998 0.3142361109375 0.2166666671875 0.3220486109375
0 0.21597222187499998 0.3619791671875 0.2236111109375 0.3619791671875 0.228472221875 0.35590277812500004 0.22916666718749998 0.3342013890625 0.2236111109375 0.32725694375000003 0.21805555625 0.32725694375000003 0.21180555625 0.33159722187499996 0.20972222187499998 0.34461805624999997 0.21180555625 0.3576388890625 0.21597222187499998 0.3619791671875
0 0.2166666671875 0.4036458328125 0.225 0.40190972187499996 0.2298611109375 0.3923611109375 0.22916666718749998 0.3723958328125 0.2236111109375 0.3671875 0.21805555625 0.3671875 0.215277778125 0.36805555624999997 0.2104166671875 0.3767361109375 0.21111111093749999 0.3958333328125 0.2166666671875 0.4036458328125
0 0.2173611109375 0.4401041671875 0.22430555624999998 0.4392361109375 0.22916666718749998 0.4348958328125 0.2298611109375 0.4166666671875 0.22430555624999998 0.40972222187499996 0.2208333328125 0.40972222187499996 0.2173611109375 0.40972222187499996 0.21111111093749999 0.4157986109375 0.21180555625 0.4314236109375 0.2173611109375 0.4401041671875
0 0.22430555624999998 0.4791666671875 0.23055555625 0.4713541671875 0.23055555625 0.45399305625 0.22777777812500002 0.4479166671875 0.22291666718749997 0.4453125 0.21875 0.4453125 0.21111111093749999 0.45399305625 0.21180555625 0.47222222187499996 0.21597222187499998 0.4782986109375 0.22430555624999998 0.4791666671875
0 0.2201388890625 0.519965278125 0.22638888906250001 0.5182291671875 0.23125 0.511284721875 0.23125 0.4939236109375 0.225 0.484375 0.22152777812500002 0.484375 0.21597222187499998 0.48524305625 0.21111111093749999 0.4939236109375 0.21319444375000002 0.5138888890625 0.2201388890625 0.519965278125
0 0.2270833328125 0.558159721875 0.23194444375 0.5494791671875 0.23194444375 0.5329861109375 0.22430555624999998 0.5243055562500001 0.21944444375 0.5243055562500001 0.21180555625 0.5329861109375 0.2125 0.550347221875 0.21875 0.5598958328125 0.2270833328125 0.558159721875
0 0.23958333281250002 0.5928819437499999 0.2416666671875 0.589409721875 0.240277778125 0.5798611109375 0.225 0.5633680562500001 0.22291666718749997 0.5633680562500001 0.215277778125 0.5703125 0.222222221875 0.5911458328125 0.2298611109375 0.5954861109375 0.23958333281250002 0.5928819437499999
0 0.325 0.5998263890625 0.3416666671875 0.597222221875 0.3458333328125 0.5911458328125 0.3458333328125 0.582465278125 0.33819444375 0.5763888890625 0.334027778125 0.5763888890625 0.31944444375000003 0.5772569437499999 0.31597222187499996 0.5850694437499999 0.31736111093749997 0.5954861109375 0.325 0.5998263890625
0 0.3638888890625 0.5998263890625 0.375 0.5963541671875 0.3770833328125 0.5920138890625 0.3770833328125 0.581597221875 0.3708333328125 0.5755208328125 0.3673611109375 0.5755208328125 0.352777778125 0.578125 0.35069444375000003 0.590277778125 0.3541666671875 0.597222221875 0.3638888890625 0.5998263890625
1 0.17361111093749998 0.5998263890625 0.177777778125 0.6119791671875 0.1861111109375 0.6171875 0.19097222187500001 0.6171875 0.21458333281250003 0.6006944437499999 0.21805555625 0.5963541671875 0.21805555625 0.589409721875 0.209027778125 0.5772569437499999 0.20277777812500003 0.5772569437499999 0.1854166671875 0.578125 0.17916666718750002 0.5807291671875 0.175 0.5859375 0.17361111093749998 0.5998263890625
1 0 0.6310763890625 0.00555555625 0.6310763890625 0.013888889062500001 0.6276041671875 0.01875 0.6223958328125 0.020138889062500002 0.6015625 0.015972221875 0.5885416671875 0.0034722218749999997 0.5807291671875 0 0.5807291671875 0 0.6310763890625
1 0.0229166671875 0.613715278125 0.032638889062499996 0.6302083328125 0.04375 0.6302083328125 0.052777778124999994 0.6241319437499999 0.05694444375 0.6154513890625 0.055555556250000006 0.5928819437499999 0.04930555625 0.5833333328125 0.04305555625 0.5807291671875 0.0388888890625 0.5807291671875 0.03125 0.582465278125 0.0229166671875 0.5946180562500001 0.022222221875 0.5998263890625 0.0229166671875 0.613715278125
1 0.06805555625000001 0.6258680562500001 0.07291666718749999 0.6276041671875 0.084027778125 0.6267361109375 0.0895833328125 0.6232638890625 0.09444444375 0.6145833328125 0.09305555625 0.5920138890625 0.0888888890625 0.5850694437499999 0.08194444375 0.5807291671875 0.078240971875 0.5807291671875 0.0673611109375 0.582465278125 0.060416667187499995 0.5954861109375 0.061805556250000004 0.6163194437499999 0.06805555625000001 0.6258680562500001
1 0.103472221875 0.6223958328125 0.1111111109375 0.6276041671875 0.12222222187500001 0.6267361109375 0.127777778125 0.6223958328125 0.13194444375 0.6145833328125 0.13125 0.5920138890625 0.125 0.582465278125 0.11875 0.5798611109375 0.11319444375000001 0.5798611109375 0.1020833328125 0.5868055562500001 0.0986111109375 0.5954861109375 0.09930555625000001 0.613715278125 0.103472221875 0.6223958328125
1 0.1361111109375 0.6076388890625 0.1416666671875 0.6232638890625 0.1520833328125 0.6276041671875 0.16458333281249998 0.6241319437499999 0.171527778125 0.6145833328125 0.16875 0.5911458328125 0.16388888906250001 0.5842013890625 0.15555555625 0.5798611109375 0.1517361109375 0.5798611109375 0.1458333328125 0.5807291671875 0.140277778125 0.5859375 0.1361111109375 0.5954861109375 0.1361111109375 0.6076388890625
1 0.2541666671875 0.5963541671875 0.2625 0.6006944437499999 0.3013888890625 0.5998263890625 0.30902777812500004 0.5946180562500001 0.3111111109375 0.5868055562500001 0.30625 0.5789930562500001 0.2986111109375 0.5763888890625 0.29483055625 0.5763888890625 0.25555555625 0.5772569437499999 0.2513888890625 0.5833333328125 0.2513888890625 0.5920138890625 0.2541666671875 0.5963541671875
1 0.384027778125 0.597222221875 0.3895833328125 0.5989583328125 0.4291666671875 0.598090278125 0.43958333281249995 0.5920138890625 0.44097222187499996 0.5876736109375 0.440277778125 0.5798611109375 0.43055555625 0.574652778125 0.4270833328125 0.574652778125 0.3854166671875 0.5755208328125 0.38125 0.5798611109375 0.38055555625 0.590277778125 0.384027778125 0.597222221875
1 0.490972221875 0.5963541671875 0.5125 0.6102430562500001 0.5243055562500001 0.6085069437499999 0.53125 0.5989583328125 0.5333333328125 0.582465278125 0.5291666671875 0.5763888890625 0.5208333328125 0.5729166671875 0.5169645828125 0.5729166671875 0.490277778125 0.574652778125 0.4875 0.581597221875 0.48819444375 0.5920138890625 0.490972221875 0.5963541671875
1 0.5618055562500001 0.6163194437499999 0.5666666671875 0.620659721875 0.57569444375 0.6197916671875 0.58055555625 0.6154513890625 0.5854166671875001 0.6076388890625 0.5895833328125 0.5920138890625 0.58819444375 0.5798611109375 0.5770833328125 0.5729166671875 0.5726854171875 0.5729166671875 0.559027778125 0.5755208328125 0.5541666671875001 0.5868055562500001 0.5576388890625 0.6076388890625 0.5618055562500001 0.6163194437499999
1 0.6152777781250001 0.6119791671875 0.622222221875 0.6180555562500001 0.6291666671875 0.6180555562500001 0.6347222218749999 0.6145833328125 0.6395833328125 0.6076388890625 0.64375 0.5911458328125 0.64305555625 0.5789930562500001 0.6388888890625 0.573784721875 0.63055555625 0.5711805562500001 0.625 0.5711805562500001 0.6138888890625 0.574652778125 0.609722221875 0.5868055562500001 0.61319444375 0.6067708328125 0.6152777781250001 0.6119791671875
1 0.66875 0.6085069437499999 0.67569444375 0.613715278125 0.684722221875 0.613715278125 0.690277778125 0.609375 0.69930555625 0.5868055562500001 0.6986111109375 0.5789930562500001 0.6951388890625 0.574652778125 0.6854166671875 0.5703125 0.6805555562500001 0.5703125 0.66875 0.5729166671875 0.6631944437499999 0.5833333328125 0.6638888890625 0.59375 0.66875 0.6085069437499999
1 0.7236111109375 0.609375 0.7270833328124999 0.613715278125 0.734722221875 0.6163194437499999 0.74375 0.612847221875 0.7493055562500001 0.6067708328125 0.7541666671875 0.5842013890625 0.75 0.573784721875 0.7423611109375 0.5694444437499999 0.73842569375 0.5694444437499999 0.7236111109375 0.5720486109375 0.71875 0.5842013890625 0.7194444437499999 0.5954861109375 0.7236111109375 0.609375
1 0.7826388890625 0.6119791671875 0.7875 0.6145833328125 0.7951388890625 0.613715278125 0.8 0.609375 0.8076388890624999 0.589409721875 0.80694444375 0.5755208328125 0.797222221875 0.5685763890625 0.79375 0.5685763890625 0.7819444437499999 0.5703125 0.77569444375 0.5833333328125 0.778472221875 0.6041666671875 0.7826388890625 0.6119791671875
1 0.840277778125 0.612847221875 0.8479166671874999 0.612847221875 0.8541666671874999 0.609375 0.8611111109375 0.5911458328125 0.86180555625 0.578125 0.859027778125 0.5720486109375 0.84930555625 0.566840278125 0.8479166671874999 0.566840278125 0.8340277781250001 0.5703125 0.8291666671875 0.5807291671875 0.8333333328125001 0.605902778125 0.840277778125 0.612847221875
1 0.8951388890624999 0.6119791671875 0.902777778125 0.6119791671875 0.9076388890624999 0.6085069437499999 0.9159722218749999 0.5859375 0.9159722218749999 0.5763888890625 0.9125 0.5685763890625 0.903472221875 0.5651041671875 0.9 0.5651041671875 0.8916666671875 0.5677083328125 0.8854166671874999 0.5798611109375 0.88819444375 0.6015625 0.8951388890624999 0.6119791671875
1 0.94305555625 0.605034721875 0.9458333328125 0.6085069437499999 0.9541666671875 0.6111111109375 0.9638888890624999 0.6076388890625 0.96875 0.5998263890625 0.9708333328125001 0.590277778125 0.9708333328125001 0.5720486109375 0.9673611109375001 0.565972221875 0.9618055562500001 0.5642361109375 0.9581020828125 0.5642361109375 0.9458333328125 0.565972221875 0.9381944437499999 0.5789930562500001 0.9395833328125001 0.5946180562500001 0.94305555625 0.605034721875
0 0.459722221875 0.5954861109375 0.48194444374999995 0.5954861109375 0.48472222187499997 0.5798611109375 0.48194444374999995 0.574652778125 0.478472221875 0.573784721875 0.47430555625000004 0.573784721875 0.4625 0.574652778125 0.4576388890625 0.5789930562500001 0.45694444375 0.590277778125 0.459722221875 0.5954861109375
0 0.5395833328124999 0.621527778125 0.5479166671875 0.6197916671875 0.5541666671875001 0.6111111109375 0.553472221875 0.5946180562500001 0.5479166671875 0.5859375 0.5416666671875 0.5859375 0.5354166671875 0.59375 0.5319444437499999 0.609375 0.534027778125 0.6171875 0.5395833328124999 0.621527778125
0 0.5951388890625 0.621527778125 0.6034722218749999 0.6197916671875 0.609722221875 0.6145833328125 0.6083333328125 0.5946180562500001 0.6041666671875 0.5885416671875 0.6 0.5868055562500001 0.59930555625 0.5868055562500001 0.59375 0.590277778125 0.5888888890625 0.6041666671875 0.5895833328125 0.6145833328125 0.5951388890625 0.621527778125
0 0.6493055562500001 0.620659721875 0.6569444437499999 0.6197916671875 0.6645833328124999 0.6119791671875 0.665277778125 0.6067708328125 0.66180555625 0.5946180562500001 0.6548611109375 0.5885416671875 0.653472221875 0.5885416671875 0.6465277781250001 0.59375 0.64305555625 0.605902778125 0.64444444375 0.6171875 0.6493055562500001 0.620659721875
0 0.7041666671875 0.6189236109375 0.71319444375 0.6163194437499999 0.71875 0.6076388890625 0.7173611109375 0.5963541671875 0.7104166671875001 0.5868055562500001 0.7076388890625 0.5868055562500001 0.702777778125 0.5911458328125 0.6979166671875 0.6041666671875 0.69930555625 0.6145833328125 0.7041666671875 0.6189236109375
0 0.7625 0.6171875 0.7708333328125 0.612847221875 0.7743055562500001 0.6067708328125 0.7729166671875001 0.5911458328125 0.7666666671875 0.5842013890625 0.76319444375 0.5842013890625 0.7569444437499999 0.590277778125 0.7541666671875 0.6015625 0.7548611109375 0.6119791671875 0.7625 0.6171875
0 0.8131944437499999 0.6154513890625 0.8229166671874999 0.6145833328125 0.827777778125 0.6076388890625 0.8263888890625 0.590277778125 0.8229166671874999 0.5850694437499999 0.8166666671874999 0.5850694437499999 0.8131944437499999 0.5885416671875 0.8083333328125001 0.6041666671875 0.809722221875 0.6111111109375 0.8131944437499999 0.6154513890625
0 0.8680555562500001 0.613715278125 0.875 0.613715278125 0.8826388890624999 0.6067708328125 0.8826388890624999 0.5928819437499999 0.8798611109375001 0.5842013890625 0.8770833328125001 0.582465278125 0.8763888890624999 0.581597221875 0.8701388890624999 0.5833333328125 0.8666666671875 0.589409721875 0.8638888890624999 0.6076388890625 0.8680555562500001 0.613715278125
0 0.922222221875 0.612847221875 0.93194444375 0.6119791671875 0.9361111109375001 0.6041666671875 0.934027778125 0.5842013890625 0.9277777781250001 0.5807291671875 0.9270833328125001 0.5807291671875 0.9208333328125 0.5859375 0.9173611109375001 0.5989583328125 0.9173611109375001 0.6067708328125 0.922222221875 0.612847221875
0 0.977777778125 0.6119791671875 0.9875 0.609375 0.9930555562500001 0.5998263890625 0.990972221875 0.5842013890625 0.9861111109375 0.578125 0.984722221875 0.578125 0.9770833328125 0.582465278125 0.972222221875 0.5954861109375 0.9729166671874999 0.6067708328125 0.977777778125 0.6119791671875