0 0.27777777812500004 0.5946180562500001 0.2791666671875 0.589409721875 0.27569444375 0.5789930562500001 0.26944444375 0.5763888890625 0.2513888890625 0.5763888890625 0.24722222187499998 0.581597221875 0.246527778125 0.5928819437499999 0.2513888890625 0.6006944437499999 0.271527778125 0.5998263890625 0.27777777812500004 0.5946180562500001
0 0.38680555625 0.590277778125 0.3854166671875 0.5789930562500001 0.38125 0.5755208328125 0.3638888890625 0.5755208328125 0.3583333328125 0.5807291671875 0.3583333328125 0.5928819437499999 0.3638888890625 0.5989583328125 0.38055555625 0.598090278125 0.38680555625 0.590277778125
0 0.49375 0.5911458328125 0.49444444374999996 0.5789930562500001 0.4916666671875 0.574652778125 0.47222222187499996 0.573784721875 0.46666666718750005 0.5798611109375 0.46666666718750005 0.5911458328125 0.471527778125 0.597222221875 0.4875 0.597222221875 0.49375 0.5911458328125
0 0.5576388890625 0.612847221875 0.55625 0.5998263890625 0.55069444375 0.590277778125 0.54305555625 0.590277778125 0.5361111109375 0.6032986109375 0.534722221875 0.6154513890625 0.5395833328124999 0.621527778125 0.54930555625 0.621527778125 0.5576388890625 0.612847221875
0 0.6083333328125 0.6180555562500001 0.61180555625 0.6111111109375 0.6083333328125 0.5928819437499999 0.6048611109375 0.589409721875 0.5979166671875 0.589409721875 0.5930555562500001 0.5954861109375 0.590972221875 0.605902778125 0.5923611109375 0.6180555562500001 0.5958333328125 0.621527778125 0.6083333328125 0.6180555562500001
0 0.6666666671875 0.6145833328125 0.66875 0.6032986109375 0.6611111109375 0.5885416671875 0.653472221875 0.5885416671875 0.6493055562500001 0.5946180562500001 0.6465277781250001 0.609375 0.65 0.6180555562500001 0.6576388890625 0.6197916671875 0.6666666671875 0.6145833328125
0 0.7229166671875 0.6067708328125 0.721527778125 0.5946180562500001 0.7166666671875 0.5868055562500001 0.7083333328125 0.5876736109375 0.702777778125 0.6024305562500001 0.702777778125 0.613715278125 0.70694444375 0.6180555562500001 0.7173611109375 0.6163194437499999 0.7229166671875 0.6067708328125
0 0.778472221875 0.6076388890625 0.77569444375 0.5876736109375 0.7666666671875 0.5842013890625 0.7611111109375 0.5920138890625 0.7597222218749999 0.6111111109375 0.7673611109375 0.6163194437499999 0.7743055562500001 0.613715278125 0.778472221875 0.6076388890625
0 0.83194444375 0.605902778125 0.83194444375 0.5954861109375 0.82569444375 0.5833333328125 0.8166666671874999 0.5876736109375 0.8131944437499999 0.5998263890625 0.8131944437499999 0.6102430562500001 0.8173611109375001 0.6154513890625 0.827777778125 0.613715278125 0.83194444375 0.605902778125
0 0.8847222218749999 0.6102430562500001 0.8875 0.5963541671875 0.884027778125 0.5833333328125 0.8743055562500001 0.582465278125 0.86875 0.5946180562500001 0.8680555562500001 0.6076388890625 0.871527778125 0.612847221875 0.878472221875 0.613715278125 0.8847222218749999 0.6102430562500001
0 0.9395833328125001 0.6067708328125 0.940972221875 0.5954861109375 0.9354166671874999 0.5807291671875 0.928472221875 0.581597221875 0.922222221875 0.5954861109375 0.921527778125 0.6076388890625 0.92430555625 0.6119791671875 0.934027778125 0.612847221875 0.9395833328125001 0.6067708328125
1 0.9673611109375001 0.6076388890625 0.97430555625 0.5885416671875 0.9729166671874999 0.5685763890625 0.96319444375 0.5633680562500001 0.952777778125 0.5642361109375 0.94305555625 0.5755208328125 0.9423611109375001 0.5868055562500001 0.9486111109375001 0.6067708328125 0.9541666671875 0.6111111109375 0.9673611109375001 0.6076388890625
0 0.9951388890624999 0.5989583328125 0.99444444375 0.5833333328125 0.9854166671875 0.5772569437499999 0.9784722218749999 0.5876736109375 0.9770833328125 0.6076388890625 0.98125 0.6111111109375 0.9902777781250001 0.6111111109375 0.9951388890624999 0.5989583328125
1 0 0.628472221875 0.0048611109375000005 0.6310763890625 0.014583332812499999 0.6302083328125 0.0229166671875 0.6232638890625 0.02569444375 0.6154513890625 0.025 0.5954861109375 0.013888889062500001 0.581597221875 0 0.581597221875 0 0.628472221875
1 0.061111110937500004 0.621527778125 0.0645833328125 0.605902778125 0.061805556250000004 0.590277778125 0.058333332812500006 0.5850694437499999 0.05069444375 0.5807291671875 0.0388888890625 0.581597221875 0.03194444375 0.5876736109375 0.030555556249999997 0.5928819437499999 0.0298611109375 0.6102430562500001 0.034722221875 0.6267361109375 0.04444444375 0.6302083328125 0.061111110937500004 0.621527778125
1 0.0875 0.6276041671875 0.09930555625000001 0.6189236109375 0.10138888906250001 0.598090278125 0.0923611109375 0.581597221875 0.07638888906249999 0.581597221875 0.06805555625000001 0.5920138890625 0.0673611109375 0.6111111109375 0.07430555625 0.625 0.0791666671875 0.628472221875 0.0875 0.6276041671875
1 0.13055555624999998 0.6258680562500001 0.1395833328125 0.6154513890625 0.13888888906250002 0.5928819437499999 0.1291666671875 0.5807291671875 0.1145833328125 0.5807291671875 0.10555555624999999 0.5946180562500001 0.10486111093749999 0.6067708328125 0.109722221875 0.621527778125 0.1145833328125 0.6267361109375 0.13055555624999998 0.6258680562500001
1 0.16944444375 0.625 0.177777778125 0.6076388890625 0.171527778125 0.5850694437499999 0.165277778125 0.5798611109375 0.1576388890625 0.5789930562500001 0.14444444375 0.5876736109375 0.14305555625 0.612847221875 0.1451388890625 0.6189236109375 0.15625 0.6276041671875 0.16944444375 0.625
1 0.21111111093749999 0.6041666671875 0.22916666718749998 0.5998263890625 0.23402777812500003 0.59375 0.23055555625 0.5850694437499999 0.2125 0.5763888890625 0.18819444375 0.5789930562500001 0.18055555625 0.589409721875 0.18125 0.6024305562500001 0.1895833328125 0.612847221875 0.197222221875 0.612847221875 0.21111111093749999 0.6041666671875
0 0.1923611109375 0 0.19444444375 0.01649305625 0.20416666718749998 0.0217013890625 0.2104166671875 0.019097221875 0.21805555625 0.0060763890625 0.2173611109375 0 0.1923611109375 0
0 0.2375 0.03211805625 0.240277778125 0.01649305625 0.23541666718749998 0.00868055625 0.22430555624999998 0.0078125 0.2173611109375 0.0182291671875 0.21805555625 0.03211805625 0.222222221875 0.0364583328125 0.23194444375 0.0373263890625 0.2375 0.03211805625
0 0.21319444375000002 0.0529513890625 0.21805555625 0.03819444375 0.2138888890625 0.0286458328125 0.20625 0.0251736109375 0.19583333281249998 0.03211805625 0.19583333281249998 0.0451388890625 0.2 0.0564236109375 0.20833333281250002 0.05729166718749999 0.21319444375000002 0.0529513890625
0 0.23263888906250002 0.073784721875 0.23680555625 0.06423611093750001 0.2375 0.050347221875 0.23472222187499997 0.0451388890625 0.22430555624999998 0.042534721875 0.2173611109375 0.05208333281250001 0.21597222187499998 0.061631943749999994 0.21875 0.07118055625 0.22430555624999998 0.07638888906249999 0.23263888906250002 0.073784721875
0 0.21875 0.07552083281250001 0.209027778125 0.06423611093750001 0.2 0.06857638906249999 0.19930555625 0.09548611093750001 0.20694444375 0.09982638906249999 0.2138888890625 0.09375 0.21875 0.07552083281250001
0 0.23541666718749998 0.09895833281250001 0.23541666718749998 0.08767361093750001 0.23263888906250002 0.08333333281250001 0.2236111109375 0.082465278125 0.21597222187499998 0.09548611093750001 0.215277778125 0.105034721875 0.22152777812500002 0.1145833328125 0.23263888906250002 0.1145833328125 0.23541666718749998 0.09895833281250001
0 0.222222221875 0.12934027812499999 0.22291666718749997 0.1197916671875 0.21458333281250003 0.10850694375 0.20833333281250002 0.105902778125 0.20208333281250002 0.11024305625 0.20138888906250002 0.12673611093749998 0.20486111093749998 0.13628472187500001 0.21111111093749999 0.13715277812499999 0.222222221875 0.12934027812499999
0 0.23194444375 0.15798611093749998 0.23333333281250002 0.14149305625 0.22430555624999998 0.13454861093749998 0.2125 0.14149305625 0.2076388890625 0.1484375 0.2076388890625 0.15711805625 0.21180555625 0.16232638906250002 0.22430555624999998 0.16493055625 0.23194444375 0.15798611093749998
0 0.2298611109375 0.1901041671875 0.23125 0.18055555625 0.2270833328125 0.171875 0.2125 0.1692708328125 0.20625 0.1744791671875 0.20486111093749998 0.1875 0.20833333281250002 0.19444444375 0.2201388890625 0.19704861093749998 0.2298611109375 0.1901041671875
0 0.228472221875 0.22395833281250002 0.2298611109375 0.20833333281250002 0.22569444375 0.20225694375 0.21458333281250003 0.20138888906250002 0.20694444375 0.20833333281250002 0.20694444375 0.22395833281250002 0.21180555625 0.230902778125 0.2208333328125 0.23177083281250002 0.228472221875 0.22395833281250002
0 0.2270833328125 0.2630208328125 0.22916666718749998 0.2560763890625 0.2270833328125 0.238715278125 0.21597222187499998 0.23524305625 0.20833333281250002 0.24392361093749998 0.20833333281250002 0.2595486109375 0.21111111093749999 0.265625 0.2208333328125 0.2682291671875 0.2270833328125 0.2630208328125
0 0.228472221875 0.2994791671875 0.22777777812500002 0.2786458328125 0.2236111109375 0.2734375 0.2166666671875 0.2734375 0.20972222187499998 0.28038194375000003 0.20972222187499998 0.3020833328125 0.21458333281250003 0.30902777812500004 0.22152777812500002 0.3098958328125 0.228472221875 0.2994791671875
0 0.22430555624999998 0.3454861109375 0.22916666718749998 0.33680555624999997 0.22916666718749998 0.32465277812500004 0.22430555624999998 0.31684027812500004 0.2138888890625 0.3177083328125 0.2104166671875 0.3220486109375 0.21111111093749999 0.34027777812500004 0.215277778125 0.3463541671875 0.22430555624999998 0.3454861109375
0 0.22916666718749998 0.3802083328125 0.228472221875 0.3567708328125 0.21944444375 0.3515625 0.21111111093749999 0.35850694375000003 0.2104166671875 0.3776041671875 0.21458333281250003 0.3845486109375 0.2236111109375 0.3854166671875 0.22916666718749998 0.3802083328125
0 0.2298611109375 0.4166666671875 0.22916666718749998 0.3958333328125 0.22430555624999998 0.390625 0.21805555625 0.390625 0.21111111093749999 0.39756944375000003 0.21180555625 0.4192708328125 0.21805555625 0.42534722187499996 0.225 0.4244791671875 0.2298611109375 0.4166666671875
0 0.23125 0.4548611109375 0.22916666718749998 0.4357638890625 0.2201388890625 0.43055555625 0.21180555625 0.43836805625 0.21111111093749999 0.4557291671875 0.2138888890625 0.46440972187499996 0.225 0.4670138890625 0.23125 0.4548611109375
0 0.228472221875 0.503472221875 0.23125 0.4939236109375 0.2298611109375 0.4782986109375 0.2236111109375 0.47309027812500004 0.21180555625 0.4782986109375 0.21111111093749999 0.49565972187499996 0.21458333281250003 0.5026041671875 0.21805555625 0.5060763890625 0.228472221875 0.503472221875
0 0.22777777812500002 0.543402778125 0.23194444375 0.535590278125 0.23055555625 0.5164930562500001 0.2236111109375 0.511284721875 0.2166666671875 0.5130208328125 0.2125 0.519097221875 0.21180555625 0.5321180562500001 0.21458333281250003 0.542534721875 0.2173611109375 0.5451388890625 0.22777777812500002 0.543402778125
0 0.23125 0.5564236109375 0.22777777812500002 0.551215278125 0.21805555625 0.550347221875 0.21319444375000002 0.5555555562500001 0.21319444375000002 0.5720486109375 0.22569444375 0.5807291671875 0.23402777812500003 0.5798611109375 0.23125 0.5564236109375
1 0.33680555624999997 0.598090278125 0.3423611109375 0.5911458328125 0.3423611109375 0.5842013890625 0.334722221875 0.5763888890625 0.2888888890625 0.5763888890625 0.2833333328125 0.581597221875 0.2826388890625 0.59375 0.290972221875 0.6006944437499999 0.3298611109375 0.6006944437499999 0.33680555624999997 0.598090278125
1 0.4486111109375 0.5876736109375 0.4479166671875 0.5798611109375 0.4388888890625 0.574652778125 0.3958333328125 0.574652778125 0.3895833328125 0.5807291671875 0.39027777812500003 0.5946180562500001 0.396527778125 0.5989583328125 0.43958333281249995 0.597222221875 0.4486111109375 0.5876736109375
1 0.5381944437499999 0.5911458328125 0.5375 0.5807291671875 0.5298611109375 0.573784721875 0.5041666671875 0.5729166671875 0.497222221875 0.5798611109375 0.49791666718750005 0.598090278125 0.5166666671875 0.6119791671875 0.5298611109375 0.6085069437499999 0.5381944437499999 0.5911458328125
1 0.584722221875 0.612847221875 0.5923611109375 0.5911458328125 0.5923611109375 0.5833333328125 0.58819444375 0.5763888890625 0.5666666671875 0.5729166671875 0.55694444375 0.582465278125 0.559722221875 0.605902778125 0.5673611109375 0.6189236109375 0.5763888890625 0.6197916671875 0.584722221875 0.612847221875
1 0.640277778125 0.6119791671875 0.647222221875 0.5911458328125 0.6465277781250001 0.5807291671875 0.64305555625 0.5763888890625 0.63819444375 0.5720486109375 0.6256944437499999 0.5711805562500001 0.6173611109375 0.5729166671875 0.61180555625 0.5798611109375 0.6111111109375 0.59375 0.61875 0.6145833328125 0.628472221875 0.6189236109375 0.640277778125 0.6119791671875
1 0.6972222218749999 0.6067708328125 0.702777778125 0.5868055562500001 0.702777778125 0.5798611109375 0.6986111109375 0.573784721875 0.6923611109375 0.5703125 0.6770833328125 0.5703125 0.66805555625 0.581597221875 0.66875 0.5946180562500001 0.6763888890625 0.6111111109375 0.6868055562500001 0.613715278125 0.6972222218749999 0.6067708328125
1 0.7402777781250001 0.6163194437499999 0.7520833328125 0.6076388890625 0.7576388890625 0.5850694437499999 0.75555555625 0.5755208328125 0.7479166671875 0.5694444437499999 0.734027778125 0.5694444437499999 0.7236111109375 0.5789930562500001 0.7236111109375 0.5954861109375 0.7270833328124999 0.6076388890625 0.73194444375 0.613715278125 0.7402777781250001 0.6163194437499999
1 0.80625 0.6076388890625 0.8118055562500001 0.5868055562500001 0.8111111109375001 0.5755208328125 0.8076388890624999 0.5703125 0.7986111109375 0.5677083328125 0.7875 0.5694444437499999 0.7805555562500001 0.5798611109375 0.78125 0.597222221875 0.7875 0.6119791671875 0.797222221875 0.613715278125 0.80625 0.6076388890625
1 0.85694444375 0.6102430562500001 0.8652777781250001 0.589409721875 0.8638888890624999 0.5720486109375 0.85694444375 0.566840278125 0.8451388890624999 0.566840278125 0.8368055562500001 0.5729166671875 0.8340277781250001 0.589409721875 0.8388888890624999 0.6067708328125 0.846527778125 0.613715278125 0.85694444375 0.6102430562500001
1 0.91180555625 0.6085069437499999 0.9201388890625 0.5842013890625 0.9173611109375001 0.5703125 0.9125 0.565972221875 0.8986111109375001 0.565972221875 0.8916666671875 0.5729166671875 0.8895833328125 0.5876736109375 0.8951388890624999 0.6085069437499999 0.90069444375 0.6119791671875 0.91180555625 0.6085069437499999