1 0 0.6310763890625 0.009027778125 0.6319444437499999 0.021527778125 0.621527778125 0.0236111109375 0.605034721875 0.022222221875 0.5946180562500001 0.0173611109375 0.5859375 0.00555555625 0.5807291671875 0 0.581597221875 0 0.6310763890625
1 0.0458333328125 0.6302083328125 0.052777778124999994 0.6267361109375 0.0625 0.6145833328125 0.060416667187499995 0.5928819437499999 0.0513888890625 0.581597221875 0.034722221875 0.582465278125 0.0270833328125 0.5946180562500001 0.028472221875 0.6171875 0.03125 0.6258680562500001 0.0354166671875 0.629340278125 0.0458333328125 0.6302083328125
1 0.09652777812499999 0.6197916671875 0.09930555625000001 0.5989583328125 0.0923611109375 0.5842013890625 0.0770833328125 0.5807291671875 0.06875 0.5859375 0.06527777812499999 0.5920138890625 0.065972221875 0.6145833328125 0.072222221875 0.625 0.08333333281250001 0.628472221875 0.09652777812499999 0.6197916671875
1 0.13263888906250001 0.6232638890625 0.13680555625 0.6154513890625 0.13680555625 0.59375 0.1291666671875 0.582465278125 0.12291666718750001 0.5798611109375 0.1111111109375 0.581597221875 0.103472221875 0.5946180562500001 0.102777778125 0.6067708328125 0.109722221875 0.6241319437499999 0.12291666718750001 0.6276041671875 0.13263888906250001 0.6232638890625
1 0.16319444375 0.6276041671875 0.171527778125 0.621527778125 0.17569444375 0.6024305562500001 0.17430555625 0.5946180562500001 0.1666666671875 0.581597221875 0.15277777812499999 0.5798611109375 0.1416666671875 0.5911458328125 0.140972221875 0.612847221875 0.1458333328125 0.6232638890625 0.1541666671875 0.6276041671875 0.16319444375 0.6276041671875
1 0.22638888906250001 0.5928819437499999 0.22430555624999998 0.5842013890625 0.2125 0.5763888890625 0.1895833328125 0.578125 0.178472221875 0.589409721875 0.18055555625 0.6067708328125 0.1895833328125 0.6145833328125 0.21805555625 0.6015625 0.22638888906250001 0.5928819437499999
1 0.33194444375 0.590277778125 0.33055555625 0.581597221875 0.322222221875 0.5763888890625 0.278472221875 0.5763888890625 0.272222221875 0.581597221875 0.271527778125 0.5928819437499999 0.28125 0.6006944437499999 0.3229166671875 0.5998263890625 0.33194444375 0.590277778125
1 0.43263888906250003 0.5946180562500001 0.4375 0.5868055562500001 0.4361111109375 0.5798611109375 0.428472221875 0.574652778125 0.3861111109375 0.574652778125 0.37847222187499996 0.5807291671875 0.37847222187499996 0.5928819437499999 0.384027778125 0.5989583328125 0.42569444375 0.598090278125 0.43263888906250003 0.5946180562500001
1 0.525 0.605902778125 0.5319444437499999 0.5911458328125 0.5305555562500001 0.5789930562500001 0.522222221875 0.573784721875 0.49375 0.5729166671875 0.4861111109375 0.5789930562500001 0.48541666718750004 0.5885416671875 0.4888888890625 0.5963541671875 0.51319444375 0.6102430562500001 0.525 0.605902778125
1 0.578472221875 0.6163194437499999 0.5875 0.5920138890625 0.5854166671875001 0.578125 0.5763888890625 0.5729166671875 0.5625 0.5729166671875 0.5576388890625 0.5755208328125 0.553472221875 0.5833333328125 0.5555555562500001 0.6067708328125 0.5604166671875 0.6154513890625 0.565972221875 0.620659721875 0.578472221875 0.6163194437499999
1 0.63055555625 0.6154513890625 0.6395833328125 0.5998263890625 0.640277778125 0.5789930562500001 0.6319444437499999 0.5729166671875 0.6166666671875001 0.5720486109375 0.61180555625 0.573784721875 0.6083333328125 0.5798611109375 0.6076388890625 0.5954861109375 0.61319444375 0.613715278125 0.6201388890625 0.6180555562500001 0.63055555625 0.6154513890625
1 0.6916666671875 0.6067708328125 0.6979166671875 0.5842013890625 0.69305555625 0.574652778125 0.6736111109375 0.5703125 0.66805555625 0.5720486109375 0.6611111109375 0.5807291671875 0.6611111109375 0.5954861109375 0.66875 0.612847221875 0.6826388890625 0.6145833328125 0.6916666671875 0.6067708328125
1 0.7458333328125 0.6076388890625 0.7520833328125 0.5842013890625 0.747222221875 0.5720486109375 0.727777778125 0.5703125 0.7194444437499999 0.5798611109375 0.7194444437499999 0.5963541671875 0.72430555625 0.6111111109375 0.7361111109375 0.6154513890625 0.7458333328125 0.6076388890625
1 0.790277778125 0.6154513890625 0.8013888890624999 0.6067708328125 0.80694444375 0.5833333328125 0.8013888890624999 0.5711805562500001 0.7833333328125 0.5685763890625 0.7729166671875001 0.5798611109375 0.7736111109375 0.5963541671875 0.7770833328125 0.6076388890625 0.7826388890625 0.6145833328125 0.790277778125 0.6154513890625
1 0.8520833328125 0.609375 0.8576388890625 0.5989583328125 0.8604166671875 0.5842013890625 0.8583333328125 0.5720486109375 0.8534722218749999 0.5677083328125 0.8388888890624999 0.5677083328125 0.83055555625 0.5755208328125 0.8291666671875 0.5885416671875 0.8326388890624999 0.605902778125 0.840277778125 0.612847221875 0.8520833328125 0.609375
1 0.9041666671874999 0.6111111109375 0.9131944437499999 0.5920138890625 0.9145833328125 0.5789930562500001 0.91180555625 0.5703125 0.9055555562500001 0.565972221875 0.89305555625 0.565972221875 0.8854166671874999 0.573784721875 0.8833333328125 0.5885416671875 0.88819444375 0.6076388890625 0.8958333328125001 0.612847221875 0.9041666671874999 0.6111111109375
1 0.9611111109375001 0.6076388890625 0.96875 0.589409721875 0.9666666671874999 0.5677083328125 0.959722221875 0.5642361109375 0.946527778125 0.5651041671875 0.9388888890624999 0.574652778125 0.9381944437499999 0.5885416671875 0.9423611109375001 0.605034721875 0.95 0.6102430562500001 0.9611111109375001 0.6076388890625
0 0.9895833328125001 0.5946180562500001 0.984722221875 0.5798611109375 0.9763888890624999 0.581597221875 0.971527778125 0.5911458328125 0.9708333328125001 0.605902778125 0.97430555625 0.6119791671875 0.98680555625 0.6085069437499999 0.9895833328125001 0.5946180562500001
1 0.9930555562500001 0.5720486109375 0.99375 0.590277778125 0.9993055562500001 0.6041666671875 0.9993055562500001 0.5642361109375 0.9930555562500001 0.5720486109375
0 0.2173611109375 0 0.2173611109375 0.0052083328125 0.2236111109375 0.01649305625 0.23194444375 0.01649305625 0.23958333281250002 0.0095486109375 0.24097222187499998 0 0.2173611109375 0
0 0.2125 0.0329861109375 0.21805555625 0.0217013890625 0.2173611109375 0.013020832812499999 0.20972222187499998 0.0060763890625 0.19583333281249998 0.010416667187500001 0.19375 0.0208333328125 0.196527778125 0.03211805625 0.20138888906250002 0.0364583328125 0.2125 0.0329861109375
0 0.23611111093749998 0.0486111109375 0.2388888890625 0.034722221875 0.23680555625 0.0251736109375 0.22569444375 0.02256944375 0.2173611109375 0.0329861109375 0.2173611109375 0.0442708328125 0.22152777812500002 0.05208333281250001 0.23055555625 0.053819443749999994 0.23611111093749998 0.0486111109375
0 0.215277778125 0.066840278125 0.21805555625 0.051215278125 0.2125 0.043402778125 0.20277777812500003 0.042534721875 0.197222221875 0.0486111109375 0.197222221875 0.065972221875 0.20069444375 0.07291666718749999 0.20833333281250002 0.073784721875 0.215277778125 0.066840278125
0 0.23125 0.09461805625 0.23680555625 0.07638888906249999 0.23472222187499997 0.06336805625 0.22638888906250001 0.05989583281250001 0.21875 0.065972221875 0.21597222187499998 0.08072916718749999 0.21944444375 0.089409721875 0.225 0.09548611093750001 0.23125 0.09461805625
0 0.2173611109375 0.105902778125 0.2201388890625 0.09895833281250001 0.21875 0.09114583281250001 0.20972222187499998 0.08072916718749999 0.20486111093749998 0.08072916718749999 0.19930555625 0.08680555625 0.19930555625 0.10850694375 0.20277777812500003 0.1145833328125 0.209027778125 0.1154513890625 0.2173611109375 0.105902778125
0 0.23333333281250002 0.1276041671875 0.23402777812500003 0.105902778125 0.23125 0.10243055625 0.2236111109375 0.10243055625 0.21319444375000002 0.11631944375 0.21180555625 0.12413194375 0.21597222187499998 0.13107638906250002 0.22777777812500002 0.13368055625 0.23333333281250002 0.1276041671875
0 0.21458333281250003 0.1614583328125 0.22638888906250001 0.15538194375 0.228472221875 0.14496527812499999 0.225 0.13888888906250002 0.2125 0.13194444375 0.20555555625 0.13368055625 0.20277777812500003 0.13715277812499999 0.20277777812500003 0.15190972187500001 0.20625 0.1588541671875 0.21458333281250003 0.1614583328125
0 0.23194444375 0.17621527812499999 0.23055555625 0.16840277812499999 0.225 0.1640625 0.21458333281250003 0.16493055625 0.20555555625 0.17361111093749998 0.20625 0.18663194375 0.21319444375000002 0.1927083328125 0.228472221875 0.18836805625 0.23194444375 0.17621527812499999
0 0.228472221875 0.22048611093749998 0.23055555625 0.20399305625 0.22430555624999998 0.19704861093749998 0.2166666671875 0.19618055625 0.20694444375 0.203125 0.20625 0.214409721875 0.209027778125 0.22395833281250002 0.2173611109375 0.2265625 0.228472221875 0.22048611093749998
0 0.22916666718749998 0.25347222187499996 0.228472221875 0.23611111093749998 0.22291666718749997 0.230902778125 0.21319444375000002 0.23177083281250002 0.209027778125 0.23611111093749998 0.209027778125 0.25694444375000003 0.21458333281250003 0.2638888890625 0.222222221875 0.2638888890625 0.22916666718749998 0.25347222187499996
0 0.228472221875 0.2951388890625 0.22777777812500002 0.27430555624999997 0.22430555624999998 0.26996527812500004 0.2166666671875 0.26909722187499996 0.20972222187499998 0.2760416671875 0.2104166671875 0.30034722187499996 0.21597222187499998 0.3046875 0.22430555624999998 0.3029513890625 0.228472221875 0.2951388890625
0 0.22916666718749998 0.3359375 0.228472221875 0.3142361109375 0.2201388890625 0.30902777812500004 0.21111111093749999 0.3151041671875 0.21180555625 0.3411458328125 0.2201388890625 0.3454861109375 0.225 0.34375 0.22916666718749998 0.3359375
0 0.22638888906250001 0.3802083328125 0.22916666718749998 0.37586805624999997 0.228472221875 0.3567708328125 0.22291666718749997 0.3515625 0.21458333281250003 0.3532986109375 0.21111111093749999 0.3576388890625 0.21180555625 0.3767361109375 0.21597222187499998 0.38194444375000003 0.22638888906250001 0.3802083328125
0 0.23055555625 0.41059027812500004 0.22916666718749998 0.3923611109375 0.2201388890625 0.38715277812500004 0.21180555625 0.3932291671875 0.21180555625 0.4157986109375 0.2166666671875 0.42100694375 0.22569444375 0.4201388890625 0.23055555625 0.41059027812500004
0 0.23055555625 0.4479166671875 0.22916666718749998 0.4314236109375 0.2201388890625 0.42621527812500004 0.21180555625 0.4322916671875 0.21319444375000002 0.45746527812500004 0.2166666671875 0.4609375 0.228472221875 0.4583333328125 0.23055555625 0.4479166671875
0 0.23194444375 0.4869791671875 0.2298611109375 0.47222222187499996 0.22430555624999998 0.4670138890625 0.21944444375 0.4670138890625 0.21180555625 0.4748263890625 0.2125 0.4973958328125 0.21875 0.5026041671875 0.22916666718749998 0.49913194375 0.23194444375 0.4869791671875
0 0.22569444375 0.5407986109375 0.23125 0.534722221875 0.23125 0.5164930562500001 0.22569444375 0.5086805562500001 0.21805555625 0.5086805562500001 0.21458333281250003 0.512152778125 0.21180555625 0.5164930562500001 0.2138888890625 0.5373263890625 0.2166666671875 0.5407986109375 0.22569444375 0.5407986109375
0 0.23263888906250002 0.5755208328125 0.23263888906250002 0.5572916671875 0.228472221875 0.5477430562500001 0.2201388890625 0.5460069437499999 0.2125 0.5538194437499999 0.2125 0.565972221875 0.2173611109375 0.573784721875 0.2236111109375 0.578125 0.23263888906250002 0.5755208328125
0 0.26597222187499997 0.5954861109375 0.2666666671875 0.5859375 0.2625 0.5789930562500001 0.240277778125 0.5763888890625 0.23541666718749998 0.581597221875 0.23541666718749998 0.5954861109375 0.23958333281250002 0.5998263890625 0.2604166671875 0.5998263890625 0.26597222187499997 0.5954861109375
0 0.375 0.5911458328125 0.375 0.5833333328125 0.37013888906250003 0.5763888890625 0.3548611109375 0.5755208328125 0.34722222187499996 0.582465278125 0.346527778125 0.5911458328125 0.353472221875 0.5989583328125 0.36875 0.5989583328125 0.375 0.5911458328125
0 0.4826388890625 0.589409721875 0.4826388890625 0.5798611109375 0.478472221875 0.574652778125 0.46180555625 0.573784721875 0.45555555625000005 0.578125 0.45416666718750004 0.589409721875 0.459027778125 0.597222221875 0.477777778125 0.5963541671875 0.4826388890625 0.589409721875
0 0.5527777781250001 0.6119791671875 0.5513888890625 0.5954861109375 0.5458333328125 0.5868055562500001 0.5381944437499999 0.5885416671875 0.53125 0.6032986109375 0.53125 0.6145833328125 0.5354166671875 0.620659721875 0.54444444375 0.620659721875 0.5527777781250001 0.6119791671875
0 0.6076388890625 0.612847221875 0.60555555625 0.5963541671875 0.59930555625 0.5885416671875 0.5923611109375 0.590277778125 0.5868055562500001 0.6024305562500001 0.5861111109375 0.6119791671875 0.5916666671875 0.620659721875 0.59930555625 0.621527778125 0.6076388890625 0.612847221875
0 0.66180555625 0.6102430562500001 0.659722221875 0.5954861109375 0.6541666671875 0.5885416671875 0.6465277781250001 0.590277778125 0.640972221875 0.6041666671875 0.640277778125 0.612847221875 0.64444444375 0.6197916671875 0.6541666671875 0.6197916671875 0.66180555625 0.6102430562500001
0 0.7173611109375 0.6102430562500001 0.7166666671875 0.5946180562500001 0.7125 0.5859375 0.7041666671875 0.5859375 0.6972222218749999 0.6015625 0.6972222218749999 0.6102430562500001 0.703472221875 0.6180555562500001 0.7125 0.6163194437499999 0.7173611109375 0.6102430562500001
0 0.7715277781250001 0.5954861109375 0.7666666671875 0.5859375 0.7611111109375 0.5850694437499999 0.75625 0.5885416671875 0.7520833328125 0.6032986109375 0.753472221875 0.6145833328125 0.7625 0.6171875 0.7715277781250001 0.6076388890625 0.7715277781250001 0.5954861109375
0 0.8270833328125 0.6076388890625 0.8263888890625 0.5920138890625 0.821527778125 0.5833333328125 0.8138888890624999 0.5850694437499999 0.809027778125 0.597222221875 0.8083333328125001 0.6076388890625 0.8138888890624999 0.6154513890625 0.821527778125 0.6145833328125 0.8270833328125 0.6076388890625
0 0.88055555625 0.6067708328125 0.8791666671874999 0.5876736109375 0.8763888890624999 0.582465278125 0.86875 0.5833333328125 0.8625 0.598090278125 0.86180555625 0.6076388890625 0.8652777781250001 0.613715278125 0.8736111109375001 0.6145833328125 0.88055555625 0.6067708328125
0 0.9354166671874999 0.6006944437499999 0.9333333328125001 0.5833333328125 0.9229166671875 0.581597221875 0.9166666671874999 0.597222221875 0.9159722218749999 0.6032986109375 0.91944444375 0.6111111109375 0.9291666671875 0.6119791671875 0.9354166671874999 0.6006944437499999