0 0.22430555624999998 0.0486111109375 0.23194444375 0.04774305625 0.2375 0.0407986109375 0.2388888890625 0.02430555625 0.23194444375 0.01649305625 0.22638888906250001 0.01649305625 0.2201388890625 0.0217013890625 0.2173611109375 0.03125 0.21875 0.0416666671875 0.22430555624999998 0.0486111109375
0 0.1986111109375 0 0.19444444375 0.0078125 0.19444444375 0.02256944375 0.20069444375 0.03038194375 0.209027778125 0.0295138890625 0.2173611109375 0.0182291671875 0.2173611109375 0.0095486109375 0.21180555625 0 0.2074076390625 0 0.1986111109375 0
0 0.20833333281250002 0.06857638906249999 0.21319444375000002 0.06510416718749999 0.21875 0.0529513890625 0.2173611109375 0.043402778125 0.20972222187499998 0.035590278125 0.20416666718749998 0.035590278125 0.196527778125 0.043402778125 0.197222221875 0.0607638890625 0.20208333281250002 0.06857638906249999 0.20833333281250002 0.06857638906249999
0 0.22430555624999998 0.08854166718749999 0.23125 0.08767361093750001 0.23611111093749998 0.078125 0.23680555625 0.0625 0.23125 0.0546875 0.22777777812500002 0.0546875 0.22291666718749997 0.055555556250000006 0.21597222187499998 0.06770833281250001 0.21597222187499998 0.07552083281250001 0.22430555624999998 0.08854166718749999
0 0.20833333281250002 0.10850694375 0.21805555625 0.09375 0.2173611109375 0.08333333281250001 0.20972222187499998 0.074652778125 0.20486111093749998 0.074652778125 0.1986111109375 0.082465278125 0.19930555625 0.1032986109375 0.20347222187499997 0.10850694375 0.20833333281250002 0.10850694375
0 0.2173611109375 0.12413194375 0.22430555624999998 0.12673611093749998 0.23194444375 0.12413194375 0.23402777812500003 0.1171875 0.23402777812500003 0.09895833281250001 0.22777777812500002 0.09375 0.2270833328125 0.09375 0.21944444375 0.098090278125 0.21180555625 0.1111111109375 0.21319444375000002 0.1189236109375 0.2173611109375 0.12413194375
0 0.20555555625 0.15017361093749998 0.2125 0.15277777812499999 0.22430555624999998 0.14756944375 0.2270833328125 0.14236111093749998 0.2270833328125 0.13628472187500001 0.22569444375 0.13194444375 0.21111111093749999 0.1223958328125 0.20833333281250002 0.1223958328125 0.20486111093749998 0.12413194375 0.20277777812500003 0.12934027812499999 0.20277777812500003 0.14496527812499999 0.20555555625 0.15017361093749998
0 0.21805555625 0.1822916671875 0.22430555624999998 0.18142361093749998 0.22916666718749998 0.1770833328125 0.23263888906250002 0.1614583328125 0.22569444375 0.1536458328125 0.22152777812500002 0.1536458328125 0.2076388890625 0.1614583328125 0.20625 0.17274305625 0.209027778125 0.17881944375 0.21805555625 0.1822916671875
0 0.21319444375000002 0.215277778125 0.22430555624999998 0.21354166718749998 0.23055555625 0.20486111093749998 0.23125 0.19618055625 0.22916666718749998 0.1901041671875 0.22152777812500002 0.18576388906250002 0.21597222187499998 0.18576388906250002 0.209027778125 0.18836805625 0.20555555625 0.19618055625 0.20625 0.20833333281250002 0.21319444375000002 0.215277778125
0 0.21111111093749999 0.25 0.215277778125 0.2517361109375 0.22638888906250001 0.24913194375 0.22916666718749998 0.2421875 0.22916666718749998 0.22743055625 0.222222221875 0.21875 0.21597222187499998 0.21875 0.21111111093749999 0.22135416718749998 0.20694444375 0.22829861093749998 0.20833333281250002 0.24479166718749998 0.21111111093749999 0.25
0 0.2166666671875 0.29253472187499996 0.22430555624999998 0.28993055624999997 0.228472221875 0.28211805624999997 0.228472221875 0.2630208328125 0.222222221875 0.25694444375000003 0.2173611109375 0.25694444375000003 0.2125 0.2595486109375 0.209027778125 0.26649305624999997 0.209027778125 0.28559027812500004 0.2166666671875 0.29253472187499996
0 0.2201388890625 0.3342013890625 0.22430555624999998 0.33246527812500004 0.228472221875 0.3255208328125 0.22916666718749998 0.3107638890625 0.228472221875 0.30381944375000003 0.22152777812500002 0.296875 0.21875 0.296875 0.21111111093749999 0.3029513890625 0.2104166671875 0.3229166671875 0.21458333281250003 0.33246527812500004 0.2201388890625 0.3342013890625
0 0.21597222187499998 0.37413194375000003 0.22430555624999998 0.37413194375000003 0.2298611109375 0.36284722187499996 0.22916666718749998 0.3463541671875 0.22291666718749997 0.3385416671875 0.2173611109375 0.3385416671875 0.21111111093749999 0.34375 0.20972222187499998 0.35243055624999997 0.21111111093749999 0.36805555624999997 0.21597222187499998 0.37413194375000003
0 0.2166666671875 0.41493055625 0.22430555624999998 0.4140625 0.2298611109375 0.4079861109375 0.2298611109375 0.38715277812500004 0.22430555624999998 0.37934027812500004 0.22048611093749998 0.37934027812500004 0.21111111093749999 0.38368055624999997 0.20972222187499998 0.390625 0.2104166671875 0.4079861109375 0.2166666671875 0.41493055625
0 0.21805555625 0.45225694375 0.225 0.4513888890625 0.2298611109375 0.44444444375 0.2298611109375 0.4296875 0.2236111109375 0.42100694375 0.21944444375 0.42100694375 0.215277778125 0.42274305625 0.21111111093749999 0.4296875 0.2138888890625 0.44965277812500004 0.21805555625 0.45225694375
0 0.2166666671875 0.4904513890625 0.22430555624999998 0.4904513890625 0.2298611109375 0.48524305625 0.23055555625 0.46527777812500004 0.225 0.45746527812500004 0.22118055625 0.45746527812500004 0.21597222187499998 0.4583333328125 0.21111111093749999 0.46875 0.21180555625 0.4817708328125 0.2166666671875 0.4904513890625
0 0.21458333281250003 0.5295138890625 0.21875 0.53125 0.2270833328125 0.5303819437499999 0.23125 0.5243055562500001 0.23055555625 0.5017361109375 0.225 0.49565972187499996 0.21875 0.49565972187499996 0.2138888890625 0.49913194375 0.21180555625 0.504340278125 0.21319444375000002 0.5260416671875 0.21458333281250003 0.5295138890625
0 0.2201388890625 0.5711805562500001 0.2270833328125 0.5703125 0.23194444375 0.5642361109375 0.23194444375 0.5451388890625 0.23055555625 0.5407986109375 0.225 0.5364583328125 0.2201388890625 0.5364583328125 0.2138888890625 0.5399305562500001 0.21180555625 0.5460069437499999 0.2125 0.5616319437499999 0.2201388890625 0.5711805562500001
0 0.23541666718749998 0.5998263890625 0.24930555625 0.6006944437499999 0.259722221875 0.5954861109375 0.26180555625 0.590277778125 0.259722221875 0.582465278125 0.25486111093749997 0.578125 0.246527778125 0.5763888890625 0.24201388906250001 0.5763888890625 0.23541666718749998 0.5772569437499999 0.23194444375 0.581597221875 0.23055555625 0.5911458328125 0.23541666718749998 0.5998263890625
0 0.3361111109375 0.5946180562500001 0.34305555625 0.5998263890625 0.3576388890625 0.5989583328125 0.3638888890625 0.5920138890625 0.3645833328125 0.5842013890625 0.35972222187499997 0.5772569437499999 0.35 0.5755208328125 0.3479166671875 0.5755208328125 0.34027777812500004 0.5763888890625 0.3361111109375 0.5798611109375 0.334027778125 0.5868055562500001 0.3361111109375 0.5946180562500001
0 0.3729166671875 0.598090278125 0.38819444375 0.5989583328125 0.39305555625 0.5954861109375 0.3951388890625 0.590277778125 0.39444444375 0.5798611109375 0.3854166671875 0.574652778125 0.38194444375000003 0.574652778125 0.372222221875 0.5763888890625 0.36875 0.582465278125 0.36875 0.5911458328125 0.3729166671875 0.598090278125
0 0.478472221875 0.5954861109375 0.49375 0.5989583328125 0.5013888890625 0.5920138890625 0.5020833328125 0.578125 0.4986111109375 0.573784721875 0.49305555625 0.5729166671875 0.48923611093749997 0.5729166671875 0.4791666671875 0.574652778125 0.47569444375 0.5789930562500001 0.475 0.5885416671875 0.478472221875 0.5954861109375
0 0.5520833328125 0.6223958328125 0.559722221875 0.6197916671875 0.5638888890625 0.6102430562500001 0.5611111109375 0.5920138890625 0.5548611109375 0.5868055562500001 0.5520833328125 0.5868055562500001 0.547222221875 0.590277778125 0.5416666671875 0.605902778125 0.54375 0.6180555562500001 0.5520833328125 0.6223958328125
0 0.602777778125 0.621527778125 0.6111111109375 0.620659721875 0.61944444375 0.6119791671875 0.6173611109375 0.5954861109375 0.61180555625 0.5876736109375 0.60625 0.5876736109375 0.6013888890625 0.5920138890625 0.5979166671875 0.605034721875 0.5979166671875 0.6154513890625 0.602777778125 0.621527778125
0 0.6576388890625 0.620659721875 0.66944444375 0.6180555562500001 0.67430555625 0.6076388890625 0.6701388890625 0.5920138890625 0.665277778125 0.5885416671875 0.6611111109375 0.5885416671875 0.6555555562500001 0.5946180562500001 0.652777778125 0.605034721875 0.653472221875 0.6154513890625 0.6576388890625 0.620659721875
0 0.715972221875 0.6189236109375 0.72430555625 0.613715278125 0.727777778125 0.6076388890625 0.7256944437499999 0.5946180562500001 0.7208333328125 0.5876736109375 0.715277778125 0.5876736109375 0.7104166671875001 0.59375 0.70625 0.6076388890625 0.7090277781250001 0.6163194437499999 0.715972221875 0.6189236109375
0 0.7701388890625 0.6171875 0.7791666671875 0.6145833328125 0.7833333328125 0.6076388890625 0.7833333328125 0.5946180562500001 0.7805555562500001 0.5876736109375 0.77569444375 0.5842013890625 0.7736111109375 0.5842013890625 0.76805555625 0.5876736109375 0.76319444375 0.6015625 0.7638888890625 0.6111111109375 0.7701388890625 0.6171875
0 0.8222222218749999 0.6154513890625 0.827777778125 0.6154513890625 0.8368055562500001 0.6067708328125 0.8354166671875 0.5911458328125 0.8298611109375 0.5842013890625 0.827777778125 0.5842013890625 0.8229166671874999 0.5876736109375 0.8173611109375001 0.6015625 0.8173611109375001 0.6085069437499999 0.8222222218749999 0.6154513890625
0 0.8798611109375001 0.6145833328125 0.88819444375 0.6119791671875 0.8916666671875 0.6067708328125 0.8923611109375 0.598090278125 0.88680555625 0.582465278125 0.88055555625 0.582465278125 0.8756944437499999 0.5885416671875 0.8729166671874999 0.6024305562500001 0.8743055562500001 0.6111111109375 0.8798611109375001 0.6145833328125
0 0.93125 0.612847221875 0.9395833328125001 0.6119791671875 0.9444444437499999 0.6067708328125 0.94375 0.5876736109375 0.9395833328125001 0.5807291671875 0.934722221875 0.5807291671875 0.9291666671875 0.5868055562500001 0.9263888890624999 0.5989583328125 0.9263888890624999 0.6067708328125 0.93125 0.612847221875
1 0.9583333328125001 0.6102430562500001 0.971527778125 0.6076388890625 0.9784722218749999 0.5911458328125 0.9784722218749999 0.5729166671875 0.97430555625 0.565972221875 0.9694444437499999 0.5642361109375 0.9645833328125001 0.5642361109375 0.953472221875 0.566840278125 0.9472222218749999 0.5798611109375 0.9513888890625 0.6032986109375 0.9583333328125001 0.6102430562500001
0 0.9854166671875 0.6119791671875 0.9951388890624999 0.6111111109375 0.9993055562500001 0.605902778125 0.9993055562500001 0.581597221875 0.9951388890624999 0.5789930562500001 0.9895833328125001 0.5789930562500001 0.984722221875 0.5842013890625 0.98194444375 0.5920138890625 0.98194444375 0.6067708328125 0.9854166671875 0.6119791671875
1 0 0.6310763890625 0.009722221875000001 0.6319444437499999 0.022222221875 0.621527778125 0.025 0.6067708328125 0.022222221875 0.5920138890625 0.015972221875 0.5842013890625 0.007638889062499999 0.581597221875 0.0038194437499999997 0.581597221875 0 0.581597221875 0 0.6310763890625
1 0.040277778125000004 0.6302083328125 0.055555556250000006 0.625 0.061805556250000004 0.6154513890625 0.061805556250000004 0.598090278125 0.059722221875 0.5911458328125 0.053472221875 0.5833333328125 0.04444444375 0.5807291671875 0.04305555625 0.5807291671875 0.03125 0.5868055562500001 0.028472221875 0.6015625 0.03194444375 0.6241319437499999 0.040277778125000004 0.6302083328125
1 0.071527778125 0.6241319437499999 0.07569444374999999 0.6276041671875 0.084027778125 0.628472221875 0.09652777812499999 0.6197916671875 0.1 0.6041666671875 0.0951388890625 0.5876736109375 0.0888888890625 0.581597221875 0.08055555625000001 0.5798611109375 0.07986111093750001 0.5798611109375 0.0666666671875 0.5876736109375 0.0645833328125 0.6067708328125 0.06527777812499999 0.613715278125 0.071527778125 0.6241319437499999
1 0.1145833328125 0.6276041671875 0.13125 0.6241319437499999 0.1375 0.6119791671875 0.1375 0.5998263890625 0.134722221875 0.5885416671875 0.12291666718750001 0.5798611109375 0.1166666671875 0.5798611109375 0.1076388890625 0.5868055562500001 0.102777778125 0.5989583328125 0.10694444375 0.6197916671875 0.1145833328125 0.6276041671875
1 0.140277778125 0.6015625 0.14305555625 0.6197916671875 0.1541666671875 0.6276041671875 0.16319444375 0.6276041671875 0.16944444375 0.6241319437499999 0.17569444375 0.6085069437499999 0.17430555625 0.5946180562500001 0.1708333328125 0.5868055562500001 0.1625 0.5798611109375 0.1576388890625 0.5798611109375 0.15 0.5807291671875 0.14444444375 0.5850694437499999 0.140972221875 0.5928819437499999 0.140277778125 0.6015625
1 0.18055555625 0.605902778125 0.190277778125 0.6145833328125 0.21875 0.6006944437499999 0.22430555624999998 0.5954861109375 0.22638888906250001 0.5876736109375 0.22430555624999998 0.581597221875 0.21805555625 0.5763888890625 0.21319444375000002 0.5763888890625 0.1916666671875 0.578125 0.1833333328125 0.581597221875 0.178472221875 0.589409721875 0.18055555625 0.605902778125
1 0.2736111109375 0.598090278125 0.2798611109375 0.6006944437499999 0.31875 0.5998263890625 0.325 0.5963541671875 0.32777777812500003 0.5911458328125 0.3270833328125 0.582465278125 0.31875 0.5763888890625 0.31508819374999997 0.5763888890625 0.275 0.5772569437499999 0.2708333328125 0.582465278125 0.26944444375 0.5911458328125 0.2736111109375 0.598090278125
1 0.39930555624999997 0.5946180562500001 0.40625 0.5989583328125 0.43958333281249995 0.5989583328125 0.45069444374999995 0.597222221875 0.45694444375 0.590277778125 0.45694444375 0.5798611109375 0.45277777812500003 0.5755208328125 0.428472221875 0.573784721875 0.4263888890625 0.573784721875 0.40416666718750005 0.574652778125 0.4 0.5772569437499999 0.39791666718749996 0.582465278125 0.39930555624999997 0.5946180562500001
1 0.503472221875 0.5989583328125 0.50625 0.605034721875 0.5243055562500001 0.6163194437499999 0.53680555625 0.6085069437499999 0.54305555625 0.590277778125 0.5423611109375 0.5807291671875 0.5388888890625 0.5763888890625 0.5298611109375 0.5729166671875 0.526215278125 0.5729166671875 0.5097222218749999 0.574652778125 0.50555555625 0.5807291671875 0.503472221875 0.5911458328125 0.503472221875 0.5989583328125
1 0.57569444375 0.6197916671875 0.5791666671875 0.620659721875 0.5854166671875001 0.6189236109375 0.5923611109375 0.6119791671875 0.5986111109375 0.5885416671875 0.5958333328125 0.5772569437499999 0.5840277781250001 0.5720486109375 0.5798611109375 0.5720486109375 0.56805555625 0.5755208328125 0.5631944437499999 0.5876736109375 0.56805555625 0.6111111109375 0.57569444375 0.6197916671875
1 0.6243055562500001 0.6119791671875 0.6319444437499999 0.6189236109375 0.6388888890625 0.6180555562500001 0.6479166671875001 0.6085069437499999 0.653472221875 0.589409721875 0.6513888890625 0.5772569437499999 0.6395833328125 0.5711805562500001 0.6354166671875 0.5711805562500001 0.625 0.573784721875 0.61944444375 0.5833333328125 0.622222221875 0.6067708328125 0.6243055562500001 0.6119791671875
1 0.6868055562500001 0.6145833328125 0.69305555625 0.6145833328125 0.7020833328125 0.605902778125 0.7076388890625 0.5876736109375 0.70694444375 0.578125 0.6972222218749999 0.5703125 0.69305555625 0.5703125 0.6770833328125 0.5729166671875 0.672222221875 0.5842013890625 0.6770833328125 0.605902778125 0.6868055562500001 0.6145833328125
1 0.7402777781250001 0.6163194437499999 0.7486111109375 0.6154513890625 0.75625 0.609375 0.76180555625 0.5928819437499999 0.76180555625 0.5772569437499999 0.7576388890625 0.5720486109375 0.7506944437499999 0.5694444437499999 0.747222221875 0.5694444437499999 0.734027778125 0.5711805562500001 0.727777778125 0.582465278125 0.73125 0.605902778125 0.7402777781250001 0.6163194437499999
1 0.7979166671875 0.6145833328125 0.8055555562500001 0.612847221875 0.8111111109375001 0.6076388890625 0.8166666671874999 0.5859375 0.8166666671874999 0.5789930562500001 0.8138888890624999 0.5729166671875 0.8055555562500001 0.5677083328125 0.8020833328125001 0.5677083328125 0.790277778125 0.5711805562500001 0.784722221875 0.5833333328125 0.7888888890625 0.6067708328125 0.7979166671875 0.6145833328125
1 0.8458333328125001 0.6111111109375 0.8520833328125 0.613715278125 0.8576388890625 0.612847221875 0.8645833328125001 0.6067708328125 0.8708333328125001 0.5885416671875 0.86875 0.5729166671875 0.8652777781250001 0.5685763890625 0.859722221875 0.566840278125 0.8548611109375001 0.566840278125 0.8444444437499999 0.5694444437499999 0.83819444375 0.5833333328125 0.8430555562500001 0.6067708328125 0.8458333328125001 0.6111111109375
1 0.8986111109375001 0.605902778125 0.90625 0.6119791671875 0.9173611109375001 0.6076388890625 0.92430555625 0.5876736109375 0.925 0.5798611109375 0.921527778125 0.5685763890625 0.9138888890624999 0.5651041671875 0.9083333328125001 0.5651041671875 0.8993055562500001 0.5685763890625 0.89375 0.5789930562500001 0.8958333328125001 0.5989583328125 0.8986111109375001 0.605902778125