1 0.21319444375000002 0.5989583328125 0.21458333281250003 0.5928819437499999 0.21180555625 0.5833333328125 0.20555555625 0.5772569437499999 0.18055555625 0.5789930562500001 0.171527778125 0.5876736109375 0.1729166671875 0.6111111109375 0.1854166671875 0.6189236109375 0.20347222187499997 0.609375 0.21319444375000002 0.5989583328125
1 0.16180555624999998 0.6241319437499999 0.1666666671875 0.6163194437499999 0.1666666671875 0.597222221875 0.1583333328125 0.582465278125 0.153472221875 0.5798611109375 0.1416666671875 0.581597221875 0.134027778125 0.5946180562500001 0.134722221875 0.612847221875 0.14236111093749998 0.6258680562500001 0.14861111093749999 0.6276041671875 0.16180555624999998 0.6241319437499999
1 0.1270833328125 0.6197916671875 0.13055555624999998 0.6015625 0.12291666718750001 0.5833333328125 0.109027778125 0.5798611109375 0.10138888906250001 0.5833333328125 0.09652777812499999 0.5911458328125 0.097222221875 0.6154513890625 0.103472221875 0.6241319437499999 0.115972221875 0.6276041671875 0.1270833328125 0.6197916671875
1 0.084722221875 0.625 0.0916666671875 0.6163194437499999 0.0923611109375 0.597222221875 0.08333333281250001 0.582465278125 0.0666666671875 0.581597221875 0.059027778125 0.5928819437499999 0.0576388890625 0.6076388890625 0.061111110937500004 0.6197916671875 0.0673611109375 0.6276041671875 0.084722221875 0.625
1 0.0416666671875 0.6302083328125 0.05069444375 0.6223958328125 0.054166667187499996 0.6154513890625 0.0548611109375 0.6041666671875 0.053472221875 0.5946180562500001 0.047222221875 0.5842013890625 0.0333333328125 0.5807291671875 0.019444443750000002 0.5920138890625 0.019444443750000002 0.6145833328125 0.0236111109375 0.625 0.03125 0.6302083328125 0.0416666671875 0.6302083328125
1 0.3083333328125 0.5911458328125 0.30694444375 0.582465278125 0.29930555625 0.5772569437499999 0.2541666671875 0.5772569437499999 0.2479166671875 0.582465278125 0.2479166671875 0.5911458328125 0.26180555625 0.6006944437499999 0.2979166671875 0.5998263890625 0.3083333328125 0.5911458328125
1 0.4138888890625 0.590277778125 0.4125 0.5789930562500001 0.40625 0.5755208328125 0.3673611109375 0.574652778125 0.35625 0.5798611109375 0.35555555625 0.5911458328125 0.3611111109375 0.5989583328125 0.40208333281249997 0.5989583328125 0.4138888890625 0.590277778125
1 0.51180555625 0.598090278125 0.5166666671875 0.5842013890625 0.51180555625 0.5755208328125 0.5006944437499999 0.5729166671875 0.46805555625000006 0.573784721875 0.4625 0.5789930562500001 0.46180555625 0.589409721875 0.46805555625000006 0.597222221875 0.5013888890625 0.6015625 0.51180555625 0.598090278125
1 0.5645833328125 0.6154513890625 0.57430555625 0.5911458328125 0.5729166671875 0.5798611109375 0.5611111109375 0.5729166671875 0.547222221875 0.574652778125 0.5409722218749999 0.5876736109375 0.5409722218749999 0.6076388890625 0.54930555625 0.621527778125 0.559722221875 0.6197916671875 0.5645833328125 0.6154513890625
1 0.625 0.6076388890625 0.6291666671875 0.5833333328125 0.6236111109375 0.574652778125 0.59930555625 0.5729166671875 0.5930555562500001 0.5833333328125 0.59375 0.5963541671875 0.6020833328124999 0.6163194437499999 0.6152777781250001 0.6180555562500001 0.625 0.6076388890625
1 0.6791666671875001 0.6076388890625 0.684722221875 0.5876736109375 0.68194444375 0.5763888890625 0.672222221875 0.5711805562500001 0.659722221875 0.5711805562500001 0.65069444375 0.582465278125 0.652777778125 0.6041666671875 0.6583333328125 0.6154513890625 0.6701388890625 0.6171875 0.6791666671875001 0.6076388890625
1 0.7361111109375 0.6067708328125 0.7395833328125 0.5807291671875 0.7326388890625 0.5711805562500001 0.7138888890625 0.5703125 0.70555555625 0.5807291671875 0.7076388890625 0.6032986109375 0.7125 0.612847221875 0.725 0.6154513890625 0.7361111109375 0.6067708328125
1 0.7888888890625 0.6076388890625 0.79444444375 0.5885416671875 0.79444444375 0.5789930562500001 0.7895833328124999 0.5711805562500001 0.76944444375 0.5694444437499999 0.76319444375 0.5789930562500001 0.76319444375 0.5963541671875 0.76944444375 0.612847221875 0.7791666671875 0.6145833328125 0.7888888890625 0.6076388890625
1 0.8416666671874999 0.609375 0.8486111109375001 0.5859375 0.8451388890624999 0.5711805562500001 0.840972221875 0.5677083328125 0.8298611109375 0.566840278125 0.821527778125 0.5703125 0.8173611109375001 0.5763888890625 0.8166666671874999 0.5911458328125 0.8208333328125 0.6067708328125 0.8298611109375 0.6145833328125 0.8416666671874999 0.609375
1 0.8888888890625 0.6119791671875 0.8958333328125001 0.6067708328125 0.9 0.597222221875 0.902777778125 0.5833333328125 0.90069444375 0.5711805562500001 0.8923611109375 0.565972221875 0.8826388890624999 0.565972221875 0.8756944437499999 0.5711805562500001 0.872222221875 0.5789930562500001 0.875 0.6024305562500001 0.88055555625 0.6119791671875 0.8888888890625 0.6119791671875
1 0.9479166671874999 0.6085069437499999 0.953472221875 0.5998263890625 0.95625 0.5868055562500001 0.952777778125 0.5677083328125 0.9354166671874999 0.5651041671875 0.9277777781250001 0.5711805562500001 0.92569444375 0.5885416671875 0.93125 0.6076388890625 0.9354166671874999 0.6111111109375 0.9479166671874999 0.6085069437499999
0 0.2166666671875 0.0364583328125 0.2166666671875 0.02430555625 0.209027778125 0.01649305625 0.20138888906250002 0.0173611109375 0.19513888906250001 0.02430555625 0.19583333281249998 0.0407986109375 0.20138888906250002 0.04774305625 0.209027778125 0.046875 0.2166666671875 0.0364583328125
0 0.23194444375 0.065972221875 0.2375 0.0529513890625 0.23680555625 0.03819444375 0.22430555624999998 0.0338541671875 0.21805555625 0.0407986109375 0.21597222187499998 0.05208333281250001 0.21944444375 0.061631943749999994 0.2236111109375 0.065972221875 0.23194444375 0.065972221875
0 0.2166666671875 0.07899305625 0.21944444375 0.06770833281250001 0.21458333281250003 0.05729166718749999 0.20972222187499998 0.053819443749999994 0.20069444375 0.055555556250000006 0.1979166671875 0.05989583281250001 0.1986111109375 0.08333333281250001 0.20069444375 0.08767361093750001 0.2076388890625 0.08854166718749999 0.2166666671875 0.07899305625
0 0.23055555625 0.1076388890625 0.23472222187499997 0.09982638906249999 0.23472222187499997 0.07638888906249999 0.22430555624999998 0.07291666718749999 0.21805555625 0.08072916718749999 0.2166666671875 0.09375 0.21875 0.09982638906249999 0.225 0.1076388890625 0.23055555625 0.1076388890625
0 0.2208333328125 0.1145833328125 0.2208333328125 0.1076388890625 0.21319444375000002 0.09548611093750001 0.20555555625 0.09375 0.2 0.09982638906249999 0.19930555625 0.1076388890625 0.20347222187499997 0.12413194375 0.2125 0.12413194375 0.2208333328125 0.1145833328125
0 0.23402777812500003 0.12673611093749998 0.23125 0.121527778125 0.2236111109375 0.1197916671875 0.209027778125 0.13454861093749998 0.2104166671875 0.1458333328125 0.22430555624999998 0.15017361093749998 0.23263888906250002 0.14236111093749998 0.23402777812500003 0.12673611093749998
0 0.228472221875 0.17534722187500001 0.23055555625 0.16232638906250002 0.22638888906250001 0.15538194375 0.215277778125 0.15277777812499999 0.20694444375 0.15711805625 0.20486111093749998 0.17100694375 0.20833333281250002 0.17881944375 0.2166666671875 0.18142361093749998 0.228472221875 0.17534722187500001
0 0.22916666718749998 0.207465278125 0.23055555625 0.19184027812499999 0.228472221875 0.1875 0.21458333281250003 0.1848958328125 0.2076388890625 0.18836805625 0.20555555625 0.20399305625 0.209027778125 0.2109375 0.21805555625 0.214409721875 0.22916666718749998 0.207465278125
0 0.22777777812500002 0.2795138890625 0.22777777812500002 0.25868055624999997 0.22430555624999998 0.25434027812500004 0.21597222187499998 0.25347222187499996 0.209027778125 0.26128472187499996 0.20972222187499998 0.2838541671875 0.21597222187499998 0.2890625 0.2236111109375 0.2873263890625 0.22777777812500002 0.2795138890625
0 0.22916666718749998 0.24045138906250002 0.22916666718749998 0.22482638906250002 0.225 0.21875 0.21458333281250003 0.21788194375 0.2076388890625 0.223090278125 0.20694444375 0.23697916718749998 0.2125 0.24826388906250002 0.22291666718749997 0.24826388906250002 0.22916666718749998 0.24045138906250002
0 0.22916666718749998 0.3142361109375 0.228472221875 0.3029513890625 0.22152777812500002 0.2951388890625 0.21111111093749999 0.2986111109375 0.21111111093749999 0.3220486109375 0.21597222187499998 0.3263888890625 0.22430555624999998 0.32465277812500004 0.22916666718749998 0.3142361109375
0 0.228472221875 0.3576388890625 0.228472221875 0.33680555624999997 0.22291666718749997 0.33159722187499996 0.21597222187499998 0.33159722187499996 0.21111111093749999 0.3359375 0.21180555625 0.36024305624999997 0.21597222187499998 0.3645833328125 0.22430555624999998 0.36371527812500004 0.228472221875 0.3576388890625
0 0.2298611109375 0.3958333328125 0.22916666718749998 0.375 0.22430555624999998 0.3697916671875 0.21597222187499998 0.37065972187499996 0.21180555625 0.375 0.21180555625 0.4001736109375 0.21597222187499998 0.40538194375 0.225 0.4045138890625 0.2298611109375 0.3958333328125
0 0.2270833328125 0.4435763890625 0.23055555625 0.4314236109375 0.22916666718749998 0.41493055625 0.2201388890625 0.41059027812500004 0.21111111093749999 0.4166666671875 0.2104166671875 0.4322916671875 0.21319444375000002 0.44184027812500004 0.2173611109375 0.44618055625 0.2270833328125 0.4435763890625
0 0.23125 0.4739583328125 0.22916666718749998 0.45659722187499996 0.225 0.45225694375 0.21805555625 0.45225694375 0.21180555625 0.4583333328125 0.21319444375000002 0.4817708328125 0.2173611109375 0.48524305625 0.22916666718749998 0.4826388890625 0.23125 0.4739583328125
0 0.23125 0.5138888890625 0.2298611109375 0.49565972187499996 0.22430555624999998 0.49131944375 0.21805555625 0.49131944375 0.21180555625 0.4982638890625 0.21180555625 0.5130208328125 0.215277778125 0.5225694437499999 0.22916666718749998 0.5208333328125 0.23125 0.5138888890625
0 0.23194444375 0.5538194437499999 0.23055555625 0.534722221875 0.2201388890625 0.5295138890625 0.2125 0.535590278125 0.2138888890625 0.5598958328125 0.21875 0.5625 0.22777777812500002 0.5607638890625 0.23194444375 0.5538194437499999
0 0.23263888906250002 0.5963541671875 0.240277778125 0.590277778125 0.240277778125 0.5798611109375 0.2298611109375 0.5677083328125 0.2173611109375 0.5677083328125 0.2138888890625 0.5720486109375 0.21458333281250003 0.5755208328125 0.22291666718749997 0.59375 0.23263888906250002 0.5963541671875
0 0.35208333281250004 0.5920138890625 0.3513888890625 0.581597221875 0.3479166671875 0.5772569437499999 0.32847222187499997 0.5763888890625 0.32430555625 0.5798611109375 0.3229166671875 0.5911458328125 0.3291666671875 0.5998263890625 0.3451388890625 0.5989583328125 0.35208333281250004 0.5920138890625
0 0.459027778125 0.590277778125 0.459027778125 0.5798611109375 0.45416666718750004 0.574652778125 0.4388888890625 0.573784721875 0.43333333281249997 0.578125 0.43125 0.5868055562500001 0.4361111109375 0.597222221875 0.45069444374999995 0.598090278125 0.459027778125 0.590277778125
0 0.5381944437499999 0.6067708328125 0.53680555625 0.5833333328125 0.528472221875 0.5789930562500001 0.51944444375 0.5911458328125 0.51875 0.6102430562500001 0.52569444375 0.6171875 0.53125 0.6163194437499999 0.5381944437499999 0.6067708328125
0 0.5923611109375 0.6163194437499999 0.5930555562500001 0.5989583328125 0.5875 0.589409721875 0.578472221875 0.590277778125 0.57430555625 0.5998263890625 0.5729166671875 0.609375 0.57569444375 0.6189236109375 0.5833333328125 0.621527778125 0.5923611109375 0.6163194437499999
0 0.6465277781250001 0.6163194437499999 0.65 0.609375 0.6479166671875001 0.59375 0.6423611109375 0.5868055562500001 0.634027778125 0.589409721875 0.6291666671875 0.6024305562500001 0.6291666671875 0.613715278125 0.6333333328124999 0.6197916671875 0.6388888890625 0.620659721875 0.6465277781250001 0.6163194437499999
0 0.702777778125 0.6119791671875 0.7041666671875 0.598090278125 0.70069444375 0.5868055562500001 0.6923611109375 0.5850694437499999 0.6854166671875 0.5954861109375 0.684722221875 0.6076388890625 0.6881944437499999 0.6163194437499999 0.6958333328124999 0.6171875 0.702777778125 0.6119791671875
0 0.7604166671875 0.6076388890625 0.7597222218749999 0.5911458328125 0.75555555625 0.5850694437499999 0.7458333328125 0.5868055562500001 0.7416666671875001 0.597222221875 0.7402777781250001 0.6076388890625 0.7451388890625 0.6154513890625 0.75555555625 0.613715278125 0.7604166671875 0.6076388890625
0 0.815277778125 0.6076388890625 0.815277778125 0.5954861109375 0.8111111109375001 0.5850694437499999 0.8013888890624999 0.5850694437499999 0.796527778125 0.5946180562500001 0.7951388890625 0.6067708328125 0.7986111109375 0.6154513890625 0.8104166671874999 0.6145833328125 0.815277778125 0.6076388890625
0 0.8680555562500001 0.6085069437499999 0.8701388890624999 0.597222221875 0.8652777781250001 0.582465278125 0.85625 0.5833333328125 0.8513888890624999 0.5946180562500001 0.8506944437499999 0.6067708328125 0.8541666671874999 0.612847221875 0.8611111109375 0.6145833328125 0.8680555562500001 0.6085069437499999
0 0.9236111109375 0.5954861109375 0.91875 0.5807291671875 0.9111111109375001 0.581597221875 0.9048611109375001 0.5954861109375 0.90625 0.6119791671875 0.9173611109375001 0.612847221875 0.9229166671875 0.6067708328125 0.9236111109375 0.5954861109375
1 0.9993055562500001 0.609375 0.9993055562500001 0.5633680562500001 0.98680555625 0.5642361109375 0.98194444375 0.5720486109375 0.98055555625 0.5842013890625 0.9861111109375 0.6076388890625 0.9888888890624999 0.6102430562500001 0.9993055562500001 0.609375
0 0.9756944437499999 0.6067708328125 0.9770833328125 0.5911458328125 0.9729166671874999 0.5789930562500001 0.965277778125 0.5807291671875 0.9590277781250001 0.5928819437499999 0.9583333328125001 0.6024305562500001 0.9618055562500001 0.609375 0.9708333328125001 0.6111111109375 0.9756944437499999 0.6067708328125
0 0.22152777812500002 0 0.2173611109375 0.00868055625 0.2173611109375 0.019965278125 0.2236111109375 0.027777778125000003 0.23194444375 0.027777778125000003 0.2388888890625 0.019965278125 0.240277778125 0.0052083328125 0.23680555625 0 0.22152777812500002 0
0 0.21319444375000002 0.0060763890625 0.21597222187499998 0 0.1916666671875 0.0017361109374999999 0.196527778125 0.0095486109375 0.20555555625 0.011284721875 0.21319444375000002 0.0060763890625