0 0.19930555625 0 0.19444444375 0.006944443749999999 0.19375 0.019097221875 0.2 0.0295138890625 0.2104166671875 0.027777778125000003 0.2173611109375 0.0182291671875 0.2173611109375 0.0078125 0.21180555625 0 0.19930555625 0
0 0.23680555625 0.0416666671875 0.23958333281250002 0.0251736109375 0.23680555625 0.019097221875 0.22430555624999998 0.01649305625 0.21805555625 0.0260416671875 0.2173611109375 0.0364583328125 0.2208333328125 0.0442708328125 0.23055555625 0.046875 0.23680555625 0.0416666671875
0 0.21805555625 0.0529513890625 0.2166666671875 0.0416666671875 0.2104166671875 0.035590278125 0.197222221875 0.0407986109375 0.197222221875 0.0607638890625 0.20138888906250002 0.066840278125 0.209027778125 0.066840278125 0.21805555625 0.0529513890625
0 0.23194444375 0.0859375 0.23680555625 0.06944444375 0.23472222187499997 0.055555556250000006 0.2236111109375 0.053819443749999994 0.2173611109375 0.0625 0.215277778125 0.06944444375 0.2201388890625 0.08333333281250001 0.22569444375 0.08767361093750001 0.23194444375 0.0859375
0 0.2166666671875 0.09895833281250001 0.21875 0.08506944375 0.2138888890625 0.07638888906249999 0.20833333281250002 0.07291666718749999 0.20277777812500003 0.074652778125 0.19930555625 0.08072916718749999 0.19930555625 0.1032986109375 0.20277777812500003 0.10850694375 0.209027778125 0.10850694375 0.2166666671875 0.09895833281250001
0 0.23263888906250002 0.1223958328125 0.23472222187499997 0.09895833281250001 0.23194444375 0.09461805625 0.2236111109375 0.09375 0.21458333281250003 0.1076388890625 0.21319444375000002 0.1145833328125 0.21875 0.12413194375 0.2270833328125 0.12673611093749998 0.23263888906250002 0.1223958328125
0 0.22569444375 0.1432291671875 0.22569444375 0.1328125 0.2166666671875 0.12413194375 0.2076388890625 0.121527778125 0.20208333281250002 0.12673611093749998 0.20208333281250002 0.140625 0.20555555625 0.14930555625 0.2125 0.15190972187500001 0.22569444375 0.1432291671875
0 0.23263888906250002 0.16059027812499999 0.228472221875 0.1536458328125 0.2208333328125 0.15277777812499999 0.20972222187499998 0.15798611093749998 0.20625 0.16493055625 0.209027778125 0.17881944375 0.22291666718749997 0.18142361093749998 0.23125 0.17361111093749998 0.23263888906250002 0.16059027812499999
0 0.23055555625 0.20486111093749998 0.23125 0.1953125 0.22638888906250001 0.18663194375 0.2138888890625 0.18576388906250002 0.20625 0.1927083328125 0.20625 0.206597221875 0.21180555625 0.21354166718749998 0.22430555624999998 0.21267361093749998 0.23055555625 0.20486111093749998
0 0.22430555624999998 0.24913194375 0.22916666718749998 0.24045138906250002 0.22916666718749998 0.22743055625 0.22569444375 0.22048611093749998 0.2138888890625 0.21875 0.2076388890625 0.22482638906250002 0.2076388890625 0.24131944375 0.21111111093749999 0.24826388906250002 0.2166666671875 0.25086805624999997 0.22430555624999998 0.24913194375
0 0.22916666718749998 0.2708333328125 0.2270833328125 0.25868055624999997 0.2173611109375 0.2552083328125 0.21111111093749999 0.25868055624999997 0.209027778125 0.2638888890625 0.20972222187499998 0.28559027812500004 0.215277778125 0.28993055624999997 0.225 0.2873263890625 0.22916666718749998 0.2708333328125
0 0.22916666718749998 0.3203125 0.228472221875 0.30121527812500004 0.2201388890625 0.2942708328125 0.2104166671875 0.3020833328125 0.21111111093749999 0.3255208328125 0.2173611109375 0.3307291671875 0.22430555624999998 0.3298611109375 0.22916666718749998 0.3203125
0 0.22916666718749998 0.35850694375000003 0.22777777812500002 0.3411458328125 0.22291666718749997 0.33680555624999997 0.2173611109375 0.33680555624999997 0.21111111093749999 0.3420138890625 0.21180555625 0.36371527812500004 0.21597222187499998 0.3671875 0.22569444375 0.3654513890625 0.22916666718749998 0.35850694375000003
0 0.2298611109375 0.39756944375000003 0.228472221875 0.3776041671875 0.22430555624999998 0.3732638890625 0.21875 0.3732638890625 0.21111111093749999 0.37934027812500004 0.21180555625 0.40190972187499996 0.21597222187499998 0.40625 0.22638888906250001 0.40538194375 0.2298611109375 0.39756944375000003
0 0.228472221875 0.4435763890625 0.22916666718749998 0.4166666671875 0.2201388890625 0.4114583328125 0.21180555625 0.41753472187499996 0.2104166671875 0.4322916671875 0.21319444375000002 0.4427083328125 0.21875 0.4470486109375 0.228472221875 0.4435763890625
0 0.23055555625 0.48090277812500004 0.23125 0.46180555625 0.22916666718749998 0.45659722187499996 0.21944444375 0.45225694375 0.21180555625 0.46006944375 0.21180555625 0.4817708328125 0.2173611109375 0.48784722187499996 0.225 0.48784722187499996 0.23055555625 0.48090277812500004
0 0.23125 0.5182291671875 0.2298611109375 0.4982638890625 0.21875 0.4939236109375 0.21180555625 0.5008680562500001 0.21319444375000002 0.5217013890625 0.21805555625 0.526909721875 0.228472221875 0.5243055562500001 0.23125 0.5182291671875
0 0.22916666718749998 0.5616319437499999 0.23194444375 0.5564236109375 0.2298611109375 0.535590278125 0.225 0.5321180562500001 0.2138888890625 0.535590278125 0.21180555625 0.5407986109375 0.21319444375000002 0.5598958328125 0.2201388890625 0.5642361109375 0.22916666718749998 0.5616319437499999
0 0.240277778125 0.5911458328125 0.240277778125 0.5798611109375 0.23125 0.5703125 0.22291666718749997 0.5677083328125 0.215277778125 0.5720486109375 0.21805555625 0.5868055562500001 0.222222221875 0.59375 0.23402777812500003 0.5963541671875 0.240277778125 0.5911458328125
0 0.35208333281250004 0.5911458328125 0.3513888890625 0.582465278125 0.34722222187499996 0.5772569437499999 0.32847222187499997 0.5763888890625 0.325 0.5789930562500001 0.3229166671875 0.590277778125 0.3270833328125 0.598090278125 0.34305555625 0.5998263890625 0.35208333281250004 0.5911458328125
0 0.459027778125 0.590277778125 0.459027778125 0.5798611109375 0.45416666718750004 0.574652778125 0.43958333281249995 0.573784721875 0.43263888906250003 0.578125 0.43055555625 0.5876736109375 0.43680555625000006 0.598090278125 0.45347222187499997 0.597222221875 0.459027778125 0.590277778125
0 0.5395833328124999 0.6085069437499999 0.540277778125 0.590277778125 0.53680555625 0.581597221875 0.5319444437499999 0.5789930562500001 0.525 0.582465278125 0.5201388890625 0.59375 0.51944444375 0.6085069437499999 0.5236111109375 0.6154513890625 0.5305555562500001 0.6171875 0.5395833328124999 0.6085069437499999
0 0.5923611109375 0.6180555562500001 0.5958333328125 0.6085069437499999 0.5923611109375 0.5928819437499999 0.5833333328125 0.5885416671875 0.5770833328125 0.5954861109375 0.575 0.6032986109375 0.5770833328125 0.6189236109375 0.5854166671875001 0.621527778125 0.5923611109375 0.6180555562500001
0 0.6493055562500001 0.609375 0.647222221875 0.5946180562500001 0.6423611109375 0.5885416671875 0.634027778125 0.590277778125 0.6291666671875 0.6032986109375 0.628472221875 0.6145833328125 0.634027778125 0.620659721875 0.6451388890625 0.6171875 0.6493055562500001 0.609375
0 0.702777778125 0.6145833328125 0.70555555625 0.6006944437499999 0.70069444375 0.5850694437499999 0.6923611109375 0.5850694437499999 0.6868055562500001 0.5954861109375 0.6854166671875 0.6085069437499999 0.6888888890625 0.6163194437499999 0.69375 0.6180555562500001 0.702777778125 0.6145833328125
0 0.7597222218749999 0.6076388890625 0.7583333328124999 0.5911458328125 0.752777778125 0.5850694437499999 0.747222221875 0.5859375 0.7402777781250001 0.6024305562500001 0.7402777781250001 0.6111111109375 0.74375 0.6163194437499999 0.7548611109375 0.6145833328125 0.7597222218749999 0.6076388890625
0 0.815277778125 0.5954861109375 0.8104166671874999 0.5842013890625 0.8027777781250001 0.5850694437499999 0.797222221875 0.5963541671875 0.7986111109375 0.6145833328125 0.809722221875 0.6145833328125 0.815277778125 0.6076388890625 0.815277778125 0.5954861109375
0 0.86875 0.6076388890625 0.8652777781250001 0.5833333328125 0.85694444375 0.5833333328125 0.8513888890624999 0.5946180562500001 0.85 0.6067708328125 0.8534722218749999 0.612847221875 0.86180555625 0.613715278125 0.86875 0.6076388890625
0 0.91875 0.6119791671875 0.92430555625 0.6006944437499999 0.921527778125 0.5833333328125 0.9131944437499999 0.5807291671875 0.9069444437499999 0.5876736109375 0.9048611109375001 0.5954861109375 0.90625 0.6102430562500001 0.9111111109375001 0.613715278125 0.91875 0.6119791671875
0 0.9763888890624999 0.6067708328125 0.9770833328125 0.5911458328125 0.9729166671874999 0.5798611109375 0.965277778125 0.5807291671875 0.9590277781250001 0.59375 0.9583333328125001 0.6024305562500001 0.9618055562500001 0.6102430562500001 0.9673611109375001 0.6119791671875 0.9763888890624999 0.6067708328125
1 0 0.6319444437499999 0.009722221875000001 0.629340278125 0.0173611109375 0.6163194437499999 0.015277778124999999 0.5911458328125 0.0048611109375000005 0.581597221875 0 0.581597221875 0 0.6319444437499999
1 0.052777778124999994 0.621527778125 0.055555556250000006 0.6111111109375 0.0548611109375 0.597222221875 0.0458333328125 0.582465278125 0.032638889062499996 0.5807291671875 0.0208333328125 0.5876736109375 0.019444443750000002 0.6102430562500001 0.02430555625 0.6267361109375 0.0395833328125 0.6310763890625 0.052777778124999994 0.621527778125
1 0.09305555625 0.6154513890625 0.0923611109375 0.5946180562500001 0.084722221875 0.5833333328125 0.06875 0.581597221875 0.059722221875 0.5946180562500001 0.060416667187499995 0.613715278125 0.06805555625000001 0.6276041671875 0.084027778125 0.6258680562500001 0.09305555625 0.6154513890625
1 0.1270833328125 0.621527778125 0.13055555624999998 0.6145833328125 0.13125 0.5989583328125 0.12291666718750001 0.582465278125 0.10694444375 0.5807291671875 0.097222221875 0.5911458328125 0.097222221875 0.6119791671875 0.102777778125 0.6232638890625 0.11736111093749999 0.6276041671875 0.1270833328125 0.621527778125
1 0.16180555624999998 0.625 0.16875 0.6154513890625 0.1673611109375 0.5920138890625 0.1576388890625 0.5807291671875 0.14305555625 0.581597221875 0.134722221875 0.5963541671875 0.134027778125 0.605034721875 0.13819444375 0.6180555562500001 0.146527778125 0.6276041671875 0.16180555624999998 0.625
1 0.20416666718749998 0.609375 0.21458333281250003 0.5954861109375 0.2138888890625 0.5868055562500001 0.20694444375 0.5772569437499999 0.18194444375000002 0.5789930562500001 0.1729166671875 0.5876736109375 0.17361111093749998 0.6085069437499999 0.177777778125 0.6145833328125 0.1861111109375 0.6180555562500001 0.20416666718749998 0.609375
1 0.29930555625 0.5989583328125 0.3083333328125 0.5911458328125 0.30763888906250003 0.5833333328125 0.3020833328125 0.578125 0.2541666671875 0.5763888890625 0.2486111109375 0.578125 0.246527778125 0.582465278125 0.2479166671875 0.5954861109375 0.25069444375 0.5989583328125 0.2611111109375 0.6006944437499999 0.29930555625 0.5989583328125
1 0.4138888890625 0.590277778125 0.41319444375 0.5807291671875 0.40555555625000006 0.5755208328125 0.37152777812500004 0.574652778125 0.35625 0.5789930562500001 0.3548611109375 0.5920138890625 0.3604166671875 0.5989583328125 0.40208333281249997 0.5989583328125 0.4138888890625 0.590277778125
1 0.5145833328125 0.5963541671875 0.5173611109375 0.5885416671875 0.515972221875 0.5789930562500001 0.5069444437499999 0.573784721875 0.4701388890625 0.573784721875 0.4625 0.5798611109375 0.4625 0.5911458328125 0.4701388890625 0.598090278125 0.509027778125 0.6006944437499999 0.5145833328125 0.5963541671875
1 0.5604166671875 0.620659721875 0.56875 0.6119791671875 0.5763888890625 0.5876736109375 0.5722222218749999 0.5772569437499999 0.5611111109375 0.5729166671875 0.5486111109375 0.574652778125 0.54305555625 0.5868055562500001 0.54305555625 0.6076388890625 0.546527778125 0.6171875 0.5520833328125 0.621527778125 0.5604166671875 0.620659721875
1 0.61319444375 0.6189236109375 0.6236111109375 0.6102430562500001 0.6291666671875 0.5911458328125 0.6270833328125 0.5772569437499999 0.6111111109375 0.5711805562500001 0.5986111109375 0.574652778125 0.5951388890625 0.581597221875 0.5951388890625 0.5946180562500001 0.5986111109375 0.6085069437499999 0.6034722218749999 0.6154513890625 0.61319444375 0.6189236109375
1 0.6701388890625 0.6171875 0.6805555562500001 0.6067708328125 0.684722221875 0.5885416671875 0.68125 0.5755208328125 0.672222221875 0.5711805562500001 0.6576388890625 0.5711805562500001 0.6493055562500001 0.581597221875 0.6493055562500001 0.5946180562500001 0.6576388890625 0.6163194437499999 0.66180555625 0.6189236109375 0.6701388890625 0.6171875
1 0.7354166671875 0.6067708328125 0.7402777781250001 0.5833333328125 0.734027778125 0.5720486109375 0.7166666671875 0.5703125 0.7076388890625 0.5789930562500001 0.7076388890625 0.5989583328125 0.7138888890625 0.612847221875 0.7236111109375 0.6163194437499999 0.7354166671875 0.6067708328125
1 0.790277778125 0.605902778125 0.79444444375 0.5789930562500001 0.7895833328124999 0.5711805562500001 0.76875 0.5694444437499999 0.76180555625 0.5789930562500001 0.7611111109375 0.590277778125 0.76805555625 0.612847221875 0.7798611109375 0.6145833328125 0.790277778125 0.605902778125
1 0.8395833328125001 0.6111111109375 0.8430555562500001 0.6067708328125 0.8486111109375001 0.5859375 0.8451388890624999 0.5711805562500001 0.840972221875 0.5677083328125 0.827777778125 0.5677083328125 0.81805555625 0.578125 0.8173611109375001 0.590277778125 0.821527778125 0.6067708328125 0.8291666671875 0.613715278125 0.8395833328125001 0.6111111109375
1 0.8958333328125001 0.6076388890625 0.902777778125 0.5876736109375 0.9013888890624999 0.5720486109375 0.8965277781250001 0.566840278125 0.884027778125 0.565972221875 0.8770833328125001 0.5685763890625 0.872222221875 0.578125 0.872222221875 0.59375 0.8763888890624999 0.6076388890625 0.8833333328125 0.612847221875 0.8958333328125001 0.6076388890625
1 0.9375 0.6111111109375 0.9486111109375001 0.6076388890625 0.95625 0.5868055562500001 0.952777778125 0.5685763890625 0.9472222218749999 0.5651041671875 0.9361111109375001 0.5651041671875 0.9291666671875 0.5703125 0.9263888890624999 0.5772569437499999 0.9263888890624999 0.589409721875 0.93125 0.605902778125 0.9375 0.6111111109375
1 0.9993055562500001 0.5642361109375 0.9861111109375 0.5651041671875 0.98125 0.5720486109375 0.9798611109375001 0.5833333328125 0.9861111109375 0.609375 0.9993055562500001 0.6085069437499999 0.9993055562500001 0.5642361109375