0 0.196527778125 0 0.19444444375 0.0052083328125 0.19375 0.019965278125 0.2 0.0286458328125 0.209027778125 0.027777778125000003 0.21597222187499998 0.019965278125 0.21805555625 0.011284721875 0.21319444375000002 0 0.209027778125 0 0.196527778125 0
0 0.21944444375 0.0416666671875 0.22430555624999998 0.046875 0.23263888906250002 0.04600694375 0.2375 0.0390625 0.23958333281250002 0.0251736109375 0.2375 0.019097221875 0.23263888906250002 0.015625 0.228472221875 0.015625 0.22430555624999998 0.015625 0.2201388890625 0.019965278125 0.2173611109375 0.03038194375 0.21944444375 0.0416666671875
0 0.21111111093749999 0.06510416718749999 0.21805555625 0.0529513890625 0.2166666671875 0.0407986109375 0.209027778125 0.0338541671875 0.20486111093749998 0.0338541671875 0.196527778125 0.0407986109375 0.197222221875 0.05989583281250001 0.20416666718749998 0.06770833281250001 0.21111111093749999 0.06510416718749999
0 0.22430555624999998 0.08680555625 0.23194444375 0.08506944375 0.23611111093749998 0.07552083281250001 0.23680555625 0.0607638890625 0.23472222187499997 0.055555556250000006 0.2298611109375 0.0529513890625 0.22638888906250001 0.0529513890625 0.21875 0.059027778125 0.21597222187499998 0.066840278125 0.21944444375 0.082465278125 0.22430555624999998 0.08680555625
0 0.20416666718749998 0.1067708328125 0.20972222187499998 0.105034721875 0.21458333281250003 0.09895833281250001 0.21875 0.08767361093750001 0.21458333281250003 0.07725694375 0.209027778125 0.07291666718749999 0.20625 0.07291666718749999 0.20208333281250002 0.074652778125 0.1986111109375 0.08072916718749999 0.19930555625 0.1015625 0.20416666718749998 0.1067708328125
0 0.22291666718749997 0.125 0.2298611109375 0.12413194375 0.23402777812500003 0.11631944375 0.23472222187499997 0.098090278125 0.22916666718749998 0.09201388906249999 0.22430555624999998 0.09201388906249999 0.21875 0.09635416718749999 0.2125 0.109375 0.21319444375000002 0.1154513890625 0.22291666718749997 0.125
0 0.21458333281250003 0.15017361093749998 0.22569444375 0.14236111093749998 0.2270833328125 0.13368055625 0.2201388890625 0.125 0.21111111093749999 0.1197916671875 0.2076388890625 0.1197916671875 0.20277777812500003 0.125 0.20277777812500003 0.14409722187500001 0.20833333281250002 0.15017361093749998 0.21458333281250003 0.15017361093749998
0 0.2208333328125 0.17881944375 0.2298611109375 0.17361111093749998 0.23263888906250002 0.15798611093749998 0.23055555625 0.1536458328125 0.225 0.1510416671875 0.22430555624999998 0.15017361093749998 0.20833333281250002 0.15798611093749998 0.20625 0.17013888906250002 0.20972222187499998 0.17621527812499999 0.2208333328125 0.17881944375
0 0.2138888890625 0.21180555625 0.2201388890625 0.21180555625 0.22777777812500002 0.207465278125 0.23125 0.19704861093749998 0.2298611109375 0.18836805625 0.2201388890625 0.18315972187500001 0.215277778125 0.18315972187500001 0.20833333281250002 0.18663194375 0.20555555625 0.19184027812499999 0.2076388890625 0.20833333281250002 0.2138888890625 0.21180555625
0 0.21458333281250003 0.24913194375 0.225 0.24739583281250002 0.2298611109375 0.23697916718749998 0.2270833328125 0.21961805625 0.2208333328125 0.21614583281250002 0.2166666671875 0.21614583281250002 0.20972222187499998 0.21875 0.20694444375 0.223090278125 0.20833333281250002 0.24305555625 0.21458333281250003 0.24913194375
0 0.215277778125 0.28819444375000003 0.225 0.2864583328125 0.228472221875 0.2786458328125 0.228472221875 0.2604166671875 0.22569444375 0.2552083328125 0.22152777812500002 0.25347222187499996 0.21597222187499998 0.25347222187499996 0.20972222187499998 0.2595486109375 0.20833333281250002 0.2673611109375 0.20972222187499998 0.2838541671875 0.215277778125 0.28819444375000003
0 0.21597222187499998 0.3298611109375 0.22430555624999998 0.32899305624999997 0.22916666718749998 0.3185763890625 0.228472221875 0.3020833328125 0.22430555624999998 0.2951388890625 0.2208333328125 0.2942708328125 0.2201388890625 0.29340277812500004 0.21458333281250003 0.2951388890625 0.20972222187499998 0.3064236109375 0.21111111093749999 0.32378472187499996 0.21597222187499998 0.3298611109375
0 0.21597222187499998 0.37065972187499996 0.21944444375 0.37152777812500004 0.22430555624999998 0.3697916671875 0.22916666718749998 0.36284722187499996 0.22916666718749998 0.34288194375000003 0.22569444375 0.33680555624999997 0.22152777812500002 0.33506944375000003 0.21875 0.33506944375000003 0.21458333281250003 0.33680555624999997 0.2104166671875 0.34288194375000003 0.2104166671875 0.36284722187499996 0.21597222187499998 0.37065972187499996
0 0.21597222187499998 0.4114583328125 0.21944444375 0.4123263890625 0.22638888906250001 0.40972222187499996 0.2298611109375 0.4001736109375 0.22916666718749998 0.3810763890625 0.22152777812500002 0.375 0.21944444375 0.375 0.21597222187499998 0.37586805624999997 0.2104166671875 0.38368055624999997 0.21111111093749999 0.4036458328125 0.21597222187499998 0.4114583328125
0 0.21944444375 0.44878472187499996 0.22569444375 0.4470486109375 0.2298611109375 0.44097222187499996 0.2298611109375 0.42621527812500004 0.2236111109375 0.41753472187499996 0.21944444375 0.41753472187499996 0.21111111093749999 0.4236111109375 0.21319444375000002 0.4427083328125 0.21597222187499998 0.4479166671875 0.21944444375 0.44878472187499996
0 0.2166666671875 0.4869791671875 0.22430555624999998 0.4869791671875 0.22916666718749998 0.48350694375 0.23055555625 0.4791666671875 0.2298611109375 0.46006944375 0.22152777812500002 0.453125 0.21944444375 0.453125 0.21458333281250003 0.4557291671875 0.21111111093749999 0.4626736109375 0.21180555625 0.48003472187499996 0.2166666671875 0.4869791671875
0 0.21597222187499998 0.5260416671875 0.22430555624999998 0.527777778125 0.23055555625 0.5208333328125 0.23125 0.5078125 0.2298611109375 0.4973958328125 0.2236111109375 0.4921875 0.21875 0.4921875 0.21597222187499998 0.49305555625 0.21180555625 0.5008680562500001 0.2125 0.5182291671875 0.21597222187499998 0.5260416671875
0 0.2138888890625 0.5625 0.21875 0.5677083328125 0.225 0.5694444437499999 0.23194444375 0.5607638890625 0.23263888906250002 0.5486111109375 0.23055555625 0.5373263890625 0.22430555624999998 0.5321180562500001 0.222222221875 0.5321180562500001 0.215277778125 0.534722221875 0.2125 0.5390625 0.21180555625 0.5529513890625 0.2138888890625 0.5625
0 0.23611111093749998 0.6006944437499999 0.24930555625 0.598090278125 0.25347222187499996 0.5920138890625 0.252777778125 0.582465278125 0.2479166671875 0.578125 0.23402777812500003 0.574652778125 0.22916666718749998 0.574652778125 0.22569444375 0.5798611109375 0.225 0.5859375 0.228472221875 0.5963541671875 0.23611111093749998 0.6006944437499999
0 0.346527778125 0.5998263890625 0.35625 0.5954861109375 0.3583333328125 0.5920138890625 0.3583333328125 0.582465278125 0.35069444375000003 0.5763888890625 0.34670138906250003 0.5763888890625 0.33125 0.578125 0.32847222187499997 0.590277778125 0.33194444375 0.598090278125 0.346527778125 0.5998263890625
0 0.3645833328125 0.5963541671875 0.3708333328125 0.5989583328125 0.3861111109375 0.597222221875 0.3895833328125 0.5911458328125 0.3895833328125 0.582465278125 0.384027778125 0.5755208328125 0.3802083328125 0.5755208328125 0.36875 0.5755208328125 0.3645833328125 0.578125 0.3625 0.5842013890625 0.3645833328125 0.5963541671875
0 0.47430555625000004 0.597222221875 0.490972221875 0.597222221875 0.49652777812500004 0.5885416671875 0.497222221875 0.5798611109375 0.49375 0.574652778125 0.4826388890625 0.5729166671875 0.48125 0.5729166671875 0.47222222187499996 0.5755208328125 0.46875 0.5833333328125 0.46944444374999994 0.590277778125 0.47430555625000004 0.597222221875
0 0.5458333328125 0.621527778125 0.553472221875 0.621527778125 0.5611111109375 0.6119791671875 0.559027778125 0.5954861109375 0.5527777781250001 0.5868055562500001 0.5479166671875 0.5868055562500001 0.54305555625 0.5911458328125 0.5381944437499999 0.609375 0.5388888890625 0.6145833328125 0.5458333328125 0.621527778125
0 0.6013888890625 0.621527778125 0.6083333328125 0.620659721875 0.6125 0.6171875 0.6166666671875001 0.6076388890625 0.6145833328125 0.5954861109375 0.6076388890625 0.5868055562500001 0.60625 0.5868055562500001 0.5986111109375 0.5920138890625 0.5951388890625 0.6032986109375 0.5951388890625 0.6154513890625 0.6013888890625 0.621527778125
0 0.6541666671875 0.6197916671875 0.66180555625 0.6197916671875 0.6708333328125 0.6119791671875 0.6701388890625 0.5998263890625 0.6659722218749999 0.5911458328125 0.6625 0.589409721875 0.66180555625 0.5885416671875 0.65625 0.589409721875 0.6493055562500001 0.6041666671875 0.6493055562500001 0.612847221875 0.6541666671875 0.6197916671875
0 0.7083333328125 0.6180555562500001 0.7166666671875 0.6180555562500001 0.725 0.6067708328125 0.7229166671875 0.5946180562500001 0.7166666671875 0.5868055562500001 0.715972221875 0.5868055562500001 0.7090277781250001 0.5911458328125 0.7041666671875 0.6032986109375 0.7041666671875 0.613715278125 0.7083333328125 0.6180555562500001
0 0.7673611109375 0.6171875 0.7763888890625 0.6145833328125 0.7805555562500001 0.6067708328125 0.7791666671875 0.5911458328125 0.772222221875 0.5842013890625 0.76944444375 0.5842013890625 0.7645833328125 0.5876736109375 0.7604166671875 0.5998263890625 0.7611111109375 0.6111111109375 0.7673611109375 0.6171875
0 0.8222222218749999 0.6163194437499999 0.8298611109375 0.612847221875 0.8340277781250001 0.6041666671875 0.83125 0.5885416671875 0.8263888890625 0.5842013890625 0.825 0.5842013890625 0.8201388890624999 0.5868055562500001 0.8145833328125001 0.6015625 0.815972221875 0.612847221875 0.8222222218749999 0.6163194437499999
0 0.875 0.613715278125 0.8833333328125 0.612847221875 0.8888888890625 0.605902778125 0.8875 0.5885416671875 0.8854166671874999 0.5833333328125 0.88125 0.581597221875 0.8798611109375001 0.581597221875 0.8729166671874999 0.5876736109375 0.8708333328125001 0.5989583328125 0.8701388890624999 0.6076388890625 0.875 0.613715278125
0 0.9270833328125001 0.612847221875 0.9361111109375001 0.612847221875 0.940277778125 0.6085069437499999 0.9416666671874999 0.59375 0.9395833328125001 0.5833333328125 0.9361111109375001 0.5807291671875 0.93125 0.5807291671875 0.9263888890624999 0.5859375 0.9236111109375 0.598090278125 0.9236111109375 0.6076388890625 0.9270833328125001 0.612847221875
1 0.9541666671875 0.6102430562500001 0.9701388890624999 0.6076388890625 0.97430555625 0.597222221875 0.9763888890624999 0.5772569437499999 0.97430555625 0.5677083328125 0.9673611109375001 0.5642361109375 0.9636576390625 0.5642361109375 0.9520833328125 0.565972221875 0.94375 0.5798611109375 0.9479166671874999 0.6015625 0.9541666671875 0.6102430562500001
0 0.984027778125 0.6111111109375 0.9930555562500001 0.6085069437499999 0.997222221875 0.5998263890625 0.996527778125 0.5833333328125 0.9923611109375001 0.5789930562500001 0.9888888890624999 0.5789930562500001 0.9854166671875 0.5789930562500001 0.9798611109375001 0.590277778125 0.9791666671874999 0.605902778125 0.984027778125 0.6111111109375
1 0 0.6319444437499999 0.013194443750000001 0.6302083328125 0.020138889062500002 0.6223958328125 0.0229166671875 0.6145833328125 0.0208333328125 0.5928819437499999 0.015972221875 0.5850694437499999 0.00555555625 0.5807291671875 0.0020833328125000002 0.5807291671875 0 0.581597221875 0 0.6319444437499999
1 0.03819444375 0.6302083328125 0.0451388890625 0.6302083328125 0.054166667187499996 0.625 0.060416667187499995 0.6145833328125 0.061111110937500004 0.6067708328125 0.0576388890625 0.590277778125 0.054166667187499996 0.5850694437499999 0.0451388890625 0.5807291671875 0.0395833328125 0.5807291671875 0.0298611109375 0.5868055562500001 0.02569444375 0.6015625 0.030555556249999997 0.625 0.03819444375 0.6302083328125
1 0.0638888890625 0.6154513890625 0.06944444375 0.6241319437499999 0.07986111093750001 0.629340278125 0.0916666671875 0.6241319437499999 0.0958333328125 0.6180555562500001 0.0979166671875 0.609375 0.097222221875 0.5954861109375 0.09305555625 0.5868055562500001 0.08541666718749999 0.5807291671875 0.08055555625000001 0.5807291671875 0.07986111093750001 0.5798611109375 0.0673611109375 0.5850694437499999 0.0638888890625 0.5911458328125 0.06319444375 0.598090278125 0.0638888890625 0.6154513890625
1 0.103472221875 0.6163194437499999 0.11388888906250001 0.6276041671875 0.12291666718750001 0.6276041671875 0.13055555624999998 0.6232638890625 0.1361111109375 0.6111111109375 0.134027778125 0.5911458328125 0.127777778125 0.582465278125 0.12222222187500001 0.5798611109375 0.118402778125 0.5798611109375 0.11041666718750001 0.581597221875 0.102777778125 0.5928819437499999 0.10138888906250001 0.5989583328125 0.103472221875 0.6163194437499999
1 0.140972221875 0.6180555562500001 0.1458333328125 0.625 0.15277777812499999 0.6276041671875 0.1625 0.6276041671875 0.16805555625 0.6241319437499999 0.17361111093749998 0.6119791671875 0.17361111093749998 0.5989583328125 0.1708333328125 0.589409721875 0.1604166671875 0.5798611109375 0.15694444375 0.5798611109375 0.1458333328125 0.582465278125 0.1416666671875 0.5868055562500001 0.1395833328125 0.5946180562500001 0.140972221875 0.6180555562500001
1 0.177777778125 0.605902778125 0.1888888890625 0.6163194437499999 0.1916666671875 0.6163194437499999 0.2173611109375 0.6006944437499999 0.2208333328125 0.5963541671875 0.22291666718749997 0.5876736109375 0.2208333328125 0.5807291671875 0.21458333281250003 0.5763888890625 0.21076388906250001 0.5763888890625 0.1888888890625 0.578125 0.18055555625 0.582465278125 0.17569444375 0.589409721875 0.177777778125 0.605902778125
1 0.2708333328125 0.6006944437499999 0.3083333328125 0.6006944437499999 0.322222221875 0.5920138890625 0.322222221875 0.5850694437499999 0.31805555625 0.5789930562500001 0.30694444375 0.5763888890625 0.30333333281249997 0.5763888890625 0.26875 0.5772569437499999 0.26527777812500003 0.5833333328125 0.26527777812500003 0.59375 0.2708333328125 0.6006944437499999
1 0.3951388890625 0.597222221875 0.39930555624999997 0.5989583328125 0.4458333328125 0.597222221875 0.45208333281249996 0.590277778125 0.45277777812500003 0.582465278125 0.44444444375 0.574652778125 0.44091874999999997 0.574652778125 0.3958333328125 0.5755208328125 0.3916666671875 0.582465278125 0.3916666671875 0.5911458328125 0.3951388890625 0.597222221875
1 0.5208333328125 0.6145833328125 0.534027778125 0.6076388890625 0.540277778125 0.589409721875 0.5388888890625 0.5798611109375 0.528472221875 0.5729166671875 0.525 0.5729166671875 0.5041666671875 0.573784721875 0.49930555625000006 0.5850694437499999 0.5 0.5998263890625 0.5208333328125 0.6145833328125
1 0.5666666671875 0.6154513890625 0.57569444375 0.620659721875 0.584722221875 0.6171875 0.5923611109375 0.6067708328125 0.5958333328125 0.5833333328125 0.590972221875 0.5755208328125 0.5854166671875001 0.5729166671875 0.58125 0.5729166671875 0.5666666671875 0.573784721875 0.5625 0.5789930562500001 0.5604166671875 0.5876736109375 0.5666666671875 0.6154513890625
1 0.61944444375 0.6067708328125 0.625 0.6163194437499999 0.6298611109375 0.6189236109375 0.63819444375 0.6171875 0.6423611109375 0.612847221875 0.65069444375 0.5911458328125 0.65 0.5798611109375 0.63819444375 0.5711805562500001 0.6347222218749999 0.5711805562500001 0.6229166671875 0.5729166671875 0.6173611109375 0.5789930562500001 0.615972221875 0.5842013890625 0.61944444375 0.6067708328125
1 0.684027778125 0.613715278125 0.69305555625 0.612847221875 0.696527778125 0.609375 0.7041666671875 0.5920138890625 0.7048611109375 0.5789930562500001 0.7 0.5729166671875 0.69305555625 0.5703125 0.6895833328125 0.5703125 0.675 0.5720486109375 0.66944444375 0.5842013890625 0.675 0.6067708328125 0.684027778125 0.613715278125
1 0.7326388890625 0.612847221875 0.73819444375 0.6163194437499999 0.7493055562500001 0.613715278125 0.7541666671875 0.6076388890625 0.7597222218749999 0.590277778125 0.7604166671875 0.5798611109375 0.75555555625 0.5729166671875 0.7486111109375 0.5694444437499999 0.7451388890625 0.5694444437499999 0.73125 0.5711805562500001 0.725 0.581597221875 0.7284722218749999 0.605902778125 0.7326388890625 0.612847221875
1 0.7923611109375 0.613715278125 0.79930555625 0.613715278125 0.80694444375 0.6085069437499999 0.8131944437499999 0.589409721875 0.8138888890624999 0.5798611109375 0.8118055562500001 0.573784721875 0.8076388890624999 0.5694444437499999 0.80069444375 0.5677083328125 0.7979166671875 0.5677083328125 0.78680555625 0.5711805562500001 0.7819444437499999 0.582465278125 0.784722221875 0.6041666671875 0.7923611109375 0.613715278125
1 0.8479166671874999 0.613715278125 0.85694444375 0.6119791671875 0.86180555625 0.605902778125 0.8666666671875 0.5920138890625 0.8673611109375001 0.5763888890625 0.8638888890624999 0.5703125 0.8583333328125 0.566840278125 0.8541666671874999 0.566840278125 0.840972221875 0.5694444437499999 0.834722221875 0.5833333328125 0.8395833328125001 0.605902778125 0.8479166671874999 0.613715278125
1 0.8965277781250001 0.6085069437499999 0.902777778125 0.6119791671875 0.9138888890624999 0.6085069437499999 0.9208333328125 0.5911458328125 0.9201388890625 0.5711805562500001 0.91180555625 0.5651041671875 0.90625 0.5651041671875 0.8951388890624999 0.5694444437499999 0.890972221875 0.5798611109375 0.89444444375 0.6041666671875 0.8965277781250001 0.6085069437499999