1 0 0.629340278125 0.0048611109375000005 0.6310763890625 0.0166666671875 0.629340278125 0.0236111109375 0.6241319437499999 0.027777778125000003 0.6154513890625 0.026388889062499997 0.59375 0.021527778125 0.5859375 0.015277778124999999 0.581597221875 0.0113423609375 0.581597221875 0 0.582465278125 0 0.629340278125
1 0.036805556249999996 0.6258680562500001 0.04375 0.629340278125 0.059722221875 0.6241319437499999 0.06527777812499999 0.613715278125 0.0645833328125 0.5954861109375 0.059722221875 0.5859375 0.05208333281250001 0.5807291671875 0.047222221875 0.5807291671875 0.0361111109375 0.5850694437499999 0.03125 0.5946180562500001 0.032638889062499996 0.6180555562500001 0.036805556249999996 0.6258680562500001
1 0.07986111093750001 0.628472221875 0.0888888890625 0.6276041671875 0.097222221875 0.6232638890625 0.102777778125 0.612847221875 0.103472221875 0.605034721875 0.10069444375 0.5911458328125 0.0958333328125 0.5842013890625 0.0895833328125 0.5807291671875 0.0861111109375 0.5807291671875 0.07638888906249999 0.582465278125 0.06875 0.5946180562500001 0.06875 0.612847221875 0.07986111093750001 0.628472221875
1 0.121527778125 0.6276041671875 0.13194444375 0.6258680562500001 0.140277778125 0.6154513890625 0.13888888906250002 0.590277778125 0.13263888906250001 0.582465278125 0.125 0.5798611109375 0.11875 0.5798611109375 0.11041666718750001 0.5859375 0.10625 0.605034721875 0.1111111109375 0.6223958328125 0.121527778125 0.6276041671875
1 0.1458333328125 0.6180555562500001 0.15069444375000002 0.6241319437499999 0.15625 0.6276041671875 0.16458333281249998 0.6276041671875 0.171527778125 0.6241319437499999 0.178472221875 0.6145833328125 0.17916666718750002 0.6006944437499999 0.172222221875 0.5842013890625 0.16180555624999998 0.5789930562500001 0.1583333328125 0.5789930562500001 0.1513888890625 0.582465278125 0.14444444375 0.5911458328125 0.14375 0.609375 0.1458333328125 0.6180555562500001
1 0.190277778125 0.6102430562500001 0.197222221875 0.6111111109375 0.23125 0.597222221875 0.23402777812500003 0.5911458328125 0.23263888906250002 0.5833333328125 0.2173611109375 0.5763888890625 0.212847221875 0.5763888890625 0.1888888890625 0.5798611109375 0.1833333328125 0.59375 0.1861111109375 0.605902778125 0.190277778125 0.6102430562500001
1 0.28472222187499996 0.598090278125 0.28958333281250004 0.6006944437499999 0.32569444375 0.6006944437499999 0.33819444375 0.5928819437499999 0.33888888906250003 0.5842013890625 0.33541666718749996 0.5789930562500001 0.31944444375000003 0.5755208328125 0.3166666671875 0.5755208328125 0.2854166671875 0.5772569437499999 0.28125 0.5842013890625 0.28125 0.5920138890625 0.28472222187499996 0.598090278125
1 0.41180555625000004 0.597222221875 0.41875 0.5989583328125 0.4576388890625 0.598090278125 0.465972221875 0.5946180562500001 0.46944444374999994 0.5876736109375 0.46805555625000006 0.5789930562500001 0.4611111109375 0.574652778125 0.45208333281249996 0.573784721875 0.44826388906250003 0.573784721875 0.4125 0.5755208328125 0.409027778125 0.581597221875 0.40972222187499996 0.59375 0.41180555625000004 0.597222221875
1 0.525 0.6180555562500001 0.5381944437499999 0.6145833328125 0.5451388890625 0.605034721875 0.5486111109375 0.582465278125 0.5458333328125 0.5772569437499999 0.5375 0.5729166671875 0.53350694375 0.5729166671875 0.5215277781250001 0.5729166671875 0.5145833328125 0.5807291671875 0.51180555625 0.6076388890625 0.525 0.6180555562500001
1 0.5736111109375 0.6085069437499999 0.5770833328125 0.6154513890625 0.5833333328125 0.620659721875 0.590972221875 0.6189236109375 0.597222221875 0.612847221875 0.6048611109375 0.5911458328125 0.6041666671875 0.5807291671875 0.5916666671875 0.5720486109375 0.5879631937500001 0.5720486109375 0.575 0.574652778125 0.5708333328124999 0.5798611109375 0.5694444437499999 0.5868055562500001 0.5736111109375 0.6085069437499999
1 0.6375 0.6180555562500001 0.6458333328125 0.6171875 0.6520833328125 0.6111111109375 0.659027778125 0.590277778125 0.659027778125 0.5798611109375 0.6541666671875 0.573784721875 0.6479166671875001 0.5711805562500001 0.6435187499999999 0.5711805562500001 0.6298611109375 0.573784721875 0.625 0.5859375 0.6291666671875 0.609375 0.6375 0.6180555562500001
1 0.6833333328125 0.6076388890625 0.6923611109375 0.6163194437499999 0.702777778125 0.613715278125 0.70694444375 0.6085069437499999 0.71319444375 0.5911458328125 0.71319444375 0.5789930562500001 0.7083333328125 0.5729166671875 0.7020833328125 0.5703125 0.6976854171875 0.5703125 0.684027778125 0.5729166671875 0.6791666671875001 0.582465278125 0.6791666671875001 0.5911458328125 0.6833333328125 0.6076388890625
1 0.7388888890625 0.609375 0.74375 0.6145833328125 0.75555555625 0.6145833328125 0.7638888890625 0.605902778125 0.76805555625 0.5789930562500001 0.76319444375 0.5711805562500001 0.759027778125 0.5694444437499999 0.755034721875 0.5694444437499999 0.7402777781250001 0.5703125 0.734027778125 0.5798611109375 0.734722221875 0.5963541671875 0.7388888890625 0.609375
1 0.8013888890624999 0.6145833328125 0.809027778125 0.613715278125 0.8145833328125001 0.609375 0.8222222218749999 0.5885416671875 0.8222222218749999 0.5763888890625 0.8173611109375001 0.5703125 0.8111111109375001 0.5677083328125 0.80694444375 0.5677083328125 0.796527778125 0.5703125 0.7909722218749999 0.582465278125 0.79375 0.6041666671875 0.8013888890624999 0.6145833328125
1 0.8479166671874999 0.6041666671875 0.85555555625 0.612847221875 0.8680555562500001 0.609375 0.8736111109375001 0.5998263890625 0.8770833328125001 0.5798611109375 0.8736111109375001 0.5711805562500001 0.8666666671875 0.566840278125 0.8622687499999999 0.566840278125 0.8534722218749999 0.566840278125 0.84930555625 0.5694444437499999 0.8444444437499999 0.5789930562500001 0.8479166671874999 0.6041666671875
1 0.9104166671874999 0.6119791671875 0.921527778125 0.609375 0.9291666671875 0.5911458328125 0.9291666671875 0.5729166671875 0.9263888890624999 0.5677083328125 0.9201388890625 0.5651041671875 0.91631944375 0.5651041671875 0.9069444437499999 0.566840278125 0.9 0.5798611109375 0.903472221875 0.6041666671875 0.9104166671874999 0.6119791671875
1 0.9576388890624999 0.6041666671875 0.9625 0.609375 0.975 0.609375 0.9826388890625 0.598090278125 0.984722221875 0.5859375 0.984027778125 0.5711805562500001 0.98194444375 0.566840278125 0.9763888890624999 0.5642361109375 0.9719909718749999 0.5642361109375 0.9590277781250001 0.565972221875 0.952777778125 0.5789930562500001 0.9548611109375 0.5963541671875 0.9576388890624999 0.6041666671875
0 0.2363423609375 0 0.2166666671875 0.0017361109374999999 0.2208333328125 0.010416667187500001 0.23055555625 0.013888889062500001 0.2375 0.0095486109375 0.240277778125 0 0.2363423609375 0
0 0.20138888906250002 0.0329861109375 0.21180555625 0.03038194375 0.2173611109375 0.0208333328125 0.2166666671875 0.0095486109375 0.20833333281250002 0.0017361109374999999 0.20486111093749998 0.0017361109374999999 0.1979166671875 0.004340278125 0.19375 0.015625 0.19583333281249998 0.0286458328125 0.20138888906250002 0.0329861109375
0 0.2270833328125 0.05208333281250001 0.23263888906250002 0.050347221875 0.2375 0.0442708328125 0.23819444375 0.03819444375 0.2375 0.0234375 0.2298611109375 0.019097221875 0.22638888906250001 0.019097221875 0.21944444375 0.0251736109375 0.2173611109375 0.0373263890625 0.2201388890625 0.046875 0.2270833328125 0.05208333281250001
0 0.1986111109375 0.06857638906249999 0.20486111093749998 0.07204861093750001 0.215277778125 0.06510416718749999 0.21944444375 0.0529513890625 0.2173611109375 0.04600694375 0.20972222187499998 0.03819444375 0.20416666718749998 0.03819444375 0.19930555625 0.0407986109375 0.196527778125 0.04774305625 0.196527778125 0.05989583281250001 0.1986111109375 0.06857638906249999
0 0.2236111109375 0.09201388906249999 0.23125 0.09114583281250001 0.23611111093749998 0.08072916718749999 0.23680555625 0.06510416718749999 0.23333333281250002 0.059027778125 0.22916666718749998 0.05729166718749999 0.2270833328125 0.05729166718749999 0.2201388890625 0.061631943749999994 0.21597222187499998 0.07118055625 0.21875 0.0859375 0.2236111109375 0.09201388906249999
0 0.20972222187499998 0.11024305625 0.21875 0.09461805625 0.2173611109375 0.08680555625 0.209027778125 0.07725694375 0.20416666718749998 0.07725694375 0.1986111109375 0.0859375 0.19930555625 0.105902778125 0.20347222187499997 0.1111111109375 0.20972222187499998 0.11024305625
0 0.2236111109375 0.1302083328125 0.23125 0.1276041671875 0.23402777812500003 0.120659721875 0.23402777812500003 0.10243055625 0.22916666718749998 0.098090278125 0.2236111109375 0.098090278125 0.21805555625 0.10243055625 0.21111111093749999 0.1145833328125 0.21180555625 0.121527778125 0.2236111109375 0.1302083328125
0 0.222222221875 0.15451388906250002 0.228472221875 0.1432291671875 0.22569444375 0.1354166671875 0.2138888890625 0.1276041671875 0.20972222187499998 0.1276041671875 0.209027778125 0.12673611093749998 0.20277777812500003 0.13368055625 0.20347222187499997 0.15017361093749998 0.20833333281250002 0.15625 0.222222221875 0.15451388906250002
0 0.2104166671875 0.1848958328125 0.2166666671875 0.1875 0.22430555624999998 0.18663194375 0.2298611109375 0.18055555625 0.23194444375 0.16493055625 0.22430555624999998 0.15798611093749998 0.22291666718749997 0.15798611093749998 0.215277778125 0.15972222187500001 0.20694444375 0.1666666671875 0.20625 0.17795138906250002 0.2104166671875 0.1848958328125
0 0.2104166671875 0.21875 0.2201388890625 0.22048611093749998 0.228472221875 0.214409721875 0.23125 0.20486111093749998 0.23055555625 0.19704861093749998 0.22430555624999998 0.19097222187500001 0.21944444375 0.19097222187500001 0.2125 0.19184027812499999 0.20625 0.19878472187500001 0.20625 0.2109375 0.2104166671875 0.21875
0 0.21597222187499998 0.2578125 0.225 0.2552083328125 0.22916666718749998 0.246527778125 0.22916666718749998 0.230902778125 0.2208333328125 0.22395833281250002 0.21805555625 0.22395833281250002 0.21180555625 0.2265625 0.20694444375 0.234375 0.20833333281250002 0.2526041671875 0.21597222187499998 0.2578125
0 0.21597222187499998 0.29774305624999997 0.22430555624999998 0.296875 0.228472221875 0.28819444375000003 0.228472221875 0.2708333328125 0.222222221875 0.2630208328125 0.21597222187499998 0.2630208328125 0.2104166671875 0.26996527812500004 0.209027778125 0.28125 0.21111111093749999 0.29340277812500004 0.21597222187499998 0.29774305624999997
0 0.21597222187499998 0.33940972187499996 0.2236111109375 0.3385416671875 0.22916666718749998 0.33159722187499996 0.22916666718749998 0.3098958328125 0.22152777812500002 0.3029513890625 0.21875 0.3029513890625 0.21319444375000002 0.30555555624999997 0.2104166671875 0.3107638890625 0.2104166671875 0.33159722187499996 0.21597222187499998 0.33940972187499996
0 0.2201388890625 0.3810763890625 0.228472221875 0.375 0.2298611109375 0.36631944375000003 0.22916666718749998 0.35243055624999997 0.222222221875 0.34461805624999997 0.2173611109375 0.34461805624999997 0.2104166671875 0.35243055624999997 0.2104166671875 0.3697916671875 0.21597222187499998 0.3802083328125 0.2201388890625 0.3810763890625
0 0.22430555624999998 0.42100694375 0.2298611109375 0.41319444375 0.2298611109375 0.39149305624999997 0.222222221875 0.3845486109375 0.21944444375 0.3845486109375 0.2104166671875 0.3923611109375 0.21111111093749999 0.41319444375 0.2166666671875 0.42100694375 0.22430555624999998 0.42100694375
0 0.21944444375 0.4583333328125 0.225 0.45746527812500004 0.23055555625 0.4470486109375 0.2298611109375 0.43402777812500004 0.22291666718749997 0.4270833328125 0.21944444375 0.4270833328125 0.21111111093749999 0.43402777812500004 0.21180555625 0.44878472187499996 0.215277778125 0.4557291671875 0.21944444375 0.4583333328125
0 0.21458333281250003 0.4947916671875 0.21875 0.4973958328125 0.22569444375 0.49565972187499996 0.23125 0.4861111109375 0.23055555625 0.46961805625 0.22430555624999998 0.4626736109375 0.21944444375 0.4626736109375 0.21319444375000002 0.46788194375 0.21111111093749999 0.4748263890625 0.21180555625 0.48871527812500004 0.21458333281250003 0.4947916671875
0 0.21805555625 0.5364583328125 0.228472221875 0.534722221875 0.23194444375 0.526909721875 0.23125 0.5095486109375 0.22430555624999998 0.5017361109375 0.21944444375 0.5017361109375 0.2138888890625 0.5060763890625 0.21180555625 0.5138888890625 0.2125 0.5286458328125 0.21805555625 0.5364583328125
0 0.22777777812500002 0.574652778125 0.23263888906250002 0.5711805562500001 0.23263888906250002 0.5564236109375 0.23125 0.5477430562500001 0.22569444375 0.542534721875 0.21944444375 0.542534721875 0.2125 0.5486111109375 0.2125 0.5651041671875 0.2173611109375 0.5720486109375 0.22777777812500002 0.574652778125
0 0.2479166671875 0.5998263890625 0.2645833328125 0.6006944437499999 0.27430555624999997 0.5928819437499999 0.275 0.5876736109375 0.2708333328125 0.5789930562500001 0.259722221875 0.5763888890625 0.25625 0.5763888890625 0.246527778125 0.5772569437499999 0.24305555625 0.581597221875 0.24236111093749999 0.5920138890625 0.2479166671875 0.5998263890625
0 0.34930555625 0.597222221875 0.3625 0.5998263890625 0.37430555625 0.5946180562500001 0.3763888890625 0.5833333328125 0.3736111109375 0.578125 0.365277778125 0.5755208328125 0.3614583328125 0.5755208328125 0.3513888890625 0.5763888890625 0.34861111093749997 0.5789930562500001 0.346527778125 0.5885416671875 0.34930555625 0.597222221875
0 0.3826388890625 0.597222221875 0.3923611109375 0.5998263890625 0.40416666718750005 0.5963541671875 0.40625 0.5920138890625 0.40625 0.581597221875 0.4048611109375 0.5772569437499999 0.3986111109375 0.574652778125 0.39444444375 0.574652778125 0.38333333281250004 0.5763888890625 0.38125 0.5789930562500001 0.37986111093749997 0.5920138890625 0.3826388890625 0.597222221875
0 0.503472221875 0.6015625 0.5104166671875 0.5928819437499999 0.51180555625 0.5789930562500001 0.509027778125 0.574652778125 0.4986111109375 0.5729166671875 0.497222221875 0.5729166671875 0.48819444375 0.5772569437499999 0.48680555625000005 0.589409721875 0.490277778125 0.5963541671875 0.503472221875 0.6015625
0 0.553472221875 0.621527778125 0.5618055562500001 0.621527778125 0.5694444437499999 0.612847221875 0.56875 0.597222221875 0.5618055562500001 0.5868055562500001 0.5576388890625 0.5868055562500001 0.5513888890625 0.5928819437499999 0.5479166671875 0.6041666671875 0.5479166671875 0.6145833328125 0.553472221875 0.621527778125
0 0.6104166671875 0.621527778125 0.6173611109375 0.620659721875 0.625 0.612847221875 0.6243055562500001 0.598090278125 0.621527778125 0.5911458328125 0.615972221875 0.5876736109375 0.61319444375 0.5876736109375 0.60625 0.5946180562500001 0.6034722218749999 0.605902778125 0.60625 0.6189236109375 0.6104166671875 0.621527778125
0 0.66180555625 0.6197916671875 0.66944444375 0.6197916671875 0.6791666671875001 0.6076388890625 0.6777777781250001 0.5946180562500001 0.6701388890625 0.5868055562500001 0.66875 0.5868055562500001 0.6631944437499999 0.590277778125 0.659027778125 0.6015625 0.6583333328125 0.612847221875 0.66180555625 0.6197916671875
0 0.7194444437499999 0.6180555562500001 0.7291666671875 0.6154513890625 0.7333333328125 0.6085069437499999 0.7333333328125 0.5989583328125 0.7298611109375 0.590277778125 0.7256944437499999 0.5868055562500001 0.722222221875 0.5868055562500001 0.7180555562500001 0.590277778125 0.7125 0.605902778125 0.7145833328125 0.613715278125 0.7194444437499999 0.6180555562500001
0 0.7743055562500001 0.6163194437499999 0.7826388890625 0.6154513890625 0.7888888890625 0.6076388890625 0.7875 0.590277778125 0.78125 0.5842013890625 0.778472221875 0.5842013890625 0.7729166671875001 0.5885416671875 0.76875 0.6032986109375 0.7701388890625 0.612847221875 0.7743055562500001 0.6163194437499999
0 0.8291666671875 0.6154513890625 0.8368055562500001 0.6145833328125 0.8430555562500001 0.6076388890625 0.840277778125 0.5885416671875 0.834722221875 0.5842013890625 0.8333333328125001 0.5842013890625 0.828472221875 0.5868055562500001 0.8229166671874999 0.6041666671875 0.82430555625 0.6111111109375 0.8291666671875 0.6154513890625
0 0.884027778125 0.613715278125 0.89305555625 0.6111111109375 0.897222221875 0.6032986109375 0.8958333328125001 0.5876736109375 0.89305555625 0.582465278125 0.8895833328125 0.581597221875 0.88819444375 0.581597221875 0.8826388890624999 0.5859375 0.878472221875 0.6041666671875 0.8798611109375001 0.6111111109375 0.884027778125 0.613715278125
0 0.93194444375 0.6067708328125 0.9375 0.612847221875 0.9458333328125 0.6119791671875 0.9513888890625 0.6032986109375 0.9486111109375001 0.5842013890625 0.94375 0.5807291671875 0.94305555625 0.5798611109375 0.9381944437499999 0.581597221875 0.934722221875 0.5868055562500001 0.93194444375 0.5989583328125 0.93194444375 0.6067708328125