1 0.021527778125 0.6310763890625 0.0333333328125 0.6241319437499999 0.0375 0.6145833328125 0.0375 0.605902778125 0.03194444375 0.5868055562500001 0.021527778125 0.5807291671875 0.0048611109375000005 0.5868055562500001 0.002777778125 0.5911458328125 0.0048611109375000005 0.6258680562500001 0.0125 0.6310763890625 0.021527778125 0.6310763890625
1 0.0673611109375 0.625 0.0736111109375 0.6171875 0.07430555625 0.5963541671875 0.065972221875 0.5833333328125 0.060416667187499995 0.5807291671875 0.05 0.582465278125 0.040972221875 0.5946180562500001 0.040277778125000004 0.609375 0.04444444375 0.6223958328125 0.04930555625 0.6276041671875 0.0673611109375 0.625
1 0.109027778125 0.621527778125 0.1125 0.6145833328125 0.11319444375000001 0.6006944437499999 0.10833333281249999 0.5859375 0.09444444375 0.5798611109375 0.08541666718749999 0.582465278125 0.0791666671875 0.5911458328125 0.078472221875 0.6119791671875 0.084027778125 0.6232638890625 0.0986111109375 0.6276041671875 0.109027778125 0.621527778125
1 0.147222221875 0.621527778125 0.15069444375000002 0.612847221875 0.15069444375000002 0.5989583328125 0.1416666671875 0.582465278125 0.12569444375 0.5807291671875 0.1166666671875 0.59375 0.11736111093749999 0.613715278125 0.12569444375 0.6267361109375 0.13819444375 0.6276041671875 0.147222221875 0.621527778125
1 0.1875 0.6154513890625 0.190277778125 0.5954861109375 0.18125 0.581597221875 0.16458333281249998 0.5798611109375 0.15625 0.5885416671875 0.15555555625 0.613715278125 0.16180555624999998 0.625 0.1770833328125 0.625 0.1875 0.6154513890625
1 0.2604166671875 0.5920138890625 0.25694444375000003 0.5807291671875 0.2486111109375 0.5772569437499999 0.21875 0.5833333328125 0.2104166671875 0.578125 0.20347222187499997 0.578125 0.19513888906250001 0.5868055562500001 0.196527778125 0.598090278125 0.20347222187499997 0.6032986109375 0.2486111109375 0.6006944437499999 0.2604166671875 0.5920138890625
1 0.365972221875 0.5911458328125 0.3645833328125 0.5807291671875 0.35694444375 0.5763888890625 0.31805555625 0.5755208328125 0.3104166671875 0.5772569437499999 0.30694444375 0.582465278125 0.30763888906250003 0.5946180562500001 0.31875 0.6006944437499999 0.35625 0.5998263890625 0.365972221875 0.5911458328125
1 0.47083333281249995 0.5920138890625 0.47291666718750003 0.5833333328125 0.4701388890625 0.5772569437499999 0.459027778125 0.573784721875 0.42222222187499997 0.573784721875 0.4138888890625 0.5798611109375 0.4145833328125 0.59375 0.42222222187499997 0.5989583328125 0.4625 0.598090278125 0.47083333281249995 0.5920138890625
1 0.5458333328125 0.6067708328125 0.55 0.581597221875 0.54375 0.573784721875 0.5243055562500001 0.5729166671875 0.5201388890625 0.5755208328125 0.515972221875 0.5876736109375 0.515277778125 0.6111111109375 0.528472221875 0.6189236109375 0.5395833328124999 0.6145833328125 0.5458333328125 0.6067708328125
1 0.596527778125 0.612847221875 0.6048611109375 0.5911458328125 0.6034722218749999 0.5789930562500001 0.5916666671875 0.5720486109375 0.5770833328125 0.5729166671875 0.5694444437499999 0.5842013890625 0.5729166671875 0.6067708328125 0.5826388890625 0.6197916671875 0.5916666671875 0.6180555562500001 0.596527778125 0.612847221875
1 0.6541666671875 0.609375 0.659722221875 0.5911458328125 0.659722221875 0.5807291671875 0.6541666671875 0.573784721875 0.634027778125 0.5711805562500001 0.628472221875 0.573784721875 0.6243055562500001 0.582465278125 0.6243055562500001 0.5963541671875 0.6319444437499999 0.6154513890625 0.64305555625 0.6180555562500001 0.6541666671875 0.609375
1 0.7020833328125 0.6154513890625 0.7104166671875001 0.605034721875 0.715277778125 0.5798611109375 0.7111111109375 0.573784721875 0.703472221875 0.5703125 0.690972221875 0.5703125 0.6826388890625 0.5789930562500001 0.68125 0.5911458328125 0.684722221875 0.6076388890625 0.6916666671875 0.6163194437499999 0.7020833328125 0.6154513890625
1 0.7645833328125 0.6076388890625 0.7701388890625 0.5807291671875 0.76319444375 0.5703125 0.74444444375 0.5694444437499999 0.7361111109375 0.5798611109375 0.73680555625 0.5963541671875 0.74375 0.612847221875 0.7541666671875 0.6154513890625 0.7645833328125 0.6076388890625
1 0.815972221875 0.609375 0.82430555625 0.5876736109375 0.8222222218749999 0.5729166671875 0.8125 0.5677083328125 0.8048611109375001 0.5677083328125 0.79930555625 0.5694444437499999 0.79375 0.578125 0.79305555625 0.5920138890625 0.7986111109375 0.6102430562500001 0.80625 0.6145833328125 0.815972221875 0.609375
1 0.8701388890624999 0.609375 0.8756944437499999 0.5998263890625 0.8791666671874999 0.5842013890625 0.8743055562500001 0.5694444437499999 0.85694444375 0.566840278125 0.847222221875 0.5763888890625 0.846527778125 0.5876736109375 0.8513888890624999 0.6067708328125 0.859722221875 0.612847221875 0.8701388890624999 0.609375
1 0.92430555625 0.6076388890625 0.9326388890624999 0.5833333328125 0.9291666671875 0.5685763890625 0.9145833328125 0.5651041671875 0.9041666671874999 0.5729166671875 0.9020833328125001 0.5911458328125 0.9069444437499999 0.6067708328125 0.91180555625 0.6119791671875 0.92430555625 0.6076388890625
1 0.9784722218749999 0.6085069437499999 0.9861111109375 0.5842013890625 0.984027778125 0.5677083328125 0.97430555625 0.5633680562500001 0.9645833328125001 0.5642361109375 0.95555555625 0.5755208328125 0.95625 0.5954861109375 0.9611111109375001 0.605902778125 0.9680555562500001 0.6102430562500001 0.9784722218749999 0.6085069437499999
0 0.19305555624999998 0 0.19375 0.0173611109375 0.20208333281250002 0.02256944375 0.2125 0.019097221875 0.21805555625 0.0078125 0.2173611109375 0 0.19305555624999998 0
0 0.23819444375 0.03125 0.23958333281250002 0.0173611109375 0.23263888906250002 0.00868055625 0.22430555624999998 0.00868055625 0.2173611109375 0.019965278125 0.21805555625 0.03211805625 0.2236111109375 0.03819444375 0.23263888906250002 0.03819444375 0.23819444375 0.03125
0 0.209027778125 0.058159721875 0.2166666671875 0.0486111109375 0.2173611109375 0.035590278125 0.209027778125 0.026909721874999997 0.197222221875 0.0329861109375 0.19583333281249998 0.046875 0.1986111109375 0.05729166718749999 0.20347222187499997 0.05989583281250001 0.209027778125 0.058159721875
0 0.23402777812500003 0.074652778125 0.23680555625 0.066840278125 0.23680555625 0.05208333281250001 0.23333333281250002 0.04600694375 0.22430555624999998 0.0451388890625 0.2166666671875 0.055555556250000006 0.21597222187499998 0.065972221875 0.22152777812500002 0.07638888906249999 0.22916666718749998 0.078125 0.23402777812500003 0.074652778125
0 0.21805555625 0.07552083281250001 0.20972222187499998 0.065972221875 0.20486111093749998 0.065972221875 0.19930555625 0.07118055625 0.19930555625 0.098090278125 0.20833333281250002 0.10069444375 0.21805555625 0.0859375 0.21805555625 0.07552083281250001
0 0.23194444375 0.11631944375 0.23472222187499997 0.1111111109375 0.23472222187499997 0.08767361093750001 0.228472221875 0.08333333281250001 0.21944444375 0.08767361093750001 0.21458333281250003 0.09895833281250001 0.21458333281250003 0.1067708328125 0.2236111109375 0.1171875 0.23194444375 0.11631944375
0 0.2236111109375 0.1302083328125 0.22291666718749997 0.1232638890625 0.21319444375000002 0.11024305625 0.20486111093749998 0.11024305625 0.20138888906250002 0.11631944375 0.20138888906250002 0.13368055625 0.20486111093749998 0.13888888906250002 0.21319444375000002 0.13975694375 0.2236111109375 0.1302083328125
0 0.23194444375 0.1614583328125 0.23333333281250002 0.14756944375 0.23055555625 0.14149305625 0.22430555624999998 0.13888888906250002 0.2125 0.14409722187500001 0.20694444375 0.15190972187500001 0.20625 0.1588541671875 0.2104166671875 0.16579861093749998 0.222222221875 0.16840277812499999 0.23194444375 0.1614583328125
0 0.23125 0.1901041671875 0.23125 0.18142361093749998 0.22430555624999998 0.17274305625 0.21111111093749999 0.17274305625 0.20555555625 0.18055555625 0.20555555625 0.1927083328125 0.2125 0.19965277812499999 0.22430555624999998 0.19878472187500001 0.23125 0.1901041671875
0 0.22638888906250001 0.230902778125 0.2298611109375 0.21180555625 0.225 0.20486111093749998 0.215277778125 0.20399305625 0.20694444375 0.21267361093749998 0.20625 0.22395833281250002 0.2104166671875 0.23263888906250002 0.222222221875 0.234375 0.22638888906250001 0.230902778125
0 0.22916666718749998 0.246527778125 0.225 0.24045138906250002 0.215277778125 0.23958333281250002 0.20833333281250002 0.24826388906250002 0.2104166671875 0.26909722187499996 0.22152777812500002 0.2717013890625 0.2270833328125 0.26649305624999997 0.22916666718749998 0.246527778125
0 0.22430555624999998 0.3125 0.22916666718749998 0.3029513890625 0.22638888906250001 0.2795138890625 0.2173611109375 0.27690972187499996 0.2104166671875 0.2838541671875 0.209027778125 0.30034722187499996 0.21111111093749999 0.30902777812500004 0.2166666671875 0.31336805624999997 0.22430555624999998 0.3125
0 0.22916666718749998 0.34288194375000003 0.228472221875 0.3263888890625 0.21944444375 0.31944444375000003 0.21111111093749999 0.32725694375000003 0.2104166671875 0.3454861109375 0.215277778125 0.3498263890625 0.225 0.3489583328125 0.22916666718749998 0.34288194375000003
0 0.225 0.3888888890625 0.2298611109375 0.3810763890625 0.228472221875 0.3611111109375 0.225 0.3567708328125 0.21805555625 0.35590277812500004 0.21111111093749999 0.36284722187499996 0.2104166671875 0.3810763890625 0.2125 0.38628472187499996 0.2166666671875 0.38975694375000003 0.225 0.3888888890625
0 0.228472221875 0.42534722187499996 0.228472221875 0.39930555624999997 0.22430555624999998 0.39496527812500004 0.2166666671875 0.39496527812500004 0.21111111093749999 0.40190972187499996 0.2104166671875 0.4157986109375 0.2138888890625 0.4270833328125 0.2236111109375 0.42881944375 0.228472221875 0.42534722187499996
0 0.23125 0.46006944375 0.22916666718749998 0.4392361109375 0.21944444375 0.4348958328125 0.21111111093749999 0.44444444375 0.21180555625 0.46527777812500004 0.21805555625 0.4704861109375 0.228472221875 0.46788194375 0.23125 0.46006944375
0 0.23055555625 0.504340278125 0.23125 0.4861111109375 0.228472221875 0.48003472187499996 0.21805555625 0.4765625 0.21180555625 0.484375 0.21180555625 0.5017361109375 0.2166666671875 0.5095486109375 0.225 0.5095486109375 0.23055555625 0.504340278125
0 0.228472221875 0.5460069437499999 0.23194444375 0.5399305562500001 0.2298611109375 0.519965278125 0.222222221875 0.5147569437499999 0.2138888890625 0.519965278125 0.21180555625 0.5251736109375 0.21319444375000002 0.5442708328125 0.22291666718749997 0.5477430562500001 0.228472221875 0.5460069437499999
0 0.23333333281250002 0.5772569437499999 0.23263888906250002 0.5633680562500001 0.22916666718749998 0.5555555562500001 0.21875 0.5529513890625 0.21180555625 0.5625 0.21111111093749999 0.5755208328125 0.21319444375000002 0.578125 0.22638888906250001 0.581597221875 0.23333333281250002 0.5772569437499999
0 0.302777778125 0.5920138890625 0.3013888890625 0.581597221875 0.2958333328125 0.5772569437499999 0.28125 0.5763888890625 0.2736111109375 0.5842013890625 0.27430555624999997 0.5954861109375 0.28194444375 0.6006944437499999 0.29444444375 0.6006944437499999 0.302777778125 0.5920138890625
0 0.41111111093749997 0.589409721875 0.40972222187499996 0.578125 0.4048611109375 0.574652778125 0.3888888890625 0.574652778125 0.38194444375000003 0.582465278125 0.38333333281250004 0.5954861109375 0.3895833328125 0.5989583328125 0.4048611109375 0.598090278125 0.41111111093749997 0.589409721875
0 0.51319444375 0.5954861109375 0.5138888890625 0.5755208328125 0.5006944437499999 0.5729166671875 0.4916666671875 0.5798611109375 0.4916666671875 0.5928819437499999 0.49791666718750005 0.6006944437499999 0.50625 0.6024305562500001 0.51319444375 0.5954861109375
0 0.56875 0.6163194437499999 0.5701388890625 0.605034721875 0.5638888890625 0.590277778125 0.5548611109375 0.5911458328125 0.55069444375 0.5989583328125 0.5479166671875 0.6145833328125 0.5513888890625 0.620659721875 0.559722221875 0.6223958328125 0.56875 0.6163194437499999
0 0.621527778125 0.6171875 0.6243055562500001 0.605034721875 0.6208333328125 0.5928819437499999 0.6111111109375 0.589409721875 0.60625 0.5954861109375 0.6034722218749999 0.605902778125 0.60555555625 0.6180555562500001 0.6152777781250001 0.621527778125 0.621527778125 0.6171875
0 0.6798611109375 0.6085069437499999 0.678472221875 0.5920138890625 0.67569444375 0.5876736109375 0.6673611109375 0.5868055562500001 0.6611111109375 0.5954861109375 0.659027778125 0.6102430562500001 0.66180555625 0.6180555562500001 0.66944444375 0.6197916671875 0.6798611109375 0.6085069437499999
0 0.7354166671875 0.6076388890625 0.7333333328125 0.5920138890625 0.7291666671875 0.5868055562500001 0.7201388890625 0.5885416671875 0.715972221875 0.5989583328125 0.7145833328125 0.6076388890625 0.71875 0.6171875 0.7291666671875 0.6163194437499999 0.7354166671875 0.6076388890625
0 0.7909722218749999 0.6076388890625 0.7909722218749999 0.5963541671875 0.784722221875 0.5842013890625 0.777777778125 0.5859375 0.772222221875 0.5963541671875 0.7708333328125 0.6067708328125 0.775 0.6145833328125 0.7833333328125 0.6145833328125 0.7909722218749999 0.6076388890625
0 0.84375 0.6085069437499999 0.8444444437499999 0.598090278125 0.840972221875 0.5850694437499999 0.83194444375 0.5850694437499999 0.8263888890625 0.5963541671875 0.825 0.6076388890625 0.8298611109375 0.6154513890625 0.8368055562500001 0.6154513890625 0.84375 0.6085069437499999
0 0.8979166671875 0.6067708328125 0.8986111109375001 0.5911458328125 0.89375 0.581597221875 0.88680555625 0.582465278125 0.88055555625 0.5963541671875 0.8798611109375001 0.605034721875 0.884027778125 0.612847221875 0.890972221875 0.612847221875 0.8979166671875 0.6067708328125
0 0.9520833328125 0.6067708328125 0.953472221875 0.598090278125 0.94930555625 0.581597221875 0.940277778125 0.581597221875 0.934722221875 0.5946180562500001 0.934027778125 0.6067708328125 0.9375 0.6119791671875 0.946527778125 0.6119791671875 0.9520833328125 0.6067708328125
0 0.9902777781250001 0.589409721875 0.9902777781250001 0.6085069437499999 0.9993055562500001 0.6102430562500001 0.9993055562500001 0.5798611109375 0.9902777781250001 0.589409721875