1 0 0.6310763890625 0.0083333328125 0.6258680562500001 0.014583332812499999 0.6145833328125 0.0125 0.5928819437499999 0.007638889062499999 0.5850694437499999 0.0013888890625 0.581597221875 0 0.581597221875 0 0.6310763890625
1 0.020138889062500002 0.6258680562500001 0.0270833328125 0.6302083328125 0.04305555625 0.6276041671875 0.05069444375 0.6154513890625 0.05 0.5946180562500001 0.04444444375 0.5850694437499999 0.036805556249999996 0.5807291671875 0.03125 0.5807291671875 0.020138889062500002 0.5859375 0.0166666671875 0.590277778125 0.0166666671875 0.6171875 0.020138889062500002 0.6258680562500001
1 0.053472221875 0.6067708328125 0.055555556250000006 0.6154513890625 0.06319444375 0.6258680562500001 0.071527778125 0.628472221875 0.084027778125 0.6223958328125 0.08819444374999999 0.6145833328125 0.0888888890625 0.6076388890625 0.0861111109375 0.5911458328125 0.0791666671875 0.582465278125 0.075 0.5807291671875 0.07129652812500001 0.5807291671875 0.0638888890625 0.5807291671875 0.0576388890625 0.5859375 0.054166667187499996 0.5928819437499999 0.053472221875 0.6067708328125
1 0.0951388890625 0.6189236109375 0.09930555625000001 0.625 0.10555555624999999 0.6276041671875 0.121527778125 0.6232638890625 0.1270833328125 0.6085069437499999 0.12361111093749999 0.5885416671875 0.11736111093749999 0.581597221875 0.11180555625 0.5798611109375 0.10694444375 0.5798611109375 0.0986111109375 0.5833333328125 0.0951388890625 0.5876736109375 0.0923611109375 0.598090278125 0.0951388890625 0.6189236109375
1 0.134722221875 0.6223958328125 0.1416666671875 0.6276041671875 0.1541666671875 0.6267361109375 0.159027778125 0.6232638890625 0.16388888906250001 0.6145833328125 0.1625 0.5928819437499999 0.1548611109375 0.581597221875 0.15 0.5798611109375 0.14618055624999998 0.5798611109375 0.134722221875 0.5850694437499999 0.1298611109375 0.5989583328125 0.13125 0.6154513890625 0.134722221875 0.6223958328125
1 0.1673611109375 0.6032986109375 0.1729166671875 0.6163194437499999 0.18680555625 0.620659721875 0.20416666718749998 0.6067708328125 0.209027778125 0.598090278125 0.209027778125 0.589409721875 0.20416666718749998 0.581597221875 0.197222221875 0.578125 0.1932291671875 0.578125 0.177777778125 0.5789930562500001 0.17013888906250002 0.5868055562500001 0.1673611109375 0.5946180562500001 0.1673611109375 0.6032986109375
1 0.23611111093749998 0.5876736109375 0.23333333281250002 0.5954861109375 0.23541666718749998 0.5989583328125 0.240277778125 0.5963541671875 0.24375 0.5998263890625 0.278472221875 0.5998263890625 0.2875 0.5911458328125 0.28680555625 0.5833333328125 0.2826388890625 0.578125 0.259722221875 0.5763888890625 0.25569444375 0.5763888890625 0.23958333281250002 0.5763888890625 0.23194444375 0.5798611109375 0.2298611109375 0.5842013890625 0.23611111093749998 0.5876736109375
1 0.3583333328125 0.5946180562500001 0.36319444375 0.5989583328125 0.4 0.5989583328125 0.41180555625000004 0.5963541671875 0.4166666671875 0.5911458328125 0.4173611109375 0.5833333328125 0.41319444375 0.5772569437499999 0.3916666671875 0.574652778125 0.387847221875 0.574652778125 0.36875 0.574652778125 0.35972222187499997 0.5772569437499999 0.35694444375 0.5859375 0.3583333328125 0.5946180562500001
1 0.46944444374999994 0.597222221875 0.49305555625 0.598090278125 0.5006944437499999 0.6015625 0.5145833328125 0.5989583328125 0.51875 0.589409721875 0.5173611109375 0.5789930562500001 0.51180555625 0.574652778125 0.5006944437499999 0.5729166671875 0.497222221875 0.5729166671875 0.46875 0.574652778125 0.46458333281249997 0.5798611109375 0.46458333281249997 0.5911458328125 0.46944444374999994 0.597222221875
1 0.547222221875 0.6163194437499999 0.5527777781250001 0.621527778125 0.5611111109375 0.620659721875 0.56805555625 0.6163194437499999 0.5729166671875 0.609375 0.5763888890625 0.597222221875 0.57569444375 0.5798611109375 0.5701388890625 0.574652778125 0.5625 0.5729166671875 0.5583333328125 0.5729166671875 0.5486111109375 0.5755208328125 0.54444444375 0.5850694437499999 0.54444444375 0.6076388890625 0.547222221875 0.6163194437499999
1 0.6020833328124999 0.609375 0.61180555625 0.6189236109375 0.622222221875 0.6154513890625 0.627777778125 0.6076388890625 0.6326388890625 0.5850694437499999 0.628472221875 0.5763888890625 0.615972221875 0.5711805562500001 0.6111111109375 0.5711805562500001 0.602777778125 0.574652778125 0.59930555625 0.5789930562500001 0.5979166671875 0.5928819437499999 0.6020833328124999 0.609375
1 0.6631944437499999 0.6171875 0.6701388890625 0.6171875 0.678472221875 0.609375 0.684722221875 0.5954861109375 0.6861111109375 0.581597221875 0.68125 0.573784721875 0.675 0.5711805562500001 0.6713541671875001 0.5711805562500001 0.6576388890625 0.5729166671875 0.6520833328125 0.5833333328125 0.65625 0.609375 0.6631944437499999 0.6171875
1 0.7194444437499999 0.6163194437499999 0.7326388890625 0.612847221875 0.7361111109375 0.6085069437499999 0.7402777781250001 0.59375 0.740972221875 0.5789930562500001 0.734027778125 0.5711805562500001 0.727777778125 0.5694444437499999 0.7236111109375 0.5694444437499999 0.7118055562500001 0.5720486109375 0.70625 0.5842013890625 0.7111111109375 0.6085069437499999 0.7194444437499999 0.6163194437499999
1 0.7715277781250001 0.612847221875 0.77569444375 0.6145833328125 0.7854166671875 0.6119791671875 0.7909722218749999 0.6067708328125 0.7958333328125 0.5876736109375 0.7951388890625 0.5755208328125 0.7916666671875 0.5711805562500001 0.784027778125 0.5685763890625 0.7795138890625 0.5685763890625 0.76875 0.5711805562500001 0.7638888890625 0.5833333328125 0.7673611109375 0.6067708328125 0.7715277781250001 0.612847221875
1 0.8298611109375 0.6145833328125 0.83819444375 0.612847221875 0.8451388890624999 0.605902778125 0.85 0.5859375 0.85 0.578125 0.847222221875 0.5720486109375 0.84375 0.5685763890625 0.834722221875 0.566840278125 0.8298611109375 0.566840278125 0.821527778125 0.5711805562500001 0.8173611109375001 0.5798611109375 0.8208333328125 0.6041666671875 0.8298611109375 0.6145833328125
1 0.8791666671874999 0.6085069437499999 0.8833333328125 0.6119791671875 0.88819444375 0.612847221875 0.8951388890624999 0.609375 0.90069444375 0.5998263890625 0.9041666671874999 0.578125 0.9020833328125001 0.5711805562500001 0.8958333328125001 0.565972221875 0.8918979171875 0.565972221875 0.8791666671874999 0.5685763890625 0.8736111109375001 0.5789930562500001 0.8763888890624999 0.6015625 0.8791666671874999 0.6085069437499999
1 0.93194444375 0.605902778125 0.9375 0.6111111109375 0.95 0.6085069437499999 0.9548611109375 0.598090278125 0.9576388890624999 0.5772569437499999 0.9541666671875 0.5677083328125 0.95069444375 0.5651041671875 0.9472222218749999 0.5651041671875 0.9333333328125001 0.566840278125 0.9263888890624999 0.5789930562500001 0.928472221875 0.597222221875 0.93194444375 0.605902778125
1 0.9902777781250001 0.6085069437499999 0.9993055562500001 0.6085069437499999 0.9993055562500001 0.5642361109375 0.9958333328125001 0.5633680562500001 0.99375 0.5633680562500001 0.9875 0.565972221875 0.9826388890625 0.5763888890625 0.984722221875 0.5963541671875 0.9902777781250001 0.6085069437499999
0 0.19305555624999998 0 0.19305555624999998 0.0095486109375 0.1986111109375 0.0182291671875 0.20694444375 0.019097221875 0.2138888890625 0.013020832812499999 0.2173611109375 0.0060763890625 0.2173611109375 0 0.2138888890625 0 0.19305555624999998 0
0 0.22638888906250001 0.0364583328125 0.23402777812500003 0.034722221875 0.23958333281250002 0.0234375 0.2388888890625 0.010416667187500001 0.23194444375 0.0052083328125 0.22638888906250001 0.0052083328125 0.2201388890625 0.010416667187500001 0.2173611109375 0.0217013890625 0.21944444375 0.03125 0.22638888906250001 0.0364583328125
0 0.20208333281250002 0.0564236109375 0.20694444375 0.0564236109375 0.21319444375000002 0.05208333281250001 0.21875 0.0373263890625 0.21597222187499998 0.03038194375 0.20833333281250002 0.0234375 0.2076388890625 0.0234375 0.2 0.0251736109375 0.19513888906250001 0.0329861109375 0.196527778125 0.0486111109375 0.20208333281250002 0.0564236109375
0 0.22777777812500002 0.074652778125 0.23611111093749998 0.06770833281250001 0.2375 0.055555556250000006 0.23611111093749998 0.04600694375 0.228472221875 0.0416666671875 0.2270833328125 0.0416666671875 0.21875 0.04774305625 0.21597222187499998 0.061631943749999994 0.2201388890625 0.07118055625 0.22777777812500002 0.074652778125
0 0.20416666718749998 0.097222221875 0.21319444375000002 0.09114583281250001 0.21875 0.07552083281250001 0.21458333281250003 0.06770833281250001 0.20833333281250002 0.0625 0.20625 0.0625 0.19930555625 0.06770833281250001 0.1979166671875 0.074652778125 0.1986111109375 0.09114583281250001 0.20416666718749998 0.097222221875
0 0.22638888906250001 0.1145833328125 0.23055555625 0.113715278125 0.23402777812500003 0.10850694375 0.23541666718749998 0.08680555625 0.23402777812500003 0.082465278125 0.2298611109375 0.07986111093750001 0.2236111109375 0.07986111093750001 0.21805555625 0.08680555625 0.21458333281250003 0.10243055625 0.2201388890625 0.1111111109375 0.22638888906250001 0.1145833328125
0 0.2201388890625 0.13107638906250002 0.22430555624999998 0.12413194375 0.22430555624999998 0.1189236109375 0.22152777812500002 0.1145833328125 0.2104166671875 0.105034721875 0.20694444375 0.105034721875 0.20208333281250002 0.1111111109375 0.20138888906250002 0.1302083328125 0.20833333281250002 0.13628472187500001 0.2201388890625 0.13107638906250002
0 0.2236111109375 0.16232638906250002 0.23055555625 0.15798611093749998 0.23333333281250002 0.15017361093749998 0.23333333281250002 0.1380208328125 0.23055555625 0.13454861093749998 0.225 0.13368055625 0.22430555624999998 0.1328125 0.2104166671875 0.14236111093749998 0.2076388890625 0.15017361093749998 0.2125 0.16059027812499999 0.2236111109375 0.16232638906250002
0 0.2166666671875 0.19444444375 0.2270833328125 0.1901041671875 0.23125 0.18142361093749998 0.22916666718749998 0.17100694375 0.21944444375 0.16579861093749998 0.21597222187499998 0.16579861093749998 0.20694444375 0.1692708328125 0.20416666718749998 0.18142361093749998 0.209027778125 0.1927083328125 0.2166666671875 0.19444444375
0 0.215277778125 0.22916666718749998 0.22430555624999998 0.2265625 0.22916666718749998 0.21961805625 0.23055555625 0.20486111093749998 0.22291666718749997 0.1979166671875 0.21909722187499997 0.1979166671875 0.21111111093749999 0.19965277812499999 0.20625 0.206597221875 0.20694444375 0.22135416718749998 0.215277778125 0.22916666718749998
0 0.215277778125 0.265625 0.22430555624999998 0.26475694375000003 0.22916666718749998 0.2552083328125 0.22916666718749998 0.23958333281250002 0.22569444375 0.234375 0.2208333328125 0.23263888906250002 0.21944444375 0.23263888906250002 0.21319444375000002 0.234375 0.2076388890625 0.24305555625 0.209027778125 0.25868055624999997 0.215277778125 0.265625
0 0.21597222187499998 0.3072916671875 0.2236111109375 0.30555555624999997 0.22777777812500002 0.2986111109375 0.228472221875 0.2786458328125 0.22569444375 0.2734375 0.2208333328125 0.2708333328125 0.21944444375 0.2708333328125 0.2125 0.27430555624999997 0.20972222187499998 0.28038194375000003 0.20972222187499998 0.2986111109375 0.21597222187499998 0.3072916671875
0 0.2166666671875 0.34809027812500004 0.225 0.34722222187499996 0.22916666718749998 0.34027777812500004 0.22916666718749998 0.32118055624999997 0.222222221875 0.3125 0.21805555625 0.3125 0.21180555625 0.3177083328125 0.20972222187499998 0.32725694375000003 0.21111111093749999 0.3420138890625 0.2166666671875 0.34809027812500004
0 0.225 0.3880208328125 0.2298611109375 0.3776041671875 0.22916666718749998 0.359375 0.22291666718749997 0.35243055624999997 0.21805555625 0.35243055624999997 0.2104166671875 0.3611111109375 0.20972222187499998 0.3767361109375 0.2166666671875 0.3888888890625 0.225 0.3880208328125
0 0.225 0.4244791671875 0.22916666718749998 0.4192708328125 0.2298611109375 0.40277777812500004 0.2236111109375 0.39496527812500004 0.21875 0.39496527812500004 0.21111111093749999 0.4010416671875 0.21180555625 0.41840277812500004 0.2166666671875 0.42534722187499996 0.225 0.4244791671875
0 0.225 0.46440972187499996 0.23055555625 0.45746527812500004 0.23055555625 0.4392361109375 0.22430555624999998 0.43055555625 0.21805555625 0.43055555625 0.21111111093749999 0.43836805625 0.21111111093749999 0.4557291671875 0.21805555625 0.46527777812500004 0.225 0.46440972187499996
0 0.21944444375 0.5052083328125 0.2270833328125 0.503472221875 0.23125 0.4939236109375 0.23055555625 0.47743055625 0.22430555624999998 0.46961805625 0.21875 0.46961805625 0.21180555625 0.4765625 0.21111111093749999 0.4861111109375 0.21319444375000002 0.49913194375 0.21944444375 0.5052083328125
0 0.2201388890625 0.5460069437499999 0.22638888906250001 0.5451388890625 0.23194444375 0.5364583328125 0.23125 0.5173611109375 0.225 0.5104166671875 0.21944444375 0.5104166671875 0.2125 0.5173611109375 0.21180555625 0.5321180562500001 0.21458333281250003 0.542534721875 0.2201388890625 0.5460069437499999
0 0.21944444375 0.581597221875 0.228472221875 0.5772569437499999 0.23263888906250002 0.5694444437499999 0.23125 0.5564236109375 0.22569444375 0.551215278125 0.22152777812500002 0.551215278125 0.21597222187499998 0.5520833328125 0.21180555625 0.5625 0.2125 0.5755208328125 0.21944444375 0.581597221875
0 0.2979166671875 0.5998263890625 0.31180555625 0.5998263890625 0.32083333281250004 0.5920138890625 0.3201388890625 0.582465278125 0.3104166671875 0.5763888890625 0.30625 0.5763888890625 0.2979166671875 0.5763888890625 0.29305555625 0.581597221875 0.2923611109375 0.5920138890625 0.2979166671875 0.5998263890625
0 0.3451388890625 0.5998263890625 0.353472221875 0.59375 0.3541666671875 0.5842013890625 0.35208333281250004 0.578125 0.34305555625 0.5755208328125 0.3375 0.5755208328125 0.32847222187499997 0.5798611109375 0.32847222187499997 0.5954861109375 0.3326388890625 0.5989583328125 0.3451388890625 0.5998263890625
0 0.4361111109375 0.5954861109375 0.4576388890625 0.5954861109375 0.4604166671875 0.5911458328125 0.4611111109375 0.5807291671875 0.4583333328125 0.5755208328125 0.45347222187499997 0.573784721875 0.44976874999999994 0.573784721875 0.4388888890625 0.574652778125 0.434722221875 0.5789930562500001 0.43333333281249997 0.5876736109375 0.4361111109375 0.5954861109375
0 0.527777778125 0.6171875 0.53680555625 0.6154513890625 0.5416666671875 0.605034721875 0.5409722218749999 0.5859375 0.534027778125 0.5789930562500001 0.5305555562500001 0.5789930562500001 0.5243055562500001 0.5859375 0.5208333328125 0.598090278125 0.5215277781250001 0.609375 0.527777778125 0.6171875
0 0.58194444375 0.620659721875 0.5916666671875 0.6197916671875 0.5979166671875 0.6111111109375 0.596527778125 0.5954861109375 0.5888888890625 0.5868055562500001 0.5868055562500001 0.5868055562500001 0.58055555625 0.5911458328125 0.5770833328125 0.605034721875 0.577777778125 0.6145833328125 0.58194444375 0.620659721875
0 0.63680555625 0.6197916671875 0.64444444375 0.6197916671875 0.6520833328125 0.6102430562500001 0.6493055562500001 0.5928819437499999 0.6423611109375 0.5876736109375 0.6416666671875 0.5876736109375 0.6354166671875 0.5911458328125 0.63125 0.6032986109375 0.6319444437499999 0.6145833328125 0.63680555625 0.6197916671875
0 0.6923611109375 0.6180555562500001 0.7013888890625 0.6163194437499999 0.70625 0.6085069437499999 0.70555555625 0.5954861109375 0.7020833328125 0.5876736109375 0.6979166671875 0.5850694437499999 0.696527778125 0.5850694437499999 0.690972221875 0.5885416671875 0.6861111109375 0.6032986109375 0.6875 0.6145833328125 0.6923611109375 0.6180555562500001
0 0.7479166671875 0.6163194437499999 0.75625 0.6154513890625 0.76180555625 0.6076388890625 0.76180555625 0.5946180562500001 0.759027778125 0.5868055562500001 0.75555555625 0.5842013890625 0.7513888890625 0.5842013890625 0.747222221875 0.5868055562500001 0.7423611109375 0.6006944437499999 0.7430555562500001 0.6111111109375 0.7479166671875 0.6163194437499999
0 0.8020833328125001 0.6163194437499999 0.8118055562500001 0.613715278125 0.815972221875 0.6067708328125 0.8145833328125001 0.5920138890625 0.809027778125 0.5842013890625 0.8055555562500001 0.5842013890625 0.8013888890624999 0.5876736109375 0.796527778125 0.6024305562500001 0.797222221875 0.6119791671875 0.8020833328125001 0.6163194437499999
0 0.859722221875 0.6145833328125 0.8673611109375001 0.6119791671875 0.8708333328125001 0.605902778125 0.8708333328125001 0.59375 0.8652777781250001 0.582465278125 0.859722221875 0.582465278125 0.8548611109375001 0.5885416671875 0.852777778125 0.6015625 0.8534722218749999 0.609375 0.859722221875 0.6145833328125
0 0.91180555625 0.613715278125 0.91944444375 0.612847221875 0.92430555625 0.6067708328125 0.925 0.5946180562500001 0.9229166671875 0.5842013890625 0.91944444375 0.5807291671875 0.9138888890624999 0.5807291671875 0.909027778125 0.5859375 0.9055555562500001 0.5998263890625 0.9069444437499999 0.6102430562500001 0.91180555625 0.613715278125
0 0.965277778125 0.6111111109375 0.977777778125 0.6076388890625 0.977777778125 0.6032986109375 0.98125 0.5989583328125 0.977777778125 0.582465278125 0.972222221875 0.578125 0.9694444437499999 0.578125 0.9638888890624999 0.5842013890625 0.9604166671875 0.59375 0.9611111109375001 0.6067708328125 0.965277778125 0.6111111109375