0 0.20555555625 0.0416666671875 0.215277778125 0.0338541671875 0.2173611109375 0.0208333328125 0.2125 0.013020832812499999 0.20347222187499997 0.011284721875 0.196527778125 0.014756943750000001 0.19444444375 0.0173611109375 0.19444444375 0.0329861109375 0.1979166671875 0.0390625 0.20555555625 0.0416666671875
0 0.23333333281250002 0.058159721875 0.2375 0.05208333281250001 0.2375 0.03211805625 0.23263888906250002 0.027777778125000003 0.22430555624999998 0.027777778125000003 0.21805555625 0.034722221875 0.21597222187499998 0.0451388890625 0.21875 0.053819443749999994 0.22638888906250001 0.0607638890625 0.23333333281250002 0.058159721875
0 0.21875 0.06510416718749999 0.2166666671875 0.053819443749999994 0.209027778125 0.046875 0.20277777812500003 0.04774305625 0.1979166671875 0.053819443749999994 0.1986111109375 0.07638888906249999 0.20416666718749998 0.081597221875 0.2125 0.078125 0.21875 0.06510416718749999
0 0.23333333281250002 0.09895833281250001 0.23680555625 0.07552083281250001 0.23263888906250002 0.06857638906249999 0.22291666718749997 0.06857638906249999 0.2166666671875 0.07986111093750001 0.2166666671875 0.08767361093750001 0.222222221875 0.09895833281250001 0.22777777812500002 0.1015625 0.23333333281250002 0.09895833281250001
0 0.2201388890625 0.1067708328125 0.2201388890625 0.09895833281250001 0.2125 0.08767361093750001 0.20486111093749998 0.08680555625 0.19930555625 0.09288194375 0.19930555625 0.1111111109375 0.20277777812500003 0.11805555625 0.2104166671875 0.11805555625 0.2201388890625 0.1067708328125
0 0.23333333281250002 0.13368055625 0.23402777812500003 0.1171875 0.22430555624999998 0.11024305625 0.2104166671875 0.12413194375 0.209027778125 0.13107638906250002 0.21180555625 0.1380208328125 0.22569444375 0.14149305625 0.23333333281250002 0.13368055625
0 0.2298611109375 0.16232638906250002 0.2298611109375 0.15277777812499999 0.22430555624999998 0.1458333328125 0.21180555625 0.1432291671875 0.20416666718749998 0.15017361093749998 0.20416666718749998 0.16059027812499999 0.21111111093749999 0.17013888906250002 0.22291666718749997 0.17013888906250002 0.2298611109375 0.16232638906250002
0 0.23125 0.19097222187500001 0.23055555625 0.18055555625 0.225 0.17534722187500001 0.2125 0.17534722187500001 0.20555555625 0.18315972187500001 0.20694444375 0.1979166671875 0.2125 0.20225694375 0.225 0.20138888906250002 0.23125 0.19097222187500001
0 0.2270833328125 0.23177083281250002 0.2298611109375 0.21267361093749998 0.22569444375 0.207465278125 0.21597222187499998 0.206597221875 0.20694444375 0.214409721875 0.20625 0.22482638906250002 0.20972222187499998 0.234375 0.2166666671875 0.23697916718749998 0.2270833328125 0.23177083281250002
0 0.22916666718749998 0.2595486109375 0.22916666718749998 0.24739583281250002 0.22638888906250001 0.24305555625 0.215277778125 0.24131944375 0.20833333281250002 0.24826388906250002 0.209027778125 0.26996527812500004 0.215277778125 0.2751736109375 0.225 0.27256944375000003 0.22916666718749998 0.2595486109375
0 0.22916666718749998 0.3020833328125 0.2270833328125 0.2864583328125 0.2236111109375 0.28211805624999997 0.2166666671875 0.28125 0.2104166671875 0.28819444375000003 0.21111111093749999 0.30815972187499996 0.21597222187499998 0.3125 0.22430555624999998 0.31163194375000003 0.22916666718749998 0.3020833328125
0 0.22916666718749998 0.34375 0.22916666718749998 0.32465277812500004 0.225 0.31944444375000003 0.21805555625 0.3177083328125 0.2104166671875 0.3255208328125 0.2104166671875 0.3454861109375 0.2166666671875 0.3515625 0.225 0.3498263890625 0.22916666718749998 0.34375
0 0.2298611109375 0.3828125 0.22916666718749998 0.36284722187499996 0.21875 0.3567708328125 0.21111111093749999 0.36371527812500004 0.21180555625 0.3880208328125 0.21875 0.3923611109375 0.22569444375 0.390625 0.2298611109375 0.3828125
0 0.23055555625 0.4236111109375 0.22916666718749998 0.40277777812500004 0.22430555624999998 0.39756944375000003 0.21805555625 0.39756944375000003 0.21111111093749999 0.4045138890625 0.21111111093749999 0.42621527812500004 0.2166666671875 0.43315972187499996 0.225 0.4322916671875 0.23055555625 0.4236111109375
0 0.23055555625 0.4661458328125 0.22916666718749998 0.4427083328125 0.22430555624999998 0.43836805625 0.21875 0.43836805625 0.21111111093749999 0.44618055625 0.21111111093749999 0.46440972187499996 0.21597222187499998 0.4713541671875 0.225 0.47222222187499996 0.23055555625 0.4661458328125
0 0.22569444375 0.5104166671875 0.23125 0.503472221875 0.23125 0.48524305625 0.22430555624999998 0.47743055625 0.2166666671875 0.4782986109375 0.21319444375000002 0.4826388890625 0.21111111093749999 0.4861111109375 0.2125 0.5052083328125 0.21805555625 0.511284721875 0.22569444375 0.5104166671875
0 0.23194444375 0.5407986109375 0.2298611109375 0.5208333328125 0.21944444375 0.5164930562500001 0.2125 0.5234375 0.2125 0.5442708328125 0.21805555625 0.5486111109375 0.228472221875 0.546875 0.23194444375 0.5407986109375
0 0.23263888906250002 0.5729166671875 0.23194444375 0.5607638890625 0.22569444375 0.5538194437499999 0.21458333281250003 0.5555555562500001 0.21180555625 0.5642361109375 0.21111111093749999 0.5798611109375 0.215277778125 0.5850694437499999 0.222222221875 0.5833333328125 0.23263888906250002 0.5729166671875
0 0.32847222187499997 0.5920138890625 0.3270833328125 0.5798611109375 0.321527778125 0.5763888890625 0.30625 0.5763888890625 0.29930555625 0.582465278125 0.3 0.5946180562500001 0.30555555624999997 0.5998263890625 0.321527778125 0.5998263890625 0.32847222187499997 0.5920138890625
0 0.4361111109375 0.5920138890625 0.43680555625000006 0.581597221875 0.43125 0.574652778125 0.4145833328125 0.574652778125 0.409027778125 0.5807291671875 0.40833333281249995 0.5885416671875 0.4125 0.597222221875 0.43125 0.597222221875 0.4361111109375 0.5920138890625
0 0.522222221875 0.6085069437499999 0.5291666671875 0.5876736109375 0.528472221875 0.5789930562500001 0.5236111109375 0.574652778125 0.5173611109375 0.574652778125 0.5083333328124999 0.5868055562500001 0.5076388890625 0.598090278125 0.5104166671875 0.6067708328125 0.5145833328125 0.6102430562500001 0.522222221875 0.6085069437499999
0 0.58125 0.6145833328125 0.58194444375 0.6032986109375 0.57569444375 0.589409721875 0.565972221875 0.5911458328125 0.5618055562500001 0.6024305562500001 0.5611111109375 0.6145833328125 0.5638888890625 0.620659721875 0.5763888890625 0.620659721875 0.58125 0.6145833328125
0 0.63819444375 0.6111111109375 0.63680555625 0.5954861109375 0.63125 0.5876736109375 0.6236111109375 0.5885416671875 0.6180555562500001 0.5998263890625 0.6173611109375 0.612847221875 0.622222221875 0.6197916671875 0.6298611109375 0.6197916671875 0.63819444375 0.6111111109375
0 0.6923611109375 0.605902778125 0.6888888890625 0.5868055562500001 0.6861111109375 0.5833333328125 0.6805555562500001 0.5833333328125 0.6736111109375 0.5928819437499999 0.6736111109375 0.6111111109375 0.6777777781250001 0.6154513890625 0.6875 0.6145833328125 0.6923611109375 0.605902778125
0 0.7493055562500001 0.6076388890625 0.7479166671875 0.5928819437499999 0.74375 0.5850694437499999 0.734722221875 0.5859375 0.7291666671875 0.5998263890625 0.7284722218749999 0.6085069437499999 0.73194444375 0.6154513890625 0.7430555562500001 0.6154513890625 0.7493055562500001 0.6076388890625
0 0.79930555625 0.612847221875 0.8027777781250001 0.6067708328125 0.80069444375 0.5868055562500001 0.7916666671875 0.5842013890625 0.7854166671875 0.5920138890625 0.7833333328125 0.5998263890625 0.784722221875 0.612847221875 0.7895833328124999 0.6163194437499999 0.79930555625 0.612847221875
0 0.85694444375 0.6102430562500001 0.8583333328125 0.5963541671875 0.8548611109375001 0.5833333328125 0.8451388890624999 0.5833333328125 0.840277778125 0.5928819437499999 0.8388888890624999 0.6076388890625 0.8430555562500001 0.613715278125 0.8513888890624999 0.6145833328125 0.85694444375 0.6102430562500001
0 0.91180555625 0.6032986109375 0.909722221875 0.5850694437499999 0.9020833328125001 0.5807291671875 0.8965277781250001 0.5876736109375 0.89305555625 0.6085069437499999 0.8958333328125001 0.612847221875 0.9048611109375001 0.612847221875 0.91180555625 0.6032986109375
0 0.9666666671874999 0.6041666671875 0.965972221875 0.5876736109375 0.9611111109375001 0.5789930562500001 0.952777778125 0.5798611109375 0.9472222218749999 0.59375 0.946527778125 0.605034721875 0.95069444375 0.6111111109375 0.9590277781250001 0.6119791671875 0.9666666671874999 0.6041666671875
1 0.009027778125 0.5928819437499999 0.0013888890625 0.5833333328125 0 0.6258680562500001 0.006944443749999999 0.6232638890625 0.010416667187500001 0.6085069437499999 0.009027778125 0.5928819437499999
1 0.0458333328125 0.620659721875 0.0486111109375 0.6145833328125 0.0479166671875 0.5989583328125 0.0416666671875 0.5850694437499999 0.036805556249999996 0.581597221875 0.02430555625 0.5807291671875 0.0173611109375 0.5850694437499999 0.014583332812499999 0.5911458328125 0.014583332812499999 0.6180555562500001 0.020138889062500002 0.628472221875 0.034722221875 0.6302083328125 0.0458333328125 0.620659721875
1 0.07291666718749999 0.628472221875 0.08125 0.6223958328125 0.08541666718749999 0.613715278125 0.08541666718749999 0.597222221875 0.077777778125 0.5833333328125 0.0625 0.5807291671875 0.0513888890625 0.590277778125 0.0513888890625 0.6119791671875 0.05694444375 0.6232638890625 0.0645833328125 0.628472221875 0.07291666718749999 0.628472221875
1 0.10486111093749999 0.6276041671875 0.11944444375 0.6223958328125 0.12430555624999999 0.6085069437499999 0.12430555624999999 0.598090278125 0.1201388890625 0.5868055562500001 0.115277778125 0.581597221875 0.1076388890625 0.5798611109375 0.09930555625000001 0.5807291671875 0.09375 0.5859375 0.0895833328125 0.5954861109375 0.0895833328125 0.6076388890625 0.09444444375 0.621527778125 0.10486111093749999 0.6276041671875
1 0.1576388890625 0.620659721875 0.1611111109375 0.5998263890625 0.1548611109375 0.5842013890625 0.140277778125 0.5798611109375 0.13333333281249998 0.5833333328125 0.127777778125 0.5911458328125 0.127777778125 0.6145833328125 0.134722221875 0.625 0.14791666718750002 0.6276041671875 0.1576388890625 0.620659721875
1 0.20138888906250002 0.6085069437499999 0.20625 0.597222221875 0.19930555625 0.581597221875 0.1875 0.578125 0.172222221875 0.5807291671875 0.16458333281249998 0.5928819437499999 0.165277778125 0.6085069437499999 0.1770833328125 0.6232638890625 0.1861111109375 0.621527778125 0.20138888906250002 0.6085069437499999
1 0.27777777812500004 0.5998263890625 0.28680555625 0.589409721875 0.28194444375 0.5789930562500001 0.271527778125 0.5763888890625 0.23611111093749998 0.5763888890625 0.22430555624999998 0.5876736109375 0.2236111109375 0.59375 0.22777777812500002 0.5989583328125 0.25 0.6006944437499999 0.27777777812500004 0.5998263890625
1 0.39027777812500003 0.59375 0.3916666671875 0.5885416671875 0.39027777812500003 0.5798611109375 0.38194444375000003 0.5755208328125 0.34027777812500004 0.5755208328125 0.3326388890625 0.5798611109375 0.3326388890625 0.59375 0.34027777812500004 0.5998263890625 0.384722221875 0.598090278125 0.39027777812500003 0.59375
1 0.49652777812500004 0.5885416671875 0.49583333281249997 0.5789930562500001 0.4888888890625 0.573784721875 0.4458333328125 0.573784721875 0.43958333281249995 0.5798611109375 0.43958333281249995 0.5920138890625 0.4458333328125 0.598090278125 0.48819444375 0.597222221875 0.49652777812500004 0.5885416671875
1 0.5618055562500001 0.582465278125 0.5527777781250001 0.573784721875 0.53680555625 0.573784721875 0.53125 0.582465278125 0.527777778125 0.6006944437499999 0.5305555562500001 0.6197916671875 0.546527778125 0.6197916671875 0.5576388890625 0.6076388890625 0.5618055562500001 0.582465278125
1 0.60694444375 0.6171875 0.6152777781250001 0.6015625 0.6173611109375 0.5911458328125 0.615972221875 0.5789930562500001 0.60694444375 0.5720486109375 0.590277778125 0.5720486109375 0.58194444375 0.578125 0.58055555625 0.590277778125 0.5875 0.612847221875 0.5944444437499999 0.6197916671875 0.60694444375 0.6171875
1 0.6659722218749999 0.612847221875 0.671527778125 0.5928819437499999 0.671527778125 0.581597221875 0.6666666671875 0.573784721875 0.6479166671875001 0.5711805562500001 0.64305555625 0.573784721875 0.6395833328125 0.5807291671875 0.6388888890625 0.59375 0.6458333328125 0.6154513890625 0.65625 0.6180555562500001 0.6659722218749999 0.612847221875
1 0.7229166671875 0.6076388890625 0.7284722218749999 0.5842013890625 0.7236111109375 0.573784721875 0.7048611109375 0.5694444437499999 0.6944444437499999 0.5798611109375 0.696527778125 0.6067708328125 0.7020833328125 0.6154513890625 0.715972221875 0.6154513890625 0.7229166671875 0.6076388890625
1 0.77569444375 0.609375 0.7826388890625 0.5859375 0.7791666671875 0.5720486109375 0.7701388890625 0.5685763890625 0.759027778125 0.5694444437499999 0.7513888890625 0.578125 0.7506944437499999 0.5920138890625 0.7548611109375 0.609375 0.7611111109375 0.6145833328125 0.77569444375 0.609375
1 0.83125 0.6067708328125 0.8375 0.5842013890625 0.8333333328125001 0.5711805562500001 0.8270833328125 0.5677083328125 0.8145833328125001 0.5677083328125 0.8048611109375001 0.5798611109375 0.8076388890624999 0.6041666671875 0.8138888890624999 0.613715278125 0.8236111109375001 0.613715278125 0.83125 0.6067708328125
1 0.88055555625 0.6111111109375 0.8895833328125 0.5928819437499999 0.890972221875 0.5798611109375 0.88819444375 0.5703125 0.88055555625 0.565972221875 0.872222221875 0.565972221875 0.8611111109375 0.5755208328125 0.8604166671875 0.590277778125 0.8652777781250001 0.6085069437499999 0.871527778125 0.612847221875 0.88055555625 0.6111111109375
1 0.9361111109375001 0.609375 0.9416666671874999 0.5989583328125 0.9451388890624999 0.5833333328125 0.9416666671874999 0.5685763890625 0.9361111109375001 0.5651041671875 0.9236111109375 0.5651041671875 0.915277778125 0.574652778125 0.9138888890624999 0.5842013890625 0.91875 0.605902778125 0.925 0.6119791671875 0.9361111109375001 0.609375
1 0.9993055562500001 0.6006944437499999 0.9993055562500001 0.5677083328125 0.98819444375 0.5633680562500001 0.9770833328125 0.5642361109375 0.96875 0.5755208328125 0.9701388890624999 0.59375 0.9770833328125 0.609375 0.9916666671875 0.609375 0.9993055562500001 0.6006944437499999