1 0.49351851875 0.4479166671875 0.5851851859375 0.44739583281249995 0.5925925921874999 0.44375 0.5916666671875 0.43645833281249996 0.5833333328125 0.43385416718750003 0.50648148125 0.43333333281249997 0.5046296296875 0.43333333281249997 0.4916666671875 0.434375 0.4879629625 0.43645833281249996 0.48703703750000005 0.44322916718750005 0.49351851875 0.4479166671875
1 0.6870370375 0.4447916671875 0.6944444437499999 0.44635416718750004 0.7481481484375 0.4458333328125 0.75555555625 0.4427083328125 0.75648148125 0.43541666718750005 0.747222221875 0.43072916718750004 0.7101851859375 0.43072916718750004 0.7074074078125 0.43072916718750004 0.6925925921875 0.43177083281249995 0.6851851859375 0.434375 0.6833333328125 0.44166666718750003 0.6870370375 0.4447916671875
1 0.86944444375 0.45104166718750005 0.88148148125 0.4526041671875 0.8879629625 0.4505208328125 0.909259259375 0.4484375 0.9175925921875001 0.44427083281249996 0.9175925921875001 0.43385416718750003 0.9120370375 0.43125 0.8990740734375 0.4302083328125 0.89398148125 0.4302083328125 0.877777778125 0.43072916718750004 0.865740740625 0.4348958328125 0.8629629624999999 0.4453125 0.86944444375 0.45104166718750005
0 0.9240740734375 0.45 0.9277777781250001 0.4546875 0.9379629625 0.45885416718750005 0.9638888890624999 0.45885416718750005 0.978703703125 0.4515625 0.977777778125 0.43541666718750005 0.9694444437499999 0.43125 0.959259259375 0.4296875 0.9542592593749999 0.4296875 0.934259259375 0.4296875 0.9296296296875 0.43072916718750004 0.925 0.4348958328125 0.9240740734375 0.45
1 0.9898148140625 0.45677083281249997 0.99444444375 0.4583333328125 0.9990740734375001 0.4583333328125 0.9990740734375001 0.4296875 0.9953703703125001 0.4296875 0.9888888890624999 0.4322916671875 0.984259259375 0.4375 0.9851851859374999 0.4515625 0.9898148140625 0.45677083281249997
1 0 0.4703125 0.0120370375 0.46770833281249996 0.015740740625 0.4604166671875 0.013888889062500001 0.4458333328125 0.003703703125 0.44114583281249997 0 0.44114583281249997 0 0.4703125
1 0.027777778125000003 0.4692708328125 0.055555556250000006 0.46979166718750004 0.072222221875 0.46666666718750005 0.0759259265625 0.4609375 0.07685185156249999 0.4515625 0.0740740734375 0.4447916671875 0.0648148140625 0.4401041671875 0.0546296296875 0.43958333281249995 0.047222221875 0.43958333281249995 0.0296296296875 0.440625 0.0203703703125 0.446875 0.0203703703125 0.4635416671875 0.027777778125000003 0.4692708328125
1 0.08055555625000001 0.4625 0.0824074078125 0.465625 0.0898148140625 0.46875 0.12129629687500001 0.46875 0.127777778125 0.46770833281249996 0.1324074078125 0.46458333281249997 0.1351851859375 0.45885416718750005 0.1351851859375 0.446875 0.12870370312499999 0.44114583281249997 0.1148148140625 0.43854166718750004 0.1120370375 0.43854166718750004 0.0925925921875 0.43958333281249995 0.08425925937499999 0.4421875 0.08055555625000001 0.44635416718750004 0.08055555625000001 0.4625
1 0.146296296875 0.45208333281249996 0.1453703703125 0.4625 0.1481481484375 0.4661458328125 0.1574074078125 0.46875 0.18148148125000002 0.4671875 0.1888888890625 0.46302083281249995 0.190740740625 0.45885416718750005 0.1888888890625 0.44427083281249996 0.178703703125 0.43958333281249995 0.1546296296875 0.4401041671875 0.15370370312499998 0.43958333281249995 0.147222221875 0.4427083328125 0.1453703703125 0.4505208328125 0.1425925921875 0.45104166718750005 0.146296296875 0.45208333281249996
1 0.19444444375 0.45625 0.2018518515625 0.4661458328125 0.2101851859375 0.46770833281249996 0.23611111093749998 0.4671875 0.24814814843750002 0.46302083281249995 0.2509259265625 0.4583333328125 0.25 0.4453125 0.24722222187499998 0.44114583281249997 0.2398148140625 0.4380208328125 0.23456759218749998 0.4380208328125 0.20833333281250002 0.4380208328125 0.1981481484375 0.4421875 0.19444444375 0.44895833281249997 0.19444444375 0.45625
1 0.2629629625 0.465625 0.29351851875 0.46666666718750005 0.3 0.4661458328125 0.3083333328125 0.4625 0.3111111109375 0.4583333328125 0.3111111109375 0.446875 0.30740740781250003 0.44114583281249997 0.29907407343750003 0.4369791671875 0.29398148125 0.4369791671875 0.2638888890625 0.4380208328125 0.25833333281250004 0.44166666718750003 0.2546296296875 0.45520833281249995 0.2629629625 0.465625
1 0.31851851875000003 0.46302083281249995 0.3240740734375 0.465625 0.3611111109375 0.46510416718750003 0.36851851875 0.4604166671875 0.3703703703125 0.453125 0.36759259218749996 0.4421875 0.3611111109375 0.4369791671875 0.352777778125 0.43645833281249996 0.3453703703125 0.43645833281249996 0.32592592656249997 0.4369791671875 0.315740740625 0.4427083328125 0.3148148140625 0.45729166718750003 0.31851851875000003 0.46302083281249995
1 0.3731481484375 0.45104166718750005 0.3759259265625 0.459375 0.38055555625 0.46302083281249995 0.3861111109375 0.46458333281249997 0.4 0.46302083281249995 0.43518518593750005 0.4515625 0.440740740625 0.44739583281249995 0.440740740625 0.4421875 0.4361111109375 0.4369791671875 0.43055555625 0.4348958328125 0.4268518515625 0.4348958328125 0.3851851859375 0.43645833281249996 0.377777778125 0.4390625 0.3740740734375 0.44322916718750005 0.3731481484375 0.45104166718750005
0 0.42870370312499995 0.1708333328125 0.434259259375 0.171875 0.4601851859375 0.17135416718750002 0.46481481406249997 0.1671875 0.46666666718750005 0.1515625 0.4620370375 0.1484375 0.45 0.146875 0.44398148125 0.146875 0.43055555625 0.1473958328125 0.42129629687500003 0.1526041671875 0.42222222187499997 0.165625 0.42870370312499995 0.1708333328125
0 0.434259259375 0.20052083281250002 0.45648148125 0.1994791671875 0.46388888906250003 0.19479166718750002 0.46481481406249997 0.1796875 0.46296296249999996 0.1765625 0.4546296296875 0.1739583328125 0.44976851875 0.1739583328125 0.43518518593750005 0.1739583328125 0.4240740734375 0.1796875 0.42592592656250006 0.19375 0.434259259375 0.20052083281250002
0 0.42870370312499995 0.221875 0.43333333281249997 0.23125 0.44166666718750003 0.234375 0.4509259265625 0.234375 0.4583333328125 0.2328125 0.4601851859375 0.23072916718749997 0.46388888906250003 0.20989583281250002 0.4620370375 0.20677083281250003 0.45555555625000005 0.2036458328125 0.45 0.2036458328125 0.43518518593750005 0.20416666718749998 0.43055555625 0.20677083281250003 0.427777778125 0.21197916718749998 0.42870370312499995 0.221875
0 0.440740740625 0.275 0.447222221875 0.2765625 0.459259259375 0.2723958328125 0.4611111109375 0.2677083328125 0.4611111109375 0.24635416718749997 0.459259259375 0.240625 0.45370370312499997 0.23802083281250003 0.4481481484375 0.23802083281250003 0.4379629625 0.2390625 0.43333333281249997 0.24583333281250003 0.4361111109375 0.2708333328125 0.440740740625 0.275
0 0.4379629625 0.315625 0.45 0.31979166718749996 0.4583333328125 0.3166666671875 0.4620370375 0.31197916718749996 0.4620370375 0.28854166718749996 0.459259259375 0.2828125 0.45185185156249996 0.2802083328125 0.44629629687500005 0.2802083328125 0.43981481406249995 0.28125 0.4361111109375 0.2859375 0.4361111109375 0.30625 0.4379629625 0.315625
0 0.44259259218749997 0.3614583328125 0.4481481484375 0.3630208328125 0.4620370375 0.359375 0.46481481406249997 0.353125 0.46388888906250003 0.3307291671875 0.4601851859375 0.3260416671875 0.45185185156249996 0.3234375 0.4481481484375 0.3234375 0.44166666718750003 0.3244791671875 0.4370370375 0.3296875 0.4379629625 0.35625 0.44259259218749997 0.3614583328125
0 0.44351851875000003 0.4057291671875 0.4509259265625 0.4067708328125 0.46296296249999996 0.40520833281249996 0.46666666718750005 0.3963541671875 0.46388888906250003 0.3708333328125 0.45555555625000005 0.36666666718749996 0.4509259265625 0.36666666718749996 0.44259259218749997 0.36770833281250004 0.4379629625 0.3729166671875 0.43981481406249995 0.4010416671875 0.44351851875000003 0.4057291671875
0 0.4546296296875 0.44635416718750004 0.4675925921875 0.44739583281249995 0.4768518515625 0.44322916718750005 0.478703703125 0.43854166718750004 0.46851851875 0.43177083281249995 0.465740740625 0.41510416718750004 0.4583333328125 0.4109375 0.45370370312499997 0.4109375 0.44629629687500005 0.41197916718750005 0.440740740625 0.41510416718750004 0.43981481406249995 0.43541666718750005 0.4546296296875 0.44635416718750004
0 0.60555555625 0.446875 0.6555555562500001 0.446875 0.6666666671875 0.4453125 0.671296296875 0.4421875 0.66944444375 0.4348958328125 0.6620370375 0.4322916671875 0.6240740734375 0.4322916671875 0.6180555562500001 0.4322916671875 0.603703703125 0.43385416718750003 0.6 0.4359375 0.5990740734375 0.4421875 0.60555555625 0.446875
0 0.771296296875 0.4453125 0.8166666671874999 0.4458333328125 0.8453703703125001 0.45104166718750005 0.853703703125 0.44739583281249995 0.85648148125 0.44427083281249996 0.85648148125 0.4375 0.8490740734375001 0.4322916671875 0.8416666671874999 0.43072916718750004 0.8027777781250001 0.4302083328125 0.8018518515625 0.4302083328125 0.7666666671875 0.43177083281249995 0.7620370375000001 0.43541666718750005 0.7638888890625 0.4427083328125 0.771296296875 0.4453125