1 0.5694444437499999 0.4479166671875 0.577777778125 0.44375 0.5768518515625 0.4369791671875 0.56851851875 0.43385416718750003 0.5148148140625 0.43333333281249997 0.5129629625 0.43333333281249997 0.4796296296875 0.434375 0.47592592656250005 0.4380208328125 0.478703703125 0.44739583281249995 0.5694444437499999 0.4479166671875
1 0.678703703125 0.44635416718750004 0.75555555625 0.4458333328125 0.7675925921875 0.4447916671875 0.775 0.44114583281249997 0.7740740734375 0.43541666718750005 0.7629629625 0.43125 0.7101851859375 0.43072916718750004 0.7074074078125 0.43072916718750004 0.6768518515624999 0.4322916671875 0.671296296875 0.4369791671875 0.672222221875 0.44322916718750005 0.678703703125 0.44635416718750004
1 0.8240740734375 0.44739583281249995 0.8379629625 0.4515625 0.8462962968750001 0.45208333281249996 0.8518518515625001 0.44947916718750003 0.85555555625 0.43854166718750004 0.853703703125 0.434375 0.8490740734375001 0.43177083281249995 0.8120370375 0.43072916718750004 0.8055555562500001 0.43072916718750004 0.796296296875 0.434375 0.796296296875 0.44114583281249997 0.8 0.44427083281249996 0.8240740734375 0.44739583281249995
1 0.9481481484375 0.4515625 0.953703703125 0.45729166718750003 0.9629629625 0.4583333328125 0.9703703703125001 0.45729166718750003 0.9740740734375001 0.4546875 0.975 0.4380208328125 0.9703703703125001 0.4322916671875 0.959259259375 0.43072916718750004 0.9583333328125001 0.43072916718750004 0.9472222218749999 0.4348958328125 0.9481481484375 0.43958333281249995 0.9453703703125 0.44322916718750005 0.9481481484375 0.4515625
1 0 0.46875 0.003703703125 0.4682291671875 0.009259259374999999 0.4635416671875 0.0111111109375 0.45208333281249996 0.0083333328125 0.4458333328125 0.0018518515625 0.4421875 0 0.4421875 0 0.46875
1 0.0166666671875 0.4609375 0.0231481484375 0.4692708328125 0.0351851859375 0.47083333281249995 0.052777778124999994 0.4703125 0.0638888890625 0.4682291671875 0.06944444375 0.4609375 0.06944444375 0.44895833281249997 0.0648148140625 0.44322916718750005 0.0574074078125 0.44114583281249997 0.052777778124999994 0.44114583281249997 0.028703703125 0.44166666718750003 0.0203703703125 0.44427083281249996 0.0166666671875 0.45 0.0166666671875 0.4609375
1 0.08148148125 0.4682291671875 0.0888888890625 0.46979166718750004 0.1175925921875 0.46875 0.12870370312499999 0.46197916718750004 0.1296296296875 0.45208333281249996 0.1268518515625 0.44375 0.1166666671875 0.4401041671875 0.10185185156250001 0.4401041671875 0.0981481484375 0.4401041671875 0.08518518593749999 0.44114583281249997 0.075 0.44635416718750004 0.075 0.46302083281249995 0.08148148125 0.4682291671875
1 0.13333333281249998 0.45885416718750005 0.13981481406250001 0.4671875 0.1546296296875 0.46875 0.1768518515625 0.4682291671875 0.1861111109375 0.46458333281249997 0.1898148140625 0.459375 0.1888888890625 0.446875 0.1870370375 0.44322916718750005 0.1768518515625 0.43854166718750004 0.172222221875 0.43854166718750004 0.1490740734375 0.43854166718750004 0.1379629625 0.4421875 0.13333333281249998 0.4484375 0.13333333281249998 0.45885416718750005
1 0.1981481484375 0.46510416718750003 0.20277777812500003 0.4671875 0.23611111093749998 0.4671875 0.2453703703125 0.4635416671875 0.24907407343750002 0.4583333328125 0.24814814843750002 0.4453125 0.2453703703125 0.44166666718750003 0.23611111093749998 0.4380208328125 0.23148148124999998 0.4380208328125 0.20833333281250002 0.4380208328125 0.196296296875 0.4427083328125 0.19351851874999998 0.4578125 0.1981481484375 0.46510416718750003
1 0.25740740781250004 0.46458333281249997 0.2629629625 0.46666666718750005 0.29814814843750004 0.465625 0.3046296296875 0.4604166671875 0.3046296296875 0.44322916718750005 0.29907407343750003 0.43854166718750004 0.2870370375 0.4369791671875 0.2851851859375 0.4369791671875 0.2629629625 0.4380208328125 0.2546296296875 0.4427083328125 0.253703703125 0.459375 0.25740740781250004 0.46458333281249997
1 0.3111111109375 0.45677083281249997 0.3203703703125 0.465625 0.34629629687499996 0.4661458328125 0.3620370375 0.46302083281249995 0.365740740625 0.4578125 0.365740740625 0.4447916671875 0.36296296250000004 0.4401041671875 0.353703703125 0.4369791671875 0.34861111093749997 0.4369791671875 0.3231481484375 0.4369791671875 0.3138888890625 0.440625 0.3111111109375 0.4458333328125 0.3111111109375 0.45677083281249997
1 0.377777778125 0.4635416671875 0.3898148140625 0.46510416718750003 0.40092592656250003 0.46302083281249995 0.43055555625 0.45208333281249996 0.43518518593750005 0.44739583281249995 0.43518518593750005 0.44375 0.43055555625 0.4380208328125 0.4240740734375 0.4359375 0.41851851875 0.4359375 0.38703703749999996 0.43645833281249996 0.3740740734375 0.43958333281249995 0.3703703703125 0.45208333281249996 0.377777778125 0.4635416671875
0 0.44629629687500005 0.446875 0.4611111109375 0.4479166671875 0.46944444374999994 0.4447916671875 0.471296296875 0.43541666718750005 0.4675925921875 0.43072916718750004 0.465740740625 0.4166666671875 0.45555555625000005 0.4125 0.45370370312499997 0.4125 0.44166666718750003 0.415625 0.4379629625 0.43958333281249995 0.44166666718750003 0.4447916671875 0.44629629687500005 0.446875
0 0.4481481484375 0.365625 0.4574074078125 0.3645833328125 0.46388888906250003 0.3583333328125 0.46296296249999996 0.3317708328125 0.4601851859375 0.328125 0.45277777812500003 0.3260416671875 0.44629629687500005 0.3260416671875 0.4379629625 0.3296875 0.4370370375 0.353125 0.4388888890625 0.3614583328125 0.4481481484375 0.365625
0 0.44444444375 0.4078125 0.45648148125 0.409375 0.465740740625 0.4036458328125 0.465740740625 0.3802083328125 0.4620370375 0.371875 0.45185185156249996 0.3692708328125 0.45 0.3692708328125 0.440740740625 0.371875 0.4379629625 0.3765625 0.4388888890625 0.4015625 0.44444444375 0.4078125
0 0.60555555625 0.4479166671875 0.6620370375 0.446875 0.6666666671875 0.44166666718750003 0.6648148140625 0.4348958328125 0.659259259375 0.4328125 0.6388888890625 0.4322916671875 0.6379629625 0.4322916671875 0.6 0.43385416718750003 0.5935185187500001 0.4390625 0.5962962968750001 0.4453125 0.60555555625 0.4479166671875
0 0.859259259375 0.4526041671875 0.8638888890624999 0.45416666718750004 0.896296296875 0.45416666718750004 0.9120370375 0.45 0.9148148140625001 0.45104166718750005 0.9111111109375001 0.45520833281249995 0.91944444375 0.45677083281249997 0.921296296875 0.4526041671875 0.9305555562500001 0.4484375 0.9351851859375 0.44375 0.9351851859375 0.43541666718750005 0.9277777781250001 0.43125 0.8990740734375 0.4302083328125 0.890740740625 0.4302083328125 0.872222221875 0.43072916718750004 0.8620370375 0.4348958328125 0.8574074078124999 0.44322916718750005 0.859259259375 0.4526041671875
0 0.9824074078124999 0.453125 0.9861111109375 0.45729166718750003 0.9925925921875001 0.45885416718750005 0.9990740734375001 0.45885416718750005 0.9990740734375001 0.4296875 0.996296296875 0.4296875 0.9898148140625 0.4302083328125 0.984259259375 0.4328125 0.98055555625 0.4427083328125 0.9824074078124999 0.453125
0 0.4203703703125 0.1369791671875 0.42129629687500003 0.1458333328125 0.427777778125 0.1473958328125 0.46388888906250003 0.14791666718750002 0.46666666718750005 0.1463541671875 0.4675925921875 0.1348958328125 0.46296296249999996 0.13229166718750002 0.4620370375 0.1317708328125 0.44444444375 0.1338541671875 0.43148148124999997 0.13229166718750002 0.42314814843750004 0.1348958328125 0.4203703703125 0.1369791671875
0 0.425 0.17239583281249998 0.43055555625 0.175 0.459259259375 0.175 0.46388888906250003 0.17239583281249998 0.46666666718750005 0.1552083328125 0.46481481406249997 0.1520833328125 0.45648148125 0.14895833281249998 0.4516203703125 0.14895833281249998 0.43333333281249997 0.1494791671875 0.42129629687500003 0.1536458328125 0.42129629687500003 0.1661458328125 0.425 0.17239583281249998
0 0.43518518593750005 0.20416666718749998 0.4583333328125 0.20416666718749998 0.4620370375 0.20208333281250002 0.46481481406249997 0.1942708328125 0.46388888906250003 0.1807291671875 0.4574074078125 0.1776041671875 0.44351851875000003 0.1765625 0.44259259218749997 0.1765625 0.43240740781250003 0.1776041671875 0.425 0.1822916671875 0.42592592656250006 0.19583333281249998 0.43518518593750005 0.20416666718749998
0 0.43055555625 0.23072916718749997 0.4361111109375 0.23697916718749998 0.44259259218749997 0.2390625 0.4509259265625 0.23854166718749997 0.4611111109375 0.2322916671875 0.46296296249999996 0.2125 0.4601851859375 0.20833333281250002 0.4546296296875 0.20677083281250003 0.4496916671875 0.20677083281250003 0.43518518593750005 0.20729166718749997 0.4296296296875 0.2114583328125 0.427777778125 0.22135416718749998 0.43055555625 0.23072916718749997
0 0.43981481406249995 0.2770833328125 0.4509259265625 0.278125 0.4583333328125 0.2755208328125 0.4611111109375 0.2708333328125 0.4611111109375 0.25 0.4583333328125 0.2442708328125 0.45 0.2416666671875 0.44259259218749997 0.2416666671875 0.4370370375 0.24375 0.43333333281249997 0.2494791671875 0.434259259375 0.2692708328125 0.43981481406249995 0.2770833328125
0 0.4388888890625 0.31875 0.44907407343749994 0.3223958328125 0.459259259375 0.3192708328125 0.46296296249999996 0.3104166671875 0.4611111109375 0.28854166718749996 0.459259259375 0.2854166671875 0.45185185156249996 0.2828125 0.4453703703125 0.2828125 0.4379629625 0.2854166671875 0.4361111109375 0.28958333281250004 0.4361111109375 0.3140625 0.4388888890625 0.31875