0 0.4268518515625 0.1510416671875 0.4583333328125 0.1510416671875 0.46481481406249997 0.1484375 0.4675925921875 0.1447916671875 0.46666666718750005 0.1369791671875 0.4481481484375 0.13333333281249998 0.447222221875 0.1328125 0.427777778125 0.1359375 0.42129629687500003 0.1385416671875 0.42129629687500003 0.14791666718750002 0.4268518515625 0.1510416671875
0 0.4240740734375 0.1755208328125 0.427777778125 0.17916666718750002 0.43333333281249997 0.18020833281249998 0.4583333328125 0.1796875 0.465740740625 0.1739583328125 0.465740740625 0.159375 0.4611111109375 0.1552083328125 0.44166666718750003 0.1541666671875 0.4370370375 0.1541666671875 0.427777778125 0.15572916718750002 0.42222222187499997 0.1609375 0.42129629687500003 0.1697916671875 0.4240740734375 0.1755208328125
0 0.43518518593750005 0.2109375 0.459259259375 0.2109375 0.46388888906250003 0.20677083281250003 0.465740740625 0.1994791671875 0.46388888906250003 0.1848958328125 0.45555555625000005 0.1817708328125 0.43981481406249995 0.18125 0.4379629625 0.18125 0.43055555625 0.1828125 0.425 0.18697916718750002 0.427777778125 0.20572916718749998 0.43518518593750005 0.2109375
0 0.44259259218749997 0.246875 0.4546296296875 0.24635416718749997 0.459259259375 0.24375 0.4620370375 0.23802083281250003 0.46296296249999996 0.2208333328125 0.459259259375 0.215625 0.45185185156249996 0.21354166718749998 0.446759259375 0.21354166718749998 0.43518518593750005 0.21510416718749997 0.4296296296875 0.2203125 0.43333333281249997 0.2421875 0.44259259218749997 0.246875
0 0.44259259218749997 0.28958333281250004 0.4509259265625 0.2901041671875 0.4601851859375 0.2854166671875 0.4620370375 0.265625 0.459259259375 0.2541666671875 0.44907407343749994 0.2510416671875 0.4453703703125 0.2510416671875 0.4361111109375 0.2557291671875 0.434259259375 0.27291666718749996 0.4379629625 0.2869791671875 0.44259259218749997 0.28958333281250004
0 0.44259259218749997 0.3328125 0.4509259265625 0.334375 0.4601851859375 0.33125 0.46296296249999996 0.3270833328125 0.4620370375 0.3005208328125 0.4601851859375 0.296875 0.45185185156249996 0.2942708328125 0.4509259265625 0.29375 0.4388888890625 0.29635416718749996 0.4361111109375 0.3046875 0.4379629625 0.3291666671875 0.44259259218749997 0.3328125
0 0.44166666718750003 0.37552083281250004 0.44907407343749994 0.378125 0.4601851859375 0.3760416671875 0.46481481406249997 0.3708333328125 0.46388888906250003 0.34375 0.4620370375 0.3411458328125 0.45277777812500003 0.3375 0.4481481484375 0.3375 0.43981481406249995 0.340625 0.4379629625 0.34375 0.4379629625 0.3692708328125 0.44166666718750003 0.37552083281250004
0 0.44351851875000003 0.4203125 0.45 0.4223958328125 0.4611111109375 0.4213541671875 0.46666666718750005 0.41614583281249995 0.46481481406249997 0.3869791671875 0.4620370375 0.3838541671875 0.45555555625000005 0.38229166718749996 0.45 0.38229166718749996 0.44259259218749997 0.3838541671875 0.4388888890625 0.390625 0.440740740625 0.4166666671875 0.44351851875000003 0.4203125
0 0.459259259375 0.4479166671875 0.4990740734375 0.4484375 0.50555555625 0.44739583281249995 0.509259259375 0.4447916671875 0.5101851859375001 0.43958333281249995 0.5046296296875 0.4359375 0.497222221875 0.434375 0.47407407343749997 0.4348958328125 0.459259259375 0.42552083281249997 0.45185185156249996 0.42552083281249997 0.4453703703125 0.42760416718750005 0.44259259218749997 0.43177083281249995 0.45277777812500003 0.44427083281249996 0.459259259375 0.4479166671875
0 0.6453703703125 0.446875 0.6944444437499999 0.44635416718750004 0.7018518515625 0.4458333328125 0.7083333328125 0.4427083328125 0.7083333328125 0.43645833281249996 0.7009259265625001 0.4322916671875 0.6546296296875 0.43177083281249995 0.652777778125 0.43177083281249995 0.6398148140625 0.43385416718750003 0.6361111109375 0.4380208328125 0.6388888890625 0.44427083281249996 0.6453703703125 0.446875
0 0.8666666671875 0.4557291671875 0.8759259265624999 0.4526041671875 0.88055555625 0.4484375 0.88055555625 0.4375 0.872222221875 0.4322916671875 0.85 0.43072916718750004 0.8490740734375001 0.43072916718750004 0.8361111109375001 0.43541666718750005 0.8324074078124999 0.44739583281249995 0.85 0.45520833281249995 0.8666666671875 0.4557291671875
0 0.940740740625 0.459375 0.9620370375 0.45885416718750005 0.9666666671874999 0.4557291671875 0.9712962968750001 0.43541666718750005 0.9666666671874999 0.43072916718750004 0.9611111109375001 0.4302083328125 0.9550925921875001 0.4302083328125 0.94351851875 0.43177083281249995 0.9361111109375001 0.4390625 0.9324074078125 0.4546875 0.940740740625 0.459375
1 0 0.4703125 0.003703703125 0.4703125 0.0101851859375 0.46875 0.0148148140625 0.4640625 0.015740740625 0.44947916718750003 0.0120370375 0.44427083281249996 0.0009259265625 0.44114583281249997 0 0.44114583281249997 0 0.4703125
1 0.0203703703125 0.4625 0.027777778125000003 0.4692708328125 0.052777778124999994 0.4703125 0.072222221875 0.4671875 0.07685185156249999 0.4609375 0.07685185156249999 0.4484375 0.0731481484375 0.44375 0.0629629625 0.4401041671875 0.0576388890625 0.4401041671875 0.0324074078125 0.440625 0.022222221875 0.4458333328125 0.019444443750000002 0.4505208328125 0.0203703703125 0.4625
1 0.0916666671875 0.4692708328125 0.12407407343750002 0.46875 0.1324074078125 0.465625 0.1351851859375 0.4604166671875 0.1351851859375 0.44635416718750004 0.1296296296875 0.44166666718750003 0.11944444375 0.4390625 0.1129629625 0.4390625 0.0916666671875 0.4401041671875 0.08148148125 0.4458333328125 0.08148148125 0.46302083281249995 0.0916666671875 0.4692708328125
1 0.1416666671875 0.4640625 0.1490740734375 0.4682291671875 0.1768518515625 0.46875 0.190740740625 0.465625 0.19444444375 0.45989583281249996 0.19351851874999998 0.4453125 0.1898148140625 0.44114583281249997 0.177777778125 0.4380208328125 0.1740740734375 0.4380208328125 0.15 0.4390625 0.140740740625 0.4447916671875 0.13888888906250002 0.45885416718750005 0.1416666671875 0.4640625
1 0.21111111093749999 0.46770833281249996 0.2398148140625 0.46770833281249996 0.25 0.4640625 0.253703703125 0.45885416718750005 0.2518518515625 0.4427083328125 0.240740740625 0.4380208328125 0.21944444375 0.4380208328125 0.2138888890625 0.4380208328125 0.2046296296875 0.4401041671875 0.1990740734375 0.44635416718750004 0.2 0.46302083281249995 0.21111111093749999 0.46770833281249996
1 0.2629629625 0.4640625 0.2675925921875 0.4661458328125 0.3 0.46666666718750005 0.3111111109375 0.46302083281249995 0.3138888890625 0.4578125 0.3120370375 0.4427083328125 0.30648148124999997 0.43854166718750004 0.29907407343750003 0.4369791671875 0.2953703703125 0.4369791671875 0.26944444375 0.4380208328125 0.2601851859375 0.44322916718750005 0.25833333281250004 0.45677083281249997 0.2629629625 0.4640625
1 0.32685185156249996 0.465625 0.3638888890625 0.465625 0.3731481484375 0.4614583328125 0.3731481484375 0.4447916671875 0.36759259218749996 0.43854166718750004 0.3611111109375 0.43645833281249996 0.3583333328125 0.43645833281249996 0.32777777812500003 0.4375 0.3203703703125 0.44114583281249997 0.31759259218749997 0.45677083281249997 0.32685185156249996 0.465625
1 0.38055555625 0.45989583281249996 0.3898148140625 0.4635416671875 0.4 0.46302083281249995 0.44629629687500005 0.4484375 0.4481481484375 0.4427083328125 0.4453703703125 0.43854166718750004 0.4388888890625 0.43541666718750005 0.43379629687500004 0.43541666718750005 0.38703703749999996 0.4369791671875 0.38148148125 0.43854166718750004 0.3759259265625 0.446875 0.38055555625 0.45989583281249996
1 0.5203703703125 0.44739583281249995 0.5268518515625 0.4484375 0.56851851875 0.4484375 0.6120370375 0.44739583281249995 0.621296296875 0.44322916718750005 0.622222221875 0.4390625 0.6148148140624999 0.434375 0.5527777781250001 0.43333333281249997 0.5518518515624999 0.43333333281249997 0.5203703703125 0.4348958328125 0.515740740625 0.4390625 0.5166666671875 0.44427083281249996 0.5203703703125 0.44739583281249995
1 0.7203703703125 0.4453125 0.727777778125 0.44635416718750004 0.775 0.44635416718750004 0.8101851859375 0.4458333328125 0.81851851875 0.44114583281249997 0.81851851875 0.4348958328125 0.8101851859375 0.43125 0.772222221875 0.4302083328125 0.7703703703125 0.4302083328125 0.7240740734375 0.43125 0.7148148140624999 0.43541666718750005 0.715740740625 0.4421875 0.7203703703125 0.4453125
1 0.8925925921875001 0.44895833281249997 0.9231481484374999 0.4505208328125 0.93148148125 0.4427083328125 0.93148148125 0.4348958328125 0.91944444375 0.4302083328125 0.9140740734374999 0.4302083328125 0.8925925921875001 0.4302083328125 0.8879629625 0.4328125 0.8861111109375001 0.44375 0.8925925921875001 0.44895833281249997
1 0.9953703703125001 0.459375 0.9990740734375001 0.4583333328125 0.9990740734375001 0.4359375 0.990740740625 0.434375 0.9851851859374999 0.434375 0.975 0.4401041671875 0.9731481484375 0.4536458328125 0.978703703125 0.4583333328125 0.9953703703125001 0.459375