1 0.5722222218749999 0.4479166671875 0.65 0.44739583281249995 0.6611111109375 0.44635416718750004 0.6675925921875 0.44322916718750005 0.6675925921875 0.43645833281249996 0.6601851859375001 0.4328125 0.6083333328125 0.4328125 0.6074074078125 0.4322916671875 0.5694444437499999 0.434375 0.565740740625 0.4380208328125 0.5675925921875 0.4458333328125 0.5722222218749999 0.4479166671875
1 0.7666666671875 0.4453125 0.8175925921875 0.44635416718750004 0.8370370375 0.4505208328125 0.8453703703125001 0.4505208328125 0.8546296296874999 0.4427083328125 0.852777778125 0.43541666718750005 0.8416666671874999 0.43125 0.7805555562500001 0.43072916718750004 0.7759259265625 0.43072916718750004 0.7675925921875 0.43125 0.7611111109375 0.43541666718750005 0.7611111109375 0.440625 0.7666666671875 0.4453125
1 0.93148148125 0.45677083281249997 0.9379629625 0.45885416718750005 0.9666666671874999 0.4583333328125 0.977777778125 0.4505208328125 0.9768518515625001 0.4380208328125 0.9675925921875 0.43125 0.9601851859374999 0.4302083328125 0.9552472218749999 0.4302083328125 0.9305555562500001 0.4302083328125 0.922222221875 0.4348958328125 0.922222221875 0.4479166671875 0.93148148125 0.45677083281249997
1 0.403703703125 0.4614583328125 0.44166666718750003 0.44947916718750003 0.46296296249999996 0.4484375 0.4703703703125 0.4458333328125 0.471296296875 0.4427083328125 0.46666666718750005 0.4390625 0.45 0.4380208328125 0.43518518593750005 0.4348958328125 0.43333333281249997 0.4348958328125 0.39074074062499997 0.4375 0.384259259375 0.446875 0.39074074062499997 0.4578125 0.403703703125 0.4614583328125
1 0.33055555625 0.4583333328125 0.3379629625 0.46510416718750003 0.3703703703125 0.465625 0.38055555625 0.4625 0.384259259375 0.45625 0.38055555625 0.4427083328125 0.375 0.4375 0.36851851875 0.43645833281249996 0.3601851859375 0.43645833281249996 0.3416666671875 0.4369791671875 0.3361111109375 0.43854166718750004 0.33148148125 0.4427083328125 0.33055555625 0.4583333328125
1 0.27777777812500004 0.46510416718750003 0.28611111093749997 0.46666666718750005 0.30740740781250003 0.46666666718750005 0.315740740625 0.4661458328125 0.322222221875 0.4635416671875 0.32685185156249996 0.4578125 0.32685185156249996 0.4479166671875 0.3240740734375 0.44166666718750003 0.3148148140625 0.4369791671875 0.309259259375 0.4369791671875 0.28055555625 0.4380208328125 0.2731481484375 0.4427083328125 0.2703703703125 0.45625 0.27777777812500004 0.46510416718750003
1 0.209259259375 0.45520833281249995 0.2166666671875 0.465625 0.2259259265625 0.46770833281249996 0.253703703125 0.4671875 0.2638888890625 0.4635416671875 0.2675925921875 0.4557291671875 0.26574074062499997 0.4447916671875 0.2629629625 0.44114583281249997 0.2518518515625 0.4375 0.2509259265625 0.4375 0.22314814843750003 0.43854166718750004 0.2138888890625 0.44166666718750003 0.2101851859375 0.446875 0.209259259375 0.45520833281249995
1 0.15092592656249998 0.459375 0.1546296296875 0.465625 0.1611111109375 0.4682291671875 0.19351851874999998 0.4682291671875 0.20277777812500003 0.46458333281249997 0.20555555625 0.4609375 0.20648148125 0.4479166671875 0.20277777812500003 0.4421875 0.1916666671875 0.4380208328125 0.177777778125 0.4380208328125 0.1768518515625 0.4380208328125 0.1620370375 0.4390625 0.15555555625 0.44166666718750003 0.1518518515625 0.44635416718750004 0.15092592656249998 0.459375
1 0.0990740734375 0.4682291671875 0.1074074078125 0.4692708328125 0.13703703750000001 0.4682291671875 0.1425925921875 0.4661458328125 0.146296296875 0.4609375 0.146296296875 0.446875 0.1425925921875 0.4421875 0.13703703750000001 0.4401041671875 0.1175925921875 0.4390625 0.1120370375 0.4390625 0.0990740734375 0.440625 0.0925925921875 0.4458333328125 0.0916666671875 0.4635416671875 0.0990740734375 0.4682291671875
1 0.0361111109375 0.46770833281249996 0.04351851875 0.46979166718750004 0.0759259265625 0.4692708328125 0.08518518593749999 0.46510416718750003 0.08796296249999999 0.453125 0.08518518593749999 0.4447916671875 0.08055555625000001 0.44166666718750003 0.06944444375 0.43958333281249995 0.061111110937500004 0.43958333281249995 0.040740740625 0.440625 0.03148148125 0.446875 0.03148148125 0.4625 0.0361111109375 0.46770833281249996
1 0 0.47083333281249995 0.013888889062500001 0.4703125 0.025 0.465625 0.0259259265625 0.44635416718750004 0.019444443750000002 0.4421875 0.013888889062500001 0.44114583281249997 0.009259259374999999 0.44114583281249997 0 0.44114583281249997 0 0.47083333281249995
0 0.4981481484375 0.4484375 0.55 0.4484375 0.5601851859375 0.4447916671875 0.5611111109375 0.43958333281249995 0.5546296296875 0.434375 0.50648148125 0.43333333281249997 0.5046296296875 0.43333333281249997 0.4953703703125 0.434375 0.4888888890625 0.43854166718750004 0.490740740625 0.4458333328125 0.4981481484375 0.4484375
0 0.6861111109375 0.44322916718750005 0.6944444437499999 0.44635416718750004 0.70648148125 0.446875 0.7416666671875001 0.44635416718750004 0.7518518515625 0.44427083281249996 0.75555555625 0.4375 0.7481481484375 0.43125 0.7194444437499999 0.43125 0.7145833328125 0.43125 0.7 0.43125 0.6888888890625 0.43385416718750003 0.684259259375 0.43854166718750004 0.6861111109375 0.44322916718750005
0 0.872222221875 0.453125 0.88055555625 0.453125 0.9046296296874999 0.44895833281249997 0.9129629625 0.4447916671875 0.9148148140625001 0.44166666718750003 0.9148148140625001 0.4348958328125 0.9111111109375001 0.4328125 0.9046296296874999 0.43072916718750004 0.88148148125 0.43072916718750004 0.8796296296874999 0.43072916718750004 0.8648148140625 0.43385416718750003 0.8601851859374999 0.43958333281249995 0.8611111109375 0.4484375 0.872222221875 0.453125
0 0.997222221875 0.45885416718750005 0.9990740734375001 0.4296875 0.997222221875 0.4296875 0.984259259375 0.43645833281249996 0.9824074078124999 0.446875 0.9879629624999999 0.4557291671875 0.997222221875 0.45885416718750005
0 0.427777778125 0.128125 0.42314814843750004 0.1328125 0.4240740734375 0.1369791671875 0.43333333281249997 0.1395833328125 0.4620370375 0.1395833328125 0.4675925921875 0.1359375 0.46851851875 0.13229166718750002 0.465740740625 0.1244791671875 0.46388888906250003 0.1244791671875 0.4583333328125 0.1286458328125 0.4509259265625 0.1302083328125 0.44259259218749997 0.1307291671875 0.427777778125 0.128125
0 0.4268518515625 0.1640625 0.43333333281249997 0.165625 0.45648148125 0.1651041671875 0.46296296249999996 0.1630208328125 0.46666666718750005 0.1578125 0.4675925921875 0.1494791671875 0.4620370375 0.1442708328125 0.4546296296875 0.1432291671875 0.4495370375 0.1432291671875 0.434259259375 0.1432291671875 0.42314814843750004 0.146875 0.42129629687500003 0.15677083281249998 0.4268518515625 0.1640625
0 0.43333333281249997 0.19479166718750002 0.4611111109375 0.19479166718750002 0.46388888906250003 0.1916666671875 0.46481481406249997 0.1729166671875 0.46296296249999996 0.1708333328125 0.45185185156249996 0.1682291671875 0.4459879625 0.1682291671875 0.434259259375 0.1682291671875 0.425 0.1729166671875 0.425 0.1890625 0.43333333281249997 0.19479166718750002
0 0.43518518593750005 0.2265625 0.44259259218749997 0.228125 0.4574074078125 0.2260416671875 0.46296296249999996 0.2192708328125 0.46388888906250003 0.2026041671875 0.4620370375 0.2 0.45370370312499997 0.1973958328125 0.44845648125000004 0.1973958328125 0.43333333281249997 0.1984375 0.427777778125 0.20416666718749998 0.42870370312499995 0.2208333328125 0.43518518593750005 0.2265625
0 0.440740740625 0.265625 0.45185185156249996 0.26614583281250004 0.4583333328125 0.2640625 0.4601851859375 0.2614583328125 0.4620370375 0.2401041671875 0.4583333328125 0.23333333281250002 0.45185185156249996 0.23177083281250002 0.44444444375 0.2322916671875 0.44351851875000003 0.23177083281250002 0.4370370375 0.23333333281250002 0.43333333281249997 0.23697916718749998 0.434259259375 0.2567708328125 0.440740740625 0.265625
0 0.44444444375 0.309375 0.4583333328125 0.3078125 0.4620370375 0.3005208328125 0.4620370375 0.2791666671875 0.459259259375 0.271875 0.45555555625000005 0.2697916671875 0.45 0.2697916671875 0.4388888890625 0.2713541671875 0.4361111109375 0.2755208328125 0.4370370375 0.3036458328125 0.44444444375 0.309375
0 0.44166666718750003 0.3505208328125 0.447222221875 0.35208333281250004 0.4583333328125 0.35104166718749996 0.46388888906250003 0.34427083281250004 0.46388888906250003 0.321875 0.4601851859375 0.3166666671875 0.45370370312499997 0.3140625 0.447222221875 0.3140625 0.44259259218749997 0.3151041671875 0.4370370375 0.31979166718749996 0.4379629625 0.346875 0.44166666718750003 0.3505208328125
0 0.44444444375 0.3942708328125 0.45 0.3953125 0.4611111109375 0.39375 0.465740740625 0.3885416671875 0.46481481406249997 0.3614583328125 0.4601851859375 0.3578125 0.45185185156249996 0.35625 0.4481481484375 0.35625 0.4388888890625 0.3604166671875 0.4379629625 0.3802083328125 0.440740740625 0.39114583281250004 0.44444444375 0.3942708328125
0 0.45185185156249996 0.4359375 0.46666666718750005 0.43645833281249996 0.46666666718750005 0.4078125 0.46388888906250003 0.40208333281249997 0.45648148125 0.3994791671875 0.4481481484375 0.3994791671875 0.44166666718750003 0.40208333281249997 0.4388888890625 0.40729166718750004 0.440740740625 0.43125 0.45185185156249996 0.4359375