0 0.50555555625 0.4479166671875 0.5601851859375 0.4484375 0.5675925921875 0.44739583281249995 0.5722222218749999 0.4447916671875 0.5731481484375001 0.4380208328125 0.5675925921875 0.434375 0.5296296296875 0.43333333281249997 0.527777778125 0.43333333281249997 0.5120370375000001 0.43385416718750003 0.503703703125 0.4359375 0.5 0.4401041671875 0.50555555625 0.4479166671875
0 0.7083333328125 0.4453125 0.75555555625 0.4458333328125 0.7666666671875 0.4447916671875 0.772222221875 0.4421875 0.7731481484375 0.43541666718750005 0.7638888890625 0.43125 0.7166666671875 0.43072916718750004 0.7148148140624999 0.43072916718750004 0.703703703125 0.43385416718750003 0.7018518515625 0.4359375 0.702777778125 0.4427083328125 0.7083333328125 0.4453125
0 0.88055555625 0.44895833281249997 0.8879629625 0.4505208328125 0.921296296875 0.44895833281249997 0.928703703125 0.4421875 0.928703703125 0.4348958328125 0.9203703703125001 0.43072916718750004 0.9138888890624999 0.4302083328125 0.9083333328125001 0.4302083328125 0.8861111109375001 0.43072916718750004 0.8759259265624999 0.4348958328125 0.875 0.44322916718750005 0.88055555625 0.44895833281249997
0 0.9851851859374999 0.45885416718750005 0.990740740625 0.459375 0.9990740734375001 0.459375 0.9990740734375001 0.4296875 0.990740740625 0.4296875 0.98055555625 0.43072916718750004 0.975 0.4380208328125 0.977777778125 0.45520833281249995 0.9851851859374999 0.45885416718750005
0 0.44444444375 0.4359375 0.46296296249999996 0.4375 0.46851851875 0.43541666718750005 0.4675925921875 0.4125 0.46481481406249997 0.40520833281249996 0.4583333328125 0.4015625 0.45370370312499997 0.4015625 0.44351851875000003 0.40260416718750003 0.43981481406249995 0.4067708328125 0.43981481406249995 0.4322916671875 0.44444444375 0.4359375
0 0.42222222187499997 0.1364583328125 0.42870370312499995 0.14010416718750002 0.46666666718750005 0.1427083328125 0.46666666718750005 0.1276041671875 0.465740740625 0.1270833328125 0.4509259265625 0.1307291671875 0.42870370312499995 0.1291666671875 0.4240740734375 0.1307291671875 0.42222222187499997 0.1364583328125
0 0.425 0.1640625 0.43055555625 0.1666666671875 0.4601851859375 0.1661458328125 0.46481481406249997 0.1640625 0.46851851875 0.1541666671875 0.46481481406249997 0.1458333328125 0.459259259375 0.1442708328125 0.4361111109375 0.1432291671875 0.434259259375 0.1432291671875 0.4240740734375 0.1463541671875 0.42129629687500003 0.1494791671875 0.4203703703125 0.1541666671875 0.425 0.1640625
0 0.4296296296875 0.1942708328125 0.434259259375 0.19583333281249998 0.4583333328125 0.1953125 0.46388888906250003 0.1921875 0.465740740625 0.1765625 0.46388888906250003 0.1729166671875 0.45555555625000005 0.1697916671875 0.45069444374999995 0.1697916671875 0.43333333281249997 0.1703125 0.4240740734375 0.1760416671875 0.425 0.1890625 0.4296296296875 0.1942708328125
0 0.43518518593750005 0.2270833328125 0.44259259218749997 0.228125 0.45648148125 0.2270833328125 0.46296296249999996 0.2203125 0.46481481406249997 0.2046875 0.46296296249999996 0.2010416671875 0.45370370312499997 0.1979166671875 0.447222221875 0.1979166671875 0.43148148124999997 0.2 0.427777778125 0.20572916718749998 0.42870370312499995 0.22135416718749998 0.43518518593750005 0.2270833328125
0 0.44907407343749994 0.2677083328125 0.4601851859375 0.2635416671875 0.4620370375 0.2494791671875 0.459259259375 0.234375 0.4509259265625 0.23177083281250002 0.45 0.23177083281250002 0.4388888890625 0.2328125 0.43240740781250003 0.240625 0.4370370375 0.2640625 0.44907407343749994 0.2677083328125
0 0.4388888890625 0.3072916671875 0.4453703703125 0.3098958328125 0.4583333328125 0.3083333328125 0.4620370375 0.3026041671875 0.4620370375 0.2791666671875 0.459259259375 0.27395833281250004 0.45277777812500003 0.2713541671875 0.4453703703125 0.2713541671875 0.4388888890625 0.27291666718749996 0.4361111109375 0.278125 0.4361111109375 0.3026041671875 0.4388888890625 0.3072916671875
0 0.4509259265625 0.3546875 0.4574074078125 0.353125 0.46388888906250003 0.3473958328125 0.46388888906250003 0.321875 0.459259259375 0.3161458328125 0.4546296296875 0.3145833328125 0.44629629687500005 0.3145833328125 0.4370370375 0.31979166718749996 0.4370370375 0.3463541671875 0.43981481406249995 0.35104166718749996 0.4509259265625 0.3546875
0 0.44166666718750003 0.3953125 0.45 0.39791666718749996 0.4583333328125 0.3973958328125 0.46296296249999996 0.3953125 0.46666666718750005 0.3854166671875 0.46388888906250003 0.3619791671875 0.45555555625000005 0.3583333328125 0.447222221875 0.3583333328125 0.44166666718750003 0.35989583281250004 0.4379629625 0.3645833328125 0.4379629625 0.384375 0.44166666718750003 0.3953125
1 0.578703703125 0.4427083328125 0.5861111109375 0.44739583281249995 0.672222221875 0.44635416718750004 0.68148148125 0.44322916718750005 0.6833333328125 0.4390625 0.6805555562500001 0.4348958328125 0.6703703703125 0.43177083281249995 0.665740740625 0.43177083281249995 0.5990740734375 0.434375 0.5898148140624999 0.43333333281249997 0.5796296296875 0.43645833281249996 0.578703703125 0.4427083328125
1 0.7898148140625 0.4447916671875 0.81851851875 0.44635416718750004 0.85 0.4546875 0.8648148140625 0.4536458328125 0.8703703703125001 0.4458333328125 0.8703703703125001 0.43958333281249995 0.8675925921875001 0.43541666718750005 0.8574074078124999 0.43125 0.803703703125 0.43125 0.8027777781250001 0.43072916718750004 0.790740740625 0.43177083281249995 0.784259259375 0.434375 0.7833333328125 0.43958333281249995 0.7898148140625 0.4447916671875
1 0.93148148125 0.4526041671875 0.934259259375 0.45729166718750003 0.9453703703125 0.459375 0.9620370375 0.459375 0.9703703703125001 0.4546875 0.9703703703125001 0.4380208328125 0.965740740625 0.4328125 0.9518518515625001 0.43125 0.9509259265625 0.43072916718750004 0.9398148140625 0.43541666718750005 0.9416666671874999 0.440625 0.9351851859375 0.4427083328125 0.93148148125 0.4526041671875
1 0.396296296875 0.45677083281249997 0.4046296296875 0.459375 0.41203703750000004 0.45885416718750005 0.44259259218749997 0.44895833281249997 0.47592592656250005 0.4484375 0.4824074078125 0.44739583281249995 0.4861111109375 0.44322916718750005 0.48148148125 0.4380208328125 0.4703703703125 0.4375 0.45277777812500003 0.43958333281249995 0.43518518593750005 0.43541666718750005 0.43148148124999997 0.43541666718750005 0.4 0.43645833281249996 0.39444444375 0.4380208328125 0.39074074062499997 0.4447916671875 0.396296296875 0.45677083281249997
1 0.3333333328125 0.45625 0.340740740625 0.46458333281249997 0.36851851875 0.4661458328125 0.378703703125 0.465625 0.38703703749999996 0.4625 0.3898148140625 0.45989583281249996 0.3888888890625 0.44895833281249997 0.384259259375 0.4401041671875 0.3768518515625 0.43645833281249996 0.371296296875 0.43645833281249996 0.34444444375 0.4369791671875 0.33703703749999997 0.440625 0.3333333328125 0.446875 0.3333333328125 0.45625
1 0.2731481484375 0.4546875 0.27777777812500004 0.46302083281249995 0.2824074078125 0.465625 0.3138888890625 0.46666666718750005 0.32685185156249996 0.46302083281249995 0.33055555625 0.45520833281249995 0.3296296296875 0.4458333328125 0.32685185156249996 0.44114583281249997 0.31759259218749997 0.4369791671875 0.3101851859375 0.4369791671875 0.28611111093749997 0.4375 0.2768518515625 0.44166666718750003 0.2731481484375 0.4479166671875 0.2731481484375 0.4546875
1 0.2259259265625 0.46666666718750005 0.25555555625 0.4671875 0.26574074062499997 0.4635416671875 0.26851851875 0.45885416718750005 0.2675925921875 0.4427083328125 0.2601851859375 0.43854166718750004 0.24907407343750002 0.4375 0.24814814843750002 0.4375 0.22407407343750002 0.4390625 0.21851851875 0.44375 0.2166666671875 0.4578125 0.2259259265625 0.46666666718750005
1 0.1611111109375 0.46458333281249997 0.16851851874999998 0.4682291671875 0.2046296296875 0.4671875 0.2101851859375 0.4635416671875 0.21296296250000002 0.4546875 0.21296296250000002 0.44895833281249997 0.20833333281250002 0.44166666718750003 0.19537037031249999 0.4380208328125 0.177777778125 0.4380208328125 0.1768518515625 0.4380208328125 0.1648148140625 0.43958333281249995 0.1601851859375 0.44322916718750005 0.1574074078125 0.4583333328125 0.1611111109375 0.46458333281249997
1 0.0990740734375 0.4640625 0.1074074078125 0.46875 0.146296296875 0.46770833281249996 0.15370370312499998 0.4604166671875 0.1546296296875 0.45 0.1518518515625 0.44375 0.1453703703125 0.4401041671875 0.12407407343750002 0.43854166718750004 0.12222222187500001 0.43854166718750004 0.1074074078125 0.43958333281249995 0.10185185156250001 0.4421875 0.097222221875 0.4484375 0.0990740734375 0.4640625
1 0.0379629625 0.46458333281249997 0.04351851875 0.46875 0.075 0.46979166718750004 0.0861111109375 0.4682291671875 0.0916666671875 0.4640625 0.0925925921875 0.4458333328125 0.0861111109375 0.44114583281249997 0.0703703703125 0.43958333281249995 0.0629629625 0.43958333281249995 0.045370370312500005 0.44114583281249997 0.0388888890625 0.446875 0.0361111109375 0.45885416718750005 0.0379629625 0.46458333281249997
1 0 0.47083333281249995 0.022222221875 0.46979166718750004 0.03148148125 0.4661458328125 0.034259259375000004 0.45885416718750005 0.0324074078125 0.4479166671875 0.030555556249999997 0.4447916671875 0.0203703703125 0.440625 0.0143518515625 0.440625 0 0.44114583281249997 0 0.47083333281249995