1 0.727777778125 0.44427083281249996 0.7333333328125 0.4453125 0.8027777781250001 0.4458333328125 0.81851851875 0.4453125 0.8268518515625001 0.43958333281249995 0.825 0.434375 0.8175925921875 0.43125 0.7731481484375 0.4302083328125 0.76851851875 0.4302083328125 0.7333333328125 0.43125 0.7240740734375 0.43541666718750005 0.725 0.44166666718750003 0.727777778125 0.44427083281249996
1 0.5287037031249999 0.44739583281249995 0.5370370375 0.4484375 0.61851851875 0.44739583281249995 0.627777778125 0.44375 0.628703703125 0.4380208328125 0.622222221875 0.43333333281249997 0.5916666671875 0.4322916671875 0.590740740625 0.4322916671875 0.5287037031249999 0.434375 0.5231481484375 0.4390625 0.5240740734375 0.44322916718750005 0.5287037031249999 0.44739583281249995
1 0.8953703703125001 0.4453125 0.902777778125 0.44895833281249997 0.91944444375 0.4505208328125 0.9388888890624999 0.4583333328125 0.95 0.45625 0.9574074078124999 0.45104166718750005 0.959259259375 0.44427083281249996 0.9583333328125001 0.4375 0.952777778125 0.4322916671875 0.94351851875 0.4296875 0.9166666671874999 0.4296875 0.9111111109375001 0.4296875 0.897222221875 0.43072916718750004 0.8925925921875001 0.43333333281249997 0.8916666671875 0.43958333281249995 0.8953703703125001 0.4453125
1 0.3888888890625 0.4614583328125 0.4 0.4625 0.4453703703125 0.4484375 0.4481481484375 0.4458333328125 0.447222221875 0.43854166718750004 0.44259259218749997 0.4348958328125 0.4370370375 0.434375 0.434259259375 0.434375 0.3916666671875 0.4359375 0.38055555625 0.43958333281249995 0.378703703125 0.45208333281249996 0.3888888890625 0.4614583328125
1 0.325 0.46302083281249995 0.3296296296875 0.46510416718750003 0.3620370375 0.465625 0.3731481484375 0.46302083281249995 0.3759259265625 0.45989583281249996 0.3740740734375 0.4427083328125 0.3703703703125 0.4390625 0.36296296250000004 0.43645833281249996 0.3583333328125 0.43645833281249996 0.33148148125 0.4369791671875 0.322222221875 0.4421875 0.3203703703125 0.45677083281249997 0.325 0.46302083281249995
1 0.2611111109375 0.45885416718750005 0.2648148140625 0.4640625 0.2703703703125 0.4661458328125 0.29907407343750003 0.46666666718750005 0.30648148124999997 0.465625 0.3129629625 0.4614583328125 0.3138888890625 0.4421875 0.30648148124999997 0.4375 0.2916666671875 0.4369791671875 0.2888888890625 0.4369791671875 0.26944444375 0.4380208328125 0.26203703749999996 0.44322916718750005 0.259259259375 0.4505208328125 0.2611111109375 0.45885416718750005
1 0.1990740734375 0.45885416718750005 0.20370370312500002 0.46510416718750003 0.2148148140625 0.46770833281249996 0.2259259265625 0.46770833281249996 0.240740740625 0.4671875 0.2509259265625 0.4635416671875 0.2546296296875 0.4578125 0.2546296296875 0.446875 0.2518518515625 0.44166666718750003 0.2398148140625 0.4375 0.2388888890625 0.4375 0.21203703749999997 0.4380208328125 0.20370370312500002 0.440625 0.1981481484375 0.44947916718750003 0.1990740734375 0.45885416718750005
1 0.13981481406250001 0.4609375 0.1490740734375 0.46770833281249996 0.177777778125 0.4682291671875 0.1888888890625 0.4661458328125 0.1916666671875 0.4640625 0.19444444375 0.45989583281249996 0.19444444375 0.446875 0.1898148140625 0.44114583281249997 0.178703703125 0.4380208328125 0.1703703703125 0.4380208328125 0.1518518515625 0.43854166718750004 0.1453703703125 0.440625 0.140740740625 0.4447916671875 0.13981481406250001 0.4609375
1 0.08333333281250001 0.46510416718750003 0.09074074062500001 0.46875 0.11944444375 0.46875 0.1324074078125 0.46510416718750003 0.1361111109375 0.45520833281249995 0.1351851859375 0.44635416718750004 0.12870370312499999 0.44114583281249997 0.11574074062499999 0.43854166718750004 0.1129629625 0.43854166718750004 0.09074074062500001 0.4401041671875 0.08148148125 0.44635416718750004 0.08148148125 0.46197916718750004 0.08333333281250001 0.46510416718750003
1 0.028703703125 0.4692708328125 0.0675925921875 0.46875 0.0759259265625 0.46302083281249995 0.07685185156249999 0.4484375 0.0740740734375 0.44427083281249996 0.065740740625 0.4401041671875 0.0546296296875 0.43958333281249995 0.0495370375 0.43958333281249995 0.030555556249999997 0.440625 0.022222221875 0.44635416718750004 0.0203703703125 0.46197916718750004 0.028703703125 0.4692708328125
1 0 0.4703125 0.009259259374999999 0.46875 0.013888889062500001 0.4661458328125 0.0166666671875 0.459375 0.0148148140625 0.4458333328125 0.0101851859375 0.4427083328125 0.002777778125 0.44114583281249997 0 0.44114583281249997 0 0.4703125
0 0.4296296296875 0.1703125 0.4583333328125 0.1708333328125 0.46296296249999996 0.1682291671875 0.46666666718750005 0.1625 0.46666666718750005 0.153125 0.46296296249999996 0.14895833281249998 0.45277777812500003 0.146875 0.4481481484375 0.146875 0.43055555625 0.1473958328125 0.4203703703125 0.153125 0.42222222187499997 0.1651041671875 0.4296296296875 0.1703125
0 0.43333333281249997 0.1963541671875 0.459259259375 0.19479166718750002 0.4620370375 0.1932291671875 0.46481481406249997 0.1786458328125 0.46296296249999996 0.1760416671875 0.4546296296875 0.1729166671875 0.45 0.1729166671875 0.4361111109375 0.1729166671875 0.4240740734375 0.178125 0.42592592656250006 0.1916666671875 0.43333333281249997 0.1963541671875
0 0.43518518593750005 0.2265625 0.440740740625 0.2270833328125 0.4574074078125 0.22552083281250002 0.46296296249999996 0.2182291671875 0.46388888906250003 0.2036458328125 0.4583333328125 0.1989583328125 0.45185185156249996 0.1979166671875 0.4458333328125 0.1979166671875 0.43148148124999997 0.1989583328125 0.427777778125 0.20416666718749998 0.42870370312499995 0.2208333328125 0.43518518593750005 0.2265625
0 0.4361111109375 0.2828125 0.44259259218749997 0.2869791671875 0.45185185156249996 0.2869791671875 0.4583333328125 0.2838541671875 0.4611111109375 0.2796875 0.4611111109375 0.23854166718749997 0.4583333328125 0.2322916671875 0.45277777812500003 0.23072916718749997 0.44768518593750006 0.23072916718749997 0.4388888890625 0.23125 0.43240740781250003 0.23697916718749998 0.434259259375 0.2776041671875 0.4361111109375 0.2828125
0 0.4379629625 0.33125 0.44259259218749997 0.334375 0.44907407343749994 0.33541666718749996 0.459259259375 0.3322916671875 0.46296296249999996 0.3265625 0.4620370375 0.3015625 0.4601851859375 0.2979166671875 0.45185185156249996 0.2953125 0.44629629687500005 0.2953125 0.4388888890625 0.296875 0.4370370375 0.2989583328125 0.4361111109375 0.3203125 0.4379629625 0.33125
0 0.45277777812500003 0.3802083328125 0.46388888906250003 0.37447916718749996 0.46481481406249997 0.365625 0.46296296249999996 0.3447916671875 0.4601851859375 0.3421875 0.45185185156249996 0.3401041671875 0.447222221875 0.3401041671875 0.4379629625 0.3447916671875 0.4379629625 0.3723958328125 0.44259259218749997 0.3786458328125 0.45277777812500003 0.3802083328125
0 0.44166666718750003 0.4223958328125 0.4546296296875 0.42604166718750003 0.4601851859375 0.425 0.465740740625 0.42083333281249996 0.46666666718750005 0.40208333281249997 0.46388888906250003 0.3885416671875 0.45185185156249996 0.384375 0.45 0.384375 0.44166666718750003 0.3869791671875 0.4388888890625 0.39114583281250004 0.4388888890625 0.4166666671875 0.44166666718750003 0.4223958328125
0 0.459259259375 0.4479166671875 0.50648148125 0.4484375 0.515740740625 0.44635416718750004 0.51851851875 0.4390625 0.5129629625 0.434375 0.47407407343749997 0.43385416718750003 0.46481481406249997 0.43072916718750004 0.45648148125 0.43072916718750004 0.45277777812500003 0.4322916671875 0.4509259265625 0.43645833281249996 0.45370370312499997 0.44427083281249996 0.459259259375 0.4479166671875
0 0.6555555562500001 0.44635416718750004 0.678703703125 0.44635416718750004 0.709259259375 0.4458333328125 0.7175925921874999 0.44322916718750005 0.7185185187500001 0.43645833281249996 0.715740740625 0.43333333281249997 0.702777778125 0.43125 0.6861111109375 0.43177083281249995 0.6851851859375 0.43125 0.652777778125 0.4328125 0.647222221875 0.43645833281249996 0.6490740734375 0.44375 0.6555555562500001 0.44635416718750004
0 0.840740740625 0.4505208328125 0.85648148125 0.45625 0.8648148140625 0.4557291671875 0.8824074078124999 0.45104166718750005 0.8898148140625001 0.44322916718750005 0.8851851859375 0.434375 0.8666666671875 0.43072916718750004 0.8617287031249999 0.43072916718750004 0.8518518515625001 0.43072916718750004 0.8453703703125001 0.4328125 0.8388888890624999 0.440625 0.840740740625 0.4505208328125
0 0.9712962968750001 0.4583333328125 0.99351851875 0.45885416718750005 0.9990740734375001 0.45677083281249997 0.9990740734375001 0.43177083281249995 0.984259259375 0.4296875 0.9768518515625001 0.4296875 0.9694444437499999 0.4322916671875 0.9648148140625 0.43854166718750004 0.9648148140625 0.4526041671875 0.9712962968750001 0.4583333328125