1 0 0.47083333281249995 0.0231481484375 0.46979166718750004 0.0333333328125 0.46510416718750003 0.0333333328125 0.4479166671875 0.03148148125 0.4447916671875 0.021296296875000002 0.440625 0.0166666671875 0.440625 0 0.44114583281249997 0 0.47083333281249995
1 0.0388888890625 0.46302083281249995 0.046296296875 0.4692708328125 0.0759259265625 0.46979166718750004 0.0861111109375 0.4682291671875 0.0925925921875 0.4640625 0.09444444375 0.45 0.0916666671875 0.44427083281249996 0.0824074078125 0.4401041671875 0.06851851875000001 0.43958333281249995 0.0675925921875 0.43958333281249995 0.046296296875 0.44114583281249997 0.039814814062499995 0.446875 0.037037037499999995 0.4546875 0.0388888890625 0.46302083281249995
1 0.1074074078125 0.46875 0.14351851875 0.4682291671875 0.1518518515625 0.4635416671875 0.1546296296875 0.4526041671875 0.15277777812499999 0.4453125 0.1481481484375 0.44114583281249997 0.13055555624999998 0.43854166718750004 0.1296296296875 0.43854166718750004 0.10833333281249999 0.43958333281249995 0.0990740734375 0.44635416718750004 0.0990740734375 0.4625 0.1074074078125 0.46875
1 0.1620370375 0.465625 0.1675925921875 0.4682291671875 0.19537037031249999 0.4682291671875 0.2046296296875 0.4671875 0.2101851859375 0.46458333281249997 0.2138888890625 0.45885416718750005 0.2138888890625 0.446875 0.20648148125 0.4401041671875 0.197222221875 0.4380208328125 0.1918981484375 0.4380208328125 0.16851851874999998 0.43854166718750004 0.1601851859375 0.44322916718750005 0.1574074078125 0.4583333328125 0.1620370375 0.465625
1 0.2166666671875 0.45520833281249995 0.21851851875 0.4604166671875 0.22685185156249998 0.46666666718750005 0.25740740781250004 0.4671875 0.2703703703125 0.4635416671875 0.275 0.45416666718750004 0.2731481484375 0.4447916671875 0.26944444375 0.440625 0.25833333281250004 0.4375 0.253703703125 0.4375 0.2296296296875 0.4380208328125 0.221296296875 0.44166666718750003 0.2175925921875 0.44635416718750004 0.2166666671875 0.45520833281249995
1 0.284259259375 0.4640625 0.290740740625 0.46666666718750005 0.3148148140625 0.46666666718750005 0.32685185156249996 0.46458333281249997 0.3324074078125 0.459375 0.334259259375 0.45208333281249996 0.33055555625 0.440625 0.31944444375000003 0.4369791671875 0.2953703703125 0.4375 0.29444444375 0.4369791671875 0.284259259375 0.43958333281249995 0.2796296296875 0.4458333328125 0.27870370312500004 0.45520833281249995 0.284259259375 0.4640625
1 0.3379629625 0.45416666718750004 0.3453703703125 0.46510416718750003 0.377777778125 0.465625 0.39074074062499997 0.4625 0.39351851875 0.4557291671875 0.39074074062499997 0.4421875 0.3796296296875 0.43645833281249996 0.3731481484375 0.43645833281249996 0.3490740734375 0.4369791671875 0.3416666671875 0.43958333281249995 0.3379629625 0.44635416718750004 0.3379629625 0.45416666718750004
1 0.4 0.4536458328125 0.409259259375 0.45729166718750003 0.415740740625 0.45729166718750003 0.44351851875000003 0.44895833281249997 0.4824074078125 0.4479166671875 0.48981481406249994 0.44322916718750005 0.48981481406249994 0.4390625 0.48425925937500003 0.43645833281249996 0.4481481484375 0.4375 0.4361111109375 0.43541666718750005 0.43518518593750005 0.4348958328125 0.4046296296875 0.43645833281249996 0.397222221875 0.43854166718750004 0.3953703703125 0.4479166671875 0.4 0.4536458328125
1 0.590740740625 0.44739583281249995 0.647222221875 0.44739583281249995 0.68148148125 0.4453125 0.6870370375 0.44166666718750003 0.6861111109375 0.4359375 0.6768518515624999 0.4322916671875 0.6648148140625 0.43177083281249995 0.6583333328125 0.43177083281249995 0.5898148140624999 0.43385416718750003 0.5833333328125 0.43645833281249996 0.5824074078125 0.44166666718750003 0.590740740625 0.44739583281249995
1 0.7879629625 0.4453125 0.8166666671874999 0.4458333328125 0.847222221875 0.4536458328125 0.8574074078124999 0.453125 0.8675925921875001 0.4447916671875 0.865740740625 0.43645833281249996 0.8574074078124999 0.43177083281249995 0.8416666671874999 0.43072916718750004 0.840740740625 0.43072916718750004 0.7861111109375 0.43177083281249995 0.7796296296875 0.4348958328125 0.7796296296875 0.440625 0.7879629625 0.4453125
1 0.9351851859375 0.4578125 0.9444444437499999 0.459375 0.9685185187500001 0.459375 0.9824074078124999 0.45677083281249997 0.9879629624999999 0.4479166671875 0.9870370375 0.4380208328125 0.9833333328125 0.4328125 0.975 0.4302083328125 0.9699074078125 0.4302083328125 0.9444444437499999 0.4302083328125 0.9388888890624999 0.4328125 0.9296296296875 0.45104166718750005 0.9351851859375 0.4578125
0 0.41944444374999995 0.1328125 0.4240740734375 0.1369791671875 0.4509259265625 0.1354166671875 0.4620370375 0.1317708328125 0.4620370375 0.1244791671875 0.4509259265625 0.1203125 0.4481481484375 0.1203125 0.4388888890625 0.1208333328125 0.43518518593750005 0.1265625 0.42314814843750004 0.1234375 0.41944444374999995 0.1328125
0 0.42314814843750004 0.1578125 0.4296296296875 0.1609375 0.4388888890625 0.1614583328125 0.4620370375 0.1598958328125 0.4675925921875 0.1526041671875 0.465740740625 0.1427083328125 0.4583333328125 0.1390625 0.43981481406249995 0.1390625 0.4388888890625 0.1390625 0.43148148124999997 0.14010416718750002 0.42222222187499997 0.1447916671875 0.4203703703125 0.1536458328125 0.42314814843750004 0.1578125
0 0.43333333281249997 0.1901041671875 0.4583333328125 0.1895833328125 0.46388888906250003 0.1854166671875 0.46481481406249997 0.1682291671875 0.4601851859375 0.1651041671875 0.4481481484375 0.16354166718750002 0.44351851875000003 0.16354166718750002 0.4296296296875 0.16458333281249998 0.42314814843750004 0.1697916671875 0.42592592656250006 0.184375 0.43333333281249997 0.1901041671875
0 0.43333333281249997 0.2208333328125 0.43981481406249995 0.22291666718749997 0.45370370312499997 0.221875 0.4601851859375 0.2192708328125 0.46296296249999996 0.215625 0.46388888906250003 0.1979166671875 0.45555555625000005 0.1927083328125 0.45046296249999995 0.1927083328125 0.43333333281249997 0.1932291671875 0.4268518515625 0.2010416671875 0.4296296296875 0.2171875 0.43333333281249997 0.2208333328125
0 0.43981481406249995 0.2609375 0.4509259265625 0.2619791671875 0.4574074078125 0.2598958328125 0.4601851859375 0.25625 0.4620370375 0.2348958328125 0.4583333328125 0.22760416718749998 0.45 0.22552083281250002 0.44166666718750003 0.22552083281250002 0.434259259375 0.2286458328125 0.43148148124999997 0.2359375 0.434259259375 0.2552083328125 0.43981481406249995 0.2609375
0 0.44166666718750003 0.3057291671875 0.45277777812500003 0.3067708328125 0.4583333328125 0.3046875 0.4620370375 0.2984375 0.4620370375 0.2760416671875 0.459259259375 0.2692708328125 0.4509259265625 0.26614583281250004 0.44444444375 0.26614583281250004 0.4379629625 0.2692708328125 0.43518518593750005 0.275 0.4361111109375 0.2994791671875 0.44166666718750003 0.3057291671875
0 0.4481481484375 0.35104166718749996 0.4583333328125 0.3494791671875 0.46388888906250003 0.3427083328125 0.46296296249999996 0.3177083328125 0.4601851859375 0.3135416671875 0.4546296296875 0.3114583328125 0.45 0.3114583328125 0.43981481406249995 0.31302083281250004 0.4370370375 0.3171875 0.4379629625 0.3458333328125 0.4481481484375 0.35104166718749996
0 0.44259259218749997 0.3927083328125 0.447222221875 0.3947916671875 0.45555555625000005 0.3947916671875 0.46296296249999996 0.3921875 0.465740740625 0.3885416671875 0.465740740625 0.3661458328125 0.46296296249999996 0.3583333328125 0.45277777812500003 0.3552083328125 0.4481481484375 0.3552083328125 0.44351851875000003 0.3557291671875 0.4379629625 0.3609375 0.4379629625 0.3848958328125 0.44259259218749997 0.3927083328125
0 0.44629629687500005 0.4348958328125 0.4601851859375 0.43541666718750005 0.4675925921875 0.4322916671875 0.4675925921875 0.4114583328125 0.46388888906250003 0.4010416671875 0.4546296296875 0.3984375 0.4509259265625 0.3984375 0.44259259218749997 0.40052083281249995 0.4388888890625 0.4067708328125 0.43981481406249995 0.43125 0.44629629687500005 0.4348958328125
0 0.50648148125 0.446875 0.5138888890625 0.4484375 0.553703703125 0.4484375 0.5675925921875 0.4479166671875 0.5759259265625001 0.44427083281249996 0.5759259265625001 0.4380208328125 0.56851851875 0.43385416718750003 0.5296296296875 0.43333333281249997 0.5287037031249999 0.4328125 0.5120370375000001 0.43385416718750003 0.5046296296875 0.4369791671875 0.503703703125 0.44375 0.50648148125 0.446875
0 0.7074074078125 0.4453125 0.715740740625 0.44635416718750004 0.75648148125 0.4458333328125 0.771296296875 0.44375 0.771296296875 0.4328125 0.7638888890625 0.43125 0.7481481484375 0.43125 0.747222221875 0.43072916718750004 0.7120370375 0.43125 0.702777778125 0.434375 0.7018518515625 0.4421875 0.7074074078125 0.4453125
0 0.88055555625 0.44895833281249997 0.8916666671875 0.4505208328125 0.9175925921875001 0.44947916718750003 0.9240740734375 0.44739583281249995 0.928703703125 0.44322916718750005 0.9296296296875 0.43541666718750005 0.922222221875 0.43125 0.9129629625 0.4302083328125 0.9078703703125001 0.4302083328125 0.8861111109375001 0.43072916718750004 0.875 0.4348958328125 0.8740740734375001 0.44375 0.88055555625 0.44895833281249997