1 0 0.47083333281249995 0.0129629625 0.4703125 0.019444443750000002 0.4682291671875 0.0240740734375 0.4640625 0.0240740734375 0.446875 0.0129629625 0.44114583281249997 0.00648148125 0.44114583281249997 0 0.44114583281249997 0 0.47083333281249995
1 0.037037037499999995 0.4692708328125 0.055555556250000006 0.4703125 0.075 0.46875 0.08055555625000001 0.46666666718750005 0.08425925937499999 0.4609375 0.0824074078125 0.4458333328125 0.0759259265625 0.44114583281249997 0.06851851875000001 0.43958333281249995 0.052777778124999994 0.43958333281249995 0.05 0.43958333281249995 0.037037037499999995 0.44114583281249997 0.030555556249999997 0.44635416718750004 0.0296296296875 0.46302083281249995 0.037037037499999995 0.4692708328125
1 0.08796296249999999 0.459375 0.0925925921875 0.4671875 0.10648148125000001 0.4692708328125 0.13055555624999998 0.46875 0.140740740625 0.46458333281249997 0.14351851875 0.459375 0.1425925921875 0.446875 0.13981481406250001 0.44322916718750005 0.1296296296875 0.4390625 0.12444444375 0.4390625 0.10370370312499999 0.4390625 0.0916666671875 0.44322916718750005 0.08796296249999999 0.4505208328125 0.08796296249999999 0.459375
1 0.15092592656249998 0.465625 0.15648148125 0.4682291671875 0.1925925921875 0.46770833281249996 0.2018518515625 0.46197916718750004 0.20277777812500003 0.446875 0.2 0.4427083328125 0.190740740625 0.43854166718750004 0.178703703125 0.4380208328125 0.1759259265625 0.4380208328125 0.1574074078125 0.4390625 0.1481481484375 0.4453125 0.146296296875 0.45885416718750005 0.15092592656249998 0.465625
1 0.209259259375 0.4635416671875 0.2203703703125 0.46770833281249996 0.25555555625 0.4661458328125 0.2638888890625 0.459375 0.2638888890625 0.446875 0.2601851859375 0.44166666718750003 0.2518518515625 0.4380208328125 0.225 0.43854166718750004 0.22407407343750002 0.4380208328125 0.21203703749999997 0.440625 0.20648148125 0.44635416718750004 0.20648148125 0.4583333328125 0.209259259375 0.4635416671875
1 0.271296296875 0.4635416671875 0.27870370312500004 0.46666666718750005 0.3138888890625 0.4661458328125 0.3203703703125 0.46302083281249995 0.3240740734375 0.4578125 0.3231481484375 0.44375 0.3148148140625 0.4375 0.30648148124999997 0.4369791671875 0.3018518515625 0.4369791671875 0.27777777812500004 0.4380208328125 0.26944444375 0.4427083328125 0.26851851875 0.459375 0.271296296875 0.4635416671875
1 0.32777777812500003 0.45625 0.3324074078125 0.46302083281249995 0.3379629625 0.465625 0.36944444375 0.465625 0.3796296296875 0.4635416671875 0.384259259375 0.459375 0.38055555625 0.44166666718750003 0.375 0.4375 0.3648148140625 0.43645833281249996 0.3638888890625 0.43645833281249996 0.340740740625 0.4369791671875 0.3324074078125 0.43958333281249995 0.32777777812500003 0.4458333328125 0.32777777812500003 0.45625
1 0.396296296875 0.459375 0.403703703125 0.4609375 0.44166666718750003 0.44947916718750003 0.459259259375 0.44895833281249997 0.46666666718750005 0.446875 0.46851851875 0.44166666718750003 0.465740740625 0.4380208328125 0.4370370375 0.4348958328125 0.43240740781250003 0.4348958328125 0.397222221875 0.43645833281249996 0.3888888890625 0.4390625 0.3861111109375 0.45 0.396296296875 0.459375
1 0.5703703703125 0.4479166671875 0.61944444375 0.4479166671875 0.6555555562500001 0.446875 0.665740740625 0.44322916718750005 0.6666666671875 0.43854166718750004 0.6620370375 0.43385416718750003 0.6148148140624999 0.4322916671875 0.6138888890625 0.4322916671875 0.5648148140625 0.434375 0.5601851859375 0.4380208328125 0.5611111109375 0.44427083281249996 0.5703703703125 0.4479166671875
1 0.7731481484375 0.4453125 0.8175925921875 0.4458333328125 0.8444444437499999 0.45104166718750005 0.852777778125 0.44895833281249997 0.8574074078124999 0.44375 0.8574074078124999 0.4390625 0.8518518515625001 0.43333333281249997 0.8416666671874999 0.43072916718750004 0.8046296296875 0.43072916718750004 0.8009259265625 0.43072916718750004 0.7675925921875 0.43177083281249995 0.7620370375000001 0.4348958328125 0.7638888890625 0.44322916718750005 0.7731481484375 0.4453125
1 0.9277777781250001 0.4546875 0.9379629625 0.45885416718750005 0.9648148140625 0.45885416718750005 0.977777778125 0.4515625 0.9768518515625001 0.43645833281249996 0.9685185187500001 0.43125 0.9611111109375001 0.4302083328125 0.9561731484375 0.4302083328125 0.93148148125 0.4302083328125 0.925 0.4348958328125 0.925 0.4505208328125 0.9277777781250001 0.4546875
0 0.43055555625 0.1598958328125 0.4601851859375 0.159375 0.46481481406249997 0.15625 0.4675925921875 0.15 0.46666666718750005 0.14375 0.46296296249999996 0.14010416718750002 0.44351851875000003 0.1364583328125 0.4388888890625 0.1364583328125 0.427777778125 0.1395833328125 0.42129629687500003 0.1447916671875 0.42222222187499997 0.15572916718750002 0.43055555625 0.1598958328125
0 0.42592592656250006 0.1822916671875 0.43055555625 0.1875 0.43518518593750005 0.1890625 0.4453703703125 0.1875 0.4583333328125 0.18802083281249998 0.465740740625 0.1807291671875 0.46666666718750005 0.1697916671875 0.46388888906250003 0.1651041671875 0.45555555625000005 0.1619791671875 0.447222221875 0.1614583328125 0.440740740625 0.1614583328125 0.43148148124999997 0.1619791671875 0.4240740734375 0.165625 0.42222222187499997 0.16875 0.42592592656250006 0.1822916671875
0 0.43240740781250003 0.21770833281250002 0.44259259218749997 0.2208333328125 0.4583333328125 0.21875 0.46481481406249997 0.20833333281250002 0.46296296249999996 0.1942708328125 0.4583333328125 0.1911458328125 0.4453703703125 0.190625 0.440740740625 0.190625 0.4296296296875 0.1932291671875 0.42592592656250006 0.1984375 0.42592592656250006 0.20572916718749998 0.43240740781250003 0.21770833281250002
0 0.4370370375 0.2567708328125 0.44351851875000003 0.2598958328125 0.45185185156249996 0.2598958328125 0.459259259375 0.2552083328125 0.4620370375 0.23177083281250002 0.4583333328125 0.225 0.4509259265625 0.2234375 0.44259259218749997 0.2234375 0.4361111109375 0.225 0.43240740781250003 0.228125 0.43333333281249997 0.2494791671875 0.4370370375 0.2567708328125
0 0.447222221875 0.303125 0.4574074078125 0.3005208328125 0.4620370375 0.2947916671875 0.4611111109375 0.2697916671875 0.459259259375 0.2666666671875 0.45185185156249996 0.2640625 0.44629629687500005 0.2640625 0.4370370375 0.2677083328125 0.43518518593750005 0.278125 0.4370370375 0.2984375 0.447222221875 0.303125
0 0.44166666718750003 0.3458333328125 0.447222221875 0.3479166671875 0.4574074078125 0.3463541671875 0.4620370375 0.34375 0.46388888906250003 0.3395833328125 0.46296296249999996 0.3135416671875 0.459259259375 0.3088541671875 0.45185185156249996 0.30625 0.447222221875 0.30625 0.4388888890625 0.309375 0.4370370375 0.3125 0.4379629625 0.3416666671875 0.44166666718750003 0.3458333328125
0 0.44259259218749997 0.390625 0.4583333328125 0.3916666671875 0.46296296249999996 0.39010416718749996 0.465740740625 0.3848958328125 0.465740740625 0.3619791671875 0.4620370375 0.3541666671875 0.45648148125 0.35208333281250004 0.4513888890625 0.35208333281250004 0.44259259218749997 0.353125 0.4379629625 0.35885416718749996 0.4388888890625 0.3848958328125 0.44259259218749997 0.390625
0 0.44166666718750003 0.43072916718750004 0.447222221875 0.43333333281249997 0.46481481406249997 0.43385416718750003 0.4675925921875 0.43177083281249995 0.46666666718750005 0.403125 0.46388888906250003 0.39791666718749996 0.459259259375 0.3958333328125 0.45370370312499997 0.3958333328125 0.44629629687500005 0.3963541671875 0.43981481406249995 0.4 0.43981481406249995 0.4270833328125 0.44166666718750003 0.43072916718750004
0 0.4888888890625 0.4484375 0.5388888890625 0.4484375 0.5490740734374999 0.44739583281249995 0.553703703125 0.4447916671875 0.553703703125 0.4375 0.5453703703125 0.43385416718750003 0.50555555625 0.43333333281249997 0.5046296296875 0.43333333281249997 0.490740740625 0.43385416718750003 0.4824074078125 0.4369791671875 0.4824074078125 0.4447916671875 0.4888888890625 0.4484375
0 0.6925925921875 0.44635416718750004 0.7490740734375 0.4453125 0.75555555625 0.43958333281249995 0.752777778125 0.434375 0.747222221875 0.43125 0.7324074078125 0.43072916718750004 0.73148148125 0.43072916718750004 0.6879629625 0.4322916671875 0.6805555562500001 0.43854166718750004 0.6824074078125 0.44322916718750005 0.6925925921875 0.44635416718750004
0 0.86944444375 0.4515625 0.88148148125 0.4526041671875 0.9 0.45 0.9111111109375001 0.4479166671875 0.9166666671874999 0.4447916671875 0.9175925921875001 0.434375 0.9120370375 0.43125 0.897222221875 0.4302083328125 0.89351851875 0.4302083328125 0.8768518515625001 0.43125 0.865740740625 0.43541666718750005 0.8629629624999999 0.4453125 0.86944444375 0.4515625
0 0.9953703703125001 0.45885416718750005 0.9990740734375001 0.45885416718750005 0.9990740734375001 0.4296875 0.9953703703125001 0.4296875 0.9851851859374999 0.434375 0.9824074078124999 0.44166666718750003 0.9851851859374999 0.4536458328125 0.9953703703125001 0.45885416718750005