0 0.4916666671875 0.4479166671875 0.5398148140625 0.4484375 0.5518518515624999 0.44739583281249995 0.5555555562500001 0.44375 0.5527777781250001 0.43541666718750005 0.54444444375 0.43333333281249997 0.4990740734375 0.43333333281249997 0.4981481484375 0.43333333281249997 0.490740740625 0.434375 0.48703703750000005 0.4369791671875 0.4861111109375 0.44322916718750005 0.4916666671875 0.4479166671875
0 0.6925925921875 0.44635416718750004 0.7425925921875 0.4458333328125 0.7481481484375 0.4453125 0.752777778125 0.4421875 0.753703703125 0.43645833281249996 0.7481481484375 0.43177083281249995 0.709259259375 0.43072916718750004 0.7083333328125 0.43072916718750004 0.6851851859375 0.43333333281249997 0.6824074078125 0.44114583281249997 0.6861111109375 0.4447916671875 0.6925925921875 0.44635416718750004
0 0.872222221875 0.45208333281249996 0.88055555625 0.4526041671875 0.9037037031249999 0.44895833281249997 0.9129629625 0.4447916671875 0.9138888890624999 0.43385416718750003 0.9046296296874999 0.43072916718750004 0.896296296875 0.4302083328125 0.8953703703125001 0.4302083328125 0.8759259265624999 0.43125 0.8648148140625 0.43541666718750005 0.8629629624999999 0.4458333328125 0.872222221875 0.45208333281249996
1 0.9277777781250001 0.4546875 0.9370370375 0.45885416718750005 0.965740740625 0.45885416718750005 0.9768518515625001 0.45104166718750005 0.9759259265625 0.4375 0.9666666671874999 0.43072916718750004 0.9472222218749999 0.4296875 0.9388888890624999 0.4296875 0.9268518515625 0.43072916718750004 0.922222221875 0.4348958328125 0.921296296875 0.446875 0.9277777781250001 0.4546875
0 0.9870370375 0.45677083281249997 0.99351851875 0.45885416718750005 0.9990740734375001 0.45885416718750005 0.9990740734375001 0.4296875 0.99351851875 0.4296875 0.984259259375 0.43385416718750003 0.98148148125 0.4390625 0.9824074078124999 0.45208333281249996 0.9870370375 0.45677083281249997
0 0.44166666718750003 0.43177083281249995 0.45 0.4348958328125 0.465740740625 0.43541666718750005 0.46851851875 0.43125 0.46666666718750005 0.4046875 0.46481481406249997 0.4 0.45555555625000005 0.396875 0.4509259265625 0.396875 0.44259259218749997 0.39895833281250004 0.43981481406249995 0.40260416718750003 0.43981481406249995 0.42864583281249996 0.44166666718750003 0.43177083281249995
0 0.4203703703125 0.1515625 0.427777778125 0.1572916671875 0.4583333328125 0.1578125 0.46296296249999996 0.1552083328125 0.4675925921875 0.1473958328125 0.4675925921875 0.1385416671875 0.46481481406249997 0.134375 0.4574074078125 0.134375 0.43981481406249995 0.1369791671875 0.43148148124999997 0.1354166671875 0.42222222187499997 0.1375 0.4203703703125 0.1515625
0 0.42870370312499995 0.18697916718750002 0.43518518593750005 0.1890625 0.4453703703125 0.18697916718750002 0.4583333328125 0.1875 0.46481481406249997 0.1817708328125 0.46481481406249997 0.165625 0.459259259375 0.1625 0.4509259265625 0.1609375 0.4453703703125 0.1609375 0.43148148124999997 0.1614583328125 0.42222222187499997 0.1677083328125 0.425 0.1817708328125 0.42870370312499995 0.18697916718750002
0 0.427777778125 0.21197916718749998 0.43333333281249997 0.2182291671875 0.44166666718750003 0.21979166718749998 0.4583333328125 0.2182291671875 0.46481481406249997 0.20729166718749997 0.4620370375 0.19375 0.45555555625000005 0.190625 0.44629629687500005 0.1901041671875 0.440740740625 0.1901041671875 0.4296296296875 0.1932291671875 0.42592592656250006 0.1984375 0.42592592656250006 0.2046875 0.427777778125 0.21197916718749998
0 0.440740740625 0.2578125 0.4481481484375 0.2588541671875 0.4583333328125 0.2552083328125 0.4620370375 0.2442708328125 0.4601851859375 0.2265625 0.4574074078125 0.22395833281250002 0.45185185156249996 0.22291666718749997 0.447222221875 0.22291666718749997 0.434259259375 0.22552083281250002 0.43148148124999997 0.23854166718749997 0.4361111109375 0.2546875 0.440740740625 0.2578125
0 0.44629629687500005 0.3026041671875 0.4509259265625 0.3026041671875 0.4574074078125 0.2994791671875 0.4620370375 0.2947916671875 0.4611111109375 0.2697916671875 0.4601851859375 0.2671875 0.4509259265625 0.2635416671875 0.447222221875 0.2635416671875 0.4388888890625 0.26510416718749996 0.43518518593750005 0.2708333328125 0.4370370375 0.2984375 0.44629629687500005 0.3026041671875
0 0.4388888890625 0.34322916718749996 0.44629629687500005 0.3473958328125 0.4574074078125 0.3458333328125 0.46296296249999996 0.3416666671875 0.46388888906250003 0.3380208328125 0.46296296249999996 0.3140625 0.459259259375 0.309375 0.4509259265625 0.3067708328125 0.45 0.3067708328125 0.44259259218749997 0.3078125 0.4370370375 0.3125 0.4370370375 0.3390625 0.4388888890625 0.34322916718749996
0 0.44259259218749997 0.39114583281250004 0.45 0.3927083328125 0.4611111109375 0.39114583281250004 0.465740740625 0.3854166671875 0.46481481406249997 0.359375 0.46296296249999996 0.3552083328125 0.4546296296875 0.3515625 0.4481481484375 0.3515625 0.4388888890625 0.35625 0.4370370375 0.365625 0.43981481406249995 0.3885416671875 0.44259259218749997 0.39114583281250004
1 0 0.47083333281249995 0.013888889062500001 0.4703125 0.0203703703125 0.4682291671875 0.025 0.4640625 0.0259259265625 0.4484375 0.0231481484375 0.4447916671875 0.013888889062500001 0.44114583281249997 0.009259259374999999 0.44114583281249997 0 0.44114583281249997 0 0.47083333281249995
1 0.037037037499999995 0.46875 0.061111110937500004 0.4703125 0.0740740734375 0.4692708328125 0.0824074078125 0.46666666718750005 0.0861111109375 0.4609375 0.08518518593749999 0.44635416718750004 0.07962962968750001 0.44166666718750003 0.06851851875000001 0.43958333281249995 0.061111110937500004 0.43958333281249995 0.039814814062499995 0.440625 0.03148148125 0.44635416718750004 0.030555556249999997 0.4635416671875 0.037037037499999995 0.46875
1 0.0925925921875 0.46510416718750003 0.0990740734375 0.46875 0.10648148125000001 0.4692708328125 0.1324074078125 0.46875 0.1416666671875 0.46666666718750005 0.1453703703125 0.4614583328125 0.1453703703125 0.4484375 0.1425925921875 0.44322916718750005 0.13148148125 0.4390625 0.109259259375 0.4390625 0.1046296296875 0.4390625 0.09444444375 0.4427083328125 0.0916666671875 0.446875 0.0898148140625 0.45677083281249997 0.0925925921875 0.46510416718750003
1 0.15092592656249998 0.4614583328125 0.15277777812499999 0.46458333281249997 0.1611111109375 0.4682291671875 0.190740740625 0.4682291671875 0.197222221875 0.46666666718750005 0.20370370312500002 0.4609375 0.2046296296875 0.44895833281249997 0.2009259265625 0.4421875 0.1925925921875 0.43854166718750004 0.178703703125 0.4380208328125 0.1759259265625 0.4380208328125 0.1611111109375 0.4390625 0.1546296296875 0.44166666718750003 0.15092592656249998 0.44635416718750004 0.15092592656249998 0.4614583328125
1 0.20740740781250003 0.45677083281249997 0.21296296250000002 0.465625 0.22314814843750003 0.46770833281249996 0.2509259265625 0.4671875 0.25740740781250004 0.465625 0.2648148140625 0.459375 0.26203703749999996 0.4427083328125 0.2518518515625 0.4380208328125 0.225 0.4380208328125 0.22407407343750002 0.4380208328125 0.2166666671875 0.4390625 0.21111111093749999 0.4421875 0.20740740781250003 0.4479166671875 0.20740740781250003 0.45677083281249997
1 0.271296296875 0.46302083281249995 0.27777777812500004 0.4661458328125 0.30648148124999997 0.46666666718750005 0.3148148140625 0.465625 0.322222221875 0.4609375 0.322222221875 0.44322916718750005 0.3138888890625 0.4375 0.30555555624999997 0.4369791671875 0.29907407343750003 0.4369791671875 0.27777777812500004 0.4380208328125 0.2703703703125 0.4421875 0.26851851875 0.4583333328125 0.271296296875 0.46302083281249995
1 0.3324074078125 0.4640625 0.33703703749999997 0.465625 0.3703703703125 0.465625 0.38055555625 0.46197916718750004 0.38055555625 0.44427083281249996 0.3759259265625 0.43854166718750004 0.36851851875 0.43645833281249996 0.3601851859375 0.43645833281249996 0.33703703749999997 0.4375 0.328703703125 0.4427083328125 0.32777777812500003 0.4583333328125 0.3324074078125 0.4640625
1 0.3851851859375 0.45104166718750005 0.3953703703125 0.4604166671875 0.4046296296875 0.4609375 0.44444444375 0.44895833281249997 0.46666666718750005 0.44739583281249995 0.46944444374999994 0.44322916718750005 0.465740740625 0.43854166718750004 0.4361111109375 0.4348958328125 0.42870370312499995 0.4348958328125 0.3990740734375 0.4359375 0.3879629625 0.4390625 0.384259259375 0.4453125 0.3851851859375 0.45104166718750005
1 0.56851851875 0.4479166671875 0.5796296296875 0.4484375 0.6509259265625 0.44739583281249995 0.6611111109375 0.4453125 0.6666666671875 0.440625 0.6648148140625 0.43541666718750005 0.6564814812499999 0.4328125 0.5916666671875 0.4322916671875 0.590740740625 0.4322916671875 0.5638888890625 0.434375 0.5611111109375 0.4390625 0.5638888890625 0.4458333328125 0.56851851875 0.4479166671875
1 0.775 0.4458333328125 0.8166666671874999 0.4458333328125 0.8370370375 0.4505208328125 0.8453703703125001 0.4505208328125 0.852777778125 0.446875 0.85555555625 0.4380208328125 0.8490740734375001 0.4328125 0.8416666671874999 0.43072916718750004 0.803703703125 0.4302083328125 0.8018518515625 0.4302083328125 0.7666666671875 0.43125 0.7601851859375001 0.4348958328125 0.7629629625 0.44375 0.775 0.4458333328125