0 0.5018518515625 0.4484375 0.5518518515624999 0.4484375 0.5601851859375 0.4479166671875 0.565740740625 0.44375 0.5666666671875 0.4390625 0.5601851859375 0.434375 0.5148148140625 0.43333333281249997 0.5120370375000001 0.43333333281249997 0.49629629687500004 0.4348958328125 0.49259259218749996 0.43854166718750004 0.49629629687500004 0.446875 0.5018518515625 0.4484375
1 0.571296296875 0.440625 0.578703703125 0.44739583281249995 0.6620370375 0.446875 0.672222221875 0.4447916671875 0.6759259265625001 0.440625 0.6740740734374999 0.4348958328125 0.6620370375 0.43177083281249995 0.6583333328125 0.43177083281249995 0.6509259265625 0.43333333281249997 0.5796296296875 0.43385416718750003 0.5740740734374999 0.4359375 0.571296296875 0.440625
1 0.7898148140625 0.4458333328125 0.815740740625 0.4458333328125 0.8481481484375 0.453125 0.8583333328125 0.44895833281249997 0.8620370375 0.4390625 0.85648148125 0.4328125 0.8425925921875 0.43072916718750004 0.8111111109375001 0.43072916718750004 0.8055555562500001 0.43072916718750004 0.7759259265625 0.4328125 0.772222221875 0.4375 0.775 0.44375 0.7898148140625 0.4458333328125
1 0.9305555562500001 0.45520833281249995 0.9361111109375001 0.4583333328125 0.9444444437499999 0.459375 0.9620370375 0.459375 0.977777778125 0.45677083281249997 0.9824074078124999 0.4505208328125 0.9796296296874999 0.434375 0.9675925921875 0.4302083328125 0.9481481484375 0.4296875 0.9444444437499999 0.4296875 0.9379629625 0.43072916718750004 0.9305555562500001 0.43854166718750004 0.9268518515625 0.44947916718750003 0.9305555562500001 0.45520833281249995
1 0.3851851859375 0.44947916718750003 0.39444444375 0.45989583281249996 0.403703703125 0.4614583328125 0.44166666718750003 0.44947916718750003 0.46296296249999996 0.44895833281249997 0.4731481484375 0.44635416718750004 0.47222222187499996 0.44166666718750003 0.43518518593750005 0.4348958328125 0.43240740781250003 0.4348958328125 0.396296296875 0.43645833281249996 0.3888888890625 0.43854166718750004 0.3851851859375 0.44322916718750005 0.3851851859375 0.44947916718750003
1 0.328703703125 0.4604166671875 0.33703703749999997 0.465625 0.36851851875 0.465625 0.377777778125 0.4640625 0.38055555625 0.46197916718750004 0.38240740781250004 0.45104166718750005 0.3796296296875 0.44322916718750005 0.3740740734375 0.4380208328125 0.365740740625 0.43645833281249996 0.3611111109375 0.43645833281249996 0.33888888906250003 0.4369791671875 0.328703703125 0.4421875 0.32685185156249996 0.45677083281249997 0.328703703125 0.4604166671875
1 0.271296296875 0.4635416671875 0.27870370312500004 0.46666666718750005 0.30648148124999997 0.46666666718750005 0.31851851875000003 0.4635416671875 0.3231481484375 0.45677083281249997 0.321296296875 0.4427083328125 0.3138888890625 0.4375 0.30555555624999997 0.4369791671875 0.29907407343750003 0.4369791671875 0.27777777812500004 0.4380208328125 0.26944444375 0.4427083328125 0.2675925921875 0.45729166718750003 0.271296296875 0.4635416671875
1 0.20740740781250003 0.45677083281249997 0.209259259375 0.4614583328125 0.21574074062499998 0.46666666718750005 0.2518518515625 0.4671875 0.2601851859375 0.4635416671875 0.2638888890625 0.45885416718750005 0.2648148140625 0.4505208328125 0.2601851859375 0.44166666718750003 0.252777778125 0.4380208328125 0.2479166671875 0.4380208328125 0.21574074062499998 0.4390625 0.21111111093749999 0.4421875 0.20740740781250003 0.44739583281249995 0.20740740781250003 0.45677083281249997
1 0.15 0.4635416671875 0.15648148125 0.46770833281249996 0.1620370375 0.46875 0.19351851874999998 0.46770833281249996 0.2009259265625 0.4640625 0.20370370312500002 0.45989583281249996 0.20370370312500002 0.44739583281249995 0.2 0.44166666718750003 0.1898148140625 0.4380208328125 0.17962962968750001 0.4380208328125 0.175 0.4380208328125 0.15648148125 0.4401041671875 0.1481481484375 0.4484375 0.147222221875 0.45729166718750003 0.15 0.4635416671875
1 0.09351851875 0.4640625 0.1 0.4682291671875 0.13148148125 0.46875 0.140740740625 0.4661458328125 0.14351851875 0.4609375 0.14351851875 0.4479166671875 0.13888888906250002 0.44166666718750003 0.13055555624999998 0.4390625 0.12555555625 0.4390625 0.102777778125 0.43958333281249995 0.09351851875 0.4453125 0.0916666671875 0.459375 0.09351851875 0.4640625
1 0.037037037499999995 0.4671875 0.051851851562499995 0.4703125 0.0824074078125 0.46770833281249996 0.08796296249999999 0.45989583281249996 0.0888888890625 0.4515625 0.08425925937499999 0.44322916718750005 0.075 0.4401041671875 0.0546296296875 0.43958333281249995 0.052777778124999994 0.43958333281249995 0.039814814062499995 0.44166666718750003 0.034259259375000004 0.44635416718750004 0.0324074078125 0.45625 0.037037037499999995 0.4671875
1 0 0.47083333281249995 0.0203703703125 0.4692708328125 0.027777778125000003 0.4635416671875 0.028703703125 0.4479166671875 0.0268518515625 0.4453125 0.0166666671875 0.44114583281249997 0.0111111109375 0.44114583281249997 0 0.44114583281249997 0 0.47083333281249995
0 0.43055555625 0.16458333281249998 0.4583333328125 0.1640625 0.465740740625 0.159375 0.46481481406249997 0.1458333328125 0.459259259375 0.14375 0.447222221875 0.1427083328125 0.44259259218749997 0.1427083328125 0.427777778125 0.1447916671875 0.42129629687500003 0.15 0.42222222187499997 0.1583333328125 0.43055555625 0.16458333281249998
0 0.43333333281249997 0.1942708328125 0.4583333328125 0.1932291671875 0.46388888906250003 0.1890625 0.46388888906250003 0.1703125 0.4583333328125 0.1677083328125 0.4453703703125 0.1666666671875 0.440740740625 0.1666666671875 0.4296296296875 0.1682291671875 0.42314814843750004 0.1734375 0.425 0.1885416671875 0.43333333281249997 0.1942708328125
0 0.42870370312499995 0.2208333328125 0.43518518593750005 0.22552083281250002 0.44166666718750003 0.2265625 0.4583333328125 0.22395833281250002 0.46388888906250003 0.21458333281250003 0.46296296249999996 0.2010416671875 0.4574074078125 0.1973958328125 0.45 0.1963541671875 0.44444444375 0.1963541671875 0.43518518593750005 0.196875 0.4296296296875 0.2 0.4268518515625 0.2088541671875 0.42870370312499995 0.2208333328125
0 0.4388888890625 0.26510416718749996 0.4481481484375 0.2666666671875 0.459259259375 0.2635416671875 0.4611111109375 0.25729166718749996 0.4611111109375 0.2359375 0.459259259375 0.2328125 0.4509259265625 0.2296875 0.45 0.2296875 0.4388888890625 0.23072916718749997 0.43240740781250003 0.2364583328125 0.4361111109375 0.2619791671875 0.4388888890625 0.26510416718749996
0 0.4388888890625 0.3067708328125 0.44629629687500005 0.309375 0.45555555625000005 0.3083333328125 0.4620370375 0.3015625 0.4611111109375 0.2770833328125 0.459259259375 0.27395833281250004 0.45277777812500003 0.2708333328125 0.4481481484375 0.2708333328125 0.43981481406249995 0.271875 0.4361111109375 0.2755208328125 0.4361111109375 0.3020833328125 0.4388888890625 0.3067708328125
0 0.440740740625 0.35104166718749996 0.44907407343749994 0.3541666671875 0.4583333328125 0.35208333281250004 0.46388888906250003 0.3458333328125 0.46388888906250003 0.3223958328125 0.4601851859375 0.3161458328125 0.4546296296875 0.3135416671875 0.44629629687500005 0.3135416671875 0.4388888890625 0.3166666671875 0.4370370375 0.31979166718749996 0.4370370375 0.3458333328125 0.440740740625 0.35104166718749996
0 0.44259259218749997 0.3953125 0.45 0.3973958328125 0.459259259375 0.3963541671875 0.465740740625 0.3885416671875 0.46388888906250003 0.3614583328125 0.45370370312499997 0.3578125 0.45 0.3578125 0.44259259218749997 0.359375 0.4379629625 0.3640625 0.4388888890625 0.3890625 0.44259259218749997 0.3953125
0 0.45185185156249996 0.43645833281249996 0.46666666718750005 0.4375 0.46851851875 0.4270833328125 0.465740740625 0.40729166718750004 0.46296296249999996 0.403125 0.45185185156249996 0.4010416671875 0.4509259265625 0.4010416671875 0.44259259218749997 0.403125 0.43981481406249995 0.40729166718750004 0.440740740625 0.43125 0.45185185156249996 0.43645833281249996
0 0.703703703125 0.4458333328125 0.75555555625 0.4458333328125 0.7638888890625 0.44427083281249996 0.765740740625 0.4421875 0.765740740625 0.4348958328125 0.7629629625 0.4322916671875 0.75555555625 0.43072916718750004 0.7101851859375 0.43125 0.709259259375 0.43072916718750004 0.7 0.4328125 0.6953703703125 0.4359375 0.696296296875 0.4427083328125 0.703703703125 0.4458333328125
0 0.8759259265624999 0.4505208328125 0.8916666671875 0.45104166718750005 0.91944444375 0.4479166671875 0.9240740734375 0.4427083328125 0.9240740734375 0.4348958328125 0.91944444375 0.43125 0.9129629625 0.4302083328125 0.9074074078125 0.4302083328125 0.8796296296874999 0.43125 0.871296296875 0.4348958328125 0.86944444375 0.44375 0.8759259265624999 0.4505208328125
0 0.9981481484374999 0.4583333328125 0.9990740734375001 0.4302083328125 0.997222221875 0.4302083328125 0.9888888890624999 0.43541666718750005 0.9870370375 0.44375 0.9898148140625 0.4536458328125 0.9981481484374999 0.4583333328125