0 0.44259259218749997 0.44166666718750003 0.45370370312499997 0.4479166671875 0.48148148125 0.4479166671875 0.48518518593750004 0.44427083281249996 0.48518518593750004 0.43854166718750004 0.48148148125 0.4348958328125 0.46944444374999994 0.4322916671875 0.46481481406249997 0.4203125 0.4583333328125 0.4171875 0.45277777812500003 0.4171875 0.4453703703125 0.41875 0.440740740625 0.4234375 0.43981481406249995 0.4369791671875 0.44259259218749997 0.44166666718750003
0 0.44259259218749997 0.41197916718750005 0.45648148125 0.4140625 0.46481481406249997 0.409375 0.46666666718750005 0.3927083328125 0.46388888906250003 0.3760416671875 0.4546296296875 0.3729166671875 0.4481481484375 0.3729166671875 0.440740740625 0.3760416671875 0.4388888890625 0.3791666671875 0.4388888890625 0.40416666718750005 0.44259259218749997 0.41197916718750005
0 0.44166666718750003 0.3661458328125 0.44907407343749994 0.36875 0.4583333328125 0.3671875 0.46388888906250003 0.3619791671875 0.4620370375 0.3255208328125 0.4611111109375 0.3255208328125 0.440740740625 0.32864583281250004 0.4388888890625 0.3302083328125 0.4388888890625 0.3619791671875 0.44166666718750003 0.3661458328125
0 0.447222221875 0.325 0.459259259375 0.3229166671875 0.46296296249999996 0.3151041671875 0.4611111109375 0.290625 0.459259259375 0.2880208328125 0.45277777812500003 0.2859375 0.4453703703125 0.2859375 0.4370370375 0.2901041671875 0.4361111109375 0.3098958328125 0.4379629625 0.3203125 0.447222221875 0.325
0 0.4370370375 0.278125 0.440740740625 0.28072916718749996 0.44907407343749994 0.28177083281250004 0.4583333328125 0.2796875 0.4611111109375 0.2734375 0.4601851859375 0.24739583281250002 0.45277777812500003 0.2427083328125 0.44768518593750006 0.2427083328125 0.440740740625 0.24322916718749998 0.434259259375 0.2484375 0.43333333281249997 0.2630208328125 0.4370370375 0.278125
0 0.43981481406249995 0.23958333281250002 0.44629629687500005 0.2401041671875 0.4509259265625 0.23958333281250002 0.4611111109375 0.23333333281250002 0.46296296249999996 0.21354166718749998 0.4583333328125 0.2088541671875 0.44444444375 0.2078125 0.44259259218749997 0.2078125 0.43055555625 0.2114583328125 0.427777778125 0.2203125 0.43333333281249997 0.2348958328125 0.43981481406249995 0.23958333281250002
0 0.425 0.17239583281249998 0.43148148124999997 0.175 0.4601851859375 0.175 0.46388888906250003 0.1729166671875 0.4675925921875 0.1625 0.46666666718750005 0.15572916718750002 0.4620370375 0.1515625 0.4509259265625 0.14895833281249998 0.44490740781250004 0.14895833281249998 0.427777778125 0.1510416671875 0.42129629687500003 0.1552083328125 0.42129629687500003 0.1661458328125 0.425 0.17239583281249998
0 0.43518518593750005 0.20572916718749998 0.459259259375 0.20416666718749998 0.46388888906250003 0.1989583328125 0.46481481406249997 0.1817708328125 0.459259259375 0.178125 0.447222221875 0.1765625 0.44166666718750003 0.1765625 0.43148148124999997 0.1776041671875 0.4240740734375 0.184375 0.4268518515625 0.1984375 0.43518518593750005 0.20572916718749998
0 0.459259259375 0.1463541671875 0.46388888906250003 0.1447916671875 0.46666666718750005 0.14114583281249998 0.46666666718750005 0.1364583328125 0.46388888906250003 0.134375 0.4583333328125 0.134375 0.42129629687500003 0.1359375 0.4203703703125 0.14375 0.42870370312499995 0.1473958328125 0.459259259375 0.1463541671875
0 0.6231481484375 0.44739583281249995 0.678703703125 0.4458333328125 0.684259259375 0.4427083328125 0.6851851859375 0.4380208328125 0.6805555562500001 0.43385416718750003 0.6703703703125 0.4322916671875 0.66944444375 0.43177083281249995 0.61851851875 0.43333333281249997 0.6129629624999999 0.4369791671875 0.6138888890625 0.44375 0.6231481484375 0.44739583281249995
0 0.847222221875 0.4546875 0.85648148125 0.4546875 0.8620370375 0.44739583281249995 0.8620370375 0.4390625 0.8574074078124999 0.4322916671875 0.85 0.43072916718750004 0.8268518515625001 0.43072916718750004 0.8231481484375 0.43072916718750004 0.8120370375 0.434375 0.8120370375 0.4427083328125 0.821296296875 0.44739583281249995 0.847222221875 0.4546875
0 0.9453703703125 0.453125 0.9481481484375 0.4578125 0.9518518515625001 0.45885416718750005 0.9712962968750001 0.459375 0.9796296296874999 0.4557291671875 0.9796296296874999 0.4375 0.9759259265625 0.4328125 0.9685185187500001 0.43072916718750004 0.9634259265624999 0.43072916718750004 0.9583333328125001 0.43072916718750004 0.9509259265625 0.43541666718750005 0.946296296875 0.44322916718750005 0.9453703703125 0.453125
1 0.5018518515625 0.4484375 0.584259259375 0.4479166671875 0.590740740625 0.446875 0.5953703703125 0.44322916718750005 0.5944444437499999 0.4375 0.5833333328125 0.43385416718750003 0.5370370375 0.43333333281249997 0.5361111109375 0.43333333281249997 0.49629629687500004 0.434375 0.4916666671875 0.4380208328125 0.49351851875 0.44635416718750004 0.5018518515625 0.4484375
1 0.6981481484375001 0.4458333328125 0.7120370375 0.44635416718750004 0.7731481484375 0.4458333328125 0.784259259375 0.4453125 0.790740740625 0.44322916718750005 0.7925925921875 0.4380208328125 0.7870370375 0.4328125 0.7796296296875 0.43125 0.7490740734375 0.43072916718750004 0.74444444375 0.43072916718750004 0.6981481484375001 0.4322916671875 0.6916666671875 0.4348958328125 0.6916666671875 0.4427083328125 0.6981481484375001 0.4458333328125
1 0.86851851875 0.4505208328125 0.875 0.4526041671875 0.9037037031249999 0.45 0.93148148125 0.4515625 0.9398148140625 0.4458333328125 0.940740740625 0.43541666718750005 0.934259259375 0.43125 0.9138888890624999 0.4302083328125 0.9111111109375001 0.4302083328125 0.8731481484374999 0.43125 0.8675925921875001 0.434375 0.865740740625 0.4390625 0.86851851875 0.4505208328125
1 0.9953703703125001 0.45885416718750005 0.9990740734375001 0.45885416718750005 0.9990740734375001 0.4296875 0.9953703703125001 0.4296875 0.9898148140625 0.43177083281249995 0.9861111109375 0.43645833281249996 0.9879629624999999 0.4536458328125 0.9953703703125001 0.45885416718750005
1 0.375 0.45989583281249996 0.38055555625 0.4640625 0.3916666671875 0.46510416718750003 0.3990740734375 0.4635416671875 0.427777778125 0.45416666718750004 0.4370370375 0.44947916718750003 0.4388888890625 0.4427083328125 0.4296296296875 0.4359375 0.42314814843750004 0.4359375 0.3879629625 0.43645833281249996 0.3759259265625 0.4390625 0.372222221875 0.4515625 0.375 0.45989583281249996
1 0.31759259218749997 0.46458333281249997 0.328703703125 0.46666666718750005 0.352777778125 0.4661458328125 0.3648148140625 0.4625 0.36851851875 0.45520833281249995 0.36666666718749996 0.44322916718750005 0.3620370375 0.43854166718750004 0.35555555625 0.4369791671875 0.3506175921875 0.4369791671875 0.3231481484375 0.4375 0.3129629625 0.4421875 0.3111111109375 0.45677083281249997 0.31759259218749997 0.46458333281249997
1 0.2509259265625 0.45885416718750005 0.25555555625 0.46458333281249997 0.2611111109375 0.46666666718750005 0.2833333328125 0.4671875 0.29907407343750003 0.465625 0.30648148124999997 0.459375 0.30555555624999997 0.44322916718750005 0.29814814843750004 0.4380208328125 0.2870370375 0.4369791671875 0.2851851859375 0.4369791671875 0.2611111109375 0.4380208328125 0.253703703125 0.44166666718750003 0.25 0.45104166718750005 0.2509259265625 0.45885416718750005
1 0.190740740625 0.45729166718750003 0.19351851874999998 0.4640625 0.2 0.4671875 0.22407407343750002 0.4682291671875 0.23518518593749999 0.4671875 0.24259259218749998 0.4640625 0.246296296875 0.459375 0.246296296875 0.4458333328125 0.2379629625 0.4390625 0.22777777812500002 0.4380208328125 0.2226851859375 0.4380208328125 0.2018518515625 0.43854166718750004 0.19351851874999998 0.4427083328125 0.190740740625 0.44739583281249995 0.190740740625 0.45729166718750003
1 0.1351851859375 0.46510416718750003 0.1416666671875 0.4682291671875 0.1740740734375 0.4682291671875 0.17962962968750001 0.4671875 0.1851851859375 0.4635416671875 0.1861111109375 0.4447916671875 0.175 0.43854166718750004 0.1629629625 0.43854166718750004 0.1620370375 0.4380208328125 0.1416666671875 0.43958333281249995 0.13333333281249998 0.4453125 0.13148148125 0.4583333328125 0.1351851859375 0.46510416718750003
1 0.0888888890625 0.4692708328125 0.1166666671875 0.46875 0.1268518515625 0.46458333281249997 0.1268518515625 0.4458333328125 0.125 0.44322916718750005 0.1148148140625 0.4390625 0.10092592656249999 0.4390625 0.09629629687499999 0.4390625 0.0824074078125 0.440625 0.0740740734375 0.44635416718750004 0.0740740734375 0.4661458328125 0.0888888890625 0.4692708328125
1 0 0.46979166718750004 0.00648148125 0.46875 0.0101851859375 0.4661458328125 0.0129629625 0.4526041671875 0.0101851859375 0.4453125 0.0018518515625 0.44166666718750003 0 0.44166666718750003 0 0.46979166718750004
1 0.021296296875000002 0.4682291671875 0.028703703125 0.4703125 0.061111110937500004 0.46875 0.0675925921875 0.46458333281249997 0.06851851875000001 0.4484375 0.0648148140625 0.44322916718750005 0.053703703125 0.4401041671875 0.0476851859375 0.4401041671875 0.028703703125 0.440625 0.0175925921875 0.446875 0.018518518749999997 0.46510416718750003 0.021296296875000002 0.4682291671875