0 0.5944444437499999 0.44739583281249995 0.646296296875 0.44635416718750004 0.652777778125 0.44375 0.6546296296875 0.4380208328125 0.6490740734375 0.43385416718750003 0.6388888890625 0.4322916671875 0.6379629625 0.43177083281249995 0.5925925921874999 0.43333333281249997 0.5861111109375 0.4375 0.5861111109375 0.4427083328125 0.5944444437499999 0.44739583281249995
0 0.777777778125 0.44322916718750005 0.7879629625 0.4453125 0.8111111109375001 0.4453125 0.828703703125 0.4479166671875 0.8351851859374999 0.4479166671875 0.8416666671874999 0.44427083281249996 0.8435185187500001 0.4369791671875 0.840740740625 0.43333333281249997 0.834259259375 0.43125 0.8027777781250001 0.4302083328125 0.8018518515625 0.4302083328125 0.7851851859375001 0.43072916718750004 0.7787037031249999 0.4328125 0.775 0.43541666718750005 0.777777778125 0.44322916718750005
0 0.9037037031249999 0.44322916718750005 0.9129629625 0.44947916718750003 0.93148148125 0.45677083281249997 0.9490740734375 0.4583333328125 0.9629629625 0.4515625 0.9629629625 0.43645833281249996 0.9509259265625 0.4302083328125 0.928703703125 0.4296875 0.9268518515625 0.4296875 0.9083333328125001 0.4302083328125 0.9046296296874999 0.43177083281249995 0.9018518515625 0.4369791671875 0.9037037031249999 0.44322916718750005
0 0.4453703703125 0.4447916671875 0.4546296296875 0.44427083281249996 0.4675925921875 0.434375 0.465740740625 0.4109375 0.4583333328125 0.40625 0.45185185156249996 0.40625 0.44259259218749997 0.40833333281249995 0.4388888890625 0.41510416718750004 0.4379629625 0.440625 0.4453703703125 0.4447916671875
0 0.4203703703125 0.1364583328125 0.43240740781250003 0.1395833328125 0.459259259375 0.1390625 0.46666666718750005 0.1348958328125 0.4675925921875 0.1307291671875 0.46388888906250003 0.128125 0.4574074078125 0.128125 0.4509259265625 0.1296875 0.4240740734375 0.1296875 0.4203703703125 0.1328125 0.4203703703125 0.1364583328125
0 0.42870370312499995 0.16458333281249998 0.459259259375 0.16458333281249998 0.46481481406249997 0.1609375 0.4675925921875 0.1546875 0.46481481406249997 0.1453125 0.447222221875 0.1421875 0.4453703703125 0.1421875 0.43148148124999997 0.1427083328125 0.42129629687500003 0.14791666718750002 0.42129629687500003 0.1583333328125 0.42870370312499995 0.16458333281249998
0 0.43333333281249997 0.1953125 0.45648148125 0.1942708328125 0.46388888906250003 0.1901041671875 0.46481481406249997 0.17239583281249998 0.4611111109375 0.1692708328125 0.4509259265625 0.1671875 0.44490740781250004 0.1671875 0.43240740781250003 0.1682291671875 0.42314814843750004 0.1734375 0.425 0.1890625 0.43333333281249997 0.1953125
0 0.43518518593750005 0.2270833328125 0.44259259218749997 0.2286458328125 0.4546296296875 0.228125 0.4583333328125 0.2265625 0.46296296249999996 0.21979166718749998 0.46388888906250003 0.203125 0.4583333328125 0.1989583328125 0.45277777812500003 0.1979166671875 0.446759259375 0.1979166671875 0.43148148124999997 0.2 0.4268518515625 0.2078125 0.42870370312499995 0.221875 0.43518518593750005 0.2270833328125
0 0.4379629625 0.2682291671875 0.44351851875000003 0.2703125 0.45185185156249996 0.2697916671875 0.4611111109375 0.2625 0.4611111109375 0.23802083281250003 0.4546296296875 0.2328125 0.45 0.2328125 0.4370370375 0.2338541671875 0.43240740781250003 0.2390625 0.434259259375 0.2635416671875 0.4379629625 0.2682291671875
0 0.44629629687500005 0.3145833328125 0.4583333328125 0.3125 0.4620370375 0.30625 0.4611111109375 0.2796875 0.45185185156249996 0.27395833281250004 0.44351851875000003 0.27395833281250004 0.4370370375 0.2770833328125 0.434259259375 0.2890625 0.4370370375 0.3098958328125 0.44629629687500005 0.3145833328125
0 0.44166666718750003 0.3578125 0.45277777812500003 0.35989583281250004 0.459259259375 0.35885416718749996 0.46296296249999996 0.3546875 0.46388888906250003 0.32864583281250004 0.4601851859375 0.321875 0.4509259265625 0.31875 0.45 0.31875 0.44166666718750003 0.3203125 0.4370370375 0.325 0.4370370375 0.3505208328125 0.44166666718750003 0.3578125
0 0.44444444375 0.40208333281249997 0.459259259375 0.403125 0.465740740625 0.3963541671875 0.46481481406249997 0.36875 0.4583333328125 0.3640625 0.45277777812500003 0.3635416671875 0.44907407343749994 0.3635416671875 0.44351851875000003 0.3645833328125 0.4379629625 0.36875 0.4379629625 0.39375 0.44444444375 0.40208333281249997
1 0.0009259265625 0.4427083328125 0 0.4427083328125 0.0018518515625 0.4682291671875 0.0083333328125 0.459375 0.0083333328125 0.44947916718750003 0.0009259265625 0.4427083328125
1 0.0203703703125 0.4692708328125 0.052777778124999994 0.4692708328125 0.0648148140625 0.4661458328125 0.0675925921875 0.4604166671875 0.065740740625 0.44635416718750004 0.059259259375 0.44114583281249997 0.05 0.43958333281249995 0.048148148437499996 0.43958333281249995 0.0231481484375 0.440625 0.0148148140625 0.44427083281249996 0.0120370375 0.4625 0.0203703703125 0.4692708328125
1 0.0731481484375 0.465625 0.08148148125 0.46875 0.11574074062499999 0.4682291671875 0.1231481484375 0.46458333281249997 0.12592592656249998 0.459375 0.12407407343750002 0.4447916671875 0.1148148140625 0.43958333281249995 0.0925925921875 0.4390625 0.0898148140625 0.4390625 0.077777778125 0.44114583281249997 0.0731481484375 0.4453125 0.0703703703125 0.45208333281249996 0.0731481484375 0.465625
1 0.13148148125 0.4640625 0.13888888906250002 0.4682291671875 0.1620370375 0.46875 0.1768518515625 0.4671875 0.1861111109375 0.45885416718750005 0.184259259375 0.4447916671875 0.1768518515625 0.43958333281249995 0.1546296296875 0.4380208328125 0.15370370312499998 0.4380208328125 0.13888888906250002 0.4390625 0.13055555624999998 0.4447916671875 0.12870370312499999 0.4557291671875 0.13148148125 0.4640625
1 0.1916666671875 0.4640625 0.196296296875 0.46666666718750005 0.2259259265625 0.46770833281249996 0.23518518593749999 0.46666666718750005 0.2416666671875 0.4635416671875 0.24444444375000002 0.45885416718750005 0.24444444375000002 0.446875 0.240740740625 0.44166666718750003 0.23055555625 0.4380208328125 0.22561759218750002 0.4380208328125 0.2009259265625 0.4380208328125 0.1925925921875 0.44114583281249997 0.1879629625 0.45520833281249995 0.1916666671875 0.4640625
1 0.24907407343750002 0.4583333328125 0.253703703125 0.46458333281249997 0.259259259375 0.46666666718750005 0.2888888890625 0.46666666718750005 0.3 0.46302083281249995 0.303703703125 0.4557291671875 0.302777778125 0.44375 0.2953703703125 0.4380208328125 0.2888888890625 0.4369791671875 0.28148148125 0.4369791671875 0.2611111109375 0.4375 0.25555555625 0.43854166718750004 0.2509259265625 0.4421875 0.24907407343750002 0.4583333328125
1 0.3129629625 0.46302083281249995 0.3203703703125 0.4661458328125 0.352777778125 0.465625 0.3601851859375 0.46302083281249995 0.3638888890625 0.45729166718750003 0.3638888890625 0.44427083281249996 0.3620370375 0.440625 0.3509259265625 0.43645833281249996 0.34351851875 0.43645833281249996 0.31759259218749997 0.4375 0.309259259375 0.44322916718750005 0.309259259375 0.45885416718750005 0.3129629625 0.46302083281249995
1 0.36759259218749996 0.4515625 0.371296296875 0.45989583281249996 0.3768518515625 0.4640625 0.3898148140625 0.46510416718750003 0.4 0.46302083281249995 0.43055555625 0.4515625 0.43333333281249997 0.4484375 0.43240740781250003 0.44114583281249997 0.4240740734375 0.4359375 0.41851851875 0.43541666718750005 0.41203703750000004 0.43541666718750005 0.38055555625 0.43645833281249996 0.372222221875 0.43854166718750004 0.36851851875 0.44322916718750005 0.36759259218749996 0.4515625
1 0.55648148125 0.4479166671875 0.5629629625 0.446875 0.5675925921875 0.44322916718750005 0.5675925921875 0.43854166718750004 0.5601851859375 0.434375 0.475 0.434375 0.47407407343749997 0.43385416718750003 0.46388888906250003 0.44166666718750003 0.46481481406249997 0.446875 0.46851851875 0.4484375 0.55648148125 0.4479166671875
1 0.66944444375 0.44635416718750004 0.7388888890625 0.4458333328125 0.7574074078125 0.4453125 0.7648148140625 0.4427083328125 0.7648148140625 0.434375 0.75648148125 0.43125 0.7203703703125 0.4322916671875 0.709259259375 0.43072916718750004 0.7083333328125 0.43072916718750004 0.6638888890625 0.4328125 0.6601851859375001 0.434375 0.6620370375 0.44375 0.66944444375 0.44635416718750004
1 0.8583333328125 0.45625 0.8796296296874999 0.453125 0.896296296875 0.4458333328125 0.896296296875 0.4348958328125 0.8879629625 0.43125 0.8740740734375001 0.43072916718750004 0.86851851875 0.43072916718750004 0.859259259375 0.4328125 0.8490740734375001 0.44166666718750003 0.85 0.4526041671875 0.8583333328125 0.45625
1 0.9759259265625 0.4578125 0.99444444375 0.459375 0.9990740734375001 0.4583333328125 0.9990740734375001 0.43072916718750004 0.990740740625 0.4296875 0.984259259375 0.4296875 0.9768518515625001 0.43125 0.9703703703125001 0.43541666718750005 0.9694444437499999 0.45104166718750005 0.9759259265625 0.4578125