0 0.847222221875 0.45520833281249995 0.8611111109375 0.45625 0.872222221875 0.4536458328125 0.8768518515625001 0.4546875 0.88055555625 0.4505208328125 0.8888888890625 0.45208333281249996 0.8990740734375 0.44947916718750003 0.9037037031249999 0.4453125 0.9037037031249999 0.4359375 0.896296296875 0.43072916718750004 0.8851851859375 0.4302083328125 0.871296296875 0.43385416718750003 0.8620370375 0.43072916718750004 0.8351851859374999 0.4296875 0.8333333328125001 0.4296875 0.8240740734375 0.43333333281249997 0.821296296875 0.44322916718750005 0.827777778125 0.44895833281249997 0.847222221875 0.45520833281249995
1 0.934259259375 0.45989583281249996 0.9518518515625001 0.45989583281249996 0.9611111109375001 0.4578125 0.977777778125 0.4604166671875 0.99351851875 0.45989583281249996 0.9990740734375001 0.4557291671875 0.9990740734375001 0.4453125 0.9953703703125001 0.43958333281249995 0.9990740734375001 0.43333333281249997 0.9898148140625 0.4291666671875 0.9703703703125001 0.43125 0.9601851859374999 0.4291666671875 0.95555555625 0.4291666671875 0.9120370375 0.4296875 0.9074074078125 0.434375 0.9111111109375001 0.44947916718750003 0.934259259375 0.45989583281249996
0 0.4268518515625 0.15 0.45185185156249996 0.1494791671875 0.4620370375 0.14791666718750002 0.465740740625 0.1453125 0.46666666718750005 0.1369791671875 0.46388888906250003 0.1338541671875 0.447222221875 0.13229166718750002 0.44629629687500005 0.13229166718750002 0.42222222187499997 0.1354166671875 0.4203703703125 0.1442708328125 0.42222222187499997 0.14791666718750002 0.4268518515625 0.15
0 0.42314814843750004 0.1734375 0.427777778125 0.1765625 0.45555555625000005 0.1765625 0.46388888906250003 0.1729166671875 0.46666666718750005 0.165625 0.46481481406249997 0.1541666671875 0.4583333328125 0.1510416671875 0.4453703703125 0.1505208328125 0.440277778125 0.1505208328125 0.4268518515625 0.1520833328125 0.42314814843750004 0.1541666671875 0.42129629687500003 0.1671875 0.42314814843750004 0.1734375
0 0.434259259375 0.20729166718749997 0.4574074078125 0.20625 0.46296296249999996 0.20208333281250002 0.46388888906250003 0.1828125 0.459259259375 0.1796875 0.44629629687500005 0.178125 0.44259259218749997 0.178125 0.43055555625 0.18020833281249998 0.4240740734375 0.1875 0.42870370312499995 0.2036458328125 0.434259259375 0.20729166718749997
0 0.4296296296875 0.23125 0.434259259375 0.2390625 0.44259259218749997 0.2421875 0.4509259265625 0.2421875 0.4574074078125 0.2401041671875 0.4620370375 0.23333333281250002 0.46296296249999996 0.21614583281250002 0.4601851859375 0.21197916718749998 0.45277777812500003 0.20989583281250002 0.44629629687500005 0.20989583281250002 0.43518518593750005 0.2109375 0.43055555625 0.2140625 0.427777778125 0.2203125 0.4296296296875 0.23125
0 0.44444444375 0.2848958328125 0.45277777812500003 0.284375 0.459259259375 0.28177083281250004 0.4611111109375 0.2786458328125 0.4611111109375 0.2546875 0.4583333328125 0.2484375 0.45185185156249996 0.24583333281250003 0.44444444375 0.24583333281250003 0.4379629625 0.24739583281250002 0.43333333281249997 0.2541666671875 0.4361111109375 0.2791666671875 0.44444444375 0.2848958328125
0 0.4379629625 0.325 0.44351851875000003 0.3291666671875 0.44907407343749994 0.3302083328125 0.4601851859375 0.328125 0.46296296249999996 0.3213541671875 0.4620370375 0.2958333328125 0.459259259375 0.2911458328125 0.4509259265625 0.28854166718749996 0.447222221875 0.28854166718749996 0.440740740625 0.28958333281250004 0.4370370375 0.2932291671875 0.4361111109375 0.309375 0.4379629625 0.325
0 0.44166666718750003 0.3713541671875 0.45277777812500003 0.37447916718749996 0.459259259375 0.3734375 0.46296296249999996 0.3703125 0.46481481406249997 0.359375 0.46296296249999996 0.3375 0.459259259375 0.3348958328125 0.4509259265625 0.3333333328125 0.45 0.3333333328125 0.44351851875000003 0.334375 0.4379629625 0.3380208328125 0.4379629625 0.365625 0.44166666718750003 0.3713541671875
0 0.44259259218749997 0.41614583281249995 0.45 0.41875 0.4620370375 0.4171875 0.46666666718750005 0.41197916718750005 0.465740740625 0.384375 0.46296296249999996 0.3802083328125 0.45555555625000005 0.378125 0.4509259265625 0.378125 0.44444444375 0.3791666671875 0.4388888890625 0.3838541671875 0.4388888890625 0.409375 0.44259259218749997 0.41614583281249995
0 0.4509259265625 0.4447916671875 0.4620370375 0.4484375 0.49444444374999996 0.44739583281249995 0.4981481484375 0.4447916671875 0.497222221875 0.4375 0.48981481406249994 0.4348958328125 0.471296296875 0.43333333281249997 0.46388888906250003 0.4234375 0.45555555625000005 0.4213541671875 0.45370370312499997 0.4213541671875 0.44351851875000003 0.42395833281249995 0.440740740625 0.43072916718750004 0.44166666718750003 0.43541666718750005 0.4509259265625 0.4447916671875
0 0.6861111109375 0.44635416718750004 0.6925925921875 0.4453125 0.696296296875 0.4427083328125 0.6972222218749999 0.43854166718750004 0.690740740625 0.43333333281249997 0.6490740734375 0.43177083281249995 0.6416666671875 0.43177083281249995 0.622222221875 0.4359375 0.622222221875 0.4421875 0.63148148125 0.446875 0.6861111109375 0.44635416718750004
1 0.5074074078125 0.44739583281249995 0.5990740734375 0.4479166671875 0.609259259375 0.44322916718750005 0.6074074078125 0.43645833281249996 0.6 0.43385416718750003 0.5296296296875 0.43385416718750003 0.5287037031249999 0.43333333281249997 0.5101851859375001 0.434375 0.5046296296875 0.4369791671875 0.503703703125 0.44166666718750003 0.5074074078125 0.44739583281249995
1 0.7129629625 0.44635416718750004 0.7240740734375 0.44427083281249996 0.7268518515625 0.4458333328125 0.75 0.44635416718750004 0.79444444375 0.4458333328125 0.8046296296875 0.44375 0.8074074078125 0.44114583281249997 0.80648148125 0.4348958328125 0.79444444375 0.43072916718750004 0.7416666671875001 0.43072916718750004 0.7388888890625 0.43072916718750004 0.7083333328125 0.4322916671875 0.702777778125 0.4375 0.7046296296875 0.44322916718750005 0.7129629625 0.44635416718750004
1 0.3759259265625 0.4526041671875 0.38055555625 0.4614583328125 0.3898148140625 0.4640625 0.3981481484375 0.4635416671875 0.434259259375 0.4526041671875 0.44444444375 0.4458333328125 0.44351851875000003 0.44114583281249997 0.43518518593750005 0.43541666718750005 0.43055555625 0.43541666718750005 0.3888888890625 0.43645833281249996 0.38148148125 0.4380208328125 0.3759259265625 0.4447916671875 0.3759259265625 0.4526041671875
1 0.325 0.46510416718750003 0.353703703125 0.4661458328125 0.36944444375 0.4635416671875 0.3731481484375 0.459375 0.3731481484375 0.4484375 0.36944444375 0.440625 0.3620370375 0.4369791671875 0.3570990734375 0.4369791671875 0.32592592656249997 0.4375 0.31851851875000003 0.4421875 0.31759259218749997 0.459375 0.325 0.46510416718750003
1 0.2648148140625 0.465625 0.275 0.4671875 0.29814814843750004 0.46666666718750005 0.309259259375 0.46302083281249995 0.3129629625 0.459375 0.3120370375 0.4447916671875 0.3083333328125 0.4401041671875 0.3009259265625 0.4375 0.29598796250000003 0.4375 0.271296296875 0.4375 0.259259259375 0.4427083328125 0.25648148125 0.45625 0.2648148140625 0.465625
1 0.1981481484375 0.4635416671875 0.20277777812500003 0.46666666718750005 0.23333333281250002 0.46770833281249996 0.24259259218749998 0.46666666718750005 0.24814814843750002 0.4640625 0.2518518515625 0.459375 0.2509259265625 0.4447916671875 0.2398148140625 0.4380208328125 0.23500000000000001 0.4380208328125 0.20740740781250003 0.43854166718750004 0.1981481484375 0.4427083328125 0.19444444375 0.45625 0.1981481484375 0.4635416671875
1 0 0.46979166718750004 0.0074074078125 0.46875 0.013888889062500001 0.4625 0.013888889062500001 0.4484375 0.0101851859375 0.44427083281249996 0.002777778125 0.44166666718750003 0 0.44166666718750003 0 0.46979166718750004
1 0.0324074078125 0.4703125 0.05 0.4703125 0.0638888890625 0.4682291671875 0.0703703703125 0.46302083281249995 0.0703703703125 0.4458333328125 0.065740740625 0.4427083328125 0.05648148125 0.44166666718750003 0.0504629625 0.44166666718750003 0.03148148125 0.4427083328125 0.021296296875000002 0.446875 0.021296296875000002 0.4635416671875 0.0324074078125 0.4703125
1 0.07685185156249999 0.4635416671875 0.08425925937499999 0.4682291671875 0.09074074062500001 0.4692708328125 0.12222222187500001 0.4682291671875 0.1268518515625 0.46666666718750005 0.13148148125 0.45989583281249996 0.1324074078125 0.45104166718750005 0.127777778125 0.4427083328125 0.11574074062499999 0.4390625 0.1 0.43958333281249995 0.0990740734375 0.4390625 0.08796296249999999 0.4401041671875 0.078703703125 0.4447916671875 0.075 0.4546875 0.07685185156249999 0.4635416671875
1 0.1425925921875 0.46666666718750005 0.15 0.46875 0.177777778125 0.4682291671875 0.1898148140625 0.4625 0.1898148140625 0.4453125 0.18148148125000002 0.44114583281249997 0.1703703703125 0.440625 0.16851851874999998 0.440625 0.1490740734375 0.44166666718750003 0.1379629625 0.4458333328125 0.1379629625 0.46302083281249995 0.1425925921875 0.46666666718750005