1 0.45370370312499997 0.44895833281249997 0.5370370375 0.4484375 0.54444444375 0.4479166671875 0.5527777781250001 0.44427083281249996 0.5527777781250001 0.4380208328125 0.5453703703125 0.434375 0.47592592656250005 0.43385416718750003 0.47222222187499996 0.43385416718750003 0.45648148125 0.43854166718750004 0.4481481484375 0.44322916718750005 0.447222221875 0.446875 0.45370370312499997 0.44895833281249997
1 0.6490740734375 0.4447916671875 0.6537037031249999 0.446875 0.734259259375 0.4458333328125 0.74444444375 0.4447916671875 0.7490740734375 0.4421875 0.7490740734375 0.4348958328125 0.7398148140624999 0.43177083281249995 0.6851851859375 0.43125 0.684259259375 0.43125 0.659259259375 0.43177083281249995 0.6490740734375 0.43385416718750003 0.646296296875 0.4369791671875 0.6490740734375 0.4447916671875
1 0.85555555625 0.45625 0.8648148140625 0.4557291671875 0.8731481484374999 0.4526041671875 0.8759259265624999 0.4479166671875 0.8731481484374999 0.4375 0.86944444375 0.4348958328125 0.8611111109375 0.43385416718750003 0.8601851859374999 0.43385416718750003 0.853703703125 0.434375 0.8435185187500001 0.4421875 0.8435185187500001 0.4505208328125 0.85555555625 0.45625
1 0.9324074078125 0.4557291671875 0.9388888890624999 0.45885416718750005 0.9759259265625 0.45885416718750005 0.98055555625 0.4578125 0.9870370375 0.4526041671875 0.9870370375 0.43645833281249996 0.9824074078124999 0.43177083281249995 0.9675925921875 0.4296875 0.9623453703125 0.4296875 0.9472222218749999 0.4302083328125 0.9388888890624999 0.4348958328125 0.93148148125 0.4505208328125 0.9324074078125 0.4557291671875
1 0.0129629625 0.4682291671875 0.0203703703125 0.4703125 0.053703703125 0.46875 0.061111110937500004 0.46458333281249997 0.0629629625 0.45989583281249996 0.061111110937500004 0.4447916671875 0.052777778124999994 0.440625 0.0324074078125 0.4401041671875 0.025 0.4401041671875 0.015740740625 0.44166666718750003 0.0083333328125 0.44895833281249997 0.0083333328125 0.45989583281249996 0.0129629625 0.4682291671875
1 0.0759259265625 0.4692708328125 0.1111111109375 0.46875 0.12129629687500001 0.4635416671875 0.12129629687500001 0.4447916671875 0.1129629625 0.4401041671875 0.1 0.4390625 0.097222221875 0.4390625 0.075 0.4401041671875 0.0666666671875 0.44635416718750004 0.0675925921875 0.46458333281249997 0.0759259265625 0.4692708328125
1 0.1296296296875 0.46510416718750003 0.1379629625 0.46875 0.17314814843749998 0.46770833281249996 0.178703703125 0.46510416718750003 0.1824074078125 0.45989583281249996 0.18148148125000002 0.4447916671875 0.17314814843749998 0.43958333281249995 0.1490740734375 0.43854166718750004 0.14351851875 0.43854166718750004 0.13148148125 0.440625 0.1268518515625 0.44635416718750004 0.125 0.4546875 0.1296296296875 0.46510416718750003
1 0.1898148140625 0.4640625 0.2009259265625 0.4682291671875 0.225 0.46770833281249996 0.23611111093749998 0.465625 0.2416666671875 0.45885416718750005 0.2416666671875 0.4479166671875 0.2379629625 0.44166666718750003 0.22685185156249998 0.4380208328125 0.20370370312500002 0.4380208328125 0.1990740734375 0.4380208328125 0.1925925921875 0.43958333281249995 0.1870370375 0.4458333328125 0.1861111109375 0.4578125 0.1898148140625 0.4640625
1 0.25 0.4635416671875 0.2611111109375 0.4671875 0.28796296250000003 0.46666666718750005 0.29444444375 0.46510416718750003 0.3 0.4609375 0.302777778125 0.45208333281249996 0.29907407343750003 0.44114583281249997 0.2898148140625 0.4375 0.26574074062499997 0.4375 0.2638888890625 0.4375 0.25555555625 0.4380208328125 0.24814814843750002 0.44375 0.24722222187499998 0.45885416718750005 0.25 0.4635416671875
1 0.3138888890625 0.46510416718750003 0.321296296875 0.46666666718750005 0.3453703703125 0.4661458328125 0.3583333328125 0.46302083281249995 0.3620370375 0.45520833281249995 0.3611111109375 0.4427083328125 0.3509259265625 0.4369791671875 0.3461416671875 0.4369791671875 0.31759259218749997 0.4375 0.309259259375 0.44114583281249997 0.30648148124999997 0.4546875 0.3138888890625 0.46510416718750003
1 0.372222221875 0.4635416671875 0.384259259375 0.465625 0.39351851875 0.46458333281249997 0.415740740625 0.4578125 0.42870370312499995 0.4515625 0.42870370312499995 0.44114583281249997 0.42314814843750004 0.4369791671875 0.415740740625 0.4359375 0.41049351874999995 0.4359375 0.377777778125 0.4369791671875 0.3703703703125 0.4390625 0.3648148140625 0.4515625 0.372222221875 0.4635416671875
0 0.577777778125 0.44739583281249995 0.6268518515625 0.44739583281249995 0.6379629625 0.4458333328125 0.640740740625 0.44375 0.640740740625 0.4375 0.6370370375000001 0.43385416718750003 0.5916666671875 0.4322916671875 0.5879629625 0.4322916671875 0.5740740734374999 0.434375 0.5694444437499999 0.4380208328125 0.5703703703125 0.44322916718750005 0.577777778125 0.44739583281249995
0 0.775 0.4447916671875 0.83055555625 0.446875 0.8379629625 0.44322916718750005 0.8398148140625 0.4380208328125 0.834259259375 0.4322916671875 0.81851851875 0.4302083328125 0.7953703703125 0.43072916718750004 0.79444444375 0.4302083328125 0.7787037031249999 0.43072916718750004 0.771296296875 0.43333333281249997 0.76944444375 0.43958333281249995 0.775 0.4447916671875
0 0.8861111109375001 0.44895833281249997 0.9231481484374999 0.44947916718750003 0.9268518515625 0.44739583281249995 0.93148148125 0.4421875 0.9324074078125 0.43541666718750005 0.9268518515625 0.43125 0.9148148140625001 0.4302083328125 0.9099999999999999 0.4302083328125 0.890740740625 0.4302083328125 0.8796296296874999 0.434375 0.8796296296874999 0.44375 0.8861111109375001 0.44895833281249997
0 0.4601851859375 0.4359375 0.4675925921875 0.43177083281249995 0.465740740625 0.4078125 0.459259259375 0.4036458328125 0.45324074062499997 0.4036458328125 0.4453703703125 0.40416666718750005 0.43981481406249995 0.40833333281249995 0.4388888890625 0.4401041671875 0.4601851859375 0.4359375
0 0.4296296296875 0.16354166718750002 0.4583333328125 0.16354166718750002 0.465740740625 0.159375 0.465740740625 0.1458333328125 0.4583333328125 0.1427083328125 0.4481481484375 0.1416666671875 0.44444444375 0.1416666671875 0.43055555625 0.1427083328125 0.42222222187499997 0.1463541671875 0.42129629687500003 0.15677083281249998 0.4296296296875 0.16354166718750002
0 0.434259259375 0.1942708328125 0.4574074078125 0.19375 0.46388888906250003 0.1901041671875 0.46666666718750005 0.178125 0.46481481406249997 0.17135416718750002 0.4583333328125 0.1671875 0.4481481484375 0.1661458328125 0.44166666718750003 0.1661458328125 0.4296296296875 0.1677083328125 0.42222222187499997 0.1729166671875 0.4240740734375 0.18802083281249998 0.434259259375 0.1942708328125
0 0.42870370312499995 0.2203125 0.43518518593750005 0.22552083281250002 0.44166666718750003 0.2265625 0.4509259265625 0.2265625 0.4583333328125 0.2244791671875 0.46296296249999996 0.2192708328125 0.46388888906250003 0.2015625 0.4583333328125 0.1973958328125 0.45277777812500003 0.1963541671875 0.4478398140625 0.1963541671875 0.43518518593750005 0.196875 0.4296296296875 0.2 0.4268518515625 0.2052083328125 0.42870370312499995 0.2203125
0 0.43981481406249995 0.265625 0.447222221875 0.2671875 0.459259259375 0.2640625 0.4611111109375 0.25833333281250004 0.4611111109375 0.2359375 0.4583333328125 0.2322916671875 0.4509259265625 0.23020833281250003 0.45 0.23020833281250003 0.4388888890625 0.23125 0.43240740781250003 0.23802083281250003 0.4361111109375 0.2625 0.43981481406249995 0.265625
0 0.4388888890625 0.3083333328125 0.447222221875 0.3114583328125 0.45555555625000005 0.3104166671875 0.4620370375 0.303125 0.4611111109375 0.278125 0.459259259375 0.2744791671875 0.4509259265625 0.2708333328125 0.44907407343749994 0.2708333328125 0.43981481406249995 0.2723958328125 0.4361111109375 0.278125 0.4361111109375 0.3036458328125 0.4388888890625 0.3083333328125
0 0.44166666718750003 0.396875 0.4509259265625 0.4 0.46296296249999996 0.396875 0.465740740625 0.39114583281250004 0.465740740625 0.36875 0.46296296249999996 0.3625 0.45555555625000005 0.359375 0.4509259265625 0.359375 0.44259259218749997 0.3604166671875 0.4379629625 0.3651041671875 0.4388888890625 0.3927083328125 0.44166666718750003 0.396875
0 0.44259259218749997 0.3541666671875 0.45555555625000005 0.3552083328125 0.4601851859375 0.3536458328125 0.46388888906250003 0.3473958328125 0.46388888906250003 0.3260416671875 0.4601851859375 0.3182291671875 0.45277777812500003 0.315625 0.447222221875 0.315625 0.44166666718750003 0.3166666671875 0.4370370375 0.3213541671875 0.4370370375 0.3473958328125 0.44259259218749997 0.3541666671875