0 0.1297900265625 0 0.1291338578125 0.004921259375 0.1322834640625 0.010826771875 0.139370078125 0.01574803125 0.1503937015625 0.012795275 0.15275590625 0.004921259375 0.15242782187499998 0 0.1297900265625 0
0 0.12125984218750001 0.042322834375 0.13464566875 0.0433070859375 0.1440944875 0.035433070312499995 0.142519684375 0.02165354375 0.1322834640625 0.012795275 0.123622046875 0.010826771875 0.11732283437499999 0.01574803125 0.11732283437499999 0.03444881875 0.12125984218750001 0.042322834375
0 0.1307086609375 0.0807086609375 0.1433070859375 0.0787401578125 0.1503937015625 0.0679133859375 0.1503937015625 0.05314960625 0.142519684375 0.0462598421875 0.126771653125 0.05019685 0.12125984218750001 0.058070865625 0.12125984218750001 0.07185039374999999 0.1307086609375 0.0807086609375
0 0.1275590546875 0.1161417328125 0.14094488125 0.1161417328125 0.148818896875 0.1062992125 0.148818896875 0.092519684375 0.1417322828125 0.0836614171875 0.12834645625000002 0.08464566875 0.12125984218750001 0.092519684375 0.12125984218750001 0.1072834640625 0.1275590546875 0.1161417328125
0 0.13307086562499998 0.1584645671875 0.1417322828125 0.1564960625 0.1464566921875 0.148622046875 0.1464566921875 0.12795275625 0.14094488125 0.12204724375 0.13307086562499998 0.12106299218750001 0.12283464531249999 0.12992125937500001 0.12519685 0.1535433078125 0.13307086562499998 0.1584645671875
0 0.126771653125 0.19980314999999998 0.1322834640625 0.2037401578125 0.14094488125 0.201771653125 0.1464566921875 0.19094488125 0.145669290625 0.1692913390625 0.1370078734375 0.16240157500000002 0.12519685 0.1712598421875 0.12440944843749999 0.1938976375 0.126771653125 0.19980314999999998
0 0.1314960625 0.24901574843750002 0.1417322828125 0.24803149531250002 0.14724409375 0.236220471875 0.145669290625 0.21358267656250002 0.1401574796875 0.2086614171875 0.1338582671875 0.2086614171875 0.12598425156249998 0.21653543281249998 0.126771653125 0.2440944875 0.1314960625 0.24901574843750002
0 0.1417322828125 0.29035433125 0.14724409375 0.2834645671875 0.145669290625 0.2618110234375 0.137795275 0.2559055125 0.126771653125 0.2618110234375 0.1275590546875 0.2864173234375 0.13307086562499998 0.292322834375 0.1417322828125 0.29035433125
0 0.1433070859375 0.33464566875 0.14803149531249998 0.3257874015625 0.14724409375 0.3041338578125 0.13543307031250001 0.29724409375 0.126771653125 0.30511811093749996 0.1275590546875 0.3287401578125 0.13543307031250001 0.3366141734375 0.1433070859375 0.33464566875
0 0.126771653125 0.36811023593750003 0.13307086562499998 0.3809055125 0.1385826765625 0.38188976406249997 0.148818896875 0.37204724375 0.14803149531249998 0.348425196875 0.142519684375 0.3415354328125 0.13307086562499998 0.3415354328125 0.126771653125 0.3494094484375 0.126771653125 0.36811023593750003
0 0.126771653125 0.4133858265625 0.1307086609375 0.42519685 0.1370078734375 0.42814960625 0.145669290625 0.42519685 0.1496062984375 0.414370078125 0.148818896875 0.3937007875 0.142519684375 0.387795275 0.13464566875 0.387795275 0.1275590546875 0.39468503906249996 0.126771653125 0.4133858265625
0 0.1448818890625 0.47145669218749997 0.1503937015625 0.460629921875 0.14803149531249998 0.438976378125 0.1417322828125 0.43405511875 0.1291338578125 0.438976378125 0.1275590546875 0.457677165625 0.12992125937500001 0.46850393749999997 0.1448818890625 0.47145669218749997
0 0.1275590546875 0.50295275625 0.1314960625 0.5118110234375 0.136220471875 0.5147637796875 0.1464566921875 0.5118110234375 0.151181103125 0.5019685046875 0.1496062984375 0.4832677171875 0.1433070859375 0.47834645625 0.13464566875 0.47834645625 0.12834645625000002 0.48523622031249997 0.1275590546875 0.50295275625
0 0.1464566921875 0.548228346875 0.16141732343749998 0.54724409375 0.1692913390625 0.537401575 0.1677165359375 0.529527559375 0.1503937015625 0.5187007875 0.14094488125 0.5187007875 0.1370078734375 0.523622046875 0.137795275 0.54035433125 0.1464566921875 0.548228346875
0 0.26929133906249997 0.5501968500000001 0.28425196875 0.5501968500000001 0.2937007875 0.54035433125 0.29212598437500004 0.5285433078125 0.2866141734375 0.523622046875 0.266929134375 0.523622046875 0.260629921875 0.5305118109375 0.262204725 0.5462598421875 0.26929133906249997 0.5501968500000001
0 0.3881889765625 0.54724409375 0.40787401562500003 0.54724409375 0.41496062968749997 0.5383858265625 0.41496062968749997 0.5275590546875 0.40944881874999994 0.5216535437500001 0.3937007875 0.520669290625 0.3834645671875 0.526574803125 0.382677165625 0.5383858265625 0.3881889765625 0.54724409375
0 0.48503937031250005 0.5688976375 0.4944881890625 0.5698818890624999 0.5023622046875 0.5629921265625 0.5023622046875 0.5383858265625 0.49606299218750005 0.529527559375 0.48582677187499995 0.5334645671875 0.4803149609375 0.548228346875 0.4803149609375 0.561023621875 0.48503937031250005 0.5688976375
0 0.54724409375 0.573818896875 0.5582677171875 0.573818896875 0.5661417328125 0.5629921265625 0.563779528125 0.5442913390624999 0.557480315625 0.537401575 0.5488188968750001 0.5393700781249999 0.5433070859375 0.551181103125 0.542519684375 0.56594488125 0.54724409375 0.573818896875
0 0.607874015625 0.57185039375 0.6181102359375 0.5728346453125 0.6259842515625 0.56594488125 0.6267716531249999 0.5541338578125 0.6228346453125 0.54035433125 0.611023621875 0.5383858265625 0.6062992125 0.548228346875 0.6039370078124999 0.5649606296874999 0.607874015625 0.57185039375
0 0.673228346875 0.5708661421875 0.682677165625 0.5698818890624999 0.69055118125 0.561023621875 0.6897637796875 0.5442913390624999 0.68425196875 0.5334645671875 0.6740157484375 0.5354330703125 0.6685039374999999 0.5492125984375 0.6677165359375 0.5629921265625 0.673228346875 0.5708661421875
0 0.748818896875 0.56594488125 0.75275590625 0.5501968500000001 0.7480314953125 0.5354330703125 0.739370078125 0.5334645671875 0.733070865625 0.542322834375 0.7307086609375 0.563976378125 0.7354330703125 0.5688976375 0.748818896875 0.56594488125
0 0.79685039375 0.56594488125 0.8062992124999999 0.5679133859375 0.8149606296874999 0.558070865625 0.8149606296874999 0.5442913390624999 0.8086614171875001 0.5314960625 0.7992125984375 0.5344488187499999 0.7944881890625 0.54724409375 0.7937007875 0.558070865625 0.79685039375 0.56594488125
0 0.8708661421875 0.5649606296874999 0.876377953125 0.5541338578125 0.873228346875 0.5344488187499999 0.8645669296875 0.5305118109375 0.8566929140624999 0.5413385828124999 0.8566929140624999 0.5620078734375 0.8629921265625 0.566929134375 0.8708661421875 0.5649606296874999
0 0.920472440625 0.5649606296874999 0.9299212593749999 0.5649606296874999 0.9354330703124999 0.5600393703125001 0.9385826765624999 0.548228346875 0.93464566875 0.529527559375 0.923622046875 0.529527559375 0.9173228343750001 0.542322834375 0.9165354328124999 0.5570866140625 0.920472440625 0.5649606296874999
0 0.9818897640625 0.5620078734375 0.9905511812500001 0.563976378125 0.998425196875 0.558070865625 1 0.5462598421875 0.9952755906249999 0.5275590546875 0.987401575 0.526574803125 0.97795275625 0.5442913390624999 0.97795275625 0.5551181109375001 0.9818897640625 0.5620078734375
1 0 0.5647145671875 0.0055118109375 0.576771653125 0.020472440624999998 0.5816929140625 0.033070865625 0.5748031499999999 0.0370078734375 0.566929134375 0.037795275 0.55314960625 0.036220471875 0.5413385828124999 0.029133857812500004 0.5305118109375 0.0133858265625 0.5275590546875 0 0.54035433125 0 0.5647145671875
1 0.05275590625 0.5807086609375001 0.07086614218750001 0.579724409375 0.0811023625 0.5679133859375 0.0787401578125 0.54035433125 0.0677165359375 0.5285433078125 0.0496062984375 0.5305118109375 0.0417322828125 0.545275590625 0.0448818890625 0.57185039375 0.05275590625 0.5807086609375001
1 0.10078740156249999 0.5698818890624999 0.1188976375 0.561023621875 0.1338582671875 0.542322834375 0.1322834640625 0.5334645671875 0.12440944843749999 0.5246062984375001 0.0944881890625 0.526574803125 0.08425196874999999 0.5383858265625 0.085826771875 0.55905511875 0.10078740156249999 0.5698818890624999
1 0.1866141734375 0.551181103125 0.23464566874999998 0.5501968500000001 0.24488188906250002 0.537401575 0.24094488125 0.5275590546875 0.23070866093750003 0.523622046875 0.182677165625 0.5246062984375001 0.17480315 0.5314960625 0.17480315 0.542322834375 0.1866141734375 0.551181103125
1 0.30314960625 0.5492125984375 0.3503937015625 0.5492125984375 0.3645669296875 0.537401575 0.362204725 0.5275590546875 0.3559055125 0.5226377953125 0.30708661406250004 0.5216535437500001 0.2976377953125 0.526574803125 0.2960629921875 0.54035433125 0.30314960625 0.5492125984375
1 0.42519685 0.54724409375 0.4692913390625 0.55314960625 0.4787401578125 0.5393700781249999 0.4771653546875 0.5275590546875 0.46850393749999997 0.520669290625 0.43070866093750004 0.5196850390625001 0.41889763750000003 0.526574803125 0.41889763750000003 0.54035433125 0.42519685 0.54724409375
1 0.5062992125 0.5314960625 0.5062992125 0.5561023625 0.5102362203124999 0.5688976375 0.5165354328125 0.573818896875 0.5314960625 0.5698818890624999 0.5417322828125 0.551181103125 0.542519684375 0.5285433078125 0.533070865625 0.520669290625 0.5181102359375 0.5196850390625001 0.511023621875 0.5226377953125 0.5062992125 0.5314960625
1 0.5661417328125 0.5275590546875 0.56535433125 0.5433070859375 0.5740157484374999 0.566929134375 0.5803149609375 0.57185039375 0.5937007875 0.5679133859375 0.6039370078124999 0.5433070859375 0.6039370078124999 0.5275590546875 0.5937007875 0.5187007875 0.5842519687500001 0.5177165359375 0.5724409453125 0.520669290625 0.5661417328125 0.5275590546875
1 0.6291338578125 0.55314960625 0.637795275 0.5698818890624999 0.6480314953125 0.5698818890624999 0.6614173234375 0.55905511875 0.6677165359375 0.532480315625 0.663779528125 0.5226377953125 0.6551181109375 0.5177165359375 0.636220471875 0.5177165359375 0.6275590546875 0.5285433078125 0.6291338578125 0.55314960625
1 0.70314960625 0.5167322828125 0.6929133859375 0.5275590546875 0.6929133859375 0.5462598421875 0.6976377953124999 0.561023621875 0.7055118109375 0.5688976375 0.717322834375 0.566929134375 0.723622046875 0.55905511875 0.7275590546874999 0.5462598421875 0.729921259375 0.5334645671875 0.7275590546874999 0.523622046875 0.7188976375 0.5167322828125 0.70314960625 0.5167322828125
1 0.7614173234375 0.563976378125 0.77480315 0.566929134375 0.7858267718749999 0.55905511875 0.7921259843749999 0.5314960625 0.7866141734375 0.5177165359375 0.7622047249999999 0.51574803125 0.754330709375 0.526574803125 0.754330709375 0.542322834375 0.7614173234375 0.563976378125
1 0.8188976374999999 0.5246062984375001 0.8181102359375 0.5393700781249999 0.8228346453125001 0.5600393703125001 0.82834645625 0.56594488125 0.8425196843749999 0.5629921265625 0.8519685046875001 0.5413385828124999 0.8535433078124999 0.529527559375 0.8503937015625 0.5187007875 0.8433070859375 0.5137795281249999 0.82834645625 0.5137795281249999 0.8188976374999999 0.5246062984375001
1 0.8850393703125 0.5147637796875 0.8811023625000001 0.520669290625 0.8787401578124999 0.5364173234375 0.8850393703125 0.5600393703125001 0.8897637796875 0.563976378125 0.9039370078125 0.5620078734375 0.911023621875 0.5501968500000001 0.9149606296874999 0.532480315625 0.912598425 0.5177165359375 0.9070866140625 0.512795275 0.8937007875 0.5118110234375 0.8850393703125 0.5147637796875
1 0.9409448812500001 0.537401575 0.94724409375 0.558070865625 0.95275590625 0.5629921265625 0.96535433125 0.561023621875 0.97480315 0.5393700781249999 0.9755905515625001 0.5255905515625 0.9708661421875 0.5137795281249999 0.9519685046875 0.5108267718749999 0.9417322828125 0.5226377953125 0.9409448812500001 0.537401575