0 0.207580175 0 0.20699708437500003 0.000910746875 0.20699708437500003 0.0173041890625 0.2106414 0.0218579234375 0.22157434375 0.0227686703125 0.226676384375 0.016393442187500003 0.2280573890625 0 0.207580175 0
0 0.18586005781249998 0.041894353125 0.196793003125 0.043715846875 0.20553935937499998 0.030965392187500003 0.2048104953125 0.0182149359375 0.196793003125 0.0109289625 0.18950437343749998 0.0118397078125 0.18367346874999999 0.0173041890625 0.18294460625 0.030965392187500003 0.18586005781249998 0.041894353125
0 0.2106414 0.0628415296875 0.217201165625 0.0646630234375 0.2237609328125 0.0591985421875 0.225947521875 0.03734061875 0.22230320625000002 0.030965392187500003 0.212099125 0.0300546453125 0.2048104953125 0.04098360625 0.2040816328125 0.050091075 0.2106414 0.0628415296875
0 0.19752186562500001 0.08743169375 0.20553935937499998 0.0746812390625 0.206268221875 0.061020035937499995 0.196793003125 0.051001821875 0.186588921875 0.0573770484375 0.186588921875 0.084699453125 0.18950437343749998 0.08834244062499999 0.19752186562500001 0.08743169375
0 0.2084548109375 0.10291438906249999 0.21865889218749998 0.10564662968750001 0.2230320703125 0.101092896875 0.22448979531250002 0.0783242265625 0.22084548124999998 0.0710382515625 0.2106414 0.0719489984375 0.2033527703125 0.084699453125 0.20262390625 0.093806921875 0.2084548109375 0.10291438906249999
0 0.19241982500000002 0.1284153 0.20116618125 0.129326046875 0.2128279890625 0.11748633906249999 0.21137026250000002 0.1111111109375 0.20116618125 0.09836065625 0.1931486875 0.09836065625 0.1887755109375 0.10473588281249999 0.1887755109375 0.1211293265625 0.19241982500000002 0.1284153
0 0.2106414 0.1593806921875 0.22011661875000002 0.15300546406249999 0.22230320625000002 0.138433515625 0.21793002968750003 0.13023679375 0.20918367343750002 0.129326046875 0.20043731718750002 0.13387978125 0.1946064140625 0.142076503125 0.196064140625 0.1548269578125 0.2106414 0.1593806921875
0 0.20116618125 0.19216757812500002 0.212099125 0.19125683124999998 0.22011661875000002 0.1821493625 0.22011661875000002 0.17304189375 0.2135568515625 0.16393442656249999 0.20116618125 0.1630236796875 0.1931486875 0.172131146875 0.1931486875 0.184881603125 0.20116618125 0.19216757812500002
0 0.198250728125 0.22677595625000002 0.20991253593749998 0.22859745 0.216472303125 0.222222221875 0.21865889218749998 0.20491803281249998 0.2128279890625 0.1967213109375 0.20043731718750002 0.19763205781249998 0.1946064140625 0.20491803281249998 0.1938775515625 0.21766848749999998 0.198250728125 0.22677595625000002
0 0.217201165625 0.2586520953125 0.21793002968750003 0.2413479046875 0.2128279890625 0.23406193125 0.20262390625 0.23406193125 0.196064140625 0.2431693984375 0.1989795921875 0.265027321875 0.20918367343750002 0.2677595625 0.217201165625 0.2586520953125
0 0.196793003125 0.2978142078125 0.1997084546875 0.30783242187500004 0.206268221875 0.31147540937499996 0.2135568515625 0.309653915625 0.21793002968750003 0.3005464484375 0.215743440625 0.27777777812500004 0.206268221875 0.27322404375 0.1997084546875 0.27777777812500004 0.19752186562500001 0.2841530046875 0.196793003125 0.2978142078125
0 0.2048104953125 0.3497267765625 0.2142857140625 0.3479052828125 0.21793002968750003 0.3424408015625 0.21793002968750003 0.32786885312499997 0.2150145765625 0.321493625 0.20699708437500003 0.3178506375 0.1989795921875 0.324225865625 0.1989795921875 0.3451730421875 0.2048104953125 0.3497267765625
0 0.206268221875 0.39162112968749996 0.2142857140625 0.3897996359375 0.21865889218749998 0.3825136609375 0.217201165625 0.361566484375 0.2128279890625 0.356102003125 0.2048104953125 0.356102003125 0.1989795921875 0.363387978125 0.1997084546875 0.38615664843749997 0.206268221875 0.39162112968749996
0 0.20189504375 0.42987249531250005 0.2048104953125 0.4326047359375 0.2150145765625 0.4307832421875 0.21865889218749998 0.4244080140625 0.21793002968750003 0.40255009062499997 0.2084548109375 0.3961748640625 0.1989795921875 0.40528233125 0.198250728125 0.418943534375 0.20189504375 0.42987249531250005
0 0.21793002968750003 0.47267759531250003 0.22084548124999998 0.45992714062499995 0.21793002968750003 0.443533696875 0.20772594687499998 0.4389799640625 0.20043731718750002 0.44626593750000004 0.20043731718750002 0.47176684843750005 0.2048104953125 0.47540983593749997 0.21793002968750003 0.47267759531250003
0 0.20116618125 0.5127504546874999 0.20772594687499998 0.5173041890625 0.21793002968750003 0.5136612015625001 0.22084548124999998 0.50182149375 0.21865889218749998 0.4881602921875 0.2084548109375 0.4817850640625 0.20043731718750002 0.4890710375 0.1989795921875 0.502732240625 0.20116618125 0.5127504546874999
0 0.1997084546875 0.5327868859375 0.20116618125 0.552823315625 0.206268221875 0.556466303125 0.21793002968750003 0.5546448093749999 0.22084548124999998 0.550091075 0.22084548124999998 0.5336976328125 0.21793002968750003 0.5264116578125 0.20772594687499998 0.5227686703125001 0.20189504375 0.5273224046875 0.1997084546875 0.5327868859375
0 0.22157434375 0.588342440625 0.22157434375 0.5728597453125001 0.216472303125 0.5637522765625 0.2040816328125 0.5637522765625 0.1997084546875 0.5728597453125001 0.20043731718750002 0.5892531875 0.2048104953125 0.591985428125 0.22157434375 0.588342440625
0 0.282798834375 0.6120218578125 0.29810495625 0.6120218578125 0.3053935859375 0.6029143890625 0.3046647234375 0.593806921875 0.2995626828125 0.588342440625 0.2820699703125 0.5874316937499999 0.2755102046875 0.59471766875 0.2762390671875 0.6074681234375 0.282798834375 0.6120218578125
0 0.39212827968749997 0.6102003640625 0.4118075796875 0.6102003640625 0.41836734687500005 0.6038251359375 0.419096209375 0.59471766875 0.41399416875000006 0.586520946875 0.3965014578125 0.5856102 0.388483965625 0.592896175 0.3877551015625 0.601092896875 0.39212827968749997 0.6102003640625
0 0.5138483968750001 0.6193078328125 0.5218658890625 0.6111111109375 0.5247813406249999 0.590163934375 0.5167638484375 0.58378870625 0.51020408125 0.584699453125 0.505102040625 0.588342440625 0.5014577265625 0.5974499093750001 0.5014577265625 0.6111111109375 0.5138483968750001 0.6193078328125
0 0.561953353125 0.63387978125 0.5728862968749999 0.634790528125 0.5809037906250001 0.627504553125 0.5787172015625 0.6065573765625001 0.5736151609375 0.601092896875 0.5655976671875 0.601092896875 0.5590379015625 0.6147540984375001 0.5583090375 0.6247723140625 0.561953353125 0.63387978125
0 0.620262390625 0.63387978125 0.629737609375 0.63387978125 0.6377551015625 0.6238615671875001 0.6362973765625 0.6092896171875 0.6311953359375 0.601092896875 0.6231778421875 0.60200364375 0.6166180765625 0.6165755921875 0.6158892125000001 0.625683059375 0.620262390625 0.63387978125
0 0.6785714281249999 0.63023679375 0.688046646875 0.6284153 0.6953352765624999 0.6220400734375 0.6953352765624999 0.6065573765625001 0.6909620984375 0.5974499093750001 0.6807580171875001 0.59836065625 0.6763848390625 0.6074681234375 0.6749271140624999 0.6247723140625 0.6785714281249999 0.63023679375
0 0.7339650140625 0.627504553125 0.73979591875 0.631147540625 0.7478134109375 0.6293260468749999 0.754373178125 0.6193078328125 0.7507288625 0.601092896875 0.7419825078125 0.5974499093750001 0.735422740625 0.6056466296874999 0.7325072890625 0.6202185796874999 0.7339650140625 0.627504553125
0 0.7966472296875 0.627504553125 0.803935859375 0.6284153 0.8112244890625 0.6238615671875001 0.812682215625 0.6092896171875 0.8083090374999999 0.5965391624999999 0.79883381875 0.5965391624999999 0.793731778125 0.6065573765625001 0.792274053125 0.6202185796874999 0.7966472296875 0.627504553125
0 0.8483965015624999 0.6193078328125 0.8527696796875001 0.627504553125 0.8629737609375001 0.62659380625 0.8688046640625 0.6174863390625001 0.8673469390624999 0.599271403125 0.8644314874999999 0.59471766875 0.8571428578125 0.59471766875 0.8520408156249999 0.60018215 0.8491253640625 0.6120218578125 0.8483965015624999 0.6193078328125
0 0.9220116624999999 0.6238615671875001 0.9263848390625 0.6129326046875 0.9241982500000001 0.595628415625 0.9139941687500001 0.592896175 0.9081632656249999 0.6029143890625 0.9081632656249999 0.6229508203125 0.9132653062499999 0.62659380625 0.9220116624999999 0.6238615671875001
0 0.9781341109374999 0.6238615671875001 0.9832361515624999 0.6129326046875 0.9795918374999999 0.593806921875 0.97011661875 0.591985428125 0.9642857140625001 0.6038251359375 0.9628279890625 0.6202185796874999 0.9686588921875 0.625683059375 0.9781341109374999 0.6238615671875001
1 0 0.6429476515625 0.00874635625 0.643897996875 0.0189504375 0.635701275 0.0225947515625 0.6247723140625 0.021865889062499998 0.6138433515624999 0.014577259375000002 0.5965391624999999 0.005102040625 0.591985428125 0 0.5924408015625 0 0.6429476515625
1 0.0306122453125 0.595628415625 0.0262390671875 0.6038251359375 0.0262390671875 0.627504553125 0.0320699703125 0.6393442625 0.048104956250000004 0.64116575625 0.057580175 0.634790528125 0.0612244890625 0.627504553125 0.0612244890625 0.6102003640625 0.05466472343749999 0.5965391624999999 0.0502915453125 0.592896175 0.0364431484375 0.591985428125 0.0306122453125 0.595628415625
1 0.0655976671875 0.625683059375 0.0765306125 0.64116575625 0.0896501453125 0.64116575625 0.0983965015625 0.6329690343750001 0.101311953125 0.6111111109375 0.0947521859375 0.595628415625 0.0889212828125 0.591985428125 0.07580175 0.591985428125 0.0655976671875 0.6038251359375 0.0655976671875 0.625683059375
1 0.10641399375 0.625683059375 0.1137026234375 0.640255009375 0.1311953359375 0.6393442625 0.139212828125 0.6320582875 0.1406705546875 0.6092896171875 0.1319241984375 0.593806921875 0.11443148750000001 0.591985428125 0.1093294453125 0.5965391624999999 0.10568513125000001 0.6065573765625001 0.10641399375 0.625683059375
1 0.14431486875 0.6193078328125 0.1457725953125 0.627504553125 0.1516034984375 0.635701275 0.16399416875 0.6393442625 0.18221574375 0.6220400734375 0.1844023328125 0.6065573765625001 0.1749271140625 0.592896175 0.1552478140625 0.5910746812500001 0.1457725953125 0.599271403125 0.14431486875 0.6193078328125
1 0.196064140625 0.5910746812500001 0.1916909625 0.595628415625 0.1916909625 0.6065573765625001 0.20043731718750002 0.6129326046875 0.254373178125 0.6129326046875 0.26239067031249996 0.6029143890625 0.2580174921875 0.590163934375 0.24635568437500002 0.5874316937499999 0.22740524843749998 0.5874316937499999 0.216472303125 0.592896175 0.2040816328125 0.593806921875 0.196064140625 0.5910746812500001
1 0.30976676406250003 0.6056466296874999 0.32142857187499996 0.6129326046875 0.3622448984375 0.6111111109375 0.3688046640625 0.6074681234375 0.37172011718750003 0.60018215 0.370262390625 0.591985428125 0.360787171875 0.586520946875 0.3185131203125 0.586520946875 0.31049562656249996 0.5910746812500001 0.30976676406250003 0.6056466296874999
1 0.4212827984375 0.6038251359375 0.4300291546875 0.6111111109375 0.476676384375 0.6092896171875 0.48396501406250003 0.599271403125 0.4825072890625 0.590163934375 0.47594752187499995 0.584699453125 0.43367346875 0.58378870625 0.4256559765625 0.5856102 0.4212827984375 0.5910746812500001 0.4212827984375 0.6038251359375
1 0.52769679375 0.592896175 0.5233236156250001 0.6138433515624999 0.5225947515625 0.6229508203125 0.52769679375 0.63023679375 0.5342565593749999 0.63387978125 0.5466472296875 0.631147540625 0.551749271875 0.627504553125 0.557580175 0.6138433515624999 0.5597667640624999 0.593806921875 0.54883381875 0.58378870625 0.5342565593749999 0.584699453125 0.52769679375 0.592896175
1 0.5830903796875 0.6156648453125 0.590379009375 0.631147540625 0.5983965015625 0.6329690343750001 0.6122448984375 0.6202185796874999 0.6173469390624999 0.601092896875 0.6173469390624999 0.593806921875 0.6122448984375 0.5856102 0.5881924203125 0.582877959375 0.5809037906250001 0.592896175 0.5830903796875 0.6156648453125
1 0.6377551015625 0.6074681234375 0.6457725953125 0.627504553125 0.6537900875 0.6320582875 0.6661807578125 0.627504553125 0.672740525 0.6111111109375 0.6734693875 0.5892531875 0.6639941687500001 0.5819672125 0.647959184375 0.5819672125 0.6377551015625 0.591985428125 0.6377551015625 0.6074681234375
1 0.698250728125 0.6074681234375 0.7048104953125 0.62659380625 0.7135568515624999 0.63023679375 0.7274052484375 0.6193078328125 0.7332361515625 0.5974499093750001 0.7295918375 0.584699453125 0.7230320703124999 0.581056465625 0.707725946875 0.581056465625 0.6989795921875 0.5910746812500001 0.698250728125 0.6074681234375
1 0.7631195328125 0.625683059375 0.7755102046875 0.6284153 0.7857142859375 0.6183970859375 0.7908163265625 0.5910746812500001 0.783527696875 0.582877959375 0.7653061218749999 0.58014571875 0.755102040625 0.590163934375 0.755830903125 0.6102003640625 0.7631195328125 0.625683059375
1 0.8199708453125 0.6220400734375 0.831632653125 0.62659380625 0.841107871875 0.6202185796874999 0.8476676390625 0.595628415625 0.8432944609374999 0.581056465625 0.8236151609375 0.5792349734375 0.8148688046875 0.590163934375 0.8148688046875 0.6074681234375 0.8199708453125 0.6220400734375
1 0.8724489796875 0.586520946875 0.8709912531249999 0.59836065625 0.8753644312500001 0.6183970859375 0.88483965 0.62659380625 0.8972303203124999 0.6211293265625 0.9045189499999999 0.5965391624999999 0.9023323609375 0.582877959375 0.8979591843750001 0.5783242265624999 0.888483965625 0.5765027328125 0.8811953359375 0.5774134796875 0.8724489796875 0.586520946875
1 0.9300291546875 0.586520946875 0.9293002921875001 0.60018215 0.93367346875 0.6183970859375 0.9402332359375001 0.6238615671875001 0.95262390625 0.6211293265625 0.9613702625 0.59471766875 0.9584548109375 0.58014571875 0.9518950437499999 0.5755919859375 0.9402332359375001 0.5755919859375 0.9351311953125 0.5774134796875 0.9300291546875 0.586520946875
1 1 0.5746812390625 0.9941690968750001 0.5746812390625 0.9861516031249999 0.584699453125 0.985422740625 0.60018215 0.99125364375 0.6183970859375 0.995626821875 0.6229508203125 1 0.6226472375000001 1 0.5746812390625