1 0 0.6319444437499999 0.009722221875000001 0.6302083328125 0.0166666671875 0.6223958328125 0.01875 0.6163194437499999 0.01875 0.6006944437499999 0.015972221875 0.590277778125 0.010416667187500001 0.5842013890625 0.002777778125 0.5807291671875 0 0.5807291671875 0 0.6319444437499999
1 0.021527778125 0.613715278125 0.0270833328125 0.6267361109375 0.03194444375 0.6302083328125 0.0416666671875 0.6302083328125 0.0513888890625 0.6232638890625 0.05625 0.6085069437499999 0.0548611109375 0.5954861109375 0.05069444375 0.5876736109375 0.0451388890625 0.581597221875 0.0375 0.5807291671875 0.036805556249999996 0.5807291671875 0.0270833328125 0.5850694437499999 0.0229166671875 0.590277778125 0.0208333328125 0.5998263890625 0.021527778125 0.613715278125
1 0.061805556250000004 0.6189236109375 0.0666666671875 0.6258680562500001 0.07083333281250001 0.6276041671875 0.084722221875 0.6258680562500001 0.09305555625 0.6163194437499999 0.0923611109375 0.5928819437499999 0.0875 0.5850694437499999 0.07986111093750001 0.5807291671875 0.07638888906249999 0.5807291671875 0.065972221875 0.582465278125 0.059027778125 0.5954861109375 0.059027778125 0.6076388890625 0.061805556250000004 0.6189236109375
1 0.11041666718750001 0.6276041671875 0.11805555625 0.6276041671875 0.127777778125 0.620659721875 0.13194444375 0.605902778125 0.13125 0.597222221875 0.1270833328125 0.5868055562500001 0.12361111093749999 0.582465278125 0.1166666671875 0.5798611109375 0.11041666718750001 0.5798611109375 0.0979166671875 0.590277778125 0.0979166671875 0.613715278125 0.1041666671875 0.6241319437499999 0.11041666718750001 0.6276041671875
1 0.13888888906250002 0.6197916671875 0.1451388890625 0.6267361109375 0.16180555624999998 0.625 0.17013888906250002 0.6119791671875 0.1666666671875 0.589409721875 0.1576388890625 0.5807291671875 0.15069444375000002 0.5798611109375 0.15 0.5789930562500001 0.14305555625 0.581597221875 0.1395833328125 0.5859375 0.134027778125 0.6024305562500001 0.13888888906250002 0.6197916671875
1 0.172222221875 0.59375 0.17430555625 0.6085069437499999 0.18125 0.6154513890625 0.19097222187500001 0.6171875 0.2125 0.6015625 0.21597222187499998 0.597222221875 0.2166666671875 0.5911458328125 0.2138888890625 0.5842013890625 0.20694444375 0.5772569437499999 0.20347222187499997 0.5772569437499999 0.1861111109375 0.578125 0.1770833328125 0.582465278125 0.17361111093749998 0.5868055562500001 0.172222221875 0.59375
1 0.24375 0.5850694437499999 0.24722222187499998 0.5954861109375 0.26180555625 0.5998263890625 0.2916666671875 0.5998263890625 0.3013888890625 0.5963541671875 0.3048611109375 0.5920138890625 0.30416666718749996 0.582465278125 0.29930555625 0.578125 0.2888888890625 0.5763888890625 0.2854166671875 0.5763888890625 0.25555555625 0.5772569437499999 0.2513888890625 0.581597221875 0.2479166671875 0.578125 0.24375 0.5850694437499999
1 0.377777778125 0.597222221875 0.38194444375000003 0.5989583328125 0.4263888890625 0.597222221875 0.43333333281249997 0.5911458328125 0.434722221875 0.5842013890625 0.43194444374999996 0.5772569437499999 0.42291666718750004 0.574652778125 0.41944444374999995 0.574652778125 0.37986111093749997 0.5755208328125 0.375 0.5798611109375 0.37430555625 0.590277778125 0.377777778125 0.597222221875
1 0.4861111109375 0.597222221875 0.49513888906250003 0.5989583328125 0.51319444375 0.609375 0.522222221875 0.605902778125 0.5291666671875 0.5946180562500001 0.5305555562500001 0.5833333328125 0.525 0.5755208328125 0.5138888890625 0.5729166671875 0.5104166671875 0.5729166671875 0.4861111109375 0.573784721875 0.48194444374999995 0.5833333328125 0.48333333281249996 0.5928819437499999 0.4861111109375 0.597222221875
1 0.5631944437499999 0.620659721875 0.5770833328125 0.6171875 0.5826388890625 0.6076388890625 0.5861111109375 0.5920138890625 0.5861111109375 0.5833333328125 0.5826388890625 0.5772569437499999 0.5763888890625 0.5729166671875 0.56805555625 0.5720486109375 0.5666666671875 0.5720486109375 0.55625 0.5755208328125 0.5513888890625 0.5842013890625 0.5541666671875001 0.6076388890625 0.5631944437499999 0.620659721875
1 0.622222221875 0.6189236109375 0.63055555625 0.6154513890625 0.6354166671875 0.609375 0.640972221875 0.5920138890625 0.640277778125 0.5789930562500001 0.634027778125 0.5729166671875 0.6243055562500001 0.5711805562500001 0.6208333328125 0.5711805562500001 0.6125 0.573784721875 0.60694444375 0.5876736109375 0.61319444375 0.613715278125 0.622222221875 0.6189236109375
1 0.66875 0.612847221875 0.6729166671875 0.6145833328125 0.68194444375 0.613715278125 0.6868055562500001 0.6102430562500001 0.6951388890625 0.5911458328125 0.6944444437499999 0.5772569437499999 0.6826388890625 0.5703125 0.6777777781250001 0.5703125 0.6666666671875 0.5729166671875 0.6604166671875 0.5850694437499999 0.6645833328124999 0.6067708328125 0.66875 0.612847221875
1 0.722222221875 0.6119791671875 0.7284722218749999 0.6163194437499999 0.7402777781250001 0.612847221875 0.7458333328125 0.6067708328125 0.7486111109375 0.5989583328125 0.7506944437499999 0.5807291671875 0.746527778125 0.5729166671875 0.7388888890625 0.5694444437499999 0.734722221875 0.5694444437499999 0.721527778125 0.5711805562500001 0.715972221875 0.581597221875 0.71875 0.6032986109375 0.722222221875 0.6119791671875
1 0.7833333328125 0.6145833328125 0.7951388890625 0.6119791671875 0.79930555625 0.6076388890625 0.8027777781250001 0.597222221875 0.8048611109375001 0.578125 0.8013888890624999 0.5720486109375 0.7951388890625 0.5685763890625 0.7912034718750001 0.5685763890625 0.778472221875 0.5711805562500001 0.772222221875 0.5833333328125 0.7763888890625 0.6067708328125 0.7833333328125 0.6145833328125
1 0.8368055562500001 0.612847221875 0.84930555625 0.6111111109375 0.85555555625 0.6015625 0.859027778125 0.5789930562500001 0.85694444375 0.5720486109375 0.8506944437499999 0.5677083328125 0.846875 0.5677083328125 0.83194444375 0.5694444437499999 0.8263888890625 0.5807291671875 0.83055555625 0.605902778125 0.8368055562500001 0.612847221875
1 0.8888888890625 0.609375 0.89444444375 0.612847221875 0.9041666671874999 0.609375 0.9111111109375001 0.5946180562500001 0.9125 0.5755208328125 0.909722221875 0.5694444437499999 0.9048611109375001 0.565972221875 0.90069444375 0.565972221875 0.890277778125 0.566840278125 0.8826388890624999 0.578125 0.8854166671874999 0.6024305562500001 0.8888888890625 0.609375
1 0.940972221875 0.605902778125 0.9458333328125 0.6102430562500001 0.959722221875 0.6076388890625 0.9666666671874999 0.5928819437499999 0.9673611109375001 0.5755208328125 0.965972221875 0.5703125 0.9590277781250001 0.5642361109375 0.95555555625 0.5642361109375 0.9423611109375001 0.565972221875 0.9354166671874999 0.5789930562500001 0.9375 0.597222221875 0.940972221875 0.605902778125
0 0.19305555624999998 0 0.19444444375 0.019097221875 0.20069444375 0.0234375 0.21111111093749999 0.0217013890625 0.21805555625 0.0095486109375 0.2166666671875 0 0.21273124999999998 0 0.19305555624999998 0
0 0.21875 0.034722221875 0.22430555624999998 0.0407986109375 0.23125 0.0407986109375 0.2375 0.034722221875 0.23958333281250002 0.01649305625 0.2375 0.012152778125 0.23263888906250002 0.0095486109375 0.22881944375000002 0.0095486109375 0.225 0.0095486109375 0.2201388890625 0.014756943750000001 0.2173611109375 0.0251736109375 0.21875 0.034722221875
0 0.20138888906250002 0.061631943749999994 0.209027778125 0.0607638890625 0.21805555625 0.04600694375 0.2173611109375 0.0364583328125 0.20972222187499998 0.0286458328125 0.20347222187499997 0.0286458328125 0.1979166671875 0.03211805625 0.19513888906250001 0.03993055625 0.197222221875 0.055555556250000006 0.20138888906250002 0.061631943749999994
0 0.2173611109375 0.07204861093750001 0.2236111109375 0.07986111093750001 0.23333333281250002 0.07725694375 0.23611111093749998 0.0703125 0.23680555625 0.053819443749999994 0.23125 0.046875 0.22777777812500002 0.046875 0.22291666718749997 0.04774305625 0.21875 0.0529513890625 0.215277778125 0.06423611093750001 0.2173611109375 0.07204861093750001
0 0.20347222187499997 0.1015625 0.209027778125 0.10069444375 0.21875 0.08333333281250001 0.2173611109375 0.07638888906249999 0.209027778125 0.06770833281250001 0.20486111093749998 0.06770833281250001 0.19930555625 0.07204861093750001 0.1979166671875 0.07725694375 0.19930555625 0.098090278125 0.20347222187499997 0.1015625
0 0.20972222187499998 0.1432291671875 0.22152777812500002 0.1380208328125 0.22569444375 0.13107638906250002 0.22569444375 0.12586805625 0.21875 0.1171875 0.209027778125 0.1111111109375 0.20833333281250002 0.1111111109375 0.20208333281250002 0.11805555625 0.20208333281250002 0.13628472187500001 0.20347222187499997 0.13975694375 0.20972222187499998 0.1432291671875
0 0.21458333281250003 0.237847221875 0.2236111109375 0.23611111093749998 0.22777777812500002 0.23177083281250002 0.2298611109375 0.21267361093749998 0.2236111109375 0.206597221875 0.21909722187499997 0.206597221875 0.21111111093749999 0.20833333281250002 0.20625 0.21614583281250002 0.2076388890625 0.230902778125 0.21458333281250003 0.237847221875
0 0.225 0.1189236109375 0.23125 0.1171875 0.23402777812500003 0.112847221875 0.23541666718749998 0.09114583281250001 0.2298611109375 0.08506944375 0.225 0.08506944375 0.21805555625 0.09114583281250001 0.21319444375000002 0.1015625 0.21458333281250003 0.109375 0.225 0.1189236109375
0 0.21597222187499998 0.17100694375 0.22569444375 0.1692708328125 0.23263888906250002 0.15972222187500001 0.23263888906250002 0.14670138906250002 0.22569444375 0.140625 0.2236111109375 0.140625 0.21180555625 0.14756944375 0.20694444375 0.15451388906250002 0.20833333281250002 0.16493055625 0.21597222187499998 0.17100694375
0 0.22152777812500002 0.20225694375 0.22777777812500002 0.1979166671875 0.23125 0.1875 0.23055555625 0.18142361093749998 0.22638888906250001 0.17621527812499999 0.21875 0.17361111093749998 0.21319444375000002 0.17361111093749998 0.20555555625 0.18142361093749998 0.20555555625 0.19357638906250002 0.21111111093749999 0.20138888906250002 0.22152777812500002 0.20225694375
0 0.21597222187499998 0.27690972187499996 0.22430555624999998 0.27430555624999997 0.228472221875 0.26649305624999997 0.22916666718749998 0.25 0.222222221875 0.2421875 0.2173611109375 0.2421875 0.21319444375000002 0.24392361093749998 0.20833333281250002 0.25086805624999997 0.209027778125 0.26909722187499996 0.21597222187499998 0.27690972187499996
0 0.21597222187499998 0.3177083328125 0.22430555624999998 0.31684027812500004 0.228472221875 0.3098958328125 0.228472221875 0.28993055624999997 0.2208333328125 0.28125 0.21944444375 0.28125 0.21180555625 0.28559027812500004 0.20972222187499998 0.2907986109375 0.21111111093749999 0.31336805624999997 0.21597222187499998 0.3177083328125
0 0.21805555625 0.359375 0.22430555624999998 0.35850694375000003 0.22916666718749998 0.3498263890625 0.228472221875 0.32899305624999997 0.2208333328125 0.3229166671875 0.21944444375 0.3229166671875 0.21458333281250003 0.32465277812500004 0.2104166671875 0.33159722187499996 0.21111111093749999 0.3532986109375 0.21805555625 0.359375
0 0.2166666671875 0.39930555624999997 0.2236111109375 0.3984375 0.22916666718749998 0.3923611109375 0.22916666718749998 0.3689236109375 0.22430555624999998 0.36371527812500004 0.2201388890625 0.36371527812500004 0.21458333281250003 0.3645833328125 0.2104166671875 0.37065972187499996 0.21111111093749999 0.3923611109375 0.2166666671875 0.39930555624999997
0 0.21805555625 0.43663194375 0.22430555624999998 0.4357638890625 0.2298611109375 0.4279513890625 0.22916666718749998 0.4114583328125 0.2236111109375 0.40538194375 0.21875 0.40538194375 0.21111111093749999 0.4123263890625 0.21180555625 0.4279513890625 0.2138888890625 0.43402777812500004 0.21805555625 0.43663194375
0 0.2173611109375 0.4748263890625 0.22430555624999998 0.4748263890625 0.2298611109375 0.4704861109375 0.2298611109375 0.4470486109375 0.22430555624999998 0.44184027812500004 0.21875 0.44184027812500004 0.2125 0.4470486109375 0.21111111093749999 0.45225694375 0.21180555625 0.46788194375 0.2173611109375 0.4748263890625
0 0.215277778125 0.5138888890625 0.21944444375 0.515625 0.22638888906250001 0.5147569437499999 0.23125 0.504340278125 0.2298611109375 0.48524305625 0.22430555624999998 0.48003472187499996 0.2201388890625 0.48003472187499996 0.21180555625 0.4869791671875 0.21111111093749999 0.49305555625 0.2125 0.5086805562500001 0.215277778125 0.5138888890625
0 0.2166666671875 0.5546875 0.2270833328125 0.5538194437499999 0.23194444375 0.5460069437499999 0.23125 0.527777778125 0.225 0.5217013890625 0.21875 0.5217013890625 0.215277778125 0.5234375 0.21180555625 0.5303819437499999 0.21180555625 0.542534721875 0.2166666671875 0.5546875
0 0.23194444375 0.5920138890625 0.2375 0.5868055562500001 0.23819444375 0.581597221875 0.23125 0.5651041671875 0.22638888906250001 0.5607638890625 0.22291666718749997 0.5607638890625 0.21458333281250003 0.5633680562500001 0.2125 0.573784721875 0.2208333328125 0.5885416671875 0.23194444375 0.5920138890625
0 0.3145833328125 0.5989583328125 0.32777777812500003 0.5998263890625 0.33888888906250003 0.5928819437499999 0.33888888906250003 0.581597221875 0.33125 0.5763888890625 0.32743055625 0.5763888890625 0.31597222187499996 0.5763888890625 0.31180555625 0.5798611109375 0.3104166671875 0.5920138890625 0.3145833328125 0.5989583328125
0 0.3604166671875 0.5998263890625 0.37013888906250003 0.5954861109375 0.372222221875 0.590277778125 0.37152777812500004 0.5807291671875 0.365277778125 0.5755208328125 0.3611111109375 0.5755208328125 0.34722222187499996 0.578125 0.34444444375 0.5885416671875 0.34861111093749997 0.598090278125 0.3604166671875 0.5998263890625
0 0.4548611109375 0.5963541671875 0.475 0.5963541671875 0.4791666671875 0.589409721875 0.4791666671875 0.5798611109375 0.47430555625000004 0.573784721875 0.4704861109375 0.573784721875 0.459027778125 0.573784721875 0.45208333281249996 0.5789930562500001 0.4513888890625 0.5885416671875 0.4548611109375 0.5963541671875
0 0.540277778125 0.621527778125 0.54930555625 0.6145833328125 0.5513888890625 0.6067708328125 0.55 0.59375 0.54444444375 0.5842013890625 0.5409722218749999 0.5842013890625 0.534722221875 0.5885416671875 0.5298611109375 0.6024305562500001 0.53125 0.6171875 0.540277778125 0.621527778125
0 0.5944444437499999 0.621527778125 0.6 0.620659721875 0.6076388890625 0.6111111109375 0.60555555625 0.5954861109375 0.5986111109375 0.5868055562500001 0.5951388890625 0.5868055562500001 0.590277778125 0.590277778125 0.5861111109375 0.6032986109375 0.5868055562500001 0.6154513890625 0.5944444437499999 0.621527778125
0 0.6465277781250001 0.620659721875 0.6555555562500001 0.6189236109375 0.66180555625 0.6102430562500001 0.659722221875 0.5954861109375 0.6541666671875 0.5885416671875 0.6486111109375 0.5885416671875 0.64444444375 0.5920138890625 0.640277778125 0.6032986109375 0.640972221875 0.6154513890625 0.6465277781250001 0.620659721875
0 0.702777778125 0.6180555562500001 0.7111111109375 0.6154513890625 0.715277778125 0.6085069437499999 0.7138888890625 0.5946180562500001 0.7090277781250001 0.5868055562500001 0.703472221875 0.5868055562500001 0.69930555625 0.5911458328125 0.6951388890625 0.6041666671875 0.696527778125 0.6145833328125 0.702777778125 0.6180555562500001
0 0.7548611109375 0.6163194437499999 0.759027778125 0.6171875 0.7666666671875 0.6145833328125 0.7715277781250001 0.6041666671875 0.76875 0.5885416671875 0.7645833328125 0.5842013890625 0.7611111109375 0.5842013890625 0.75555555625 0.5876736109375 0.7513888890625 0.6015625 0.7513888890625 0.6111111109375 0.7548611109375 0.6163194437499999
0 0.8118055562500001 0.6154513890625 0.81875 0.6145833328125 0.82430555625 0.6076388890625 0.8236111109375001 0.5911458328125 0.81875 0.5842013890625 0.815972221875 0.5842013890625 0.8111111109375001 0.5868055562500001 0.8055555562500001 0.6032986109375 0.80625 0.6102430562500001 0.8118055562500001 0.6154513890625
0 0.8666666671875 0.6145833328125 0.875 0.612847221875 0.88055555625 0.6024305562500001 0.877777778125 0.5850694437499999 0.875 0.582465278125 0.86875 0.582465278125 0.86319444375 0.589409721875 0.8611111109375 0.605902778125 0.86180555625 0.6111111109375 0.8666666671875 0.6145833328125
0 0.921527778125 0.612847221875 0.9291666671875 0.6111111109375 0.9333333328125001 0.6032986109375 0.93125 0.5850694437499999 0.9270833328125001 0.5807291671875 0.922222221875 0.5807291671875 0.91805555625 0.5859375 0.9145833328125 0.5989583328125 0.9145833328125 0.6067708328125 0.921527778125 0.612847221875
0 0.9736111109375001 0.6111111109375 0.9833333328125 0.6102430562500001 0.98680555625 0.6067708328125 0.9888888890624999 0.5954861109375 0.9875 0.5833333328125 0.984027778125 0.5789930562500001 0.98055555625 0.5789930562500001 0.9770833328125 0.5789930562500001 0.9701388890624999 0.5911458328125 0.9701388890624999 0.6067708328125 0.9736111109375001 0.6111111109375