0 0.1826546 0 0.18325791875 0.011299434375 0.18853695312500002 0.016949153124999998 0.1953242828125 0.017890771875 0.20361990937500002 0.012241054687499999 0.206070890625 0 0.1826546 0
0 0.1644042234375 0.039548021875 0.1726998484375 0.038606403125 0.180995475 0.02730696875 0.1817496234375 0.0150659140625 0.17345399687500002 0.0056497171875 0.163650075 0.0056497171875 0.1576168921875 0.0131826734375 0.1576168921875 0.0282485875 0.1644042234375 0.039548021875
0 0.1802413265625 0.0442561203125 0.18325791875 0.052730696875000004 0.18853695312500002 0.0583804140625 0.198340875 0.0574387953125 0.20361990937500002 0.046139359375 0.20361990937500002 0.030131826562500002 0.1975867265625 0.024482109374999998 0.18853695312500002 0.024482109374999998 0.1825037703125 0.032015065625 0.1802413265625 0.0442561203125
0 0.1644042234375 0.080979284375 0.1726998484375 0.080979284375 0.1825037703125 0.0659133703125 0.1817496234375 0.054613935937500004 0.17345399687500002 0.046139359375 0.16591251875 0.0470809796875 0.16138763125 0.0517890765625 0.16138763125 0.07721280625 0.1644042234375 0.080979284375
0 0.1825037703125 0.0941619578125 0.1877828046875 0.10169491562499999 0.1945701359375 0.1045197734375 0.20060331874999998 0.0960451984375 0.20060331874999998 0.06967985 0.1923076921875 0.0649717515625 0.1817496234375 0.0753295671875 0.1802413265625 0.087570621875 0.1825037703125 0.0941619578125
0 0.1726998484375 0.1252354046875 0.18552036249999998 0.11205273125 0.18552036249999998 0.10357815468750001 0.17345399687500002 0.088512240625 0.1651583703125 0.0913371 0.162895928125 0.116760828125 0.16591251875 0.123352165625 0.1726998484375 0.1252354046875
0 0.1726998484375 0.13370998125 0.17345399687500002 0.1412429375 0.1802413265625 0.147834275 0.19155354375 0.147834275 0.199095021875 0.14030131875000001 0.1998491703125 0.1214689265625 0.19607843125 0.116760828125 0.18853695312500002 0.11581920937500001 0.175716440625 0.1290018828125 0.1726998484375 0.13370998125
0 0.1726998484375 0.1807909609375 0.186274509375 0.1807909609375 0.1945701359375 0.173258003125 0.1953242828125 0.1610169484375 0.190799396875 0.1544256125 0.1764705875 0.150659134375 0.1696832578125 0.15630885156250002 0.1674208140625 0.1666666671875 0.1726998484375 0.1807909609375
0 0.1945701359375 0.21092278750000001 0.1968325796875 0.1996233515625 0.193061840625 0.1883239171875 0.1794871796875 0.186440678125 0.1696832578125 0.19397363437499998 0.1719457015625 0.214689265625 0.18325791875 0.21845574375000001 0.1945701359375 0.21092278750000001
0 0.17496229218749998 0.2551789078125 0.18552036249999998 0.2580037671875 0.19155354375 0.25329566875 0.1953242828125 0.2438794734375 0.19155354375 0.22504708125 0.17873303125 0.22316384218750002 0.171191553125 0.2297551796875 0.17043740624999998 0.2438794734375 0.17496229218749998 0.2551789078125
0 0.180995475 0.3003766484375 0.18853695312500002 0.299435028125 0.193061840625 0.2909604515625 0.1938159875 0.2693032015625 0.18552036249999998 0.26177024531250004 0.180995475 0.26177024531250004 0.17345399687500002 0.2693032015625 0.17345399687500002 0.2947269296875 0.180995475 0.3003766484375
0 0.1802413265625 0.3888888890625 0.19004524843749998 0.38700565 0.1945701359375 0.3813559328125 0.1938159875 0.35593220312499996 0.18853695312500002 0.3502824859375 0.180995475 0.3502824859375 0.17496229218749998 0.354990584375 0.17496229218749998 0.383239171875 0.1802413265625 0.3888888890625
0 0.1802413265625 0.34463276875000004 0.19004524843749998 0.3436911484375 0.1945701359375 0.3333333328125 0.1945701359375 0.31638418125 0.19155354375 0.30979284375 0.1802413265625 0.306967984375 0.1742081453125 0.3154425609375 0.175716440625 0.340866290625 0.1802413265625 0.34463276875000004
0 0.190799396875 0.42749529218750004 0.1953242828125 0.419020715625 0.1938159875 0.40112994375 0.1877828046875 0.39548022656250004 0.175716440625 0.40112994375 0.1764705875 0.42467043281250005 0.1802413265625 0.42843691093749997 0.190799396875 0.42749529218750004
0 0.177978884375 0.467984934375 0.18325791875 0.47080979218749996 0.193061840625 0.467984934375 0.1953242828125 0.46421845624999997 0.1938159875 0.43879472656249996 0.18325791875 0.4350282484375 0.17496229218749998 0.44350282500000004 0.17496229218749998 0.461393596875 0.177978884375 0.467984934375
0 0.1938159875 0.5122410546875 0.1968325796875 0.5009416203125 0.1945701359375 0.4811676078125 0.1847662140625 0.47645951093749994 0.175716440625 0.48493408593750004 0.17722473593750002 0.510357815625 0.1847662140625 0.5150659140625 0.1938159875 0.5122410546875
0 0.19155354375 0.5583804140625 0.1968325796875 0.5499058375 0.19607843125 0.5263653484375 0.184012065625 0.5207156312500001 0.1764705875 0.5282485875 0.177978884375 0.5546139359375 0.1825037703125 0.5593220343749999 0.19155354375 0.5583804140625
0 0.1802413265625 0.59887005625 0.1892911015625 0.6007532953125 0.1968325796875 0.595103578125 0.198340875 0.5828625234375 0.1938159875 0.5677966109375 0.1847662140625 0.5649717515625 0.1764705875 0.573446328125 0.1764705875 0.5932203390625 0.1802413265625 0.59887005625
0 0.20889894375 0.6393596984375 0.23303167343750003 0.6384180796875001 0.238310709375 0.6290018828124999 0.23755656093750002 0.62052730625 0.229260934375 0.6139359703125 0.21116138750000002 0.61205273125 0.20588235312499997 0.616760828125 0.20512820468749998 0.636534840625 0.20889894375 0.6393596984375
0 0.2526395171875 0.6384180796875001 0.26923076875 0.6384180796875001 0.276772246875 0.629943503125 0.27601810000000004 0.6195856875 0.270739065625 0.6139359703125 0.25414781249999996 0.61299435 0.2481146296875 0.62052730625 0.2473604828125 0.629943503125 0.2526395171875 0.6384180796875001
0 0.36877828125 0.637476459375 0.3861236796875 0.637476459375 0.3936651578125 0.6280602640625 0.3936651578125 0.6186440671875 0.389140271875 0.61205273125 0.369532428125 0.6111111109375 0.3650075421875 0.6148775890625 0.36274509843749997 0.6290018828124999 0.36877828125 0.637476459375
0 0.4841628953125 0.637476459375 0.494720965625 0.6431261765625 0.5037707390625 0.636534840625 0.5067873296875 0.62052730625 0.5045248875 0.6111111109375 0.48944193125 0.609227871875 0.48114630468749997 0.616760828125 0.48039215625000004 0.6280602640625 0.4841628953125 0.637476459375
0 0.5490196078125 0.66195856875 0.5610859734375 0.6600753296875 0.5678733031250001 0.651600753125 0.5648567124999999 0.6327683609375 0.5595776765625 0.6261770249999999 0.5490196078125 0.6290018828124999 0.5437405734375 0.644067796875 0.5437405734375 0.6563088515625 0.5490196078125 0.66195856875
0 0.6085972843749999 0.6610169484374999 0.6146304671875 0.66195856875 0.6244343890625 0.6563088515625 0.6266968328125 0.644067796875 0.6199095015625 0.62711864375 0.61010558125 0.6280602640625 0.6040723984375 0.6412429375 0.6040723984375 0.6544256125000001 0.6085972843749999 0.6610169484374999
0 0.6666666671875 0.659133709375 0.673453996875 0.659133709375 0.6847662140625 0.6459510359375 0.6825037703125 0.630885121875 0.6764705875 0.6242937859375 0.6681749625 0.6280602640625 0.662895928125 0.6412429375 0.6621417796875 0.6534839921875 0.6666666671875 0.659133709375
0 0.7285067875 0.6572504703125001 0.738310709375 0.6572504703125001 0.744343890625 0.651600753125 0.7458521874999999 0.6327683609375 0.7413273 0.6242937859375 0.7322775265625 0.623352165625 0.7254901953124999 0.63370998125 0.7239819 0.6487758953125 0.7285067875 0.6572504703125001
0 0.796380090625 0.65536723125 0.8046757171875001 0.6468926546875 0.800904978125 0.6242937859375 0.7911010562499999 0.623352165625 0.7858220218749999 0.6327683609375 0.7828054296875 0.6468926546875 0.78657616875 0.6544256125000001 0.796380090625 0.65536723125
0 0.84690799375 0.6544256125000001 0.85972850625 0.6534839921875 0.8650075421875 0.6459510359375 0.8650075421875 0.6327683609375 0.8582202109375 0.62052730625 0.8499245859375 0.6224105468750001 0.8446455500000001 0.636534840625 0.843891403125 0.6459510359375 0.84690799375 0.6544256125000001
0 0.9064856718750001 0.6525423734375 0.9185520359374999 0.650659134375 0.9230769234375 0.6431261765625 0.92006033125 0.6224105468750001 0.9155354453125 0.6186440671875 0.9079939671874999 0.6214689265625 0.9027149328125 0.636534840625 0.901960784375 0.6459510359375 0.9064856718750001 0.6525423734375
0 0.9638009046875 0.650659134375 0.9713423828125001 0.6525423734375 0.9788838609375 0.6487758953125 0.9834087484375 0.6384180796875001 0.9788838609375 0.6186440671875 0.9698340875 0.616760828125 0.9638009046875 0.6252354046875 0.9615384609375001 0.6327683609375 0.9638009046875 0.650659134375
1 0.153846153125 0.64030131875 0.16138763125 0.6459510359375 0.1681749625 0.6459510359375 0.198340875 0.636534840625 0.20286576093750003 0.6195856875 0.1975867265625 0.6101694921874999 0.1847662140625 0.6064030125000001 0.15837104062500001 0.615819209375 0.1515837109375 0.6242937859375 0.153846153125 0.64030131875
1 0 0.66854990625 0.0090497734375 0.66854990625 0.020361990625 0.659133709375 0.022624434375 0.637476459375 0.015082956249999998 0.6214689265625 0 0.618193728125 0 0.66854990625
1 0.026395173437500002 0.6459510359375 0.030165912499999996 0.6600753296875 0.0346908 0.665725046875 0.052790346875000005 0.6666666671875 0.06259426875 0.6572504703125001 0.0641025640625 0.637476459375 0.0542986421875 0.6186440671875 0.0361990953125 0.6186440671875 0.027149321875 0.6327683609375 0.026395173437500002 0.6459510359375
1 0.06787330312499999 0.629943503125 0.06787330312499999 0.6534839921875 0.0761689296875 0.665725046875 0.082956259375 0.669491525 0.0920060328125 0.66854990625 0.1040723984375 0.65536723125 0.10482654531249999 0.6355932203125 0.0965309203125 0.6195856875 0.080693815625 0.616760828125 0.07088989375 0.623352165625 0.06787330312499999 0.629943503125
1 0.108597284375 0.6459510359375 0.11538461562499999 0.6629001890625 0.1214177984375 0.66854990625 0.13951734531249999 0.6638418078125 0.14856711875 0.6468926546875 0.1447963796875 0.62711864375 0.13574660624999998 0.6177024484375 0.11990950156249999 0.616760828125 0.1093514328125 0.63370998125 0.108597284375 0.6459510359375
1 0.2828054296875 0.6346516 0.291855203125 0.6393596984375 0.33408748125 0.6384180796875001 0.34238310781250003 0.6346516 0.346153846875 0.6280602640625 0.34539969843749996 0.6195856875 0.3378582203125 0.61299435 0.2903469078125 0.61205273125 0.28129713437500004 0.6195856875 0.2828054296875 0.6346516
1 0.3959276015625 0.6280602640625 0.40422322812499994 0.637476459375 0.449472096875 0.636534840625 0.4607843140625 0.6252354046875 0.460030165625 0.616760828125 0.45324283593750003 0.6111111109375 0.4132730015625 0.609227871875 0.40422322812499994 0.6101694921874999 0.39668175 0.615819209375 0.3959276015625 0.6280602640625
1 0.518099546875 0.659133709375 0.527149321875 0.659133709375 0.5392156859375 0.6487758953125 0.5444947203125 0.6195856875 0.537707390625 0.6101694921874999 0.5143288078125 0.6101694921874999 0.5060331828125 0.6327683609375 0.505279034375 0.650659134375 0.518099546875 0.659133709375
1 0.570135746875 0.644067796875 0.5769230765625 0.6572504703125001 0.58823529375 0.659133709375 0.5995475109374999 0.6468926546875 0.60558069375 0.6261770249999999 0.60105580625 0.61299435 0.5897435890625 0.608286253125 0.577677225 0.608286253125 0.5678733031250001 0.6195856875 0.570135746875 0.644067796875
1 0.6274509796875 0.615819209375 0.625942684375 0.6280602640625 0.6319758671875 0.650659134375 0.641025640625 0.658192090625 0.6515837109375 0.6544256125000001 0.658371040625 0.6450094156249999 0.663650075 0.623352165625 0.6621417796875 0.6148775890625 0.65535445 0.608286253125 0.6372549015625 0.6073446328125 0.6274509796875 0.615819209375
1 0.6885369531250001 0.6459510359375 0.6938159875000001 0.6544256125000001 0.7066365 0.6572504703125001 0.718702865625 0.6459510359375 0.7239819 0.6252354046875 0.7194570140625001 0.6101694921874999 0.7066365 0.60546139375 0.6938159875000001 0.6064030125000001 0.6855203624999999 0.6186440671875 0.6885369531250001 0.6459510359375
1 0.7481146296875 0.6346516 0.753393665625 0.6487758953125 0.7631975875 0.65536723125 0.770739065625 0.6534839921875 0.776772246875 0.6468926546875 0.7828054296875 0.616760828125 0.7760181 0.6064030125000001 0.7579185515625 0.60546139375 0.7473604828125 0.616760828125 0.7481146296875 0.6346516
1 0.806938159375 0.615819209375 0.8076923078125 0.63370998125 0.8152337859375001 0.6525423734375 0.826546003125 0.6534839921875 0.836349925 0.6459510359375 0.8416289593749999 0.6261770249999999 0.8416289593749999 0.6139359703125 0.837104071875 0.6064030125000001 0.8174962296875 0.6035781546875 0.8129713421875 0.60546139375 0.806938159375 0.615819209375
1 0.8672699843749999 0.6148775890625 0.8672699843749999 0.6290018828124999 0.8717948718749999 0.6450094156249999 0.87933635 0.6525423734375 0.8906485671875 0.6497175140625 0.8951734546875001 0.644067796875 0.9004524890625 0.6261770249999999 0.8981900453125 0.608286253125 0.8929110109374999 0.602636534375 0.8763197593750001 0.602636534375 0.8672699843749999 0.6148775890625
1 0.9253393671874999 0.62711864375 0.9306184015625 0.6459510359375 0.9358974359375001 0.651600753125 0.9502262437500001 0.647834275 0.95927601875 0.6252354046875 0.9562594265625 0.6045197734375 0.9479638015624999 0.6007532953125 0.9351432875000001 0.601694915625 0.9260935140625 0.61299435 0.9253393671874999 0.62711864375
1 1 0.599340865625 0.9939668171875 0.5998116765625 0.9856711921875 0.6101694921874999 0.9856711921875 0.629943503125 0.9909502265624999 0.644067796875 0.9969834093750001 0.6497175140625 1 0.6492153171874999 1 0.599340865625