0 0.21597222187499998 0 0.1916666671875 0.0017361109374999999 0.196527778125 0.0095486109375 0.20625 0.011284721875 0.21597222187499998 0
0 0.22152777812500002 0 0.21805555625 0.00868055625 0.21875 0.0217013890625 0.2236111109375 0.026909721874999997 0.2298611109375 0.027777778125000003 0.2375 0.02256944375 0.24097222187499998 0.0052083328125 0.2388888890625 0 0.22152777812500002 0
0 0.2166666671875 0.0364583328125 0.2173611109375 0.0251736109375 0.20972222187499998 0.01649305625 0.20069444375 0.01649305625 0.19513888906250001 0.0234375 0.19513888906250001 0.0373263890625 0.20138888906250002 0.04774305625 0.209027778125 0.046875 0.2166666671875 0.0364583328125
0 0.23263888906250002 0.06423611093750001 0.2375 0.053819443749999994 0.2375 0.0390625 0.23194444375 0.0338541671875 0.2236111109375 0.0338541671875 0.21805555625 0.0407986109375 0.21597222187499998 0.05208333281250001 0.21875 0.05989583281250001 0.2236111109375 0.06510416718749999 0.23263888906250002 0.06423611093750001
0 0.21805555625 0.07204861093750001 0.2173611109375 0.061631943749999994 0.20972222187499998 0.053819443749999994 0.20277777812500003 0.0546875 0.1986111109375 0.059027778125 0.1986111109375 0.082465278125 0.20138888906250002 0.0859375 0.209027778125 0.0859375 0.21805555625 0.07204861093750001
0 0.22916666718749998 0.1076388890625 0.23472222187499997 0.09982638906249999 0.23472222187499997 0.07552083281250001 0.2270833328125 0.07118055625 0.2173611109375 0.08072916718749999 0.21597222187499998 0.09201388906249999 0.21805555625 0.098090278125 0.22291666718749997 0.105034721875 0.22916666718749998 0.1076388890625
0 0.2208333328125 0.1145833328125 0.2208333328125 0.1067708328125 0.20972222187499998 0.09288194375 0.20208333281250002 0.09548611093750001 0.2 0.1189236109375 0.20277777812500003 0.125 0.209027778125 0.12673611093749998 0.2208333328125 0.1145833328125
0 0.22638888906250001 0.14756944375 0.23333333281250002 0.140625 0.23402777812500003 0.1232638890625 0.23055555625 0.1189236109375 0.2236111109375 0.11805555625 0.21180555625 0.1302083328125 0.209027778125 0.13454861093749998 0.20972222187499998 0.14149305625 0.21597222187499998 0.14756944375 0.22638888906250001 0.14756944375
0 0.22916666718749998 0.17100694375 0.2298611109375 0.15972222187500001 0.22569444375 0.1536458328125 0.2125 0.15017361093749998 0.20625 0.15538194375 0.20416666718749998 0.16493055625 0.209027778125 0.17795138906250002 0.22152777812500002 0.17795138906250002 0.22916666718749998 0.17100694375
0 0.23125 0.1953125 0.22777777812500002 0.1848958328125 0.215277778125 0.18315972187500001 0.20625 0.1901041671875 0.20833333281250002 0.20920138906250002 0.21875 0.21267361093749998 0.22916666718749998 0.20572916718749998 0.23125 0.1953125
0 0.22638888906250001 0.24479166718749998 0.2298611109375 0.23611111093749998 0.22638888906250001 0.21875 0.21458333281250003 0.21701388906250002 0.2076388890625 0.223090278125 0.20694444375 0.23611111093749998 0.21111111093749999 0.246527778125 0.2208333328125 0.24913194375 0.22638888906250001 0.24479166718749998
0 0.22777777812500002 0.2795138890625 0.228472221875 0.2595486109375 0.2208333328125 0.2526041671875 0.2166666671875 0.2526041671875 0.20972222187499998 0.2595486109375 0.20972222187499998 0.2829861109375 0.2166666671875 0.28819444375000003 0.2236111109375 0.2873263890625 0.22777777812500002 0.2795138890625
0 0.22916666718749998 0.36284722187499996 0.228472221875 0.33940972187499996 0.2236111109375 0.3342013890625 0.2166666671875 0.3342013890625 0.21111111093749999 0.3385416671875 0.21111111093749999 0.3645833328125 0.21597222187499998 0.3697916671875 0.225 0.36805555624999997 0.22916666718749998 0.36284722187499996
0 0.22916666718749998 0.3185763890625 0.22916666718749998 0.3029513890625 0.22638888906250001 0.296875 0.21597222187499998 0.2942708328125 0.2104166671875 0.3020833328125 0.21180555625 0.3255208328125 0.21597222187499998 0.32899305624999997 0.225 0.328125 0.22916666718749998 0.3185763890625
0 0.2298611109375 0.39756944375000003 0.228472221875 0.3810763890625 0.22291666718749997 0.37586805624999997 0.21180555625 0.3810763890625 0.2125 0.40277777812500004 0.21597222187499998 0.40625 0.22569444375 0.40538194375 0.2298611109375 0.39756944375000003
0 0.22777777812500002 0.4427083328125 0.2298611109375 0.4392361109375 0.228472221875 0.4157986109375 0.21875 0.4123263890625 0.21111111093749999 0.4201388890625 0.21111111093749999 0.43663194375 0.2138888890625 0.4427083328125 0.21875 0.4453125 0.22777777812500002 0.4427083328125
0 0.23125 0.47309027812500004 0.22916666718749998 0.4548611109375 0.2201388890625 0.4505208328125 0.21180555625 0.4583333328125 0.21319444375000002 0.4817708328125 0.2201388890625 0.4861111109375 0.228472221875 0.48350694375 0.23125 0.47309027812500004
0 0.23125 0.5182291671875 0.23055555625 0.49652777812500004 0.21944444375 0.49131944375 0.2125 0.4982638890625 0.2138888890625 0.5225694437499999 0.21805555625 0.526909721875 0.22638888906250001 0.5260416671875 0.23125 0.5182291671875
0 0.23125 0.5598958328125 0.23263888906250002 0.5486111109375 0.228472221875 0.534722221875 0.2201388890625 0.5321180562500001 0.2125 0.5399305562500001 0.2125 0.558159721875 0.21597222187499998 0.5633680562500001 0.22430555624999998 0.5651041671875 0.23125 0.5598958328125
0 0.26944444375 0.5911458328125 0.26875 0.5833333328125 0.2611111109375 0.5772569437499999 0.24444444375000002 0.5755208328125 0.23958333281250002 0.5798611109375 0.2388888890625 0.598090278125 0.24236111093749999 0.6006944437499999 0.2645833328125 0.5998263890625 0.26944444375 0.5911458328125
0 0.3048611109375 0.5920138890625 0.30416666718749996 0.582465278125 0.29930555625 0.5772569437499999 0.284027778125 0.5763888890625 0.278472221875 0.5833333328125 0.27777777812500004 0.5920138890625 0.2826388890625 0.5998263890625 0.2979166671875 0.5998263890625 0.3048611109375 0.5920138890625
0 0.4125 0.590277778125 0.4125 0.581597221875 0.40833333281249995 0.5755208328125 0.39027777812500003 0.574652778125 0.3861111109375 0.578125 0.384027778125 0.5911458328125 0.3895833328125 0.5989583328125 0.40555555625000006 0.5989583328125 0.4125 0.590277778125
0 0.5138888890625 0.598090278125 0.5166666671875 0.5833333328125 0.5145833328125 0.574652778125 0.5006944437499999 0.5729166671875 0.49305555625 0.5798611109375 0.4923611109375 0.590277778125 0.49583333281249997 0.5989583328125 0.50555555625 0.6041666671875 0.5138888890625 0.598090278125
0 0.5729166671875 0.6119791671875 0.5701388890625 0.5946180562500001 0.565277778125 0.5885416671875 0.5555555562500001 0.5911458328125 0.55069444375 0.605034721875 0.55069444375 0.6163194437499999 0.5555555562500001 0.621527778125 0.5666666671875 0.6197916671875 0.5729166671875 0.6119791671875
0 0.625 0.6163194437499999 0.6270833328125 0.605034721875 0.6208333328125 0.589409721875 0.61180555625 0.590277778125 0.60625 0.6024305562500001 0.60625 0.6145833328125 0.6104166671875 0.620659721875 0.615972221875 0.621527778125 0.625 0.6163194437499999
0 0.6805555562500001 0.6067708328125 0.678472221875 0.5928819437499999 0.6729166671875 0.5868055562500001 0.665277778125 0.590277778125 0.6604166671875 0.6024305562500001 0.659722221875 0.613715278125 0.6638888890625 0.6189236109375 0.6701388890625 0.6189236109375 0.6805555562500001 0.6067708328125
0 0.7354166671875 0.6119791671875 0.73680555625 0.5946180562500001 0.7326388890625 0.5868055562500001 0.72430555625 0.5859375 0.7180555562500001 0.5954861109375 0.7166666671875 0.609375 0.7208333328125 0.6171875 0.7298611109375 0.6171875 0.7354166671875 0.6119791671875
0 0.7909722218749999 0.6076388890625 0.7875 0.5868055562500001 0.778472221875 0.5859375 0.7736111109375 0.5946180562500001 0.7708333328125 0.6076388890625 0.7743055562500001 0.6145833328125 0.7833333328125 0.6154513890625 0.7909722218749999 0.6076388890625
0 0.846527778125 0.6067708328125 0.846527778125 0.5946180562500001 0.840277778125 0.5833333328125 0.8326388890624999 0.5850694437499999 0.827777778125 0.598090278125 0.8270833328125 0.6067708328125 0.8298611109375 0.6145833328125 0.8416666671874999 0.613715278125 0.846527778125 0.6067708328125
0 0.9 0.6041666671875 0.897222221875 0.5850694437499999 0.89305555625 0.581597221875 0.8861111109375001 0.5842013890625 0.88125 0.598090278125 0.88055555625 0.6067708328125 0.8847222218749999 0.612847221875 0.8958333328125001 0.6111111109375 0.9 0.6041666671875
0 0.9513888890625 0.609375 0.95555555625 0.5998263890625 0.9513888890625 0.581597221875 0.94305555625 0.5798611109375 0.9375 0.5876736109375 0.9354166671874999 0.5946180562500001 0.9375 0.6111111109375 0.9444444437499999 0.612847221875 0.9513888890625 0.609375
0 0.99444444375 0.5842013890625 0.990972221875 0.59375 0.9916666671875 0.6076388890625 0.9993055562500001 0.6111111109375 0.9993055562500001 0.5807291671875 0.99444444375 0.5842013890625
1 0.23263888906250002 0.598090278125 0.23680555625 0.582465278125 0.23194444375 0.573784721875 0.2201388890625 0.5703125 0.19583333281249998 0.5789930562500001 0.1895833328125 0.5868055562500001 0.1916666671875 0.6015625 0.1986111109375 0.6067708328125 0.20486111093749998 0.6067708328125 0.23263888906250002 0.598090278125
1 0 0.6154513890625 0.0034722218749999997 0.6267361109375 0.0125 0.6310763890625 0.025 0.6276041671875 0.0333333328125 0.6145833328125 0.030555556249999997 0.5911458328125 0.021527778125 0.581597221875 0.0048611109375000005 0.5842013890625 0 0.589409721875 0 0.6154513890625
1 0.06875 0.6189236109375 0.07083333281250001 0.5989583328125 0.0638888890625 0.5842013890625 0.0479166671875 0.5807291671875 0.0375 0.5911458328125 0.0361111109375 0.6102430562500001 0.046527778125 0.6276041671875 0.058333332812500006 0.6276041671875 0.06875 0.6189236109375
1 0.0986111109375 0.6258680562500001 0.1076388890625 0.6171875 0.109027778125 0.5989583328125 0.1 0.581597221875 0.08333333281250001 0.581597221875 0.075 0.5946180562500001 0.07430555625 0.6067708328125 0.077777778125 0.6197916671875 0.08194444375 0.625 0.0986111109375 0.6258680562500001
1 0.134722221875 0.6276041671875 0.1458333328125 0.6154513890625 0.146527778125 0.597222221875 0.13888888906250002 0.582465278125 0.12430555624999999 0.5798611109375 0.115277778125 0.5859375 0.1125 0.5920138890625 0.1125 0.613715278125 0.1201388890625 0.625 0.1263888890625 0.628472221875 0.134722221875 0.6276041671875
1 0.178472221875 0.6232638890625 0.18680555625 0.6076388890625 0.1833333328125 0.589409721875 0.175 0.5807291671875 0.1604166671875 0.5798611109375 0.15069444375000002 0.5954861109375 0.15 0.6067708328125 0.15625 0.6223958328125 0.16180555624999998 0.6276041671875 0.178472221875 0.6232638890625
1 0.365277778125 0.5963541671875 0.36875 0.590277778125 0.36805555624999997 0.582465278125 0.3611111109375 0.5763888890625 0.31736111093749997 0.5755208328125 0.30902777812500004 0.582465278125 0.3104166671875 0.5963541671875 0.31875 0.6006944437499999 0.3576388890625 0.5998263890625 0.365277778125 0.5963541671875
1 0.47430555625000004 0.5876736109375 0.47361111093749997 0.5798611109375 0.4673611109375 0.574652778125 0.43055555625 0.5729166671875 0.42222222187499997 0.573784721875 0.415277778125 0.5789930562500001 0.4145833328125 0.590277778125 0.42222222187499997 0.5989583328125 0.46388888906250003 0.598090278125 0.47430555625000004 0.5876736109375
1 0.546527778125 0.609375 0.5513888890625 0.582465278125 0.5451388890625 0.573784721875 0.5236111109375 0.573784721875 0.515972221875 0.5946180562500001 0.515277778125 0.6111111109375 0.5270833328125 0.6189236109375 0.5354166671875 0.6189236109375 0.546527778125 0.609375
1 0.6020833328124999 0.6076388890625 0.6076388890625 0.5885416671875 0.6034722218749999 0.5763888890625 0.5930555562500001 0.5720486109375 0.58194444375 0.5720486109375 0.5729166671875 0.582465278125 0.575 0.605034721875 0.58125 0.6171875 0.5916666671875 0.6189236109375 0.6020833328124999 0.6076388890625
1 0.65 0.6145833328125 0.65625 0.605902778125 0.6611111109375 0.5859375 0.659722221875 0.578125 0.653472221875 0.5720486109375 0.63680555625 0.5711805562500001 0.627777778125 0.5789930562500001 0.6263888890625 0.590277778125 0.6319444437499999 0.6111111109375 0.640277778125 0.6180555562500001 0.65 0.6145833328125
1 0.7118055562500001 0.6067708328125 0.7166666671875 0.5876736109375 0.7125 0.573784721875 0.70069444375 0.5694444437499999 0.6888888890625 0.5703125 0.68125 0.581597221875 0.684027778125 0.6067708328125 0.6888888890625 0.6145833328125 0.70069444375 0.6171875 0.7118055562500001 0.6067708328125
1 0.7597222218749999 0.613715278125 0.765277778125 0.6076388890625 0.7708333328125 0.5798611109375 0.7645833328125 0.5703125 0.7479166671875 0.5694444437499999 0.73819444375 0.5798611109375 0.7388888890625 0.5963541671875 0.74375 0.609375 0.752777778125 0.6154513890625 0.7597222218749999 0.613715278125
1 0.8201388890624999 0.6067708328125 0.825 0.5885416671875 0.825 0.5772569437499999 0.8208333328125 0.5703125 0.8027777781250001 0.5677083328125 0.7986111109375 0.5694444437499999 0.79305555625 0.5789930562500001 0.79375 0.5954861109375 0.80069444375 0.612847221875 0.8111111109375001 0.613715278125 0.8201388890624999 0.6067708328125
1 0.8701388890624999 0.6102430562500001 0.8743055562500001 0.605034721875 0.8791666671874999 0.5885416671875 0.8770833328125001 0.5720486109375 0.872222221875 0.566840278125 0.85694444375 0.566840278125 0.8486111109375001 0.578125 0.8486111109375001 0.5911458328125 0.852777778125 0.605902778125 0.859722221875 0.612847221875 0.8701388890624999 0.6102430562500001
1 0.925 0.6085069437499999 0.9333333328125001 0.5876736109375 0.9305555562500001 0.5685763890625 0.9229166671875 0.5651041671875 0.9111111109375001 0.565972221875 0.902777778125 0.5763888890625 0.9020833328125001 0.589409721875 0.9069444437499999 0.6067708328125 0.91180555625 0.6119791671875 0.925 0.6085069437499999
1 0.9784722218749999 0.6085069437499999 0.9861111109375 0.5920138890625 0.9854166671875 0.5677083328125 0.9763888890624999 0.5633680562500001 0.965277778125 0.5642361109375 0.9576388890624999 0.573784721875 0.9576388890624999 0.5920138890625 0.9625 0.605034721875 0.9680555562500001 0.6102430562500001 0.9784722218749999 0.6085069437499999