0 0.16175748750000002 0 0.16126656875 0.0009208109375 0.162739321875 0.01841620625 0.1678939609375 0.0230202578125 0.17820324062499998 0.0211786375 0.1863033875 0.0082872921875 0.1856406484375 0 0.16175748750000002 0
0 0.189985271875 0.0110497234375 0.1855670109375 0.022099446875 0.1870397640625 0.0359116015625 0.19293078125000002 0.042357275 0.2002945515625 0.042357275 0.20692194375 0.03406998125 0.20765832031250003 0.014732965625 0.19882179687499998 0.0082872921875 0.19587628906250001 0.0082872921875 0.189985271875 0.0110497234375
0 0.167157584375 0.03130755 0.1634757 0.043278084375 0.164948453125 0.057090239062500006 0.1708394703125 0.0635359109375 0.180412371875 0.0598526703125 0.1870397640625 0.0469613265625 0.1870397640625 0.03959484375 0.17746686250000002 0.0285451203125 0.171575846875 0.0285451203125 0.167157584375 0.03130755
0 0.1863033875 0.058011049999999995 0.18409425625 0.069981584375 0.18851251875 0.0810313078125 0.194403534375 0.08655616875 0.2017673046875 0.08471454843750001 0.205449190625 0.07642725624999999 0.205449190625 0.05616942968750001 0.19955817343749999 0.04972375625 0.19293078125000002 0.04972375625 0.1863033875 0.058011049999999995
0 0.1664212078125 0.098526703125 0.171575846875 0.104972375 0.17820324062499998 0.10313075468749999 0.187776140625 0.0902394109375 0.1848306328125 0.07734806562499999 0.17673048593750001 0.069981584375 0.1730486015625 0.069981584375 0.16568483125 0.080110496875 0.1664212078125 0.098526703125
0 0.17967599375 0.1206261515625 0.19072165000000002 0.1261510125 0.2002945515625 0.12338858125 0.20324005937499998 0.116942909375 0.20324005937499998 0.09760589374999999 0.19882179687499998 0.09300184218749999 0.192194403125 0.09300184218749999 0.17746686250000002 0.1104972375 0.17967599375 0.1206261515625
0 0.1723122234375 0.13075506406249998 0.1701030921875 0.138121546875 0.171575846875 0.151012890625 0.1789396171875 0.156537753125 0.19072165000000002 0.1546961328125 0.19882179687499998 0.14456721875 0.1973490421875 0.13443830625 0.1848306328125 0.1261510125 0.1811487484375 0.1261510125 0.1723122234375 0.13075506406249998
0 0.17673048593750001 0.16298342500000002 0.173784978125 0.1666666671875 0.1723122234375 0.17679557968749998 0.17673048593750001 0.18692449375 0.189985271875 0.1887661140625 0.19882179687499998 0.18232044218750001 0.201030928125 0.1685082875 0.19293078125000002 0.159300184375 0.18888070625 0.159300184375 0.17673048593750001 0.16298342500000002
0 0.17746686250000002 0.19705340625 0.173784978125 0.20349907968749997 0.17452135468750002 0.21915285468749998 0.181885125 0.224677715625 0.19293078125000002 0.2228360953125 0.1980854203125 0.21731123437500002 0.19955817343749999 0.2007366484375 0.192194403125 0.193370165625 0.1881443296875 0.193370165625 0.17746686250000002 0.19705340625
0 0.187776140625 0.22928176718749999 0.17820324062499998 0.23296500937500003 0.17525773125 0.23848987031250002 0.17599410937499999 0.256906078125 0.1833578796875 0.2651933703125 0.192194403125 0.264272559375 0.1980854203125 0.25506445625 0.1980854203125 0.23664825 0.1951399109375 0.2320441984375 0.18851251875 0.22928176718749999 0.187776140625 0.22928176718749999
0 0.1826215015625 0.27255985312500003 0.17746686250000002 0.2799263359375 0.17746686250000002 0.30110497187499996 0.1848306328125 0.3084714546875 0.19293078125000002 0.306629834375 0.1973490421875 0.29742173125 0.1973490421875 0.279005525 0.1914580265625 0.2716390421875 0.187776140625 0.2716390421875 0.1826215015625 0.27255985312500003
0 0.1826215015625 0.3158379375 0.17820324062499998 0.3241252296875 0.1789396171875 0.3453038671875 0.18409425625 0.3517495390625 0.19293078125000002 0.3508287296875 0.1980854203125 0.34254143593749997 0.1973490421875 0.3213628 0.1892488953125 0.3139963171875 0.187776140625 0.3139963171875 0.1826215015625 0.3158379375
0 0.1892488953125 0.35819521249999997 0.18851251875 0.3572744015625 0.1833578796875 0.35911602187499997 0.17820324062499998 0.367403315625 0.1789396171875 0.3876611421875 0.1826215015625 0.39410681406250003 0.187776140625 0.3968692453125 0.1936671578125 0.395027625 0.19882179687499998 0.3876611421875 0.1980854203125 0.36556169375 0.1936671578125 0.35911602187499997 0.1892488953125 0.35819521249999997
0 0.181885125 0.4033149171875 0.17820324062499998 0.4152854515625 0.1789396171875 0.43001841562500004 0.18409425625 0.43830570937499996 0.1936671578125 0.4373848984375 0.19882179687499998 0.43001841562500004 0.19882179687499998 0.4088397796875 0.189985271875 0.4005524859375 0.187776140625 0.4005524859375 0.181885125 0.4033149171875
0 0.17967599375 0.4530386734375 0.17967599375 0.466850828125 0.1826215015625 0.475138121875 0.187776140625 0.4788213625 0.194403534375 0.47697974218750006 0.2002945515625 0.466850828125 0.19882179687499998 0.4521178640625 0.1936671578125 0.44567219218750004 0.1870397640625 0.44567219218750004 0.17967599375 0.4530386734375
0 0.17967599375 0.49079189687499997 0.1789396171875 0.5009208109375 0.180412371875 0.51289134375 0.18851251875 0.5193370171875 0.19587628906250001 0.5174953953125 0.2002945515625 0.509208103125 0.19955817343749999 0.4917127078125 0.192194403125 0.4834254140625 0.187776140625 0.4834254140625 0.17967599375 0.49079189687499997
0 0.1848306328125 0.5257826890625 0.17967599375 0.5377532234375 0.1811487484375 0.5543278078125 0.187776140625 0.56077348125 0.196612665625 0.558931859375 0.201030928125 0.5515653781250001 0.2002945515625 0.533149171875 0.1936671578125 0.5248618781250001 0.189985271875 0.5248618781250001 0.1848306328125 0.5257826890625
0 0.1789396171875 0.59208103125 0.181885125 0.5976058937500001 0.1936671578125 0.5966850828125 0.2017673046875 0.5902394109375 0.201030928125 0.5745856359375 0.1936671578125 0.5653775328124999 0.18851251875 0.5653775328124999 0.180412371875 0.573664825 0.1789396171875 0.59208103125
0 0.27503681874999997 0.595764271875 0.26583210625000003 0.5976058937500001 0.2621502203125 0.6040515656250001 0.2628865984375 0.6151012890625001 0.2680412375 0.6206261515625 0.284977909375 0.6206261515625 0.29234167968749997 0.6123388578125 0.29234167968749997 0.6040515656250001 0.2893961703125 0.598526703125 0.2790868921875 0.595764271875 0.27503681874999997 0.595764271875
0 0.3858615609375 0.5939226515625 0.37481590625 0.5948434625 0.371870396875 0.5976058937500001 0.36966126718750003 0.6114180484375 0.372606775 0.6178637203124999 0.3880706921875 0.619705340625 0.39543446250000003 0.616942909375 0.39911634687499997 0.6123388578125 0.39911634687499997 0.5994475140625 0.389543446875 0.5939226515625 0.3858615609375 0.5939226515625
0 0.40868924843750004 0.5939226515625 0.4042709875 0.598526703125 0.403534609375 0.6104972375 0.40721649531250004 0.6178637203124999 0.426362296875 0.616942909375 0.43078055937500004 0.60773480625 0.4300441828125 0.598526703125 0.426362296875 0.5939226515625 0.42194403593749996 0.5939226515625 0.40868924843750004 0.5939226515625
0 0.5051546390625 0.601289134375 0.5007363765624999 0.6151012890625001 0.50220913125 0.631675875 0.50662739375 0.6362799265625 0.514727540625 0.635359115625 0.5213549343749999 0.6279926328125 0.5228276875 0.6022099453124999 0.516936671875 0.595764271875 0.5110456546875 0.595764271875 0.5051546390625 0.601289134375
0 0.5625920468750001 0.61325966875 0.5596465390625001 0.6289134437499999 0.5633284234375 0.640883978125 0.569219440625 0.643646409375 0.5765832109375 0.640883978125 0.5824742265625 0.6325966843749999 0.5810014734375 0.616942909375 0.5743740796875 0.6058931859375 0.5684830640625 0.6058931859375 0.5625920468750001 0.61325966875
0 0.6222385859374999 0.6123388578125 0.6178203234375 0.6325966843749999 0.6207658328125001 0.6399631671875 0.625920471875 0.6427255984375 0.6325478640625 0.6418047875 0.6406480125 0.6325966843749999 0.6391752578125 0.6151012890625001 0.6325478640625 0.6068139968749999 0.6288659796875 0.6068139968749999 0.6222385859374999 0.6123388578125
0 0.6811487484375001 0.60773480625 0.6774668625 0.622467771875 0.67967599375 0.6344383062500001 0.6855670109374999 0.6390423578125 0.694403534375 0.6362799265625 0.6980854203125 0.6289134437499999 0.6958762890625 0.6095764265625 0.689985271875 0.6031307546875 0.6892488953125 0.6031307546875 0.6811487484375001 0.60773480625
0 0.73858615625 0.6114180484375 0.73416789375 0.6243093921875 0.7349042703124999 0.6344383062500001 0.7393225328125 0.6390423578125 0.7474226796875 0.6390423578125 0.75478645 0.6307550640625 0.75478645 0.616942909375 0.7481590578125 0.6058931859375 0.7437407953124999 0.6058931859375 0.73858615625 0.6114180484375
0 0.79749631875 0.6086556171875 0.7938144328125001 0.619705340625 0.7952871874999999 0.6325966843749999 0.8019145796875 0.638121546875 0.8100147281250001 0.635359115625 0.8144329890625001 0.6270718234375 0.812223859375 0.60773480625 0.8063328421874999 0.6031307546875 0.8048600890625 0.6031307546875 0.79749631875 0.6086556171875
0 0.855670103125 0.60773480625 0.8505154640624999 0.62338858125 0.8519882171875001 0.6335174953125 0.8578792343750001 0.6372007359375 0.8659793812500001 0.6344383062500001 0.8711340203125 0.6243093921875 0.8696612671875 0.6123388578125 0.8645066281249999 0.6031307546875 0.862297496875 0.6031307546875 0.855670103125 0.60773480625
0 0.912371134375 0.6068139968749999 0.9094256265625 0.622467771875 0.91163475625 0.6325966843749999 0.9175257734375 0.635359115625 0.9241531671875001 0.6335174953125 0.9300441828125001 0.6215469609375 0.9270986750000001 0.6040515656250001 0.9234167890625 0.6003683234375 0.9175257734375 0.6003683234375 0.912371134375 0.6068139968749999
0 0.9712812953125001 0.6031307546875 0.9675994109375001 0.619705340625 0.9675994109375001 0.6279926328125 0.9712812953125001 0.6335174953125 0.97938144375 0.6335174953125 0.9845360828124999 0.6289134437499999 0.9852724593750001 0.616942909375 0.9801178203124999 0.601289134375 0.97496318125 0.601289134375 0.9712812953125001 0.6031307546875
1 0.041973490625 0.61325966875 0.035346096874999997 0.6031307546875 0.029455081249999997 0.6003683234375 0.0246686296875 0.6003683234375 0.0198821796875 0.6003683234375 0.0110456546875 0.6058931859375 0.007363770312499999 0.6187845296875001 0.007363770312499999 0.6289134437499999 0.0110456546875 0.640883978125 0.0235640640625 0.651012890625 0.0324005890625 0.6500920812500001 0.0382916046875 0.6454880296875001 0.044182621875 0.6307550640625 0.041973490625 0.61325966875
1 0.0684830640625 0.5994475140625 0.0618556703125 0.5994475140625 0.053755523437499994 0.6040515656250001 0.0471281296875 0.6215469609375 0.0515463921875 0.6399631671875 0.060382915625 0.6500920812500001 0.0699558171875 0.6500920812500001 0.0773195875 0.6464088390625 0.0846833578125 0.6325966843749999 0.0824742265625 0.6114180484375 0.0773195875 0.6040515656250001 0.0684830640625 0.5994475140625
1 0.1200294546875 0.60773480625 0.1097201765625 0.5994475140625 0.105670103125 0.5994475140625 0.0949926359375 0.6022099453124999 0.08836524375 0.61325966875 0.08910162031249999 0.638121546875 0.094256259375 0.6464088390625 0.10162002968749999 0.6500920812500001 0.11119293125 0.6500920812500001 0.11929307812500001 0.6454880296875001 0.123711340625 0.635359115625 0.123711340625 0.616942909375 0.1200294546875 0.60773480625
1 0.16126656875 0.6003683234375 0.15684830624999999 0.598526703125 0.15261413906250001 0.598526703125 0.1369661265625 0.6003683234375 0.127393225 0.6151012890625001 0.1288659796875 0.6325966843749999 0.13843888124999998 0.6454880296875001 0.146539028125 0.6464088390625 0.154639175 0.6418047875 0.1664212078125 0.6307550640625 0.169366715625 0.6243093921875 0.169366715625 0.6104972375 0.16126656875 0.6003683234375
1 0.226067746875 0.6040515656250001 0.2179676 0.5994475140625 0.21281296093750002 0.601289134375 0.209131075 0.5976058937500001 0.2047128125 0.6003683234375 0.20324005937499998 0.5976058937500001 0.2002945515625 0.5976058937500001 0.18409425625 0.6031307546875 0.180412371875 0.6095764265625 0.181885125 0.616942909375 0.187776140625 0.6215469609375 0.23858615625000001 0.6215469609375 0.2481590578125 0.614180478125 0.2474226796875 0.6031307546875 0.24226804062500001 0.598526703125 0.23416789374999997 0.598526703125 0.226067746875 0.6040515656250001
1 0.33578792343749997 0.5948434625 0.3321060390625 0.5948434625 0.303387334375 0.595764271875 0.29749631875000004 0.6031307546875 0.29749631875000004 0.6123388578125 0.3041237109375 0.6206261515625 0.31148748125000003 0.6215469609375 0.34756995625 0.619705340625 0.357879234375 0.6123388578125 0.3586156109375 0.6031307546875 0.3549337265625 0.5976058937500001 0.33578792343749997 0.5948434625
1 0.4499263625 0.59208103125 0.4491899859375 0.59208103125 0.439617084375 0.5930018421875001 0.43372606718749995 0.598526703125 0.43372606718749995 0.6123388578125 0.4366715765625 0.6178637203124999 0.48527245937499996 0.619705340625 0.4904270984375 0.616942909375 0.49558173749999995 0.6086556171875 0.49410898437500006 0.598526703125 0.487481590625 0.5939226515625 0.4499263625 0.59208103125
1 0.5449189984375 0.59208103125 0.5316642125000001 0.5939226515625 0.52724595 0.601289134375 0.5243004421874999 0.6344383062500001 0.5287187046875 0.6418047875 0.5449189984375 0.6418047875 0.5500736374999999 0.6390423578125 0.555964653125 0.6289134437499999 0.5596465390625001 0.6040515656250001 0.5493372609375 0.59208103125 0.5449189984375 0.59208103125
1 0.6141384390625 0.5948434625 0.6053019140625 0.5911602203124999 0.6013748156250001 0.5911602203124999 0.58836524375 0.5930018421875001 0.58394698125 0.5994475140625 0.5824742265625 0.6068139968749999 0.5868924890625 0.6325966843749999 0.5913107515625 0.6390423578125 0.5957290125 0.640883978125 0.6097201765625 0.6362799265625 0.617083946875 0.6206261515625 0.619293078125 0.6031307546875 0.6141384390625 0.5948434625
1 0.66568483125 0.5902394109375 0.6620029453125 0.5902394109375 0.650957290625 0.5902394109375 0.6465390281250001 0.5930018421875001 0.6413843890625001 0.6022099453124999 0.644329896875 0.6279926328125 0.653166421875 0.6399631671875 0.6664212078125 0.6372007359375 0.6715758468749999 0.6298342546875 0.6745213546875 0.619705340625 0.67525773125 0.598526703125 0.66568483125 0.5902394109375
1 0.73416789375 0.5994475140625 0.72974963125 0.59208103125 0.7245949921875 0.5893186 0.72054491875 0.5893186 0.7061855671874999 0.5902394109375 0.7002945515625 0.5994475140625 0.7017673046875 0.6243093921875 0.7047128125000001 0.6325966843749999 0.7098674515625001 0.6372007359375 0.71575846875 0.638121546875 0.723858615625 0.6344383062500001 0.728276878125 0.6298342546875 0.7319587624999999 0.6187845296875001 0.73416789375 0.5994475140625
1 0.77982326875 0.5874769796875 0.7758961703125 0.5874769796875 0.7621502203125 0.5902394109375 0.7562592046875001 0.6022099453124999 0.7606774671875 0.6279926328125 0.7680412375000001 0.6372007359375 0.771723121875 0.638121546875 0.7820324000000001 0.6344383062500001 0.7871870390625 0.6279926328125 0.7916053015625 0.6123388578125 0.7908689250000001 0.5948434625 0.77982326875 0.5874769796875
1 0.8497790875 0.6058931859375 0.849042709375 0.5948434625 0.8468335781249999 0.5902394109375 0.8402061859375 0.5865561687499999 0.8360331375 0.5865561687499999 0.8225331375 0.5893186 0.8173784984375001 0.598526703125 0.8173784984375001 0.6160221 0.8210603828125 0.6289134437499999 0.826215021875 0.6344383062500001 0.8313696609375001 0.635359115625 0.8402061859375 0.631675875 0.8438880703124999 0.6279926328125 0.8468335781249999 0.6187845296875001 0.8497790875 0.6058931859375
1 0.8929801171875 0.5847145484375 0.8792341671875 0.5874769796875 0.8726067750000001 0.5994475140625 0.8755522828125001 0.6206261515625 0.8843888078125 0.6344383062500001 0.8969072171875 0.6325966843749999 0.905743740625 0.61325966875 0.9064801171875001 0.5948434625 0.9020618562499999 0.5874769796875 0.8969072171875 0.5847145484375 0.8929801171875 0.5847145484375
1 0.951153903125 0.5837937390625 0.93888070625 0.585635359375 0.9322533140625 0.5976058937500001 0.9359351984375 0.6243093921875 0.93888070625 0.6298342546875 0.9455081 0.6325966843749999 0.9565537562499999 0.6289134437499999 0.9639175249999999 0.60773480625 0.9631811484374999 0.59208103125 0.955817378125 0.5837937390625 0.951153903125 0.5837937390625
1 1 0.5823204421875 0.99337260625 0.585635359375 0.989690721875 0.59208103125 0.9882179671875001 0.5994475140625 0.9904270984375 0.6151012890625001 1 0.631675875 1 0.5823204421875