0 0.2081939796875 0 0.20869565156249997 0.0081521734375 0.21521739062499998 0.01539855 0.22536231875 0.01358695625 0.23115942031249997 0.0009057968749999999 0.23115942031249997 0 0.2081939796875 0
0 0.190579709375 0.03713768125 0.19855072499999998 0.036231884375 0.20724637656249997 0.02536231875 0.20797101406250001 0.012681159375 0.2036231890625 0.0054347828124999996 0.1934782609375 0.0036231890624999997 0.185507246875 0.0117753625 0.185507246875 0.022644928124999998 0.190579709375 0.03713768125
0 0.2065217390625 0.042572464062499996 0.212318840625 0.0543478265625 0.2202898546875 0.0561594203125 0.22463768125 0.0534420296875 0.22826087031250003 0.042572464062499996 0.22826087031250003 0.0289855078125 0.22536231875 0.023550725 0.21376811562500003 0.022644928124999998 0.20724637656249997 0.0335144921875 0.2065217390625 0.042572464062499996
0 0.1934782609375 0.0806159421875 0.19855072499999998 0.07971014531250001 0.20869565156249997 0.06431159374999999 0.20869565156249997 0.0534420296875 0.1992753625 0.0434782609375 0.1934782609375 0.0443840578125 0.189130434375 0.049818840625 0.189130434375 0.07699275312500001 0.1934782609375 0.0806159421875
0 0.212318840625 0.0960144921875 0.2202898546875 0.0978260875 0.22463768125 0.0942028984375 0.22681159375 0.0697463765625 0.22391304375 0.063405796875 0.212318840625 0.06431159374999999 0.20579710156250003 0.07699275312500001 0.20579710156250003 0.086956521875 0.212318840625 0.0960144921875
0 0.1949275359375 0.11956521718749999 0.2036231890625 0.1204710140625 0.21376811562500003 0.112318840625 0.21376811562500003 0.102355071875 0.2036231890625 0.0896739125 0.19637681093749998 0.088768115625 0.1920289859375 0.0942028984375 0.1913043484375 0.11141304375000001 0.1949275359375 0.11956521718749999
0 0.19637681093749998 0.14039855 0.20072463749999997 0.14764492812500002 0.212318840625 0.15036231875 0.22318840624999997 0.1422101453125 0.22463768125 0.127717390625 0.2210144921875 0.1213768109375 0.213043478125 0.11956521718749999 0.20289855 0.125 0.19710144999999998 0.1340579703125 0.19637681093749998 0.14039855
0 0.2021739125 0.1829710140625 0.21521739062499998 0.1820652171875 0.22246376875 0.17210145 0.22246376875 0.163949275 0.21521739062499998 0.1548913046875 0.201449275 0.1548913046875 0.19565217343750002 0.163043478125 0.19565217343750002 0.1757246375 0.2021739125 0.1829710140625
0 0.2166666671875 0.2173913046875 0.2210144921875 0.20289855 0.2181159421875 0.1911231890625 0.20579710156250003 0.1875 0.19710144999999998 0.1965579703125 0.19637681093749998 0.20833333281250002 0.201449275 0.2182971015625 0.2166666671875 0.2173913046875
0 0.2173913046875 0.2545289859375 0.2202898546875 0.23278985468750002 0.2166666671875 0.226449275 0.2065217390625 0.22463768125 0.19855072499999998 0.2336956515625 0.201449275 0.2563405796875 0.210144928125 0.2590579703125 0.2173913046875 0.2545289859375
0 0.2065217390625 0.301630434375 0.21521739062499998 0.3007246375 0.2202898546875 0.29076087031250003 0.2181159421875 0.2690217390625 0.213043478125 0.264492753125 0.2065217390625 0.26539855 0.2 0.27536231875 0.201449275 0.29710145 0.2065217390625 0.301630434375
0 0.20579710156250003 0.3396739125 0.2159420296875 0.33876811562500003 0.2202898546875 0.3315217390625 0.2188405796875 0.31431159375 0.21376811562500003 0.3088768109375 0.20579710156250003 0.309782609375 0.2021739125 0.31431159375 0.201449275 0.33514492812499996 0.20579710156250003 0.3396739125
0 0.2065217390625 0.3813405796875 0.2166666671875 0.3804347828125 0.2210144921875 0.3713768109375 0.2195652171875 0.35235507187500004 0.21521739062499998 0.346920290625 0.209420290625 0.3460144921875 0.201449275 0.3541666671875 0.2021739125 0.37681159375 0.2065217390625 0.3813405796875
0 0.2043478265625 0.42028985468749996 0.20797101406250001 0.423007246875 0.2195652171875 0.41847826093749996 0.2195652171875 0.3922101453125 0.2159420296875 0.387681159375 0.209420290625 0.3867753625 0.201449275 0.3949275359375 0.20072463749999997 0.4085144921875 0.2043478265625 0.42028985468749996
0 0.2195652171875 0.46286231874999995 0.22246376875 0.451992753125 0.2195652171875 0.4329710140625 0.210869565625 0.4284420296875 0.201449275 0.438405796875 0.2021739125 0.46105072500000005 0.210869565625 0.4664855078125 0.2195652171875 0.46286231874999995
0 0.20289855 0.5009057968749999 0.2065217390625 0.5063405796875 0.214492753125 0.5072463765624999 0.22173912968749998 0.5009057968749999 0.22173912968749998 0.4800724640625 0.214492753125 0.47192029062499996 0.2050724640625 0.47463768125000005 0.201449275 0.48097826093749996 0.20289855 0.5009057968749999
0 0.20289855 0.5416666671875 0.20797101406250001 0.5461956515625 0.2210144921875 0.5434782609375 0.22318840624999997 0.526268115625 0.2202898546875 0.5163043484375 0.209420290625 0.512681159375 0.2043478265625 0.5172101453125 0.2021739125 0.522644928125 0.20289855 0.5416666671875
0 0.2043478265625 0.57789855 0.210869565625 0.5824275359375 0.22536231875 0.5788043484375 0.22391304375 0.5634057968749999 0.2195652171875 0.5543478265624999 0.209420290625 0.5525362312500001 0.20289855 0.559782609375 0.2021739125 0.575181159375 0.2043478265625 0.57789855
0 0.260869565625 0.59963768125 0.27753623125 0.600543478125 0.28623188437499997 0.5942028984375 0.286956521875 0.586050725 0.28188405781250003 0.57789855 0.263768115625 0.57608695625 0.2579710140625 0.5806159421875 0.2572463765625 0.5932971015625 0.260869565625 0.59963768125
0 0.37318840625 0.598731884375 0.3913043484375 0.59963768125 0.3992753625 0.5914855078125 0.3992753625 0.5806159421875 0.3942028984375 0.575181159375 0.3782608703125 0.5742753625 0.3695652171875 0.5815217390625 0.3688405796875 0.588768115625 0.37318840625 0.598731884375
0 0.5036231890625 0.600543478125 0.5086956515625001 0.5960144921875 0.510144928125 0.575181159375 0.4942028984375 0.5724637687499999 0.4840579703125 0.5788043484375 0.48333333281249996 0.5896739125 0.487681159375 0.596920290625 0.5036231890625 0.600543478125
0 0.55289855 0.6231884062499999 0.5615942031250001 0.6240942031250001 0.5702898546874999 0.6159420296875 0.5695652171875001 0.600543478125 0.563043478125 0.590579709375 0.5557971015625001 0.5914855078125 0.5492753625 0.6041666671875 0.548550725 0.6168478265624999 0.55289855 0.6231884062499999
0 0.610869565625 0.6231884062499999 0.6217391296875 0.6213768109375 0.62753623125 0.612318840625 0.62608695625 0.598731884375 0.6188405796875001 0.588768115625 0.610144928125 0.5923913046875 0.6057971015625 0.6050724640625 0.6050724640625 0.6159420296875 0.610869565625 0.6231884062499999
0 0.6695652171875001 0.6213768109375 0.6804347828124999 0.6195652171875 0.6862318843749999 0.6086956515625 0.6840579703125 0.5951086953125 0.6775362312500001 0.586956521875 0.6710144921875 0.588768115625 0.664492753125 0.6032608703125 0.664492753125 0.6150362312500001 0.6695652171875001 0.6213768109375
0 0.72463768125 0.6177536234375001 0.735507246875 0.6177536234375001 0.7420289859375 0.61141304375 0.7420289859375 0.5951086953125 0.737681159375 0.58786231875 0.7297101453125 0.586956521875 0.72391304375 0.5960144921875 0.7217391296875 0.61141304375 0.72463768125 0.6177536234375001
0 0.7833333328125 0.6168478265624999 0.7949275359375 0.6168478265624999 0.8014492750000001 0.6077898546875 0.8007246374999999 0.5951086953125 0.7956521734375 0.5842391296875 0.787681159375 0.585144928125 0.7811594203125 0.598731884375 0.7804347828125 0.6086956515625 0.7833333328125 0.6168478265624999
0 0.8528985499999999 0.614130434375 0.8572463765625 0.6077898546875 0.8543478265625 0.586050725 0.8463768109375 0.5833333328125 0.839855071875 0.5914855078125 0.8391304343750001 0.6132246375 0.8463768109375 0.6168478265624999 0.8528985499999999 0.614130434375
0 0.8992753625000001 0.6150362312500001 0.9086956515625 0.614130434375 0.9130434781250001 0.6077898546875 0.914492753125 0.5960144921875 0.9086956515625 0.5815217390625 0.8992753625000001 0.5842391296875 0.8949275359375 0.596920290625 0.8949275359375 0.60960145 0.8992753625000001 0.6150362312500001
0 0.9673913046875 0.5833333328125 0.9579710140625 0.5815217390625 0.9507246374999999 0.598731884375 0.9528985499999999 0.61141304375 0.9652173906250001 0.612318840625 0.9710144921874999 0.601449275 0.9673913046875 0.5833333328125
1 0 0.631038646875 0.0086956515625 0.6268115937500001 0.014492753124999999 0.6159420296875 0.012318840624999999 0.5923913046875 0.0021739125000000002 0.5815217390625 0 0.5818614125 0 0.631038646875
1 0.0181159421875 0.6150362312500001 0.026086956249999998 0.6286231890625 0.0318840578125 0.6313405796875 0.0427536234375 0.6286231890625 0.05289855 0.6186594203125 0.0536231890625 0.598731884375 0.0442028984375 0.5824275359375 0.0318840578125 0.5806159421875 0.0181159421875 0.5923913046875 0.0181159421875 0.6150362312500001
1 0.0681159421875 0.6286231890625 0.084782609375 0.6268115937500001 0.0934782609375 0.6159420296875 0.0920289859375 0.5923913046875 0.08333333281250001 0.5815217390625 0.0666666671875 0.5815217390625 0.057971014062500006 0.5960144921875 0.059420290625000004 0.6177536234375001 0.0681159421875 0.6286231890625
1 0.0978260875 0.5914855078125 0.09710145 0.612318840625 0.10362318906250001 0.625 0.11884057968749999 0.6295289859375 0.1297101453125 0.6213768109375 0.1326086953125 0.6132246375 0.1326086953125 0.596920290625 0.12536231874999998 0.5833333328125 0.11086956562500001 0.5797101453125 0.1043478265625 0.5824275359375 0.0978260875 0.5914855078125
1 0.137681159375 0.614130434375 0.1463768109375 0.6286231890625 0.1586956515625 0.6286231890625 0.1659420296875 0.6231884062499999 0.17246376875 0.612318840625 0.1710144921875 0.5923913046875 0.16086956562500002 0.5806159421875 0.1456521734375 0.5806159421875 0.13695652187500001 0.5951086953125 0.137681159375 0.614130434375
1 0.18260869531249999 0.5788043484375 0.17826087031249999 0.5833333328125 0.17826087031249999 0.6032608703125 0.189855071875 0.60960145 0.20289855 0.6041666671875 0.2340579703125 0.600543478125 0.23985507187500002 0.5960144921875 0.2413043484375 0.588768115625 0.235507246875 0.5797101453125 0.2202898546875 0.5842391296875 0.1942028984375 0.576992753125 0.18260869531249999 0.5788043484375
1 0.2920289859375 0.596920290625 0.3 0.601449275 0.3413043484375 0.600543478125 0.348550725 0.5978260875 0.3536231890625 0.5896739125 0.3507246375 0.5797101453125 0.3434782609375 0.57608695625 0.29710145 0.57608695625 0.2913043484375 0.5824275359375 0.2920289859375 0.596920290625
1 0.40434782656249996 0.5960144921875 0.41159420312500006 0.59963768125 0.4550724640625 0.5978260875 0.46231884062499995 0.5914855078125 0.46449275312499994 0.5842391296875 0.46014492812499996 0.57608695625 0.4521739125 0.573369565625 0.40942029062499996 0.5742753625 0.40289855 0.5797101453125 0.40434782656249996 0.5960144921875
1 0.5297101453125 0.6186594203125 0.5442028984375 0.6086956515625 0.5507246375 0.5923913046875 0.5507246375 0.5824275359375 0.5420289859375 0.573369565625 0.5202898546875 0.5724637687499999 0.512318840625 0.58786231875 0.512318840625 0.6068840578125 0.5297101453125 0.6186594203125
1 0.57681159375 0.573369565625 0.5717391296875001 0.57789855 0.5695652171875001 0.590579709375 0.57463768125 0.610507246875 0.5818840578125 0.6204710140625 0.5884057968749999 0.6213768109375 0.5963768109375 0.6168478265624999 0.6065217390625001 0.590579709375 0.6050724640625 0.5788043484375 0.5985507250000001 0.5724637687499999 0.5913043484375 0.5715579703125 0.57681159375 0.573369565625
1 0.636231884375 0.6177536234375001 0.6478260875 0.6195652171875 0.659420290625 0.6086956515625 0.664492753125 0.58786231875 0.659420290625 0.5742753625 0.639130434375 0.5706521734375001 0.62753623125 0.5797101453125 0.6268115937500001 0.5951086953125 0.636231884375 0.6177536234375001
1 0.686956521875 0.5978260875 0.6949275359375 0.6132246375 0.7057971015625 0.6168478265624999 0.7166666671875 0.6077898546875 0.72246376875 0.5824275359375 0.7159420296875 0.5724637687499999 0.711594203125 0.5697463765624999 0.6942028984374999 0.5706521734375001 0.6862318843749999 0.5806159421875 0.686956521875 0.5978260875
1 0.7442028984375 0.5797101453125 0.7442028984375 0.5951086953125 0.7514492749999999 0.6150362312500001 0.763043478125 0.6168478265624999 0.77391304375 0.6077898546875 0.7789855078125 0.590579709375 0.77753623125 0.57608695625 0.7695652171875 0.5697463765624999 0.7536231890625 0.5688405796875 0.7492753624999999 0.5706521734375001 0.7442028984375 0.5797101453125
1 0.8057971015625001 0.6041666671875 0.8123188406249999 0.614130434375 0.8217391296875001 0.6150362312500001 0.8311594203125001 0.6068840578125 0.836231884375 0.5842391296875 0.835507246875 0.57608695625 0.8311594203125001 0.5697463765624999 0.8144927531249999 0.5670289859375 0.8036231890625001 0.5788043484375 0.8057971015625001 0.6041666671875
1 0.859420290625 0.588768115625 0.865217390625 0.60960145 0.8710144921874999 0.614130434375 0.884782609375 0.60960145 0.8927536234375 0.585144928125 0.890579709375 0.5715579703125 0.8833333328125 0.5661231890625 0.8710144921874999 0.5661231890625 0.861594203125 0.5742753625 0.859420290625 0.588768115625
1 0.9217391296875 0.6068840578125 0.9282608703124999 0.6132246375 0.9398550718750001 0.610507246875 0.9485507249999999 0.585144928125 0.9449275359374999 0.5679347828125 0.9289855078125001 0.5643115937500001 0.9181159421875 0.5742753625 0.9166666671874999 0.588768115625 0.9217391296875 0.6068840578125
1 1 0.565734990625 0.9826086953125 0.5634057968749999 0.9746376812499999 0.5715579703125 0.97318840625 0.5896739125 0.9789855078125 0.6068840578125 0.9833333328125 0.610507246875 0.9978260875 0.6086956515625 1 0.602581521875 1 0.565734990625