1 0 0.6345811046875001 0.012838801562499998 0.62388591875 0.014978601562499999 0.606951871875 0.013552068749999998 0.596256684375 0.0085592015625 0.587344028125 0 0.58356925625 0 0.6345811046875001
1 0.0185449359375 0.596256684375 0.01997146875 0.619429590625 0.0228245359375 0.6283422453124999 0.027104137499999997 0.6319073078125 0.037803139062500005 0.6327985734375 0.04493580625 0.6292335109375 0.054921540625 0.61675579375 0.052781740625 0.594474153125 0.043509271875 0.5828877 0.0263908703125 0.583778965625 0.0185449359375 0.596256684375
1 0.058487875 0.61675579375 0.064907275 0.6274509796875 0.07631954375 0.6310160421875 0.0898716125 0.6221033874999999 0.0927246796875 0.6007130125 0.08559201093749999 0.585561496875 0.0699001421875 0.5819964343749999 0.061340942187500004 0.587344028125 0.0577746078125 0.5935828875 0.058487875 0.61675579375
1 0.0970042796875 0.596256684375 0.0962910125 0.6087344031249999 0.10342367968749999 0.6265597140625 0.1169757484375 0.6301247765625 0.12696148437500002 0.6256684484374999 0.13124108437499998 0.6176470593750001 0.13124108437499998 0.5953654187499999 0.12339515000000001 0.583778965625 0.1169757484375 0.58110516875 0.10485021406249999 0.5828877 0.0970042796875 0.596256684375
1 0.1362339515625 0.592691621875 0.135520684375 0.6149732625000001 0.1405135515625 0.6256684484374999 0.14907275312499998 0.6301247765625 0.158345221875 0.6301247765625 0.16690442187500001 0.62388591875 0.1711840234375 0.6042780750000001 0.16975748906250002 0.596256684375 0.16191155468750001 0.5828877 0.14764622031250002 0.58110516875 0.1362339515625 0.592691621875
1 0.1854493578125 0.61675579375 0.21469329531249998 0.603386809375 0.22325249687499998 0.594474153125 0.221112696875 0.585561496875 0.20898716093749997 0.5775401062500001 0.1854493578125 0.5793226375 0.174037090625 0.5909090906250001 0.176176890625 0.6087344031249999 0.1854493578125 0.61675579375
1 0.2796005703125 0.60249554375 0.3223965765625 0.6016042781250001 0.33166904375 0.59180035625 0.3302425109375 0.5828877 0.321683309375 0.5775401062500001 0.276747503125 0.5775401062500001 0.270328103125 0.5828877 0.2696148359375 0.594474153125 0.2796005703125 0.60249554375
1 0.3794579171875 0.594474153125 0.3851640515625 0.6007130125 0.42796005781249996 0.599821746875 0.43509272499999996 0.596256684375 0.44008559218750004 0.58823529375 0.43865905781250003 0.58110516875 0.4308131234375 0.575757575 0.38730385156249997 0.575757575 0.3794579171875 0.5819964343749999 0.3794579171875 0.594474153125
1 0.4893009984375 0.590017825 0.4928673328125 0.598039215625 0.51783166875 0.612299465625 0.5299572046875001 0.6078431375 0.537089871875 0.592691621875 0.5356633375000001 0.580213903125 0.5271041375000001 0.5748663109375001 0.49786020000000003 0.5739750453125 0.490014265625 0.580213903125 0.4893009984375 0.590017825
1 0.559201140625 0.58467023125 0.5613409421875 0.6087344031249999 0.566333809375 0.6176470593750001 0.5720399421875 0.622994653125 0.5848787453125001 0.618538325 0.5941512125 0.5935828875 0.5920114125 0.5793226375 0.58273894375 0.5739750453125 0.568473609375 0.5739750453125 0.5634807421875 0.576648840625 0.559201140625 0.58467023125
1 0.615549215625 0.58110516875 0.6148359484375 0.59714795 0.6205420828125 0.615864528125 0.62767475 0.62032085625 0.6383737515625 0.6176470593750001 0.6476462203125 0.6016042781250001 0.6483594859374999 0.580213903125 0.6398002859374999 0.5739750453125 0.6241084171875 0.5730837796875 0.6191155484374999 0.5748663109375001 0.615549215625 0.58110516875
1 0.6697574890625 0.59714795 0.6776034234375 0.6149732625000001 0.6918687593749999 0.61675579375 0.7011412265625 0.6087344031249999 0.707560628125 0.585561496875 0.7025677609375001 0.575757575 0.682596290625 0.5713012484375 0.67689015625 0.5730837796875 0.6697574890625 0.5819964343749999 0.6697574890625 0.59714795
1 0.7346647640625 0.61319073125 0.7467903 0.6176470593750001 0.756776034375 0.60962566875 0.763195434375 0.585561496875 0.7582025671875 0.5730837796875 0.7382310984375 0.5713012484375 0.729671896875 0.58110516875 0.729671896875 0.598039215625 0.7346647640625 0.61319073125
1 0.7853067046875 0.598039215625 0.7888730390625 0.60962566875 0.7945791718749999 0.61675579375 0.80242510625 0.6176470593750001 0.813837375 0.6087344031249999 0.819543509375 0.58467023125 0.813837375 0.5721925140625 0.7952924390625 0.5695187171875 0.7845934375 0.58110516875 0.7853067046875 0.598039215625
1 0.8437945796875 0.576648840625 0.8423680453125 0.590017825 0.8459343796875001 0.6078431375 0.8537803140625 0.6149732625000001 0.8659058484375001 0.6114082 0.8716119828125001 0.6007130125 0.8744650500000001 0.585561496875 0.8723252499999999 0.5730837796875 0.8673323828124999 0.5686274515624999 0.8523537796875 0.5686274515624999 0.8437945796875 0.576648840625
1 0.9001426531250001 0.5748663109375001 0.898002853125 0.590017825 0.9029957203125001 0.60962566875 0.9108416546875 0.6149732625000001 0.91940085625 0.61319073125 0.9286733234375 0.5935828875 0.9300998578125 0.580213903125 0.927246790625 0.5713012484375 0.9208273890625 0.5668449203125 0.9079885875 0.5668449203125 0.9001426531250001 0.5748663109375001
1 0.9543509265625 0.590017825 0.958630528125 0.606951871875 0.9664764625 0.612299465625 0.9778887296875001 0.60962566875 0.9857346640625 0.5909090906250001 0.9835948640625001 0.5686274515624999 0.9764621968749999 0.5650623890625 0.962910128125 0.5659536546874999 0.95506419375 0.575757575 0.9543509265625 0.590017825
0 1 0.5815508015625 0.9935805984374999 0.5828877 0.98858773125 0.592691621875 0.9878744656249999 0.6078431375 0.9914407984375 0.614081996875 1 0.6117052875 1 0.5815508015625
0 0.1911554921875 0 0.189728959375 0.007130124999999999 0.192582025 0.018716578125 0.19757489374999998 0.02317290625 0.20898716093749997 0.01960784375 0.21469329531249998 0.008021390625 0.21405135468749997 0 0.1911554921875 0
0 0.21825962968749998 0.0392156859375 0.227532096875 0.040998217187500005 0.23323823125 0.0356506234375 0.2360912984375 0.021390375 0.23395149843750002 0.011586453125 0.2225392296875 0.008912656250000001 0.213980028125 0.01960784375 0.213980028125 0.0311942953125 0.21825962968749998 0.0392156859375
0 0.1968616265625 0.0606060609375 0.20470756093750003 0.061497326562499996 0.21184022812499997 0.0543672015625 0.21469329531249998 0.0383244203125 0.20898716093749997 0.0303030296875 0.1990014265625 0.0294117640625 0.1932952921875 0.0356506234375 0.1932952921875 0.053475935937499997 0.1968616265625 0.0606060609375
0 0.216119828125 0.07754010624999999 0.2218259625 0.08377896562500001 0.2282453640625 0.0828877 0.23395149843750002 0.0641711234375 0.231811696875 0.050802139062499994 0.22325249687499998 0.0472370765625 0.21540656249999998 0.053475935937499997 0.21255349531249998 0.0686274515625 0.216119828125 0.07754010624999999
0 0.1954350921875 0.09714795000000001 0.1990014265625 0.103386809375 0.205420828125 0.104278075 0.213980028125 0.094474153125 0.2168330953125 0.087344028125 0.21540656249999998 0.0793226375 0.20613409374999997 0.0686274515625 0.20114122656250003 0.0686274515625 0.1954350921875 0.0748663109375 0.1954350921875 0.09714795000000001
0 0.21255349531249998 0.12032085625 0.2246790296875 0.12299465312499999 0.2303851640625 0.11675579375 0.23109843125 0.094474153125 0.2282453640625 0.090909090625 0.22039942968749998 0.090909090625 0.20970042812499998 0.10516934062500001 0.20827389375 0.11319073125000001 0.21255349531249998 0.12032085625
0 0.1990014265625 0.1265597140625 0.1990014265625 0.1417112296875 0.2025677609375 0.14884135468749998 0.2111269609375 0.1515151515625 0.22325249687499998 0.1452762921875 0.225392296875 0.1345811046875 0.2218259625 0.1283422453125 0.20898716093749997 0.121212121875 0.20185449375000003 0.12299465312499999 0.1990014265625 0.1265597140625
0 0.20970042812499998 0.1836007125 0.225392296875 0.179144384375 0.22895863125 0.1666666671875 0.227532096875 0.1586452765625 0.2218259625 0.1541889484375 0.2111269609375 0.1550802140625 0.20185449375000003 0.1639928703125 0.2025677609375 0.177361853125 0.20970042812499998 0.1836007125
0 0.205420828125 0.215686275 0.213980028125 0.218360071875 0.225392296875 0.2121212125 0.227532096875 0.195187165625 0.221112696875 0.188057040625 0.21326676249999998 0.187165775 0.20328102656249997 0.19429590000000002 0.2025677609375 0.20588235312499997 0.205420828125 0.215686275
0 0.2111269609375 0.2566844921875 0.2189728953125 0.2566844921875 0.2261055640625 0.2459893046875 0.225392296875 0.2281639921875 0.2196861625 0.2228164 0.20970042812499998 0.22370766562500002 0.205420828125 0.2281639921875 0.205420828125 0.24955436718750001 0.2111269609375 0.2566844921875
0 0.21255349531249998 0.298573975 0.221112696875 0.29679144375 0.225392296875 0.28877005312500004 0.2246790296875 0.2673796796875 0.221112696875 0.2629233515625 0.21326676249999998 0.2620320859375 0.20613409374999997 0.2691622109375 0.20684736093749997 0.294117646875 0.21255349531249998 0.298573975
0 0.2218259625 0.33868092656250004 0.2261055640625 0.3306595359375 0.225392296875 0.308377896875 0.2168330953125 0.303030303125 0.20756062812499998 0.3092691625 0.20827389375 0.3360071296875 0.2168330953125 0.3404634578125 0.2218259625 0.33868092656250004
0 0.20827389375 0.37254902031250003 0.21255349531249998 0.3778966125 0.22325249687499998 0.37611408125 0.2261055640625 0.3716577546875 0.225392296875 0.35204991093750004 0.2196861625 0.3467023171875 0.2111269609375 0.3484848484375 0.20756062812499998 0.3529411765625 0.20827389375 0.37254902031250003
0 0.2225392296875 0.4171123 0.227532096875 0.40730837812500004 0.2261055640625 0.38859180000000004 0.2168330953125 0.38324420625 0.20827389375 0.389483065625 0.20827389375 0.412655971875 0.21326676249999998 0.418003565625 0.2225392296875 0.4171123
0 0.225392296875 0.4563279859375 0.227532096875 0.44563279843750003 0.2261055640625 0.42869875156250004 0.2168330953125 0.423351159375 0.20827389375 0.4295900171875 0.20970042812499998 0.45543672031250004 0.21326676249999998 0.45900178281250004 0.225392296875 0.4563279859375
0 0.21540656249999998 0.50178253125 0.2261055640625 0.49821746874999995 0.22895863125 0.48573975 0.2268188296875 0.4705882359375 0.221112696875 0.4652406421875 0.216119828125 0.4652406421875 0.20827389375 0.4732620328125 0.20898716093749997 0.4964349375 0.21540656249999998 0.50178253125
0 0.20827389375 0.51604278125 0.21041369531249998 0.5374331546875 0.21326676249999998 0.5409982171875 0.2225392296875 0.5409982171875 0.2282453640625 0.5347593578125001 0.2282453640625 0.51604278125 0.2225392296875 0.508021390625 0.21469329531249998 0.508021390625 0.2111269609375 0.511586453125 0.20827389375 0.51604278125
0 0.213980028125 0.5748663109375001 0.22039942968749998 0.5793226375 0.229671896875 0.576648840625 0.229671896875 0.5579322640625 0.225392296875 0.5481283421875001 0.2168330953125 0.5463458109375 0.20898716093749997 0.5543672015625 0.20898716093749997 0.5668449203125 0.213980028125 0.5748663109375001
0 0.23680456562500002 0.6016042781250001 0.2582025671875 0.6016042781250001 0.2639087015625 0.59714795 0.26462196875 0.587344028125 0.26034236875 0.580213903125 0.23751783125 0.5775401062500001 0.2325249640625 0.5828877 0.2325249640625 0.59714795 0.23680456562500002 0.6016042781250001
0 0.3537803140625 0.6007130125 0.3694721828125 0.6007130125 0.3758915828125 0.592691621875 0.3758915828125 0.58467023125 0.370898715625 0.5775401062500001 0.355206846875 0.576648840625 0.3473609125 0.583778965625 0.346647646875 0.592691621875 0.3537803140625 0.6007130125
0 0.4621968609375 0.59893048125 0.4814550640625 0.598039215625 0.48644793125 0.5909090906250001 0.48644793125 0.58110516875 0.48216833125 0.575757575 0.465049928125 0.5748663109375001 0.45863052812499994 0.5793226375 0.45720399375 0.5909090906250001 0.4621968609375 0.59893048125
0 0.5406562046875 0.622994653125 0.5499286734375 0.622994653125 0.558487875 0.614081996875 0.557061340625 0.59714795 0.55135520625 0.58823529375 0.543509271875 0.590017825 0.5363766046875 0.605169340625 0.5363766046875 0.61675579375 0.5406562046875 0.622994653125
0 0.5984308125 0.622994653125 0.606276746875 0.62388591875 0.6148359484375 0.6149732625000001 0.6126961484375 0.598039215625 0.606276746875 0.590017825 0.5991440796874999 0.59180035625 0.5934379453124999 0.6042780750000001 0.5927246796875 0.614081996875 0.5984308125 0.622994653125
0 0.6526390875 0.6221033874999999 0.6626248218749999 0.6221033874999999 0.6704707562500001 0.612299465625 0.6683309562499999 0.59714795 0.6626248218749999 0.590017825 0.6547788875 0.59180035625 0.649072753125 0.60606060625 0.6483594859374999 0.6149732625000001 0.6526390875 0.6221033874999999
0 0.7132667625 0.62032085625 0.7225392296875001 0.618538325 0.727532096875 0.612299465625 0.7268188296875 0.596256684375 0.7225392296875001 0.587344028125 0.713980028125 0.587344028125 0.7068473609375 0.603386809375 0.7068473609375 0.612299465625 0.7132667625 0.62032085625
0 0.7738944359375 0.619429590625 0.7831669046874999 0.60962566875 0.7831669046874999 0.59714795 0.7781740375 0.587344028125 0.772467903125 0.5864527625 0.7674750359375 0.590017825 0.763195434375 0.605169340625 0.76462196875 0.61675579375 0.7738944359375 0.619429590625
0 0.8266761765625 0.6176470593750001 0.8345221109375001 0.61675579375 0.8402282453125001 0.60962566875 0.839514978125 0.5935828875 0.8345221109375001 0.58467023125 0.8266761765625 0.5864527625 0.8216833093749999 0.59893048125 0.8209700421875 0.60962566875 0.8266761765625 0.6176470593750001
0 0.8794579171875 0.615864528125 0.88801711875 0.61675579375 0.8951497859374999 0.6087344031249999 0.893723253125 0.589126559375 0.8908701859375 0.583778965625 0.8830242515625001 0.58467023125 0.87660485 0.599821746875 0.8758915828125 0.60962566875 0.8794579171875 0.615864528125
0 0.9450784593750001 0.614081996875 0.9514978609375 0.60249554375 0.949358059375 0.58467023125 0.9386590578125 0.5828877 0.9322396578125 0.59893048125 0.931526390625 0.605169340625 0.935092725 0.61319073125 0.9450784593750001 0.614081996875