0 0.128275234375 0 0.12998405156249998 0.009960159375 0.13795853281249998 0.015936254687500002 0.1499202546875 0.011952190625000001 0.1523126 0.0059760953125000005 0.152564425 0 0.128275234375 0
0 0.10606060625 0.0049800796875 0.102073365625 0.011952190625000001 0.10366826093749999 0.031872509375000004 0.10845294999999999 0.038844621875 0.1188197765625 0.03784860625 0.12759170625 0.0239043828125 0.12759170625 0.010956175 0.1188197765625 0.00199203125 0.11244019062499999 0.00199203125 0.10606060625 0.0049800796875
0 0.13875598125 0.02191235 0.1307814984375 0.026892429687500004 0.12599681093749998 0.03784860625 0.12918660312500002 0.0537848609375 0.134768740625 0.058764940625 0.14513556562500002 0.056772907812499995 0.1499202546875 0.04880478125 0.150717703125 0.03087649375 0.1475279109375 0.0249003984375 0.14114832500000002 0.02191235 0.13875598125 0.02191235
0 0.10606060625 0.079681275 0.110047846875 0.0846613546875 0.1188197765625 0.0836653390625 0.1283891546875 0.0647410359375 0.12759170625 0.0557768921875 0.11802232812499999 0.0468127484375 0.11164274375000001 0.0468127484375 0.1052631578125 0.0557768921875 0.10606060625 0.079681275
0 0.12998405156249998 0.07071713125 0.12519936250000002 0.0836653390625 0.12519936250000002 0.091633465625 0.1363636359375 0.10557768906250001 0.1435406703125 0.1045816734375 0.1467304625 0.100597609375 0.148325359375 0.0727091640625 0.142743221875 0.06573705156250001 0.1355661875 0.06573705156250001 0.12998405156249998 0.07071713125
0 0.11084529531250001 0.09661354531250001 0.10845294999999999 0.10856573750000001 0.1092503984375 0.1235059765625 0.11562998437500001 0.129482071875 0.1267942578125 0.1264940234375 0.1355661875 0.11354581718750001 0.13317384375000002 0.1065737046875 0.121212121875 0.0936254984375 0.11722487968749999 0.0936254984375 0.11084529531250001 0.09661354531250001
0 0.12200956874999999 0.13446215156250002 0.11722487968749999 0.1434262953125 0.1188197765625 0.1523904375 0.12599681093749998 0.15836653437499998 0.13875598125 0.1573705171875 0.14513556562500002 0.149402390625 0.1459330140625 0.13147410312500002 0.13875598125 0.1254980078125 0.13397129218749998 0.1254980078125 0.12200956874999999 0.13446215156250002
0 0.11722487968749999 0.1653386453125 0.11244019062499999 0.17231075625 0.11562998437500001 0.19023904375 0.12519936250000002 0.1952191234375 0.13716108437500002 0.192231075 0.1435406703125 0.180278884375 0.14194577343749998 0.170318725 0.1307814984375 0.162350596875 0.12519936250000002 0.162350596875 0.11722487968749999 0.1653386453125
0 0.11722487968749999 0.2031872515625 0.11403508749999999 0.21115537812500002 0.11642743281250001 0.23007968124999997 0.123604465625 0.2340637453125 0.1355661875 0.23207171249999997 0.14194577343749998 0.22211155312500003 0.14194577343749998 0.2061752984375 0.13317384375000002 0.1992031875 0.1267942578125 0.1992031875 0.11722487968749999 0.2031872515625
0 0.11642743281250001 0.2669322703125 0.12440191406250001 0.2758964140625 0.134768740625 0.27490039843749997 0.14114832500000002 0.2669322703125 0.14114832500000002 0.2470119515625 0.131578946875 0.23804780937499997 0.1283891546875 0.23804780937499997 0.11642743281250001 0.24800796875 0.11642743281250001 0.2669322703125
0 0.12759170625 0.28187250937499997 0.12041467343750001 0.28784860624999997 0.11802232812499999 0.299800796875 0.11961722500000001 0.3157370515625 0.1267942578125 0.3237051796875 0.1363636359375 0.32071713125 0.1395534296875 0.31474103593749997 0.1403508765625 0.29183266875 0.1363636359375 0.2838645421875 0.1323763953125 0.28187250937499997 0.12759170625 0.28187250937499997
0 0.1307814984375 0.328685259375 0.12041467343750001 0.3356573703125 0.1188197765625 0.3446215140625 0.12041467343750001 0.3635458171875 0.12599681093749998 0.370517928125 0.134768740625 0.3695219125 0.14114832500000002 0.36055776875 0.14114832500000002 0.337649403125 0.1355661875 0.329681275 0.131578946875 0.329681275 0.1307814984375 0.328685259375
0 0.12041467343750001 0.38247011875000003 0.11961722500000001 0.3874501984375 0.11961722500000001 0.40936255 0.12599681093749998 0.4163346609375 0.13397129218749998 0.4163346609375 0.14114832500000002 0.410358565625 0.14114832500000002 0.3844621515625 0.13317384375000002 0.3754980078125 0.12759170625 0.3754980078125 0.12041467343750001 0.38247011875000003
0 0.131578946875 0.4233067734375 0.1307814984375 0.4233067734375 0.12440191406250001 0.4262948203125 0.12041467343750001 0.4342629484375 0.12200956874999999 0.4541832671875 0.12440191406250001 0.45816733125000003 0.1307814984375 0.46015936249999995 0.1363636359375 0.45816733125000003 0.14194577343749998 0.44920318750000005 0.14114832500000002 0.4312749 0.13716108437500002 0.42529880468750003 0.131578946875 0.4233067734375
0 0.1307814984375 0.4651394421875 0.12519936250000002 0.46713147343749994 0.12041467343750001 0.4750996015625 0.121212121875 0.4950199203125 0.1283891546875 0.5039840640625 0.1395534296875 0.500996015625 0.142743221875 0.49203187187499997 0.14194577343749998 0.47211155312499997 0.1355661875 0.4661354578125 0.131578946875 0.4661354578125 0.1307814984375 0.4651394421875
0 0.121212121875 0.5179282875 0.121212121875 0.538844621875 0.123604465625 0.5478087656249999 0.1267942578125 0.5498007968749999 0.13716108437500002 0.5498007968749999 0.142743221875 0.5428286859375 0.14194577343749998 0.5159362546875 0.13317384375000002 0.50896414375 0.131578946875 0.50896414375 0.121212121875 0.5179282875
0 0.123604465625 0.560756971875 0.121212121875 0.567729084375 0.121212121875 0.5836653390625 0.1267942578125 0.5956175296875 0.13716108437500002 0.5956175296875 0.14433811875 0.5856573703125 0.142743221875 0.5617529875 0.1355661875 0.5567729078125 0.12918660312500002 0.5567729078125 0.123604465625 0.560756971875
0 0.12519936250000002 0.6055776890625 0.121212121875 0.6145418328125001 0.12200956874999999 0.6324701187499999 0.12599681093749998 0.6364541828125 0.13795853281249998 0.6344621515625 0.14433811875 0.62848605625 0.142743221875 0.6085657375 0.1355661875 0.6025896421875 0.1307814984375 0.6025896421875 0.12519936250000002 0.6055776890625
0 0.21477910625000002 0.6384462156249999 0.2057416265625 0.6384462156249999 0.2017543859375 0.6414342625 0.20015948906249997 0.6563745015625 0.2033492828125 0.6643426296875 0.21610845312500002 0.6663346609375 0.2304625203125 0.660358565625 0.23285486406250003 0.6553784859375 0.23125996875000002 0.6444223109375 0.2192982453125 0.6384462156249999 0.21477910625000002 0.6384462156249999
0 0.2519936203125 0.6374501984375 0.24242424218749997 0.642430278125 0.2400318984375 0.65039840625 0.24162679374999999 0.660358565625 0.24880382812500001 0.6653386453125 0.26794258437499996 0.662350596875 0.2711323765625 0.6573705171875 0.270334928125 0.6434262953125 0.264752790625 0.6384462156249999 0.2551834125 0.6374501984375 0.2519936203125 0.6374501984375
0 0.368421053125 0.6364541828125 0.3636363640625 0.6414342625 0.36204146718749997 0.651394421875 0.36682615625000004 0.662350596875 0.3835725671875 0.6633466140625 0.3931419453125 0.6573705171875 0.39393939375000003 0.6414342625 0.387559809375 0.6354581671874999 0.38330701718750004 0.6354581671874999 0.368421053125 0.6364541828125
0 0.48484848437499994 0.6384462156249999 0.47448165937500003 0.6434262953125 0.47049441718749996 0.6573705171875 0.4720893140625 0.6772908359375001 0.4792663484375 0.6832669328125001 0.488038278125 0.6812749 0.4928229671875 0.67231075625 0.4952153109375 0.651394421875 0.49202551874999995 0.640438246875 0.48883572500000005 0.6384462156249999 0.48484848437499994 0.6384462156249999
0 0.5374800640624999 0.6553784859375 0.5334928234375 0.671314740625 0.53508771875 0.6842629484375 0.5414673046875 0.69023904375 0.5510366828125 0.6882470125 0.558213715625 0.678286853125 0.555821371875 0.660358565625 0.5486443375000001 0.65039840625 0.544657096875 0.65039840625 0.5374800640624999 0.6553784859375
0 0.60047846875 0.6563745015625 0.5956937796874999 0.6752988046875 0.596491228125 0.6832669328125001 0.6052631578125001 0.689243028125 0.6132376390625 0.6862549796875 0.6204146734375 0.6752988046875 0.618022328125 0.660358565625 0.6108452953125 0.651394421875 0.6076555031249999 0.651394421875 0.60047846875 0.6563745015625
0 0.664274321875 0.65039840625 0.6594896328125001 0.66832669375 0.66028708125 0.6772908359375001 0.6666666671875 0.6842629484375 0.6770334921875001 0.682270915625 0.6818181812499999 0.6743027890625 0.681020734375 0.660358565625 0.6746411484375 0.6474103578125 0.6682615625 0.6474103578125 0.664274321875 0.65039840625
0 0.7272727265625 0.6533864546875 0.7232854859375 0.669322709375 0.7240829343749999 0.67928286875 0.73125996875 0.6852589640625 0.7400318984375 0.6832669328125001 0.7464114828125 0.6743027890625 0.7448165875 0.6553784859375 0.7384370015624999 0.6474103578125 0.7344497609375 0.6474103578125 0.7272727265625 0.6533864546875
0 0.79106858125 0.6523904375 0.78548644375 0.6733067734375 0.7902711328125 0.682270915625 0.795055821875 0.6842629484375 0.8046252 0.6802788843750001 0.808612440625 0.669322709375 0.8062200953125 0.6533864546875 0.7998405109375 0.6474103578125 0.7990430625 0.6474103578125 0.79106858125 0.6523904375
0 0.8532695374999999 0.651394421875 0.8500797453125 0.669322709375 0.851674640625 0.67928286875 0.85566188125 0.682270915625 0.865231259375 0.6802788843750001 0.8716108453125001 0.670318725 0.8700159484375 0.6533864546875 0.8644338125000001 0.6454183265625 0.8596491234375 0.6454183265625 0.8532695374999999 0.651394421875
0 0.9146730468750001 0.65039840625 0.911483253125 0.6643426296875 0.911483253125 0.6733067734375 0.9202551828125 0.6812749 0.9274322171874999 0.67928286875 0.9330143546875 0.671314740625 0.930622009375 0.6474103578125 0.9258373203125 0.6434262953125 0.92105263125 0.6434262953125 0.9146730468750001 0.65039840625
0 0.9816586921875 0.6533864546875 0.9832535890624999 0.6743027890625 0.99202551875 0.6733067734375 0.9968102078125 0.6643426296875 0.9936204140625 0.65039840625 0.988835725 0.6444223109375 0.98644338125 0.6444223109375 0.982456140625 0.6464143421874999 0.9816586921875 0.6533864546875
1 0 0.6964143421875 0.0031897921875 0.6972111546875001 0.011961721875000001 0.6932270921875 0.01913875625 0.682270915625 0.0199362046875 0.6643426296875 0.012759170312500002 0.648406375 0.0007974484375000001 0.642430278125 0 0.642430278125 0 0.6964143421875
1 0.0470494421875 0.642430278125 0.042264753125 0.642430278125 0.027910685937500002 0.648406375 0.023125996875 0.662350596875 0.023125996875 0.67928286875 0.0263157890625 0.6882470125 0.039872407812499996 0.6972111546875001 0.055821371875000005 0.6932270921875 0.0629984046875 0.6743027890625 0.062200956249999995 0.662350596875 0.0574162671875 0.65039840625 0.0470494421875 0.642430278125
1 0.11164274375000001 0.6543824703125 0.1052631578125 0.6444223109375 0.08771929843750001 0.640438246875 0.08373205781250001 0.640438246875 0.075757575 0.6434262953125 0.0661881984375 0.660358565625 0.06778309375 0.6752988046875 0.077352471875 0.69023904375 0.082934609375 0.692231075 0.088516746875 0.6912350593750001 0.10366826093749999 0.6802788843750001 0.110047846875 0.6733067734375 0.11164274375000001 0.6663346609375 0.11164274375000001 0.6543824703125
1 0.1937799046875 0.6464143421874999 0.1897926640625 0.6414342625 0.14912280625000002 0.6374501984375 0.14194577343749998 0.6374501984375 0.1307814984375 0.642430278125 0.12759170625 0.6474103578125 0.12759170625 0.658366534375 0.1323763953125 0.6653386453125 0.150717703125 0.6673306765625 0.1706539078125 0.6663346609375 0.1786283890625 0.662350596875 0.185007975 0.6643426296875 0.194577353125 0.6553784859375 0.1937799046875 0.6464143421874999
1 0.3373205734375 0.6384462156249999 0.32695374843749997 0.6364541828125 0.3226244015625 0.6364541828125 0.27990430625 0.6384462156249999 0.27432216875000004 0.6464143421874999 0.27432216875000004 0.6553784859375 0.278309409375 0.6633466140625 0.2830940984375 0.6653386453125 0.3309409890625 0.6643426296875 0.3389154703125 0.66135458125 0.343700159375 0.6543824703125 0.343700159375 0.6454183265625 0.3373205734375 0.6384462156249999
1 0.41467304687500006 0.6354581671874999 0.4138755984375 0.6344621515625 0.401913875 0.6364541828125 0.397926634375 0.6414342625 0.3971291859375 0.651394421875 0.40111642812500004 0.66135458125 0.45374800625 0.6643426296875 0.45853269531249996 0.66135458125 0.46411483281250004 0.651394421875 0.463317384375 0.642430278125 0.4561403515625 0.6364541828125 0.41467304687500006 0.6354581671874999
1 0.5215311 0.6344621515625 0.5167464109375 0.6344621515625 0.50239234375 0.6374501984375 0.49760765625000003 0.6474103578125 0.496012759375 0.678286853125 0.5031897921875 0.689243028125 0.511164275 0.69023904375 0.5215311 0.6862549796875 0.5303030296875 0.67231075625 0.5334928234375 0.6464143421874999 0.5303030296875 0.640438246875 0.5215311 0.6344621515625
1 0.5765550234375 0.6324701187499999 0.5709728875 0.6324701187499999 0.5606060609375 0.63944223125 0.5574162671875 0.651394421875 0.5645933015625 0.682270915625 0.57336523125 0.6872509953125 0.5821371609375 0.6852589640625 0.5901116421875 0.6772908359375001 0.5972886765625 0.6523904375 0.596491228125 0.6434262953125 0.5925039875 0.6374501984375 0.5765550234375 0.6324701187499999
1 0.6570972890625 0.6414342625 0.6467304625 0.6324701187499999 0.642743221875 0.6324701187499999 0.6283891546875 0.6334661359375 0.62200956875 0.63944223125 0.619617225 0.6464143421874999 0.619617225 0.6573705171875 0.6236044656249999 0.6733067734375 0.631578946875 0.6852589640625 0.6363636359375 0.6872509953125 0.648325359375 0.682270915625 0.656299840625 0.6653386453125 0.6570972890625 0.6414342625
1 0.72009569375 0.6374501984375 0.7121212124999999 0.631474103125 0.702551834375 0.6304780875 0.6961722484374999 0.6304780875 0.6897926640625001 0.6324701187499999 0.683413078125 0.6454183265625 0.6866028703125 0.6733067734375 0.688995215625 0.67928286875 0.6953748 0.6842629484375 0.7121212124999999 0.6802788843750001 0.716108453125 0.6752988046875 0.721690590625 0.6563745015625 0.7224880375 0.6434262953125 0.72009569375 0.6374501984375
1 0.7671451359375 0.6294820718749999 0.7559808609374999 0.631474103125 0.7480063796875001 0.6454183265625 0.7519936203124999 0.6733067734375 0.76076555 0.6832669328125001 0.77432216875 0.67928286875 0.7791068578125 0.6733067734375 0.783891546875 0.6563745015625 0.783891546875 0.6374501984375 0.771929825 0.6294820718749999 0.7671451359375 0.6294820718749999
1 0.8429027109374999 0.631474103125 0.8373205734375 0.62848605625 0.8333333328125001 0.62848605625 0.8189792656250001 0.6294820718749999 0.8102073359374999 0.642430278125 0.814194578125 0.671314740625 0.8221690593750001 0.6812749 0.8301435406250001 0.6812749 0.8389154703124999 0.6762948203125 0.8437001593750001 0.6673306765625 0.8476874000000001 0.648406375 0.8468899515625001 0.6384462156249999 0.8429027109374999 0.631474103125
1 0.8987240828124999 0.6264940234374999 0.89393939375 0.6264940234374999 0.8827751203125 0.62848605625 0.8740031890625 0.642430278125 0.87799043125 0.66832669375 0.8819776718749999 0.6762948203125 0.887559809375 0.6802788843750001 0.897926634375 0.678286853125 0.9027113234374999 0.67231075625 0.9082934609375 0.6543824703125 0.9074960125 0.6334661359375 0.8987240828124999 0.6264940234374999
1 0.9566722484374999 0.6254980078125 0.944178628125 0.6264940234374999 0.9354066984375 0.642430278125 0.9401913875 0.670318725 0.9473684203125 0.678286853125 0.963317384375 0.6743027890625 0.9696969703124999 0.65936255 0.971291865625 0.6384462156249999 0.9696969703124999 0.6324701187499999 0.9617224875 0.6254980078125 0.9566722484374999 0.6254980078125