0 0.12087473906249999 0 0.121212121875 0.010956175 0.12759170625 0.0169322703125 0.13716108437500002 0.012948207812500001 0.1433811796875 0 0.12087473906249999 0
0 0.148325359375 0.0368525890625 0.15470494375 0.0398406375 0.1610845296875 0.0368525890625 0.1650717703125 0.009960159375 0.16028708125 0.00199203125 0.14912280625000002 0.00199203125 0.14194577343749998 0.0149402390625 0.14194577343749998 0.0239043828125 0.148325359375 0.0368525890625
0 0.12599681093749998 0.058764940625 0.134768740625 0.058764940625 0.1459330140625 0.0458167328125 0.1459330140625 0.0368525890625 0.13716108437500002 0.0239043828125 0.1283891546875 0.0229083671875 0.12200956874999999 0.029880478125 0.12200956874999999 0.050796812499999996 0.12599681093749998 0.058764940625
0 0.1523126 0.08565737031250001 0.1610845296875 0.07669322656250001 0.161881978125 0.057768925000000006 0.150717703125 0.049800796875 0.134768740625 0.06573705156250001 0.13317384375000002 0.0737051796875 0.1363636359375 0.08167330625 0.1523126 0.08565737031250001
0 0.1355661875 0.118525896875 0.14912280625000002 0.118525896875 0.1570972890625 0.10956175312500001 0.1570972890625 0.09860557812500001 0.150717703125 0.09063745 0.1363636359375 0.087649403125 0.12759170625 0.09561752968750001 0.12759170625 0.107569721875 0.1355661875 0.118525896875
0 0.13716108437500002 0.1553784859375 0.1515151515625 0.15438247031250002 0.158692184375 0.142430278125 0.1578947375 0.1304780875 0.1515151515625 0.1245019921875 0.13716108437500002 0.1245019921875 0.12918660312500002 0.1334661359375 0.1307814984375 0.15039840625 0.13716108437500002 0.1553784859375
0 0.13397129218749998 0.192231075 0.14194577343749998 0.1952191234375 0.1539074953125 0.189243028125 0.1570972890625 0.1673306765625 0.1523126 0.16135458125 0.14114832500000002 0.160358565625 0.1307814984375 0.169322709375 0.12998405156249998 0.1812749 0.13397129218749998 0.192231075
0 0.1403508765625 0.239043825 0.1515151515625 0.23605577656249999 0.156299840625 0.22111553750000001 0.156299840625 0.2071713140625 0.1531100484375 0.202191234375 0.1403508765625 0.200199203125 0.1323763953125 0.20816733125 0.13317384375000002 0.23306772968749997 0.1403508765625 0.239043825
0 0.14114832500000002 0.28187250937499997 0.150717703125 0.28087649375 0.156299840625 0.26992031875 0.1539074953125 0.25199203125 0.1499202546875 0.2470119515625 0.14194577343749998 0.24601593593749999 0.134768740625 0.2539840640625 0.1355661875 0.2768924296875 0.14114832500000002 0.28187250937499997
0 0.14194577343749998 0.3266932265625 0.1515151515625 0.32470119531249997 0.156299840625 0.31772908437499997 0.156299840625 0.2958167328125 0.1515151515625 0.2898406375 0.1435406703125 0.28784860624999997 0.134768740625 0.2968127484375 0.134768740625 0.319721115625 0.14194577343749998 0.3266932265625
0 0.1523126 0.37151394375 0.1570972890625 0.3625498015625 0.156299840625 0.339641434375 0.14433811875 0.3326693234375 0.1355661875 0.34063745 0.1363636359375 0.368525896875 0.14433811875 0.3735059765625 0.1523126 0.37151394375
0 0.14194577343749998 0.420318725 0.1515151515625 0.419322709375 0.1578947375 0.40936255 0.156299840625 0.38545816718750003 0.150717703125 0.379482071875 0.1435406703125 0.379482071875 0.1355661875 0.3874501984375 0.1355661875 0.412350596875 0.14194577343749998 0.420318725
0 0.14114832500000002 0.46414342656249996 0.1515151515625 0.4651394421875 0.1578947375 0.45816733125000003 0.156299840625 0.4312749 0.150717703125 0.4262948203125 0.14433811875 0.4262948203125 0.1355661875 0.43525896406250003 0.1355661875 0.45617529843750004 0.14114832500000002 0.46414342656249996
0 0.1355661875 0.48107569687499996 0.13716108437500002 0.5029880484375 0.1435406703125 0.509960159375 0.1523126 0.50896414375 0.158692184375 0.500996015625 0.158692184375 0.48007968125 0.150717703125 0.47111553749999996 0.14194577343749998 0.47211155312499997 0.13795853281249998 0.4770916328125 0.1355661875 0.48107569687499996
0 0.1555023921875 0.5507968125 0.1594896328125 0.5438247015625 0.1570972890625 0.5209163343750001 0.14513556562500002 0.5159362546875 0.13716108437500002 0.5239043828125001 0.13716108437500002 0.5478087656249999 0.1435406703125 0.5527888453124999 0.1555023921875 0.5507968125
0 0.1403508765625 0.5946215140625 0.148325359375 0.5926294828125 0.16028708125 0.580677290625 0.1594896328125 0.5667330671874999 0.1523126 0.5587649406249999 0.1395534296875 0.560756971875 0.1363636359375 0.57071713125 0.1355661875 0.58864541875 0.1403508765625 0.5946215140625
0 0.2440191390625 0.6115537843750001 0.262360446875 0.6115537843750001 0.270334928125 0.6025896421875 0.26874003125 0.58864541875 0.262360446875 0.5846613546875 0.2448165875 0.5846613546875 0.2368421046875 0.591633465625 0.237639553125 0.6055776890625 0.2440191390625 0.6115537843750001
0 0.36682615625000004 0.6085657375 0.38835725625 0.6085657375 0.39393939375000003 0.6025896421875 0.3947368421875 0.59063745 0.38835725625 0.5826693234375 0.36921850156249997 0.5826693234375 0.362838915625 0.589641434375 0.36204146718749997 0.598605578125 0.36682615625000004 0.6085657375
0 0.4760765546875 0.609561753125 0.4792663484375 0.6195219125 0.4840510359375 0.6235059765625001 0.4928229671875 0.62151394375 0.5007974484375 0.5976095625 0.5 0.587649403125 0.4944178625 0.5826693234375 0.48724082968750004 0.5826693234375 0.476874003125 0.5966135453125 0.4760765546875 0.609561753125
0 0.54066985625 0.6354581671874999 0.5550239234375 0.6354581671874999 0.5606060609375 0.62848605625 0.561403509375 0.6155378484375 0.554226475 0.59960159375 0.5430622015625 0.601593625 0.5382775125 0.6145418328125001 0.5374800640624999 0.62848605625 0.54066985625 0.6354581671874999
0 0.6076555031249999 0.6344621515625 0.6164274328125 0.6344621515625 0.6259968109375 0.6245019921875 0.6244019140625 0.6065737046875 0.618022328125 0.5976095625 0.6092503984375 0.598605578125 0.6028708140625 0.6115537843750001 0.602073365625 0.6264940234374999 0.6076555031249999 0.6344621515625
0 0.67145135625 0.6294820718749999 0.6826156296875 0.62848605625 0.6881977671875 0.618525896875 0.6842105265625 0.5966135453125 0.681020734375 0.5926294828125 0.6746411484375 0.5926294828125 0.6666666671875 0.6035856578125001 0.6666666671875 0.6245019921875 0.67145135625 0.6294820718749999
0 0.7336523125000001 0.6294820718749999 0.7464114828125 0.6294820718749999 0.7535885171875 0.6205179281250001 0.7519936203124999 0.6035856578125001 0.74720893125 0.5946215140625 0.7368421046875 0.5956175296875 0.7304625203125 0.6115537843750001 0.729665071875 0.62151394375 0.7336523125000001 0.6294820718749999
0 0.7942583734374999 0.6264940234374999 0.7998405109375 0.6304780875 0.8110047843749999 0.6264940234374999 0.8149920249999999 0.6195219125 0.81259968125 0.5966135453125 0.8022328546875 0.5936254984375 0.795055821875 0.6025896421875 0.7926634765625 0.6115537843750001 0.7942583734374999 0.6264940234374999
0 0.8612440187500001 0.6274900390625 0.8708133968749999 0.62848605625 0.8771929828125 0.6235059765625001 0.878787878125 0.607569721875 0.8748006374999999 0.5926294828125 0.8636363640625 0.5926294828125 0.8580542265625001 0.6035856578125001 0.8564593296874999 0.6205179281250001 0.8612440187500001 0.6274900390625
0 0.9322169062500001 0.6264940234374999 0.9401913875 0.6155378484375 0.9377990437499999 0.5946215140625 0.9290271125 0.589641434375 0.922647528125 0.5976095625 0.9186602875000001 0.62151394375 0.9218500796875 0.6264940234374999 0.9322169062500001 0.6264940234374999
0 1 0.593340921875 0.9968102078125 0.587649403125 0.9872408296874999 0.58864541875 0.9808612437500001 0.6045816734375 0.9800637953125 0.6175298812500001 0.984848484375 0.6245019921875 0.9944178625 0.6254980078125 1 0.619793553125 1 0.593340921875
1 0 0.6319009671875 0.0015948968750000001 0.6364541828125 0.013556618749999999 0.6434262953125 0.0303030296875 0.6374501984375 0.0358851671875 0.62151394375 0.0358851671875 0.609561753125 0.031100478124999997 0.5966135453125 0.025518340625000004 0.59063745 0.0167464109375 0.58864541875 0.0071770328125 0.589641434375 0.0007974484375000001 0.5956175296875 0 0.597443559375 0 0.6319009671875
1 0.039872407812499996 0.62848605625 0.047846890625 0.640438246875 0.0629984046875 0.6434262953125 0.0741626796875 0.6354581671874999 0.0781499203125 0.6115537843750001 0.0709728875 0.5936254984375 0.054226474999999996 0.58864541875 0.04625199375 0.5926294828125 0.039872407812499996 0.601593625 0.039872407812499996 0.62848605625
1 0.082934609375 0.62151394375 0.096491228125 0.6384462156249999 0.10685805468750001 0.6364541828125 0.12440191406250001 0.62151394375 0.12998405156249998 0.6085657375 0.12200956874999999 0.59063745 0.10845294999999999 0.5866533859375 0.090909090625 0.589641434375 0.0821371609375 0.6035856578125001 0.082934609375 0.62151394375
1 0.1499202546875 0.6045816734375 0.15470494375 0.61055776875 0.1802232859375 0.6125498015625 0.2121212125 0.6115537843750001 0.2224880375 0.59960159375 0.21690590156249998 0.587649403125 0.20494417812500001 0.5846613546875 0.164274321875 0.5846613546875 0.150717703125 0.5976095625 0.1499202546875 0.6045816734375
1 0.2751196171875 0.6045816734375 0.28389154687499996 0.6115537843750001 0.33492822968749997 0.609561753125 0.341307815625 0.6045816734375 0.3429027109375 0.598605578125 0.341307815625 0.58864541875 0.3317384375 0.5836653390625 0.28389154687499996 0.5836653390625 0.2751196171875 0.58864541875 0.2751196171875 0.6045816734375
1 0.40510366875 0.609561753125 0.45374800625 0.6085657375 0.463317384375 0.598605578125 0.4625199359375 0.587649403125 0.45454545468749996 0.58167330625 0.40510366875 0.58167330625 0.397926634375 0.58864541875 0.397926634375 0.6025896421875 0.40510366875 0.609561753125
1 0.5207336515625001 0.6344621515625 0.5334928234375 0.6205179281250001 0.5382775125 0.591633465625 0.5279106859375 0.58167330625 0.5095693781249999 0.58167330625 0.5031897921875 0.591633465625 0.49920255156250004 0.6125498015625 0.50239234375 0.6344621515625 0.5207336515625001 0.6344621515625
1 0.561403509375 0.5866533859375 0.5598086125 0.6005976093750001 0.5677830937499999 0.6264940234374999 0.575757575 0.6344621515625 0.5901116421875 0.631474103125 0.5996810203125 0.6135458171875 0.602073365625 0.601593625 0.60047846875 0.587649403125 0.5901116421875 0.579681275 0.5709728875 0.579681275 0.561403509375 0.5866533859375
1 0.6275917062499999 0.589641434375 0.6267942578125 0.6045816734375 0.634768740625 0.6294820718749999 0.6467304625 0.6324701187499999 0.6578947375 0.6264940234374999 0.664274321875 0.6035856578125001 0.664274321875 0.59063745 0.658692184375 0.58167330625 0.637161084375 0.578685259375 0.631578946875 0.58167330625 0.6275917062499999 0.589641434375
1 0.6993620421875 0.6294820718749999 0.7153110046875 0.6294820718749999 0.7232854859375 0.6205179281250001 0.729665071875 0.5936254984375 0.7240829343749999 0.58167330625 0.702551834375 0.5766932265625 0.6905901109375 0.58864541875 0.69298245625 0.6195219125 0.6993620421875 0.6294820718749999
1 0.7551834125 0.6025896421875 0.7599681015625 0.6225099609375 0.7671451359375 0.62848605625 0.783891546875 0.6225099609375 0.7918660281250001 0.5956175296875 0.7878787875000001 0.579681275 0.7775119625 0.5756972109375 0.764752790625 0.5766932265625 0.7559808609374999 0.5866533859375 0.7551834125 0.6025896421875
1 0.8205741625 0.6165338640625 0.827751196875 0.6274900390625 0.8389154703124999 0.6274900390625 0.8476874000000001 0.6195219125 0.854864434375 0.5936254984375 0.8500797453125 0.578685259375 0.8429027109374999 0.5747011953125 0.8285486437499999 0.5747011953125 0.8173843703125 0.58864541875 0.8205741625 0.6165338640625
1 0.8819776718749999 0.5836653390625 0.8811802234374999 0.6005976093750001 0.8867623609375 0.62151394375 0.89393939375 0.6264940234374999 0.9043062203125001 0.6245019921875 0.9146730468750001 0.6035856578125001 0.9162679421875 0.58864541875 0.9130781499999999 0.57768924375 0.9043062203125001 0.5727091640624999 0.8947368421874999 0.5727091640624999 0.8819776718749999 0.5836653390625
1 0.944178628125 0.5826693234375 0.9425837328125001 0.5936254984375 0.94816586875 0.618525896875 0.9553429031249999 0.6254980078125 0.9681020734375 0.6225099609375 0.9744816593750001 0.61055776875 0.9784689 0.5926294828125 0.9744816593750001 0.5756972109375 0.9681020734375 0.571713146875 0.95374800625 0.571713146875 0.944178628125 0.5826693234375