1 0.132730015625 0.5828625234375 0.146304675 0.5913371 0.16591251875 0.580979284375 0.1764705875 0.56967985 0.177978884375 0.5630885125 0.17496229218749998 0.552730696875 0.1681749625 0.546139359375 0.141025640625 0.5480225984375 0.13122171875 0.5574387953125 0.132730015625 0.5828625234375
1 0.0904977375 0.5649717515625 0.0912518859375 0.5847457625 0.0995475109375 0.59887005625 0.1063348421875 0.6007532953125 0.12066364999999998 0.5969868171875 0.125942684375 0.588512240625 0.125942684375 0.5677966109375 0.11689291093750001 0.5517890765625 0.11161387656249999 0.54896421875 0.0987933640625 0.5508474578125 0.0904977375 0.5649717515625
1 0.050527903124999995 0.5875706218750001 0.057315234375 0.5969868171875 0.07088989375 0.6007532953125 0.082956259375 0.59227871875 0.08672699843750001 0.5725047078125 0.078431371875 0.552730696875 0.063348415625 0.54896421875 0.055052790625 0.552730696875 0.04977375625 0.5612052734375 0.050527903124999995 0.5875706218750001
1 0.007541478124999999 0.5790960453125 0.0113122171875 0.59227871875 0.018099546875 0.6007532953125 0.0369532421875 0.5979284375 0.0444947203125 0.588512240625 0.04524886875 0.5677966109375 0.035444946875 0.5517890765625 0.0173454 0.5508474578125 0.0090497734375 0.5630885125 0.007541478124999999 0.5790960453125
1 0.229260934375 0.5715630890625001 0.268476621875 0.57062146875 0.27978883906249996 0.5612052734375 0.27828054375 0.5517890765625 0.2699849171875 0.546139359375 0.220965309375 0.546139359375 0.214177978125 0.5517890765625 0.214177978125 0.5612052734375 0.229260934375 0.5715630890625001
1 0.337104071875 0.56967985 0.38159879375 0.56967985 0.39441930625 0.560263653125 0.39291101093749997 0.5480225984375 0.3861236796875 0.5442561203125 0.343891403125 0.5433145015624999 0.3318250375 0.54896421875 0.331070890625 0.5612052734375 0.337104071875 0.56967985
1 0.44645550468749995 0.5593220343749999 0.45324283593750003 0.5677966109375 0.48944193125 0.5725047078125 0.5007541484375 0.5687382296875 0.5060331828125 0.553672315625 0.5007541484375 0.5442561203125 0.48868778281249997 0.5414312625 0.45324283593750003 0.54237288125 0.447209653125 0.5480225984375 0.44645550468749995 0.5593220343749999
1 0.53242835625 0.5790960453125 0.5414781296875 0.5941619578124999 0.552790346875 0.59227871875 0.5580693812499999 0.5875706218750001 0.5686274515624999 0.5612052734375 0.5671191546875 0.54896421875 0.5542986421875 0.5414312625 0.5392156859375 0.5433145015624999 0.53242835625 0.5574387953125 0.53242835625 0.5790960453125
1 0.5987933640625 0.588512240625 0.613122171875 0.5903954796875001 0.6236802406249999 0.5790960453125 0.6282051281250001 0.552730696875 0.6221719453125 0.5433145015624999 0.595776771875 0.5414312625 0.5889894421874999 0.552730696875 0.5897435890625 0.566854990625 0.5987933640625 0.588512240625
1 0.653846153125 0.5753295671875 0.6598793359374999 0.5875706218750001 0.6726998484375 0.5894538609375 0.6825037703125 0.5790960453125 0.6885369531250001 0.5574387953125 0.6855203624999999 0.545197740625 0.6749622921875 0.5395480218750001 0.66138763125 0.5395480218750001 0.6515837109375 0.5517890765625 0.653846153125 0.5753295671875
1 0.718702865625 0.5847457625 0.7322775265625 0.5875706218750001 0.744343890625 0.5781544249999999 0.7481146296875 0.5499058375 0.7405731515625 0.5395480218750001 0.7202111609374999 0.538606403125 0.7111613875 0.5499058375 0.71342383125 0.574387946875 0.718702865625 0.5847457625
1 0.77375565625 0.566854990625 0.7805429859374999 0.5847457625 0.7911010562499999 0.5866290015625 0.8016591249999999 0.5790960453125 0.8076923078125 0.5583804140625 0.8076923078125 0.5480225984375 0.8024132734375 0.5395480218750001 0.7805429859374999 0.5376647828125 0.77375565625 0.5480225984375 0.77375565625 0.566854990625
1 0.8325791859375 0.545197740625 0.8318250375 0.5612052734375 0.836349925 0.5781544249999999 0.846153846875 0.5866290015625 0.8589743593750001 0.580979284375 0.8665158375 0.5555555562500001 0.8627450984375 0.5395480218750001 0.8582202109375 0.53578154375 0.846153846875 0.534839925 0.837104071875 0.538606403125 0.8325791859375 0.545197740625
1 0.9034690796874999 0.5338983046875 0.8959276015625001 0.5395480218750001 0.8921568625 0.5480225984375 0.8951734546875001 0.573446328125 0.9012066359375 0.58380414375 0.9102564109375001 0.58380414375 0.9177978890625 0.5781544249999999 0.9223227749999999 0.5677966109375 0.9253393671874999 0.552730696875 0.9230769234375 0.5395480218750001 0.9140271500000001 0.5338983046875 0.9034690796874999 0.5338983046875
1 0.9502262437500001 0.5583804140625 0.9562594265625 0.5790960453125 0.9607843140625001 0.5828625234375 0.974358975 0.5800376640625 0.98039215625 0.57062146875 0.9834087484375 0.556497175 0.9796380093750001 0.53578154375 0.9607843140625001 0.5329566859375 0.9524886875 0.5395480218750001 0.9502262437500001 0.5583804140625
0 0.16032623906250001 0 0.160633484375 0.010357815624999999 0.162895928125 0.0150659140625 0.17043740624999998 0.0160075328125 0.1802413265625 0.0056497171875 0.1816336 0 0.16032623906250001 0
0 0.1877828046875 0 0.1817496234375 0.00753295625 0.1802413265625 0.02165725 0.1825037703125 0.0282485875 0.1892911015625 0.0367231640625 0.1953242828125 0.0367231640625 0.1998491703125 0.0282485875 0.1998491703125 0.0028248593749999997 0.19136500781250002 0 0.1877828046875 0
0 0.16591251875 0.054613935937500004 0.175716440625 0.054613935937500004 0.1847662140625 0.0442561203125 0.1847662140625 0.0367231640625 0.1764705875 0.0235404890625 0.1681749625 0.02165725 0.16214177968750002 0.0282485875 0.16138763125 0.0367231640625 0.16591251875 0.054613935937500004
0 0.1975867265625 0.074387946875 0.199095021875 0.0574387953125 0.19607843125 0.0517890765625 0.1877828046875 0.0499058375 0.1719457015625 0.0659133703125 0.17345399687500002 0.078154425 0.18853695312500002 0.0828625234375 0.1975867265625 0.074387946875
0 0.171191553125 0.1139359703125 0.1802413265625 0.116760828125 0.193061840625 0.11016949218750001 0.1953242828125 0.0960451984375 0.190799396875 0.088512240625 0.17873303125 0.0856873828125 0.1696832578125 0.0903954796875 0.1674208140625 0.10546139375000001 0.171191553125 0.1139359703125
0 0.1719457015625 0.1487758953125 0.1817496234375 0.1525423734375 0.1938159875 0.145009415625 0.1953242828125 0.12806026406249998 0.193061840625 0.123352165625 0.177978884375 0.12052730625000001 0.17043740624999998 0.1242937859375 0.1681749625 0.1412429375 0.1719457015625 0.1487758953125
0 0.1794871796875 0.23352165781249998 0.1877828046875 0.23163841875000002 0.1923076921875 0.22316384218750002 0.1923076921875 0.200564971875 0.18853695312500002 0.1958568734375 0.1794871796875 0.19491525468749998 0.1719457015625 0.20338983124999999 0.1726998484375 0.2278719390625 0.1794871796875 0.23352165781249998
0 0.175716440625 0.1892655375 0.1870286578125 0.1892655375 0.1938159875 0.1807909609375 0.1938159875 0.1638418078125 0.1892911015625 0.1572504703125 0.177978884375 0.15630885156250002 0.17043740624999998 0.16195856875 0.1696832578125 0.1770244828125 0.175716440625 0.1892655375
0 0.18853695312500002 0.27212806093749997 0.1938159875 0.260828625 0.193061840625 0.2485875703125 0.18552036249999998 0.24011299375 0.1742081453125 0.2438794734375 0.1742081453125 0.2693032015625 0.1794871796875 0.2740113 0.18853695312500002 0.27212806093749997
0 0.1794871796875 0.3154425609375 0.18853695312500002 0.3145009421875 0.193061840625 0.3079096046875 0.193061840625 0.285310734375 0.1870286578125 0.27966101718749997 0.1794871796875 0.27966101718749997 0.1742081453125 0.284369115625 0.17496229218749998 0.31073446250000003 0.1794871796875 0.3154425609375
0 0.1794871796875 0.35969868125 0.1892911015625 0.3587570625 0.1945701359375 0.349340865625 0.1938159875 0.326741996875 0.18853695312500002 0.32109227812499996 0.1794871796875 0.3220338984375 0.17496229218749998 0.326741996875 0.17496229218749998 0.3540489640625 0.1794871796875 0.35969868125
0 0.1764705875 0.3992467046875 0.180995475 0.40395480156249997 0.19155354375 0.40112994375 0.1953242828125 0.38794726874999996 0.1938159875 0.37005649687500003 0.184012065625 0.3653484 0.1742081453125 0.37193973593749996 0.17345399687500002 0.3888888890625 0.1764705875 0.3992467046875
0 0.180995475 0.44632768437500003 0.1938159875 0.44350282500000004 0.19607843125 0.4340866296875 0.1938159875 0.4152542375 0.1892911015625 0.4105461390625 0.1817496234375 0.4105461390625 0.17496229218749998 0.4171374765625 0.1764705875 0.4425612046875 0.180995475 0.44632768437500003
0 0.17873303125 0.4868173265625 0.1938159875 0.48493408593750004 0.19607843125 0.4774011296875 0.1945701359375 0.45762711874999995 0.18853695312500002 0.45291902031250003 0.1817496234375 0.45291902031250003 0.17496229218749998 0.46045197812499994 0.17496229218749998 0.47645951093749994 0.17873303125 0.4868173265625
0 0.1923076921875 0.5282485875 0.1968325796875 0.5207156312500001 0.1953242828125 0.5 0.184012065625 0.49435028281250004 0.175716440625 0.5009416203125 0.17722473593750002 0.5273069687499999 0.1825037703125 0.5301318265625 0.1923076921875 0.5282485875
0 0.177978884375 0.5442561203125 0.1870286578125 0.56403013125 0.1975867265625 0.566854990625 0.20588235312499997 0.560263653125 0.20588235312499997 0.54896421875 0.1945701359375 0.53578154375 0.180995475 0.53578154375 0.17722473593750002 0.5404896421875 0.177978884375 0.5442561203125
0 0.3024132734375 0.57062146875 0.31975867343750003 0.56967985 0.3273001515625 0.5621468921874999 0.326546003125 0.5508474578125 0.3227752640625 0.546139359375 0.301659125 0.545197740625 0.29713423906249997 0.54896421875 0.2956259421875 0.5612052734375 0.3024132734375 0.57062146875
0 0.4185520359375 0.5677966109375 0.434389140625 0.5687382296875 0.4434389140625 0.560263653125 0.4434389140625 0.54896421875 0.43815987968750003 0.5433145015624999 0.421568628125 0.54237288125 0.4155354453125 0.5470809796875 0.4132730015625 0.556497175 0.4185520359375 0.5677966109375
0 0.5218702859375 0.588512240625 0.5294117640625 0.5781544249999999 0.52790346875 0.552730696875 0.5188536953125 0.5480225984375 0.5090497734375 0.5612052734375 0.5082956265624999 0.5819209046875 0.5158371046875 0.5894538609375 0.5218702859375 0.588512240625
0 0.570135746875 0.5913371 0.578431371875 0.5941619578124999 0.58823529375 0.588512240625 0.5889894421874999 0.56967985 0.5829562593750001 0.5593220343749999 0.5731523375 0.560263653125 0.5686274515624999 0.57062146875 0.5671191546875 0.580979284375 0.570135746875 0.5913371
0 0.6282051281250001 0.5856873828125 0.632730015625 0.59227871875 0.638763196875 0.5932203390625 0.6470588234375 0.588512240625 0.6508295625 0.580979284375 0.6485671187500001 0.56403013125 0.6425339359375 0.556497175 0.6334841625000001 0.5593220343749999 0.6282051281250001 0.573446328125 0.6282051281250001 0.5856873828125
0 0.6923076921875 0.588512240625 0.70060331875 0.5894538609375 0.708144796875 0.58380414375 0.7096530921875 0.5687382296875 0.705882353125 0.556497175 0.6968325796875 0.5546139359375 0.6892911015625 0.5659133703125 0.6885369531250001 0.5790960453125 0.6923076921875 0.588512240625
0 0.7541478125000001 0.5875706218750001 0.7654600296875 0.5856873828125 0.770739065625 0.5790960453125 0.7699849171875 0.5612052734375 0.7654600296875 0.5546139359375 0.7549019609375 0.556497175 0.7503770734375 0.5677966109375 0.7488687781250001 0.5790960453125 0.7541478125000001 0.5875706218750001
0 0.8122171953124999 0.5875706218750001 0.8250377078125 0.5866290015625 0.8303167421875 0.5790960453125 0.8303167421875 0.5659133703125 0.8257918546875 0.5546139359375 0.8152337859375001 0.5546139359375 0.8099547515625 0.5649717515625 0.8084464562499999 0.5781544249999999 0.8122171953124999 0.5875706218750001
0 0.8725490203125 0.5847457625 0.8800904984375 0.5866290015625 0.8876319765625 0.5800376640625 0.88989441875 0.5677966109375 0.8846153843750001 0.5517890765625 0.8748114625 0.552730696875 0.8695324281250001 0.5649717515625 0.86877828125 0.5781544249999999 0.8725490203125 0.5847457625
0 0.9472096531249999 0.5781544249999999 0.9479638015624999 0.5659133703125 0.942684765625 0.5499058375 0.934389140625 0.5508474578125 0.927601809375 0.5659133703125 0.9291101062499999 0.58380414375 0.9411764703125 0.5847457625 0.9472096531249999 0.5781544249999999
0 1 0.54836500625 0.9932126703125 0.5499058375 0.9864253390625001 0.5630885125 0.9856711921875 0.573446328125 0.98944193125 0.580979284375 0.9992458515625 0.5828625234375 1 0.5821899375 1 0.54836500625