0 0.2217854890625 0 0.22273425468750002 0.00671785 0.229646696875 0.0124760078125 0.2380952375 0.010556621875 0.2427035328125 0.003838771875 0.242849828125 0 0.2217854890625 0
0 0.20215053749999998 0 0.19969277968750002 0.0019193859375 0.19738863281250002 0.0086372359375 0.19892473125000001 0.028790787499999998 0.20583717343750002 0.03454894375 0.2158218125 0.029750479687499998 0.22196620625 0.017274471875 0.22273425468750002 0.0115163140625 0.2196620578125 0.0047984640625 0.21486175156249998 0 0.20215053749999998 0
0 0.2235023046875 0.0230326296875 0.21889400937499998 0.0335892515625 0.22119815625 0.047984645312500004 0.22811059843749998 0.0575815734375 0.2365591390625 0.05662188124999999 0.24116743437500002 0.045105565624999996 0.24193548437499998 0.02783109375 0.2365591390625 0.0191938578125 0.23233486874999998 0.0191938578125 0.2235023046875 0.0230326296875
0 0.19969277968750002 0.04990403125 0.20046082968749998 0.07197696718749999 0.205069125 0.077735125 0.2119815671875 0.07677543125 0.22119815625 0.0642994234375 0.22196620625 0.0547024953125 0.2196620578125 0.048944337500000004 0.21121351718749998 0.040307101562499996 0.20660522343749999 0.040307101562499996 0.19969277968750002 0.04990403125
0 0.22119815625 0.0690978890625 0.212749615625 0.0834932828125 0.2142857140625 0.0902111328125 0.22657449999999998 0.09884836875 0.23195084531250001 0.09884836875 0.2380952375 0.09213051875 0.2388632875 0.06813819531250001 0.23425499218749998 0.0642994234375 0.22734255 0.0642994234375 0.22119815625 0.0690978890625
0 0.204301075 0.10556621875000001 0.20583717343750002 0.122840690625 0.2119815671875 0.1285988484375 0.2258064515625 0.1266794625 0.23041474687500002 0.1218809984375 0.23348694375 0.11132437656250001 0.22811059843749998 0.10268714062499999 0.2158218125 0.0969289828125 0.21044546875 0.0969289828125 0.204301075 0.10556621875000001
0 0.2158218125 0.1333973125 0.20967741874999998 0.138195778125 0.20737327187500001 0.150671784375 0.2119815671875 0.1602687140625 0.2288786484375 0.16122840624999998 0.23425499218749998 0.15547025 0.2365591390625 0.1401151625 0.229646696875 0.13147792656249999 0.22503840312499998 0.13147792656249999 0.2158218125 0.1333973125
0 0.2150537640625 0.1679462578125 0.2081413203125 0.1756238 0.2081413203125 0.1890595015625 0.212749615625 0.1986564296875 0.22657449999999998 0.1986564296875 0.23348694375 0.1919385796875 0.2350230421875 0.1756238 0.22811059843749998 0.1669865640625 0.22273425468750002 0.1669865640625 0.2150537640625 0.1679462578125
0 0.2158218125 0.2053742796875 0.20967741874999998 0.2130518234375 0.20967741874999998 0.23224568125 0.2196620578125 0.24184261093749998 0.22811059843749998 0.23896353124999997 0.23348694375 0.23224568125 0.23348694375 0.21113243750000002 0.22427035312500002 0.20345489374999998 0.22273425468750002 0.20345489374999998 0.2158218125 0.2053742796875
0 0.2142857140625 0.25047984687499997 0.21121351718749998 0.2629558546875 0.212749615625 0.278310940625 0.2196620578125 0.285988484375 0.22811059843749998 0.2840690984375 0.23271889375 0.27543186249999996 0.23271889375 0.257197696875 0.2258064515625 0.24664107500000002 0.2204301078125 0.24664107500000002 0.2142857140625 0.25047984687499997
0 0.21889400937499998 0.291746640625 0.212749615625 0.29942418437499996 0.212749615625 0.32245681406250004 0.21889400937499998 0.3320537421875 0.22811059843749998 0.33013435625 0.23348694375 0.32245681406250004 0.23271889375 0.2975047984375 0.22427035312500002 0.29078694843749997 0.2235023046875 0.29078694843749997 0.21889400937499998 0.291746640625
0 0.21351766562500002 0.3435700578125 0.2119815671875 0.3531669859375 0.21351766562500002 0.370441459375 0.21889400937499998 0.376199615625 0.22734255 0.376199615625 0.23348694375 0.370441459375 0.23348694375 0.34548944375 0.22734255 0.3378119 0.2204301078125 0.3378119 0.21351766562500002 0.3435700578125
0 0.21351766562500002 0.3886756234375 0.212749615625 0.40786948125 0.2150537640625 0.4174664109375 0.22273425468750002 0.42226487500000004 0.229646696875 0.4203454890625 0.23425499218749998 0.41266794687499997 0.23425499218749998 0.390595009375 0.22811059843749998 0.38195777343750004 0.22119815625 0.38195777343750004 0.21351766562500002 0.3886756234375
0 0.2142857140625 0.4357005765625 0.21351766562500002 0.44145873281250003 0.21735791093749998 0.46065259062499997 0.22273425468750002 0.4625719765625 0.23271889375 0.4587332046875 0.23425499218749998 0.454894434375 0.2350230421875 0.439539346875 0.22811059843749998 0.428982725 0.22119815625 0.428982725 0.2142857140625 0.4357005765625
0 0.22503840312499998 0.46833013437500004 0.218125959375 0.4702495203125 0.21351766562500002 0.47888675625 0.2142857140625 0.49616122812499996 0.2165898625 0.502879078125 0.2204301078125 0.5057581578125 0.23041474687500002 0.5047984640625 0.23579109062499998 0.4942418421875 0.2350230421875 0.4769673703125 0.2288786484375 0.46833013437500004 0.22503840312499998 0.46833013437500004
0 0.2158218125 0.5163147796875001 0.2142857140625 0.5230326296875 0.2142857140625 0.5374280234375 0.2204301078125 0.5489443374999999 0.229646696875 0.5489443374999999 0.23579109062499998 0.5422264875 0.2350230421875 0.517274471875 0.22811059843749998 0.5115163140625001 0.22196620625 0.5115163140625001 0.2158218125 0.5163147796875001
0 0.2150537640625 0.5633397312499999 0.2150537640625 0.5825335890625001 0.2235023046875 0.5902111328124999 0.23195084531250001 0.5911708250000001 0.2380952375 0.5854126671875 0.2373271890625 0.5690978890625 0.2350230421875 0.560460653125 0.2288786484375 0.5556621875000001 0.2235023046875 0.5556621875000001 0.2150537640625 0.5633397312499999
0 0.258832565625 0.5930902109375 0.25576036874999997 0.6007677546875 0.2572964671875 0.6132437625 0.2711213515625 0.61900191875 0.2880184328125 0.6132437625 0.29032258125 0.608445296875 0.28955453124999997 0.5988483687499999 0.281105990625 0.59213051875 0.276958525 0.59213051875 0.258832565625 0.5930902109375
0 0.39170506875 0.5902111328124999 0.386328725 0.5902111328124999 0.3763440859375 0.5911708250000001 0.3709677421875 0.5969289828125001 0.36943164375 0.6036468328125 0.3740399390625 0.6142034546875 0.3794162828125 0.6170825328125 0.39247311875 0.616122840625 0.40092165937499996 0.6103646828125 0.4016897078125 0.5969289828125001 0.39784946250000003 0.59213051875 0.39170506875 0.5902111328124999
0 0.41551459218750003 0.5892514390625 0.4078341015625 0.5940499046875 0.40629800312500003 0.6074856046875 0.41013824843749996 0.6142034546875 0.42780337968750004 0.616122840625 0.43471582187499996 0.6094049906250001 0.43471582187499996 0.5940499046875 0.428571428125 0.5892514390625 0.42421889375 0.5892514390625 0.41551459218750003 0.5892514390625
0 0.5268817203125 0.59213051875 0.5238095234375 0.6036468328125 0.5276497703125 0.6142034546875 0.5384024578125 0.6209213046875 0.54608295 0.6170825328125 0.55069124375 0.5998080609375 0.5491551453125 0.5902111328124999 0.5414746546875 0.587332053125 0.5345622125 0.587332053125 0.5268817203125 0.59213051875
0 0.5929339484375 0.608445296875 0.588325653125 0.6285988484375 0.5906298 0.637236084375 0.5952380953125 0.64107485625 0.604454684375 0.64107485625 0.613671275 0.630518234375 0.610599078125 0.6103646828125 0.604454684375 0.602687140625 0.599078340625 0.602687140625 0.5929339484375 0.608445296875
0 0.6612903218749999 0.6036468328125 0.6551459296875 0.608445296875 0.6513056828125 0.623800384375 0.6520737328124999 0.63435700625 0.655913978125 0.6401151625 0.668202765625 0.6391554703125 0.6743471578125 0.630518234375 0.6743471578125 0.6170825328125 0.6705069124999999 0.6074856046875 0.6658986171875 0.6036468328125 0.6612903218749999 0.6036468328125
0 0.7142857140625 0.6094049906250001 0.7112135171875 0.6218809984375 0.7112135171875 0.6324376203125001 0.7158218125 0.638195778125 0.7227342546875 0.637236084375 0.73348694375 0.6257197703124999 0.7319508453125 0.6094049906250001 0.7265745 0.602687140625 0.7204301078124999 0.602687140625 0.7142857140625 0.6094049906250001
0 0.774961596875 0.6113243765624999 0.7718894015625 0.6218809984375 0.7718894015625 0.6295585406249999 0.7780337937499999 0.637236084375 0.79032258125 0.63435700625 0.794930875 0.6247600765625 0.7918586796875 0.6094049906250001 0.786482334375 0.602687140625 0.781874040625 0.602687140625 0.774961596875 0.6113243765624999
0 0.8448540703124999 0.5998080609375 0.8364055296874999 0.608445296875 0.8341013828125 0.6180422265625001 0.8341013828125 0.62763915625 0.8410138249999999 0.6353166984375 0.8509984640624999 0.6324376203125001 0.8563748078125 0.622840690625 0.854838709375 0.6074856046875 0.8517665125 0.601727446875 0.84715821875 0.5998080609375 0.8448540703124999 0.5998080609375
0 0.9047619046875001 0.5998080609375 0.8993855609375 0.6036468328125 0.8932411671875 0.6209213046875 0.8940092171874999 0.62763915625 0.8986175109375001 0.63435700625 0.906298003125 0.63435700625 0.91474654375 0.6257197703124999 0.9132104453125001 0.6074856046875 0.911674346875 0.602687140625 0.9070660515625001 0.5998080609375 0.9047619046875001 0.5998080609375
0 0.9585253453125 0.6036468328125 0.9546851000000001 0.6209213046875 0.9562211984375001 0.6285988484375 0.96082949375 0.6324376203125001 0.97158218125 0.6295585406249999 0.9754224265625 0.6247600765625 0.9754224265625 0.608445296875 0.969278034375 0.5969289828125001 0.9639016890625 0.5969289828125001 0.9585253453125 0.6036468328125
1 0 0.6492322453125 0.0046082953125 0.6468330140624999 0.013824884374999999 0.6333973125 0.0130568359375 0.616122840625 0.0099846390625 0.6074856046875 0.0046082953125 0.5998080609375 0 0.5980363203125 0 0.6492322453125
1 0.03917050625 0.5959692890625 0.0322580640625 0.5959692890625 0.019201228125 0.6036468328125 0.0161290328125 0.6142034546875 0.0161290328125 0.62763915625 0.022273425 0.643953934375 0.0330261140625 0.6497120921875 0.0468509984375 0.6449136281250001 0.053763440625000006 0.6324376203125001 0.052995392187500004 0.6103646828125 0.047619046875 0.6007677546875 0.03917050625 0.5959692890625
1 0.08755760312500001 0.5988483687499999 0.0775729640625 0.5959692890625 0.076804915625 0.595009596875 0.0668202765625 0.597888675 0.059139784375000004 0.6094049906250001 0.0576036859375 0.61900191875 0.060675882812500005 0.637236084375 0.068356375 0.64779270625 0.0721966203125 0.6487524 0.088325653125 0.643953934375 0.09600614375 0.6314779265625 0.093701996875 0.6074856046875 0.08755760312500001 0.5988483687499999
1 0.1374807984375 0.6142034546875 0.1344086015625 0.6046065265625 0.127496159375 0.5969289828125001 0.122119815625 0.595009596875 0.1182795703125 0.595009596875 0.110599078125 0.5959692890625 0.10368663593750001 0.601727446875 0.099846390625 0.6199616125 0.1006144390625 0.6314779265625 0.10445468437500001 0.64107485625 0.11597542187500001 0.64779270625 0.12442396250000001 0.64779270625 0.13133640625 0.643953934375 0.1374807984375 0.6324376203125001 0.1374807984375 0.6142034546875
1 0.161290321875 0.5940499046875 0.1574500765625 0.5940499046875 0.144393240625 0.6036468328125 0.1413210453125 0.6170825328125 0.1428571421875 0.63435700625 0.1543778796875 0.64779270625 0.1658986171875 0.6468330140624999 0.17281105937500002 0.6429942421875 0.18125960000000002 0.6257197703124999 0.17665130625 0.60556621875 0.1697388640625 0.5969289828125001 0.161290321875 0.5940499046875
1 0.24347158281249998 0.602687140625 0.2365591390625 0.5940499046875 0.21735791093749998 0.5911708250000001 0.21351766562500002 0.5911708250000001 0.1935483875 0.5930902109375 0.18817204375000002 0.5969289828125001 0.1858678953125 0.602687140625 0.1858678953125 0.6151631484375 0.18970814062500002 0.6257197703124999 0.2027649765625 0.62763915625 0.22119815625 0.61900191875 0.23425499218749998 0.6180422265625001 0.2427035328125 0.6094049906250001 0.24347158281249998 0.602687140625
1 0.332565284375 0.5902111328124999 0.3302611359375 0.5902111328124999 0.30261136718750004 0.59213051875 0.2964669734375 0.601727446875 0.29723502343749997 0.6103646828125 0.3079877109375 0.6180422265625001 0.3341013828125 0.6180422265625001 0.3517665125 0.616122840625 0.360215053125 0.608445296875 0.36098310312500004 0.5998080609375 0.35560675937499997 0.5930902109375 0.332565284375 0.5902111328124999
1 0.485407065625 0.588291746875 0.44393241093749997 0.5892514390625 0.4385560671875 0.595009596875 0.4385560671875 0.608445296875 0.44700460781249995 0.616122840625 0.491551459375 0.616122840625 0.5038402453125 0.6065259109375 0.5046082953125001 0.5969289828125001 0.496927803125 0.5892514390625 0.48924731250000003 0.588291746875 0.485407065625 0.588291746875
1 0.5719408609375 0.587332053125 0.5576036859375 0.5892514390625 0.5522273421875 0.601727446875 0.5499231953125 0.6285988484375 0.5606758828125 0.637236084375 0.57450076875 0.6362763921875 0.58525345625 0.6247600765625 0.5898617515625 0.5998080609375 0.5837173578125 0.5892514390625 0.576804915625 0.587332053125 0.5719408609375 0.587332053125
1 0.6436251921875 0.588291746875 0.6351766515625 0.5863723609375 0.63018433125 0.5863723609375 0.61981566875 0.588291746875 0.6129032265625 0.6036468328125 0.6175115203125 0.6266794625000001 0.6259600609375 0.6391554703125 0.6344086015625 0.6391554703125 0.64208909375 0.6333973125 0.6474654375 0.6247600765625 0.6520737328124999 0.6074856046875 0.650537634375 0.595009596875 0.6436251921875 0.588291746875
1 0.6963648234375001 0.5854126671875 0.6804915515625 0.588291746875 0.6743471578125 0.6007677546875 0.6781874046875 0.6247600765625 0.6889400921875 0.637236084375 0.6950844859374999 0.637236084375 0.7043010749999999 0.6295585406249999 0.7119815671875 0.6046065265625 0.7112135171875 0.5940499046875 0.701228878125 0.5854126671875 0.6963648234375001 0.5854126671875
1 0.758832565625 0.584452975 0.7542242703125 0.584452975 0.741167434375 0.5863723609375 0.7350230421874999 0.597888675 0.7373271890625 0.6218809984375 0.7465437781250001 0.6353166984375 0.7557603687500001 0.6353166984375 0.7626728109375 0.6295585406249999 0.76651305625 0.623800384375 0.77265745 0.602687140625 0.770353303125 0.5911708250000001 0.758832565625 0.584452975
1 0.827188940625 0.5863723609375 0.815668203125 0.5825335890625001 0.8118279562499999 0.5825335890625001 0.8003072203125001 0.5854126671875 0.7941628265625 0.5988483687499999 0.7995391703125 0.6257197703124999 0.8087557609375 0.63435700625 0.8164362515624999 0.63435700625 0.8233486937500001 0.630518234375 0.8279569890625 0.623800384375 0.832565284375 0.6046065265625 0.832565284375 0.595009596875 0.827188940625 0.5863723609375
1 0.8755760374999999 0.5815738968749999 0.8640553000000001 0.584452975 0.8579109062500001 0.597888675 0.8625192015625001 0.6247600765625 0.8694316437499999 0.6324376203125001 0.8763440859375 0.6324376203125001 0.8840245781249999 0.62763915625 0.8924731187500001 0.6036468328125 0.8909370203125 0.588291746875 0.8794162828125 0.5815738968749999 0.8755760374999999 0.5815738968749999
1 0.9423963140625 0.580614203125 0.9375322578124999 0.580614203125 0.9254992312500001 0.5815738968749999 0.9170506906250001 0.5930902109375 0.9170506906250001 0.60556621875 0.9208909375 0.6218809984375 0.9301075265625001 0.6314779265625 0.9439324109375 0.62763915625 0.9500768046875001 0.6151631484375 0.9531490015624999 0.595009596875 0.94930875625 0.5854126671875 0.9423963140625 0.580614203125
1 1 0.5786948171875 0.9989761906249999 0.5786948171875 0.9846390171875001 0.5815738968749999 0.9784946234375 0.5940499046875 0.9815668203125 0.61900191875 0.9884792625 0.6295585406249999 0.997695853125 0.6295585406249999 1 0.6281190015625 1 0.5786948171875