0 0.1585365859375 0 0.15934959375 0.007113821875 0.167479675 0.015243903125 0.17804878125 0.0162601625 0.185365853125 0.0101626015625 0.1857046078125 0 0.1585365859375 0
0 0.1536585359375 0.0182926828125 0.1495934953125 0.029471545312500003 0.1504065046875 0.0416666671875 0.160975609375 0.049796748437499996 0.17560975625 0.044715446874999995 0.18130081250000002 0.032520325 0.17479674843749998 0.021341464062500003 0.16178861718749998 0.0162601625 0.160975609375 0.015243903125 0.1536585359375 0.0182926828125
0 0.169105690625 0.051829268750000004 0.15691056875 0.05691056875 0.1536585359375 0.061991870312499996 0.1520325203125 0.07012195156249999 0.1577235765625 0.08333333281250001 0.1682926828125 0.085365853125 0.1804878046875 0.0792682921875 0.1837398375 0.06910569062500001 0.182113821875 0.0579268296875 0.1723577234375 0.051829268750000004 0.169105690625 0.051829268750000004
0 0.155284553125 0.0955284546875 0.15284552812500002 0.104674796875 0.155284553125 0.12093495937500001 0.1642276421875 0.125 0.17560975625 0.12195121874999999 0.182113821875 0.11077235781250001 0.18130081250000002 0.096544715625 0.1707317078125 0.08943089374999999 0.169105690625 0.08943089374999999 0.155284553125 0.0955284546875
0 0.155284553125 0.1382113828125 0.155284553125 0.1585365859375 0.1601626015625 0.1666666671875 0.1658536578125 0.169715446875 0.17479674843749998 0.1666666671875 0.18130081250000002 0.15650406562500002 0.1804878046875 0.137195121875 0.1707317078125 0.129065040625 0.1658536578125 0.129065040625 0.155284553125 0.1382113828125
0 0.15934959375 0.180894309375 0.15691056875 0.19004065 0.1585365859375 0.2113821140625 0.16504065 0.2164634140625 0.17560975625 0.213414634375 0.1804878046875 0.202235771875 0.17967479687500001 0.1839430890625 0.171544715625 0.17479674843749998 0.1658536578125 0.17479674843749998 0.15934959375 0.180894309375
0 0.15934959375 0.229674796875 0.1585365859375 0.254065040625 0.16178861718749998 0.262195121875 0.16991869843750002 0.265243903125 0.17560975625 0.2632113828125 0.1804878046875 0.254065040625 0.1804878046875 0.2337398375 0.17317073125 0.222560975 0.167479675 0.222560975 0.15934959375 0.229674796875
0 0.16341463437499998 0.273373984375 0.1585365859375 0.282520325 0.1585365859375 0.3038617890625 0.1666666671875 0.31300812968749997 0.17479674843749998 0.31199187031250003 0.18130081250000002 0.3038617890625 0.1804878046875 0.27947154531249996 0.1723577234375 0.2713414640625 0.1682926828125 0.2713414640625 0.16341463437499998 0.273373984375
0 0.169105690625 0.31808943125 0.16341463437499998 0.3201219515625 0.1585365859375 0.330284553125 0.15934959375 0.351626015625 0.1682926828125 0.3607723578125 0.17479674843749998 0.359756096875 0.18130081250000002 0.3526422765625 0.18130081250000002 0.3292682921875 0.17967479687500001 0.32418699218749997 0.1723577234375 0.31808943125 0.169105690625 0.31808943125
0 0.1601626015625 0.3912601625 0.1658536578125 0.403455284375 0.17479674843749998 0.403455284375 0.182113821875 0.39430894375 0.18130081250000002 0.375 0.17560975625 0.367886178125 0.1682926828125 0.367886178125 0.1601626015625 0.3760162609375 0.1601626015625 0.3912601625
0 0.160975609375 0.4166666671875 0.15934959375 0.4288617890625 0.160975609375 0.444105690625 0.1658536578125 0.44817073125 0.17967479687500001 0.4461382109375 0.18292682968750001 0.43902439062500004 0.18130081250000002 0.4166666671875 0.1739837390625 0.40955284531249997 0.169105690625 0.40955284531249997 0.160975609375 0.4166666671875
0 0.1739837390625 0.455284553125 0.169105690625 0.455284553125 0.16341463437499998 0.45934959375 0.1601626015625 0.467479675 0.1601626015625 0.47865853593749996 0.1626016265625 0.4908536578125 0.16991869843750002 0.495934959375 0.1804878046875 0.49186991874999997 0.1837398375 0.48577235781250006 0.18292682968750001 0.4664634140625 0.18130081250000002 0.4613821140625 0.1739837390625 0.455284553125
0 0.16991869843750002 0.5010162609375 0.1642276421875 0.504065040625 0.160975609375 0.5101626015625 0.1601626015625 0.5304878046875 0.1666666671875 0.5365853656249999 0.177235771875 0.5376016265625 0.1845528453125 0.532520325 0.1845528453125 0.5142276421875 0.18130081250000002 0.5050813015625 0.17479674843749998 0.5010162609375 0.16991869843750002 0.5010162609375
0 0.244715446875 0.5376016265625 0.232520325 0.5376016265625 0.2276422765625 0.5416666671875 0.22520325156249998 0.5548780484375 0.22845528437499998 0.5619918703125 0.2479674796875 0.564024390625 0.25609756093749997 0.55995935 0.25934959375 0.552845528125 0.2585365859375 0.5457317078125 0.2487804875 0.5376016265625 0.244715446875 0.5376016265625
0 0.3764227640625 0.539634146875 0.367479675 0.5345528453124999 0.363414634375 0.5345528453124999 0.3512195125 0.53556910625 0.3463414640625 0.539634146875 0.3439024390625 0.5497967484374999 0.34715447187500004 0.55995935 0.3520325203125 0.5630081296875 0.367479675 0.5630081296875 0.3739837390625 0.55995935 0.37804878125 0.5538617890624999 0.37804878125 0.5436991875 0.3764227640625 0.539634146875
0 0.390243903125 0.5345528453124999 0.38373983749999996 0.539634146875 0.382113821875 0.5538617890624999 0.385365853125 0.560975609375 0.4008130078125 0.5630081296875 0.4113821140625 0.555894309375 0.41219512187499996 0.5406504062499999 0.4048780484375 0.5345528453124999 0.4 0.5345528453124999 0.390243903125 0.5345528453124999
0 0.5174796749999999 0.5345528453124999 0.5121951218749999 0.5345528453124999 0.50813008125 0.5386178859374999 0.5024390249999999 0.5508130078125 0.5032520328125 0.564024390625 0.5121951218749999 0.5752032515625001 0.5195121953124999 0.5731707312500001 0.52682926875 0.555894309375 0.5276422765625 0.5406504062499999 0.522764228125 0.5345528453124999 0.5174796749999999 0.5345528453124999
0 0.579674796875 0.5477642281249999 0.5707317078125 0.5548780484375 0.5666666671875 0.5711382109375001 0.5699186984375 0.5863821140625001 0.5772357718750001 0.5904471546875001 0.5861788625 0.5884146343750001 0.5910569109375 0.5813008125 0.5926829265625 0.5731707312500001 0.5886178859375 0.5538617890624999 0.5821138218749999 0.5477642281249999 0.579674796875 0.5477642281249999
0 0.63495935 0.5579268296875 0.6317073171875001 0.5711382109375001 0.6333333328124999 0.5833333328125 0.6398373984375 0.5884146343750001 0.6495934953125 0.5863821140625001 0.65691056875 0.5782520328125 0.655284553125 0.5589430890625 0.647154471875 0.5497967484374999 0.6422764234375 0.5497967484374999 0.63495935 0.5579268296875
0 0.7089430890624999 0.5457317078125 0.7 0.5518292687499999 0.6967479671875 0.5619918703125 0.6967479671875 0.5772357718750001 0.7032520328125 0.5833333328125 0.7162601625 0.580284553125 0.720325203125 0.572154471875 0.7195121953125 0.5579268296875 0.7154471546875001 0.5487804875 0.71056910625 0.5457317078125 0.7089430890624999 0.5457317078125
0 0.77317073125 0.5477642281249999 0.76504065 0.5538617890624999 0.7601626015625 0.5660569109375 0.75934959375 0.5741869921875 0.76504065 0.5843495937500001 0.77560975625 0.5833333328125 0.7837398375 0.5731707312500001 0.7813008124999999 0.55691056875 0.77804878125 0.5497967484374999 0.7739837390625001 0.5477642281249999 0.77317073125 0.5477642281249999
0 0.8300813015624999 0.5508130078125 0.8252032515625001 0.56808943125 0.8268292687500001 0.5782520328125 0.8317073171875 0.5833333328125 0.8414634140624999 0.5823170734375 0.8487804875 0.5731707312500001 0.8487804875 0.5589430890625 0.8414634140624999 0.5457317078125 0.8357723578125 0.5457317078125 0.8300813015624999 0.5508130078125
0 0.8951219515625001 0.5497967484374999 0.8886178859375 0.5660569109375 0.8902439031249999 0.5772357718750001 0.895934959375 0.5813008125 0.906504065625 0.5782520328125 0.9113821140624999 0.569105690625 0.9089430890625 0.5508130078125 0.902439025 0.544715446875 0.9008130078125 0.544715446875 0.8951219515625001 0.5497967484374999
0 0.9658536578125 0.5416666671875 0.9585365859375001 0.5457317078125 0.9536585359374999 0.564024390625 0.9536585359374999 0.5741869921875 0.9593495937500001 0.580284553125 0.9707317078125 0.5782520328125 0.9756097562500001 0.5701219515625 0.9764227640625001 0.5589430890625 0.9723577234375 0.544715446875 0.9666666671874999 0.5426829265625 0.9658536578125 0.5416666671875
1 0.039024390625 0.5497967484374999 0.030081301562500003 0.5416666671875 0.024390243750000002 0.5416666671875 0.0235772359375 0.5406504062499999 0.01056910625 0.5436991875 0.0048780484375 0.5508130078125 0.0032520328124999998 0.5579268296875 0.0048780484375 0.5843495937500001 0.009756096875 0.5914634140625 0.022764228125 0.596544715625 0.0357723578125 0.592479675 0.04308943125 0.580284553125 0.04308943125 0.560975609375 0.039024390625 0.5497967484374999
1 0.077235771875 0.5436991875 0.06991869843750001 0.5406504062499999 0.0626016265625 0.5406504062499999 0.0495934953125 0.5518292687499999 0.047154471875 0.5741869921875 0.051219512499999995 0.5863821140625001 0.060162601562499994 0.596544715625 0.06504065 0.597560975 0.079674796875 0.592479675 0.085365853125 0.5843495937500001 0.087804878125 0.5731707312500001 0.0837398375 0.5518292687499999 0.077235771875 0.5436991875
1 0.12682926875 0.5457317078125 0.1186991875 0.5406504062499999 0.1138211375 0.5406504062499999 0.1 0.5426829265625 0.0951219515625 0.5487804875 0.0926829265625 0.5579268296875 0.09430894375 0.5823170734375 0.10325203281249999 0.5955284546875 0.11056910625000001 0.596544715625 0.12113821093749999 0.592479675 0.1317073171875 0.580284553125 0.1341463421875 0.5589430890625 0.12682926875 0.5457317078125
1 0.20081300781250003 0.5386178859374999 0.1845528453125 0.5376016265625 0.169105690625 0.5406504062499999 0.1626016265625 0.5376016265625 0.15813008125 0.5376016265625 0.1487804875 0.5386178859374999 0.1422764234375 0.5436991875 0.139024390625 0.5497967484374999 0.1422764234375 0.564024390625 0.1479674796875 0.56808943125 0.19430894375000002 0.56504065 0.20243902500000002 0.5630081296875 0.20813008125 0.5548780484375 0.2073170734375 0.5436991875 0.20081300781250003 0.5386178859374999
1 0.3048780484375 0.53556910625 0.3 0.53556910625 0.27154471562500004 0.5376016265625 0.26585365781250003 0.544715446875 0.26504065 0.5538617890624999 0.2707317078125 0.5619918703125 0.2788617890625 0.56504065 0.32195121875 0.564024390625 0.332520325 0.555894309375 0.3333333328125 0.544715446875 0.328455284375 0.5386178859374999 0.3048780484375 0.53556910625
1 0.4512195125 0.532520325 0.4463414640625 0.532520325 0.41951219531249995 0.53556910625 0.41544715468750004 0.5436991875 0.4170731703125 0.55691056875 0.42601626093749995 0.5630081296875 0.47317073125000003 0.5619918703125 0.48130081249999995 0.5579268296875 0.4861788625 0.5487804875 0.4845528453125 0.539634146875 0.47723577187500005 0.5335365859375 0.4512195125 0.532520325
1 0.5512195125 0.532520325 0.545934959375 0.532520325 0.5357723578125 0.5345528453124999 0.5317073171875 0.5406504062499999 0.5260162609375 0.56808943125 0.52682926875 0.5823170734375 0.5357723578125 0.58943089375 0.5495934953125 0.5873983734375 0.5626016265625 0.5731707312500001 0.5666666671875 0.544715446875 0.560975609375 0.5365853656249999 0.5512195125 0.532520325
1 0.622764228125 0.532520325 0.6162601624999999 0.531504065625 0.61056910625 0.531504065625 0.598373984375 0.5335365859375 0.59186991875 0.544715446875 0.5951219515624999 0.5711382109375001 0.604065040625 0.585365853125 0.6089430890624999 0.5873983734375 0.6138211375 0.5873983734375 0.62439024375 0.580284553125 0.632520325 0.555894309375 0.630894309375 0.539634146875 0.622764228125 0.532520325
1 0.6739837390625001 0.5304878046875 0.67317073125 0.5294715453125 0.6626016265625 0.5335365859375 0.65691056875 0.5508130078125 0.6626016265625 0.5772357718750001 0.6682926828125 0.5843495937500001 0.6788617890624999 0.585365853125 0.6861788625 0.5813008125 0.6918699187499999 0.5731707312500001 0.6959349593749999 0.5426829265625 0.6886178859375 0.532520325 0.6739837390625001 0.5304878046875
1 0.7504065046874999 0.5294715453125 0.74308943125 0.528455284375 0.736585365625 0.528455284375 0.7284552843750001 0.531504065625 0.7211382109375 0.544715446875 0.7235772359375 0.56808943125 0.7276422765625 0.5782520328125 0.7333333328125 0.5833333328125 0.7479674796875 0.580284553125 0.7536585359375 0.5731707312500001 0.7601626015625 0.5497967484374999 0.7577235765625 0.5365853656249999 0.7504065046874999 0.5294715453125
1 0.8195121953125 0.531504065625 0.802439025 0.527439025 0.8008130078125 0.527439025 0.79186991875 0.5294715453125 0.787804878125 0.5345528453124999 0.7845528453124999 0.5416666671875 0.7845528453124999 0.5548780484375 0.787804878125 0.569105690625 0.79430894375 0.580284553125 0.8073170734374999 0.5823170734375 0.8186991875 0.572154471875 0.8243902437499999 0.5416666671875 0.8195121953125 0.531504065625
1 0.8728999999999999 0.5264227640625 0.8577235765625 0.5294715453125 0.8504065046875 0.5426829265625 0.8544715453125 0.569105690625 0.8642276421874999 0.580284553125 0.8772357718749999 0.5772357718750001 0.8837398375 0.564024390625 0.8869918703125 0.5386178859374999 0.8837398375 0.531504065625 0.8772357718749999 0.5264227640625 0.8728999999999999 0.5264227640625
1 0.9487804875 0.531504065625 0.9422764234375001 0.5254065046874999 0.93495935 0.52439024375 0.9308943093750001 0.52439024375 0.9203252031250001 0.527439025 0.9138211374999999 0.539634146875 0.9138211374999999 0.5518292687499999 0.917886178125 0.569105690625 0.9252032515625 0.5792682921875 0.9341463421875 0.5792682921875 0.9414634140624999 0.5752032515625001 0.9479674796875001 0.5630081296875 0.9512195125 0.5487804875 0.9487804875 0.531504065625
1 1 0.5234130328125 0.9861788625000001 0.5254065046874999 0.97804878125 0.5386178859374999 0.9804878046875001 0.5630081296875 0.9837398374999999 0.5711382109375001 0.9926829265625001 0.5782520328125 1 0.5761413390625 1 0.5234130328125