1 0.145161290625 0.55662188125 0.14746543750000002 0.5681381953125 0.15591397812500002 0.5719769671875 0.20583717343750002 0.571017275 0.218125959375 0.5614203453125 0.21735791093749998 0.552783109375 0.2119815671875 0.546065259375 0.19738863281250002 0.5441458734375 0.17281105937500002 0.5441458734375 0.14746543750000002 0.552783109375 0.145161290625 0.55662188125
1 0.09139785 0.5623800390625 0.0929339484375 0.584452975 0.10368663593750001 0.5969289828125001 0.10829493125 0.597888675 0.1267281109375 0.5854126671875 0.1344086015625 0.5700575812500001 0.1321044546875 0.5575815734375 0.1259600609375 0.54990403125 0.1182795703125 0.5470249515625001 0.1029185875 0.5479846453125 0.09139785 0.5623800390625
1 0.050691243750000003 0.5623800390625 0.050691243750000003 0.5854126671875 0.0568356375 0.597888675 0.070660521875 0.6007677546875 0.0844854078125 0.5930902109375 0.08755760312500001 0.5854126671875 0.08755760312500001 0.567178503125 0.0783410140625 0.5508637234375 0.059907834375 0.5489443374999999 0.053763440625000006 0.5537428015625 0.050691243750000003 0.5623800390625
1 0.009216590625 0.5614203453125 0.008448540625 0.584452975 0.01689708125 0.5988483687499999 0.0322580640625 0.6007677546875 0.042242703124999996 0.5930902109375 0.04608295 0.584452975 0.04608295 0.567178503125 0.0384024578125 0.5518234171875 0.0291858671875 0.5479846453125 0.019201228125 0.5489443374999999 0.009216590625 0.5614203453125
1 0.2680491546875 0.5633397312499999 0.2764976953125 0.571017275 0.3202764984375 0.5700575812500001 0.32718894062500004 0.567178503125 0.3341013828125 0.5575815734375 0.3294930875 0.546065259375 0.3218125953125 0.5431861796875 0.27803379375000004 0.5431861796875 0.2680491546875 0.54990403125 0.2680491546875 0.5633397312499999
1 0.386328725 0.559500959375 0.39016897031250003 0.566218809375 0.3970814125 0.5690978890625 0.4423963140625 0.567178503125 0.451612903125 0.55662188125 0.4508448546875 0.5470249515625001 0.440860215625 0.5412667953125 0.395545315625 0.5412667953125 0.3878648234375 0.545105565625 0.386328725 0.559500959375
1 0.49231950781249995 0.567178503125 0.490783409375 0.580614203125 0.49385560625 0.5892514390625 0.502304146875 0.5940499046875 0.514592934375 0.5911708250000001 0.5245775734375 0.5786948171875 0.5291858671874999 0.5508637234375 0.5184331796875 0.5412667953125 0.5015360984375 0.5412667953125 0.49615975468749995 0.5479846453125 0.49231950781249995 0.567178503125
1 0.5560675890625 0.5412667953125 0.55145929375 0.5489443374999999 0.55145929375 0.566218809375 0.5576036859375 0.5854126671875 0.5660522265625 0.59213051875 0.5791090624999999 0.5863723609375 0.5844854078124999 0.5786948171875 0.5890937015625 0.560460653125 0.588325653125 0.5479846453125 0.582181259375 0.5412667953125 0.5614439328125 0.539347409375 0.5560675890625 0.5412667953125
1 0.611367128125 0.54990403125 0.613671275 0.5748560453125 0.622119815625 0.5892514390625 0.6282642093749999 0.5911708250000001 0.6413210453125 0.5854126671875 0.6497695859375 0.5614203453125 0.6497695859375 0.5479846453125 0.644393240625 0.5412667953125 0.622119815625 0.538387715625 0.6152073734375 0.5422264875 0.611367128125 0.54990403125
1 0.67588325625 0.5690978890625 0.6835637484375 0.5863723609375 0.6943164359375 0.588291746875 0.7058371734375 0.5786948171875 0.7119815671875 0.552783109375 0.7081413203125 0.5422264875 0.6920122890625 0.5364683296874999 0.6827956984375 0.538387715625 0.6766513062499999 0.546065259375 0.67588325625 0.5690978890625
1 0.7380952375 0.57677543125 0.7434715828125 0.5854126671875 0.7565284171875 0.587332053125 0.76651305625 0.5786948171875 0.77265745 0.5547024953124999 0.769585253125 0.5422264875 0.758832565625 0.5364683296874999 0.7442396312499999 0.5364683296874999 0.7350230421874999 0.5479846453125 0.7380952375 0.57677543125
1 0.8026113671875 0.538387715625 0.798003071875 0.545105565625 0.7972350234375 0.559500959375 0.8018433187499999 0.577735125 0.8110599078125 0.5854126671875 0.8218125953125 0.5825335890625001 0.8264208906249999 0.57677543125 0.832565284375 0.5518234171875 0.8287250390625 0.539347409375 0.8210445468750001 0.5345489437500001 0.8110599078125 0.5345489437500001 0.8026113671875 0.538387715625
1 0.8579109062500001 0.560460653125 0.8648233484375 0.5825335890625001 0.8771121359375 0.584452975 0.8840245781249999 0.5796545109375 0.8924731187500001 0.5547024953124999 0.8886328718750001 0.5374280234375 0.8778801843749999 0.5326295578125 0.86866359375 0.5335892515625 0.8594470046874999 0.5422264875 0.8579109062500001 0.560460653125
1 0.9185867890624999 0.559500959375 0.923963134375 0.577735125 0.9293394781250001 0.5825335890625001 0.9431643624999999 0.5786948171875 0.94854070625 0.5690978890625 0.9516129031249999 0.5518234171875 0.9477726578125001 0.5345489437500001 0.9308755765625 0.531669865625 0.9193548390625 0.5422264875 0.9185867890624999 0.559500959375
1 1 0.5304071125 0.9900153609375 0.5297504796875 0.9838709671875 0.5326295578125 0.9777265749999999 0.5431861796875 0.9777265749999999 0.5575815734375 0.9846390171875001 0.577735125 0.9892473125000001 0.5815738968749999 1 0.5799932250000001 1 0.5304071125
0 0.13247425625 0 0.1321044546875 0.0124760078125 0.1359447 0.018234165625 0.14208909375 0.018234165625 0.1520737328125 0.005758157812499999 0.152615884375 0 0.13247425625 0
0 0.156682028125 0.03454894375 0.16513056875 0.0374280234375 0.1705069125 0.0335892515625 0.17281105937500002 0.00767754375 0.1697388640625 0.0009596921875000001 0.1574500765625 0.0019193859375 0.150537634375 0.014395393749999999 0.1497695859375 0.023992321875 0.156682028125 0.03454894375
0 0.13901689687500002 0.060460653125 0.1513056828125 0.060460653125 0.1605222734375 0.050863723437499994 0.159754225 0.0431861796875 0.1490015359375 0.029750479687499998 0.1428571421875 0.02783109375 0.1359447 0.0335892515625 0.1351766515625 0.0518234171875 0.13901689687500002 0.060460653125
0 0.1497695859375 0.0930902109375 0.1605222734375 0.0930902109375 0.1697388640625 0.0834932828125 0.1697388640625 0.06813819531250001 0.1628264203125 0.0614203453125 0.1497695859375 0.06525911718750001 0.14208909375 0.0729366609375 0.1413210453125 0.0863723609375 0.1497695859375 0.0930902109375
0 0.1405529953125 0.15451055625000001 0.144393240625 0.1641074859375 0.15284178125 0.1669865640625 0.1628264203125 0.1621881 0.1666666671875 0.1487524 0.1666666671875 0.14107485625 0.1628264203125 0.1353166984375 0.150537634375 0.1324376203125 0.1413210453125 0.14107485625 0.1405529953125 0.15451055625000001
0 0.14669738906250002 0.12763915625 0.15591397812500002 0.1285988484375 0.167434715625 0.1199616125 0.168202765625 0.10748560468749999 0.1605222734375 0.09788867500000001 0.14669738906250002 0.09788867500000001 0.139784946875 0.1065259109375 0.139784946875 0.1199616125 0.14669738906250002 0.12763915625
0 0.1628264203125 0.20345489374999998 0.1658986171875 0.180422265625 0.162058371875 0.17370441406249998 0.1513056828125 0.17178502812500002 0.1428571421875 0.1813819578125 0.145161290625 0.2044145875 0.15284178125 0.208253359375 0.1628264203125 0.20345489374999998
0 0.1436251921875 0.239923225 0.14669738906250002 0.25047984687499997 0.150537634375 0.253358925 0.162058371875 0.2514395390625 0.1658986171875 0.24184261093749998 0.16359447031250002 0.21880998125 0.1574500765625 0.21401151562499998 0.150537634375 0.21497120937499997 0.144393240625 0.22552783125000003 0.1436251921875 0.239923225
0 0.150537634375 0.2936660265625 0.161290321875 0.292706334375 0.1658986171875 0.285988484375 0.1658986171875 0.270633396875 0.1628264203125 0.26391554687499996 0.15514592968750002 0.26007677500000004 0.1459293390625 0.26775431875 0.1459293390625 0.2888675625 0.150537634375 0.2936660265625
0 0.1520737328125 0.3378119 0.161290321875 0.33685220781249997 0.1666666671875 0.328214971875 0.16513056875 0.306142034375 0.1605222734375 0.3003838765625 0.15284178125 0.3003838765625 0.145161290625 0.30998080625 0.1459293390625 0.33109405000000003 0.1520737328125 0.3378119
0 0.145161290625 0.3675623796875 0.1482334875 0.3781190015625 0.150537634375 0.38099808125 0.16436251875000002 0.3781190015625 0.167434715625 0.36564299375 0.1658986171875 0.349328215625 0.1605222734375 0.3435700578125 0.15284178125 0.3435700578125 0.1459293390625 0.3512476 0.145161290625 0.3675623796875
0 0.16513056875 0.42418426093750006 0.168202765625 0.4165067171875 0.1658986171875 0.39347408906250003 0.15591397812500002 0.38771593125 0.1459293390625 0.398272553125 0.14669738906250002 0.42130518281249996 0.15284178125 0.4270633390625 0.16513056875 0.42418426093750006
0 0.1482334875 0.46545105624999994 0.15284178125 0.4702495203125 0.16513056875 0.46737044218749996 0.168202765625 0.461612284375 0.1658986171875 0.43857965468750004 0.1605222734375 0.433781190625 0.1497695859375 0.43666026875 0.1459293390625 0.44337811875 0.1482334875 0.46545105624999994
0 0.1658986171875 0.5095969296875 0.1689708140625 0.5047984640625 0.1666666671875 0.481765834375 0.15591397812500002 0.47600767812500006 0.14746543750000002 0.48464491406250004 0.1482334875 0.5086372359375 0.1520737328125 0.5115163140625001 0.1658986171875 0.5095969296875
0 0.1497695859375 0.5489443374999999 0.1666666671875 0.545105565625 0.1705069125 0.5403071015625 0.1689708140625 0.5259117078125 0.1628264203125 0.518234165625 0.150537634375 0.5201535515625 0.14669738906250002 0.5287907875 0.1459293390625 0.545105565625 0.1497695859375 0.5489443374999999
0 0.2572964671875 0.5700575812500001 0.264208909375 0.5585412671875 0.2596006140625 0.545105565625 0.23963133593750002 0.5441458734375 0.23195084531250001 0.5518234171875 0.23271889375 0.5652591171875 0.24193548437499998 0.571017275 0.2572964671875 0.5700575812500001
0 0.35791090625 0.5681381953125 0.3763440859375 0.5681381953125 0.3824884796875 0.560460653125 0.3824884796875 0.5479846453125 0.3763440859375 0.5422264875 0.35791090625 0.5431861796875 0.3517665125 0.5479846453125 0.3509984640625 0.559500959375 0.35791090625 0.5681381953125
0 0.4838709671875 0.5796545109375 0.490783409375 0.5681381953125 0.491551459375 0.545105565625 0.4792626734375 0.5412667953125 0.469278034375 0.552783109375 0.469278034375 0.5719769671875 0.4761904765625 0.5786948171875 0.4838709671875 0.5796545109375
0 0.5322580640625 0.5930902109375 0.5445468515624999 0.5940499046875 0.55145929375 0.587332053125 0.55069124375 0.5681381953125 0.5453148999999999 0.559500959375 0.5360983109374999 0.5585412671875 0.5299539171875 0.5681381953125 0.5276497703125 0.584452975 0.5322580640625 0.5930902109375
0 0.59677419375 0.5940499046875 0.60829493125 0.588291746875 0.611367128125 0.580614203125 0.6090629796875 0.5652591171875 0.6013824890625 0.5575815734375 0.5921658984375 0.5633397312499999 0.588325653125 0.57677543125 0.5898617515625 0.5911708250000001 0.59677419375 0.5940499046875
0 0.65360983125 0.588291746875 0.66513056875 0.587332053125 0.6728110593750001 0.5786948171875 0.6712749609374999 0.560460653125 0.6666666671875 0.5537428015625 0.656682028125 0.5547024953124999 0.650537634375 0.5690978890625 0.6497695859375 0.5786948171875 0.65360983125 0.588291746875
0 0.713517665625 0.588291746875 0.7227342546875 0.5902111328124999 0.7319508453125 0.5825335890625001 0.73348694375 0.5700575812500001 0.7288786484374999 0.55662188125 0.718894009375 0.5556621875000001 0.713517665625 0.5652591171875 0.7112135171875 0.57677543125 0.713517665625 0.588291746875
0 0.7772657453125 0.5863723609375 0.7880184328125 0.587332053125 0.7956989250000001 0.5786948171875 0.7956989250000001 0.567178503125 0.79032258125 0.5537428015625 0.7803379421875001 0.5547024953124999 0.774961596875 0.5652591171875 0.7741935484375 0.5796545109375 0.7772657453125 0.5863723609375
0 0.8371735796875001 0.5854126671875 0.8456221203125001 0.5863723609375 0.8517665125 0.5825335890625001 0.854838709375 0.5700575812500001 0.8502304140625 0.552783109375 0.8410138249999999 0.552783109375 0.8348694312499999 0.5652591171875 0.8333333328125001 0.5796545109375 0.8371735796875001 0.5854126671875
0 0.8993855609375 0.5854126671875 0.906298003125 0.5854126671875 0.9139784953125 0.5796545109375 0.9162826421875 0.5681381953125 0.912442396875 0.5508637234375 0.900921659375 0.5508637234375 0.894777265625 0.5642994234375001 0.8940092171874999 0.577735125 0.8993855609375 0.5854126671875
0 0.9577572968749999 0.5825335890625001 0.9662058375000001 0.5834932828125 0.9731182796875 0.5786948171875 0.973886328125 0.5585412671875 0.9700460828124999 0.5489443374999999 0.96082949375 0.54990403125 0.95391705 0.5652591171875 0.95391705 0.5786948171875 0.9577572968749999 0.5825335890625001