1 0 0.635315925 0.0049645390625 0.6347517734375 0.014184396875 0.6294326234375001 0.0191489359375 0.6187943265625 0.017730496875 0.5992907796875 0.012056737500000001 0.5895390078125 0.005673759375 0.5851063828124999 0.00177305 0.5851063828124999 0 0.58541208125 0 0.635315925
1 0.0546099296875 0.59574468125 0.048226950000000005 0.5868794328125 0.039007092187499995 0.5842198578125 0.037588653124999996 0.5842198578125 0.0290780140625 0.5877659578125 0.0248226953125 0.59308510625 0.021985815625 0.6028368796875 0.0248226953125 0.6232269500000001 0.029787234375 0.6303191484374999 0.0354609921875 0.6329787234375 0.050354609375000005 0.6285461 0.053900709375 0.625 0.0567375890625 0.6161347515625 0.0546099296875 0.59574468125
1 0.0829787234375 0.5842198578125 0.0787234046875 0.5842198578125 0.06808510625 0.5851063828124999 0.0602836875 0.5984042546875 0.0602836875 0.6134751765625001 0.0631205671875 0.6241134749999999 0.06808510625 0.6294326234375001 0.0751773046875 0.6312056734375 0.0872340421875 0.6294326234375001 0.09503546093750001 0.6187943265625 0.093617021875 0.59485815625 0.0829787234375 0.5842198578125
1 0.129787234375 0.59219858125 0.12482269531250001 0.5851063828124999 0.118439715625 0.5833333328125 0.1120567375 0.5833333328125 0.1028368796875 0.5895390078125 0.0992907796875 0.59574468125 0.0992907796875 0.6179078015624999 0.10921985781250002 0.6312056734375 0.1191489359375 0.6329787234375 0.12482269531250001 0.6312056734375 0.130496453125 0.6241134749999999 0.1347517734375 0.610815603125 0.134042553125 0.6019503546875 0.129787234375 0.59219858125
1 0.1631205671875 0.5842198578125 0.153900709375 0.5824468078125 0.15248226874999998 0.5824468078125 0.1425531921875 0.5886524828125 0.137588653125 0.6019503546875 0.137588653125 0.610815603125 0.141843971875 0.622340425 0.1489361703125 0.6320921984375001 0.1645390078125 0.6285461 0.174468084375 0.6134751765625001 0.174468084375 0.6010638296875 0.17163120625 0.59308510625 0.1631205671875 0.5842198578125
1 0.2312056734375 0.5824468078125 0.2226950359375 0.580673759375 0.2085106390625 0.5833333328125 0.20283687968750003 0.580673759375 0.1992907796875 0.580673759375 0.1843971625 0.5824468078125 0.1794326234375 0.5877659578125 0.17730496406250001 0.59485815625 0.182269503125 0.607269503125 0.1929078015625 0.609929078125 0.20921985781250002 0.6046099296875 0.2290780140625 0.6037234046875 0.23687943281249998 0.59574468125 0.23687943281249998 0.5886524828125 0.2312056734375 0.5824468078125
1 0.3070921984375 0.578900709375 0.290070921875 0.581560284375 0.2865248234375 0.5895390078125 0.2886524828125 0.6010638296875 0.29574468125000003 0.6046099296875 0.3347517734375 0.6037234046875 0.346099290625 0.59485815625 0.346099290625 0.5886524828125 0.3411347515625 0.581560284375 0.3106382984375 0.578900709375 0.3070921984375 0.578900709375
1 0.4687943265625 0.577127659375 0.46507092187500004 0.577127659375 0.42411347499999996 0.577127659375 0.41773049687499997 0.5833333328125 0.41773049687499997 0.59485815625 0.4205673765625 0.6001773046875 0.43049645312499996 0.6028368796875 0.47234042499999995 0.6010638296875 0.47730496406249995 0.59574468125 0.47943262343750004 0.5868794328125 0.4765957453125 0.580673759375 0.4687943265625 0.577127659375
1 0.54822695 0.580673759375 0.54042553125 0.576241134375 0.5361702125 0.576241134375 0.5248226953125 0.578014184375 0.5191489359375 0.59042553125 0.5156028375 0.6134751765625001 0.5170212765625 0.6187943265625 0.5241134749999999 0.6241134749999999 0.5397163125 0.622340425 0.54822695 0.610815603125 0.5524822687500001 0.59308510625 0.55177305 0.5868794328125 0.54822695 0.580673759375
1 0.60425531875 0.578014184375 0.59574468125 0.5753546093749999 0.59219858125 0.5753546093749999 0.578014184375 0.578014184375 0.573758865625 0.59042553125 0.578014184375 0.6143617015625 0.5865248234375 0.6232269500000001 0.593617021875 0.6232269500000001 0.6007092203125 0.6187943265625 0.605673759375 0.610815603125 0.6092198578125 0.59485815625 0.6085106390624999 0.5833333328125 0.60425531875 0.578014184375
1 0.6638297875 0.580673759375 0.6546099296875 0.5744680843750001 0.650886525 0.5744680843750001 0.638297871875 0.5753546093749999 0.63191489375 0.5833333328125 0.6304964531249999 0.5895390078125 0.6333333328124999 0.609042553125 0.6368794328125 0.6170212765625 0.6425531921875 0.622340425 0.6510638296875 0.622340425 0.65957446875 0.6134751765625001 0.6652482265625 0.59308510625 0.6638297875 0.580673759375
1 0.7163120562499999 0.576241134375 0.70780141875 0.5726950359375 0.7028368796875 0.5726950359375 0.6914893609375 0.576241134375 0.6865248234375 0.5877659578125 0.6893617015625 0.609929078125 0.6914893609375 0.6152482265625 0.697872340625 0.6205673765624999 0.7106382984375 0.6170212765625 0.714184396875 0.612588653125 0.71985815625 0.59574468125 0.71985815625 0.581560284375 0.7163120562499999 0.576241134375
1 0.75957446875 0.5718085109375 0.7574468078125001 0.5718085109375 0.74751773125 0.5744680843750001 0.7411347515625 0.5868794328125 0.7453900703125 0.610815603125 0.7546099296875 0.6205673765624999 0.7638297875 0.6196808515625001 0.7709219859374999 0.612588653125 0.7773049640624999 0.5895390078125 0.774468084375 0.578014184375 0.7709219859374999 0.5744680843750001 0.75957446875 0.5718085109375
1 0.8212765953125001 0.5709219859375 0.8163120562499999 0.5709219859375 0.8042553187499999 0.5744680843750001 0.7992907796875001 0.5868794328125 0.8028368796875001 0.609042553125 0.8078014187500001 0.6161347515625 0.8120567375000001 0.6179078015624999 0.8234042546874999 0.6143617015625 0.8290780140624999 0.6028368796875 0.8319148937499999 0.5833333328125 0.827659575 0.5735815609375 0.8212765953125001 0.5709219859375
1 0.874468084375 0.5691489359374999 0.8709219859375 0.5691489359374999 0.8609929078125 0.5718085109375 0.8546099296874999 0.5833333328125 0.858156028125 0.609042553125 0.8645390078125 0.6170212765625 0.8730496453125 0.6170212765625 0.8787234046875 0.6134751765625001 0.8865248234375 0.59485815625 0.8865248234375 0.578900709375 0.8829787234375001 0.5726950359375 0.874468084375 0.5691489359374999
1 0.92836879375 0.5682624109375001 0.9177304968750001 0.5700354609375 0.9113475171875001 0.581560284375 0.9134751765625 0.6046099296875 0.9212765953125001 0.6152482265625 0.9326241140624999 0.6134751765625001 0.9397163125000001 0.6010638296875 0.9418439718749999 0.581560284375 0.9397163125000001 0.5726950359375 0.9333333328125001 0.5682624109375001 0.92836879375 0.5682624109375001
1 0.9893617015625 0.5673758859375 0.9848702125000001 0.5673758859375 0.9730496453124999 0.5682624109375001 0.96808510625 0.5744680843750001 0.9652482265625 0.5833333328125 0.9687943265625 0.6028368796875 0.9751773046875 0.6143617015625 0.9907801421875 0.612588653125 0.9971631203125 0.59574468125 0.997872340625 0.5744680843750001 0.994326240625 0.5691489359374999 0.9893617015625 0.5673758859375
0 0.2074974671875 0 0.209929078125 0.0053191484375 0.2212765953125 0.0070921984375 0.22765957499999998 0.00177305 0.228014184375 0 0.2074974671875 0
0 0.1858800765625 0 0.182269503125 0.0062056734375 0.1829787234375 0.0203900703125 0.18794326249999999 0.026595745312500002 0.19858156093749998 0.0248226953125 0.206382978125 0.012411346875 0.2035461 0 0.1858800765625 0
0 0.2106382984375 0.015070921875 0.205673759375 0.0248226953125 0.20709219843749999 0.0398936171875 0.214184396875 0.046099290625 0.221985815625 0.044326240625 0.226241134375 0.038120567187499996 0.22695035468750002 0.019503546875 0.2212765953125 0.013297871875 0.21737588593749999 0.013297871875 0.2106382984375 0.015070921875
0 0.18652482343750001 0.0363475171875 0.1843971625 0.0425531921875 0.185815603125 0.0611702125 0.19219858125 0.06648936093749999 0.2014184390625 0.0620567375 0.20709219843749999 0.049645390625 0.20496453906249998 0.039007092187499995 0.197872340625 0.03191489375 0.19219858125 0.03191489375 0.18652482343750001 0.0363475171875
0 0.21843971562500003 0.0523049640625 0.214184396875 0.0523049640625 0.20709219843749999 0.0585106390625 0.20425531874999997 0.0656028375 0.20425531874999997 0.0735815609375 0.20780141875 0.0824468078125 0.2127659578125 0.08776595781249999 0.22056737656249997 0.0868794328125 0.224113475 0.078900709375 0.22482269531250001 0.0602836875 0.2234042546875 0.0558510640625 0.21843971562500003 0.0523049640625
0 0.18794326249999999 0.077127659375 0.18652482343750001 0.081560284375 0.1872340421875 0.10106382968750001 0.19219858125 0.106382978125 0.2 0.1028368796875 0.20709219843749999 0.09219858125 0.20496453906249998 0.079787234375 0.1971631203125 0.0718085109375 0.1950354609375 0.0718085109375 0.18794326249999999 0.077127659375
0 0.205673759375 0.0992907796875 0.19858156093749998 0.112588653125 0.20425531874999997 0.12322694999999999 0.21205673749999998 0.125886525 0.217730496875 0.125 0.221985815625 0.12056737656250001 0.2226950359375 0.0984042546875 0.2170212765625 0.09397163124999999 0.2127659578125 0.09397163124999999 0.205673759375 0.0992907796875
0 0.1914893609375 0.1303191484375 0.1914893609375 0.1480496453125 0.1971631203125 0.15425531875 0.21347517656249998 0.1507092203125 0.217730496875 0.142730496875 0.2170212765625 0.1347517734375 0.21347517656249998 0.1303191484375 0.2014184390625 0.125 0.1992907796875 0.125 0.1914893609375 0.1303191484375
0 0.20921985781250002 0.15602836874999998 0.1950354609375 0.1631205671875 0.1929078015625 0.17198581562499998 0.1971631203125 0.1835106390625 0.205673759375 0.18617021250000002 0.2127659578125 0.1843971625 0.21843971562500003 0.17907801406249998 0.22056737656249997 0.17198581562499998 0.21914893593749998 0.1613475171875 0.209929078125 0.15691489375 0.20921985781250002 0.15602836874999998
0 0.20744680781249997 0.1897163125 0.2007092203125 0.1906028375 0.19432624062499998 0.19769503593749999 0.1950354609375 0.21453900781250002 0.1992907796875 0.21897163125 0.2085106390625 0.21985815625 0.2170212765625 0.21365248281250002 0.21914893593749998 0.19858156093749998 0.2170212765625 0.19326241093750002 0.21134751718749997 0.1897163125 0.20744680781249997 0.1897163125
0 0.19645390000000001 0.25177305 0.2035461 0.2588652484375 0.21205673749999998 0.2570921984375 0.21843971562500003 0.24822695 0.217730496875 0.230496453125 0.209929078125 0.2234042546875 0.205673759375 0.2234042546875 0.19574468125 0.232269503125 0.19645390000000001 0.25177305
0 0.1992907796875 0.26861702187500003 0.1971631203125 0.27748226875 0.19858156093749998 0.294326240625 0.2035461 0.299645390625 0.209929078125 0.299645390625 0.2170212765625 0.2916666671875 0.2170212765625 0.2730496453125 0.209929078125 0.263297871875 0.205673759375 0.263297871875 0.1992907796875 0.26861702187500003
0 0.19858156093749998 0.31294326250000004 0.19858156093749998 0.3333333328125 0.20496453906249998 0.34219858125 0.2127659578125 0.34131205625 0.217730496875 0.33244680781249997 0.217730496875 0.3147163125 0.2156028375 0.3085106390625 0.2106382984375 0.3049645390625 0.206382978125 0.3049645390625 0.19858156093749998 0.31294326250000004
0 0.2 0.3519503546875 0.19858156093749998 0.35638297812499997 0.19858156093749998 0.37588652499999997 0.20496453906249998 0.3838652484375 0.214184396875 0.3820921984375 0.21843971562500003 0.375 0.217730496875 0.3546099296875 0.2106382984375 0.34751773125 0.20709219843749999 0.34751773125 0.2 0.3519503546875
0 0.20212765937500002 0.390957446875 0.19858156093749998 0.39982269531250003 0.1992907796875 0.41843971562500004 0.20780141875 0.425531915625 0.214184396875 0.423758865625 0.21843971562500003 0.41843971562500004 0.217730496875 0.394503546875 0.2106382984375 0.388297871875 0.20780141875 0.388297871875 0.20212765937500002 0.390957446875
0 0.2 0.453014184375 0.20496453906249998 0.46276595781249996 0.2127659578125 0.46276595781249996 0.21914893593749998 0.45567375937500004 0.21843971562500003 0.4388297875 0.2127659578125 0.4317375890625 0.20780141875 0.4317375890625 0.1992907796875 0.4397163125 0.2 0.453014184375
0 0.2085106390625 0.46808510625000005 0.20425531874999997 0.46985815625000005 0.2 0.47695035468749997 0.2 0.4955673765625 0.20425531874999997 0.5017730499999999 0.214184396875 0.5017730499999999 0.21914893593749998 0.4964539 0.21914893593749998 0.47872340468749996 0.2148936171875 0.46985815625000005 0.20921985781250002 0.46808510625000005 0.2085106390625 0.46808510625000005
0 0.2085106390625 0.5079787234375 0.2035461 0.5106382984375 0.2007092203125 0.515957446875 0.2 0.53014184375 0.20425531874999997 0.5425531921875 0.21347517656249998 0.543439715625 0.21985815625 0.5372340421875 0.22056737656249997 0.5230496453125 0.21843971562500003 0.513297871875 0.2106382984375 0.5079787234375 0.2085106390625 0.5079787234375
0 0.2085106390625 0.548758865625 0.20425531874999997 0.5505319156249999 0.2 0.5585106390625 0.2 0.5726950359375 0.2035461 0.578014184375 0.214184396875 0.580673759375 0.221985815625 0.5753546093749999 0.221985815625 0.5700354609375 0.21985815625 0.5549645390625 0.21347517656249998 0.548758865625 0.2085106390625 0.548758865625
0 0.261702128125 0.580673759375 0.2609929078125 0.579787234375 0.25602836875 0.581560284375 0.25177305 0.5877659578125 0.25177305 0.59485815625 0.25602836875 0.6037234046875 0.269503546875 0.6046099296875 0.28014184375 0.59751773125 0.28085106406250004 0.5886524828125 0.2773049640625 0.5833333328125 0.272340425 0.580673759375 0.261702128125 0.580673759375
0 0.3734042546875 0.578900709375 0.361702128125 0.578900709375 0.3567375890625 0.5824468078125 0.3546099296875 0.59308510625 0.35815602812499997 0.6010638296875 0.38014184375000004 0.6010638296875 0.3843971625 0.59397163125 0.3843971625 0.5859929078125 0.381560284375 0.580673759375 0.3773049640625 0.578900709375 0.3734042546875 0.578900709375
0 0.4044914890625 0.578014184375 0.39645389999999997 0.578014184375 0.390070921875 0.581560284375 0.3879432625 0.59219858125 0.39219858125 0.6010638296875 0.40283687968750004 0.6028368796875 0.40921985781250003 0.6019503546875 0.4127659578125 0.5984042546875 0.41418439687499997 0.5842198578125 0.40851063906249996 0.578014184375 0.4044914890625 0.578014184375
0 0.4992907796875 0.580673759375 0.4950354609375 0.59042553125 0.4971631203125 0.605496453125 0.50780141875 0.612588653125 0.5127659578125 0.607269503125 0.517730496875 0.5913120562499999 0.5170212765625 0.580673759375 0.5120567375 0.577127659375 0.5081560281249999 0.577127659375 0.4992907796875 0.580673759375
0 0.5638297875 0.5895390078125 0.5567375890624999 0.59397163125 0.55177305 0.607269503125 0.5524822687500001 0.6187943265625 0.5602836875 0.6267730499999999 0.5673758859375 0.6258865250000001 0.573758865625 0.6196808515625001 0.573758865625 0.6028368796875 0.570212765625 0.59397163125 0.5645390078125 0.59042553125 0.5638297875 0.5895390078125
0 0.6134751765625001 0.59397163125 0.6085106390624999 0.610815603125 0.6092198578125 0.6196808515625001 0.614184396875 0.625 0.6212765953125 0.625 0.6304964531249999 0.6152482265625 0.627659575 0.59663120625 0.6198581562500001 0.59042553125 0.6191489359375 0.59042553125 0.6134751765625001 0.59397163125
0 0.6687943265625 0.59308510625 0.6645390078125 0.608156028125 0.6652482265625 0.6170212765625 0.6680851062500001 0.6214539 0.6794326234375 0.6196808515625001 0.6851063828124999 0.611702128125 0.6843971625 0.59751773125 0.6794326234375 0.5895390078125 0.6730496453125 0.5895390078125 0.6687943265625 0.59308510625
0 0.725531915625 0.59308510625 0.71985815625 0.610815603125 0.721985815625 0.6196808515625001 0.726241134375 0.622340425 0.7354609921875 0.6196808515625001 0.7411347515625 0.611702128125 0.7397163124999999 0.5984042546875 0.7326241140625 0.5895390078125 0.7312056734375 0.5895390078125 0.725531915625 0.59308510625
0 0.781560284375 0.59219858125 0.778014184375 0.6028368796875 0.778014184375 0.6134751765625001 0.7829787234375 0.6205673765624999 0.7914893609375 0.6196808515625001 0.797872340625 0.611702128125 0.7971631203125 0.59574468125 0.7914893609375 0.5877659578125 0.7872340421875 0.5877659578125 0.781560284375 0.59219858125
0 0.837588653125 0.5913120562499999 0.8326241140624999 0.606382978125 0.834042553125 0.6161347515625 0.8390070921874999 0.6196808515625001 0.8468085109375 0.6170212765625 0.85177305 0.610815603125 0.85177305 0.5984042546875 0.8468085109375 0.5877659578125 0.8418439718749999 0.5877659578125 0.837588653125 0.5913120562499999
0 0.8886524828125 0.610815603125 0.894326240625 0.6179078015624999 0.9028368796875 0.6170212765625 0.9085106390625001 0.610815603125 0.905673759375 0.5877659578125 0.9014184390625 0.5851063828124999 0.897872340625 0.5851063828124999 0.89219858125 0.59042553125 0.8886524828125 0.610815603125
0 0.9546099296874999 0.5824468078125 0.9503546093749999 0.5842198578125 0.9460992906250001 0.59042553125 0.9432624109375001 0.6028368796875 0.9446808515624999 0.612588653125 0.9503546093749999 0.6170212765625 0.9602836874999999 0.6134751765625001 0.9631205671874999 0.608156028125 0.9609929078125001 0.5868794328125 0.95602836875 0.5824468078125 0.9546099296874999 0.5824468078125