1 0.015277778124999999 0.6258680562500001 0.021527778125 0.6302083328125 0.0361111109375 0.6276041671875 0.0458333328125 0.6154513890625 0.04305555625 0.5911458328125 0.0375 0.5842013890625 0.028472221875 0.5807291671875 0.025 0.5807291671875 0.0166666671875 0.5850694437499999 0.01180555625 0.5954861109375 0.01180555625 0.609375 0.015277778124999999 0.6258680562500001
1 0.0479166671875 0.6119791671875 0.053472221875 0.6232638890625 0.061805556250000004 0.6276041671875 0.071527778125 0.6276041671875 0.08194444375 0.6154513890625 0.0826388890625 0.5963541671875 0.0770833328125 0.5850694437499999 0.06527777812499999 0.5798611109375 0.0638888890625 0.5798611109375 0.05625 0.581597221875 0.05 0.5868055562500001 0.0479166671875 0.5928819437499999 0.0479166671875 0.6119791671875
1 0.0888888890625 0.6171875 0.0986111109375 0.6276041671875 0.1076388890625 0.6276041671875 0.1145833328125 0.6241319437499999 0.1208333328125 0.613715278125 0.11944444375 0.5920138890625 0.1125 0.582465278125 0.10555555624999999 0.5798611109375 0.1020833328125 0.5798611109375 0.09444444375 0.582465278125 0.090277778125 0.5876736109375 0.0861111109375 0.6015625 0.0888888890625 0.6171875
1 0.1298611109375 0.6241319437499999 0.1375 0.6276041671875 0.1458333328125 0.6276041671875 0.1541666671875 0.6232638890625 0.159027778125 0.6102430562500001 0.159027778125 0.5989583328125 0.1548611109375 0.5868055562500001 0.14444444375 0.5798611109375 0.140625 0.5798611109375 0.1298611109375 0.5833333328125 0.125 0.59375 0.12569444375 0.6163194437499999 0.1298611109375 0.6241319437499999
1 0.16180555624999998 0.605034721875 0.165277778125 0.6154513890625 0.175 0.6241319437499999 0.1875 0.6197916671875 0.20138888906250002 0.6032986109375 0.20208333281250002 0.5963541671875 0.19930555625 0.5876736109375 0.19444444375 0.581597221875 0.18819444375 0.5789930562500001 0.184722221875 0.5789930562500001 0.1708333328125 0.5807291671875 0.16458333281249998 0.5876736109375 0.16180555624999998 0.5954861109375 0.16180555624999998 0.605034721875
1 0.21944444375 0.6006944437499999 0.23819444375 0.6015625 0.26180555625 0.5998263890625 0.2673611109375 0.5963541671875 0.2708333328125 0.590277778125 0.2708333328125 0.5859375 0.2666666671875 0.5789930562500001 0.23680555625 0.5755208328125 0.23310208281250003 0.5755208328125 0.21458333281250003 0.5789930562500001 0.21180555625 0.5833333328125 0.21180555625 0.5920138890625 0.21944444375 0.6006944437499999
1 0.34444444375 0.5989583328125 0.38819444375 0.5989583328125 0.396527778125 0.5963541671875 0.40069444374999996 0.5885416671875 0.40069444374999996 0.5833333328125 0.39444444375 0.5763888890625 0.3576388890625 0.574652778125 0.35625 0.574652778125 0.346527778125 0.5755208328125 0.340972221875 0.5798611109375 0.34027777812500004 0.5928819437499999 0.34444444375 0.5989583328125
1 0.45416666718750004 0.598090278125 0.497222221875 0.598090278125 0.503472221875 0.5928819437499999 0.50555555625 0.582465278125 0.502777778125 0.5772569437499999 0.49791666718750005 0.573784721875 0.48402777812500003 0.5729166671875 0.4804395828125 0.5729166671875 0.4513888890625 0.574652778125 0.446527778125 0.582465278125 0.447222221875 0.5911458328125 0.45416666718750004 0.598090278125
1 0.5361111109375 0.6180555562500001 0.5416666671875 0.621527778125 0.5527777781250001 0.620659721875 0.5611111109375 0.6154513890625 0.5645833328125 0.6076388890625 0.56805555625 0.5842013890625 0.5645833328125 0.5772569437499999 0.55625 0.5729166671875 0.5513888890625 0.5729166671875 0.5423611109375 0.574652778125 0.5361111109375 0.5868055562500001 0.534027778125 0.6111111109375 0.5361111109375 0.6180555562500001
1 0.5930555562500001 0.6102430562500001 0.6013888890625 0.6189236109375 0.6076388890625 0.6189236109375 0.615972221875 0.6119791671875 0.6236111109375 0.590277778125 0.6236111109375 0.5833333328125 0.6208333328125 0.5772569437499999 0.609722221875 0.5720486109375 0.6060187499999999 0.5720486109375 0.5951388890625 0.573784721875 0.590972221875 0.5789930562500001 0.5888888890625 0.5868055562500001 0.5930555562500001 0.6102430562500001
1 0.6465277781250001 0.6067708328125 0.65 0.613715278125 0.6576388890625 0.6189236109375 0.6666666671875 0.6154513890625 0.6736111109375 0.6067708328125 0.67569444375 0.5807291671875 0.6666666671875 0.5711805562500001 0.6631944437499999 0.5711805562500001 0.65 0.5720486109375 0.6451388890625 0.5763888890625 0.64305555625 0.582465278125 0.6465277781250001 0.6067708328125
1 0.703472221875 0.6119791671875 0.7076388890625 0.6163194437499999 0.71319444375 0.6171875 0.7194444437499999 0.6154513890625 0.727777778125 0.6076388890625 0.7333333328125 0.5850694437499999 0.7284722218749999 0.5729166671875 0.7166666671875 0.5694444437499999 0.7104166671875001 0.5694444437499999 0.703472221875 0.5720486109375 0.7 0.5772569437499999 0.6986111109375 0.5920138890625 0.703472221875 0.6119791671875
1 0.7666666671875 0.6154513890625 0.775 0.613715278125 0.7819444437499999 0.6067708328125 0.78680555625 0.5885416671875 0.7875 0.581597221875 0.7854166671875 0.5755208328125 0.78125 0.5703125 0.77569444375 0.5685763890625 0.77118055625 0.5685763890625 0.7597222218749999 0.5720486109375 0.7548611109375 0.581597221875 0.7583333328124999 0.6067708328125 0.7666666671875 0.6154513890625
1 0.809027778125 0.590277778125 0.8125 0.605034721875 0.8166666671874999 0.6119791671875 0.8222222218749999 0.6145833328125 0.8340277781250001 0.609375 0.8395833328125001 0.597222221875 0.8416666671874999 0.5876736109375 0.840972221875 0.5755208328125 0.8333333328125001 0.5677083328125 0.8295138890624999 0.5677083328125 0.81805555625 0.5677083328125 0.8131944437499999 0.5711805562500001 0.809027778125 0.5798611109375 0.809027778125 0.590277778125
1 0.8708333328125001 0.6085069437499999 0.8763888890624999 0.612847221875 0.88125 0.612847221875 0.8888888890625 0.6076388890625 0.8951388890624999 0.5876736109375 0.89305555625 0.5720486109375 0.8861111109375001 0.565972221875 0.881597221875 0.565972221875 0.8701388890624999 0.5694444437499999 0.8645833328125001 0.5798611109375 0.8680555562500001 0.6024305562500001 0.8708333328125001 0.6085069437499999
1 0.9270833328125001 0.6111111109375 0.9368055562500001 0.6111111109375 0.940972221875 0.6085069437499999 0.946527778125 0.5989583328125 0.94930555625 0.5885416671875 0.94930555625 0.5755208328125 0.946527778125 0.5685763890625 0.940972221875 0.5651041671875 0.9370368062500001 0.5651041671875 0.92430555625 0.5677083328125 0.91875 0.5789930562500001 0.9201388890625 0.5963541671875 0.9270833328125001 0.6111111109375
0 0.9548611109375 0.6119791671875 0.9583333328125001 0.612847221875 0.9701388890624999 0.609375 0.972222221875 0.605034721875 0.9694444437499999 0.5833333328125 0.965277778125 0.578125 0.9604166671875 0.578125 0.9541666671875 0.5833333328125 0.9513888890625 0.5954861109375 0.9520833328125 0.6067708328125 0.9548611109375 0.6119791671875
1 0.9798611109375001 0.6067708328125 0.9854166671875 0.6102430562500001 0.9930555562500001 0.609375 0.9993055562500001 0.6041666671875 0.9993055562500001 0.566840278125 0.9923611109375001 0.5633680562500001 0.9861111109375 0.5633680562500001 0.9784722218749999 0.566840278125 0.9729166671874999 0.578125 0.975 0.5954861109375 0.9798611109375001 0.6067708328125
0 0.1923611109375 0 0.19305555624999998 0.0078125 0.1986111109375 0.014756943750000001 0.20694444375 0.015625 0.21458333281250003 0.0078125 0.2173611109375 0 0.2137895828125 0 0.1923611109375 0
0 0.225 0 0.21944444375 0.006944443749999999 0.2173611109375 0.015625 0.21805555625 0.0251736109375 0.22430555624999998 0.0329861109375 0.23611111093749998 0.03038194375 0.23958333281250002 0.0208333328125 0.240277778125 0.0095486109375 0.23194444375 0 0.228472221875 0 0.225 0
0 0.20138888906250002 0.0529513890625 0.20972222187499998 0.05208333281250001 0.21805555625 0.0373263890625 0.2173611109375 0.0286458328125 0.20972222187499998 0.0208333328125 0.20347222187499997 0.0208333328125 0.1986111109375 0.0234375 0.19513888906250001 0.0295138890625 0.19583333281249998 0.0442708328125 0.20138888906250002 0.0529513890625
0 0.2236111109375 0.0703125 0.23263888906250002 0.06857638906249999 0.23680555625 0.061631943749999994 0.23680555625 0.0442708328125 0.23402777812500003 0.03993055625 0.22916666718749998 0.03819444375 0.22777777812500002 0.03819444375 0.2201388890625 0.042534721875 0.21597222187499998 0.0529513890625 0.21805555625 0.06510416718749999 0.2236111109375 0.0703125
0 0.20833333281250002 0.09288194375 0.21805555625 0.07638888906249999 0.2173611109375 0.066840278125 0.20833333281250002 0.059027778125 0.20486111093749998 0.059027778125 0.1979166671875 0.066840278125 0.1979166671875 0.08420138906249999 0.20208333281250002 0.09288194375 0.20833333281250002 0.09288194375
0 0.22777777812500002 0.1119791671875 0.23333333281250002 0.10850694375 0.23541666718749998 0.09288194375 0.23541666718749998 0.082465278125 0.23333333281250002 0.078125 0.228472221875 0.07552083281250001 0.22777777812500002 0.07552083281250001 0.2201388890625 0.07899305625 0.21458333281250003 0.09461805625 0.21875 0.105902778125 0.22777777812500002 0.1119791671875
0 0.20625 0.13194444375 0.2166666671875 0.12847222187500001 0.22291666718749997 0.1197916671875 0.22152777812500002 0.1111111109375 0.2138888890625 0.1015625 0.20972222187499998 0.09982638906249999 0.20694444375 0.09982638906249999 0.20208333281250002 0.1032986109375 0.20069444375 0.11024305625 0.20138888906250002 0.1276041671875 0.20625 0.13194444375
0 0.215277778125 0.15625 0.22638888906250001 0.15625 0.23194444375 0.15017361093749998 0.23333333281250002 0.1328125 0.22777777812500002 0.1276041671875 0.2236111109375 0.1276041671875 0.21180555625 0.13628472187500001 0.209027778125 0.14149305625 0.209027778125 0.14930555625 0.215277778125 0.15625
0 0.215277778125 0.18836805625 0.225 0.18663194375 0.23125 0.17621527812499999 0.22777777812500002 0.1640625 0.2173611109375 0.15972222187500001 0.21458333281250003 0.15972222187500001 0.20625 0.16493055625 0.20416666718749998 0.1770833328125 0.20833333281250002 0.18576388906250002 0.215277778125 0.18836805625
0 0.2104166671875 0.22048611093749998 0.222222221875 0.22135416718749998 0.228472221875 0.21614583281250002 0.23125 0.20572916718749998 0.23055555625 0.19965277812499999 0.22291666718749997 0.19184027812499999 0.21944444375 0.19184027812499999 0.21319444375000002 0.1927083328125 0.20625 0.19965277812499999 0.20555555625 0.20833333281250002 0.2104166671875 0.22048611093749998
0 0.215277778125 0.25868055624999997 0.22430555624999998 0.25694444375000003 0.22916666718749998 0.25 0.22916666718749998 0.23263888906250002 0.2208333328125 0.22569444375 0.21944444375 0.22569444375 0.2125 0.22829861093749998 0.2076388890625 0.23524305625 0.2076388890625 0.2517361109375 0.215277778125 0.25868055624999997
0 0.21597222187499998 0.2994791671875 0.22430555624999998 0.29774305624999997 0.228472221875 0.28993055624999997 0.228472221875 0.27256944375000003 0.222222221875 0.2638888890625 0.2173611109375 0.2638888890625 0.21111111093749999 0.2682291671875 0.209027778125 0.2751736109375 0.2104166671875 0.29340277812500004 0.21597222187499998 0.2994791671875
0 0.21597222187499998 0.34027777812500004 0.22430555624999998 0.33940972187499996 0.22916666718749998 0.33246527812500004 0.22916666718749998 0.3125 0.22291666718749997 0.3046875 0.2173611109375 0.3046875 0.21180555625 0.30902777812500004 0.20972222187499998 0.3177083328125 0.2104166671875 0.3333333328125 0.21597222187499998 0.34027777812500004
0 0.21597222187499998 0.3810763890625 0.225 0.3802083328125 0.22916666718749998 0.37413194375000003 0.22916666718749998 0.35243055624999997 0.22291666718749997 0.34461805624999997 0.2166666671875 0.34461805624999997 0.21180555625 0.3489583328125 0.20972222187499998 0.359375 0.2104166671875 0.375 0.21597222187499998 0.3810763890625
0 0.2173611109375 0.41840277812500004 0.2236111109375 0.41753472187499996 0.2298611109375 0.41059027812500004 0.2298611109375 0.3958333328125 0.2236111109375 0.38715277812500004 0.21944444375 0.38715277812500004 0.21111111093749999 0.39496527812500004 0.21180555625 0.40972222187499996 0.2138888890625 0.4157986109375 0.2173611109375 0.41840277812500004
0 0.22569444375 0.4557291671875 0.23055555625 0.4470486109375 0.2298611109375 0.43055555625 0.22291666718749997 0.42274305625 0.21875 0.42274305625 0.21111111093749999 0.43055555625 0.21111111093749999 0.4479166671875 0.2173611109375 0.45659722187499996 0.22569444375 0.4557291671875
0 0.2166666671875 0.4973958328125 0.22569444375 0.49652777812500004 0.23125 0.4869791671875 0.23055555625 0.46961805625 0.22430555624999998 0.46180555625 0.2208333328125 0.46180555625 0.21597222187499998 0.4626736109375 0.21111111093749999 0.4704861109375 0.21180555625 0.48871527812500004 0.2166666671875 0.4973958328125
0 0.21805555625 0.5373263890625 0.22569444375 0.5373263890625 0.23194444375 0.5286458328125 0.23125 0.5095486109375 0.22430555624999998 0.5026041671875 0.2201388890625 0.5026041671875 0.21597222187499998 0.504340278125 0.21180555625 0.512152778125 0.21180555625 0.527777778125 0.21805555625 0.5373263890625
0 0.22430555624999998 0.5720486109375 0.23194444375 0.566840278125 0.23125 0.5494791671875 0.225 0.543402778125 0.21875 0.543402778125 0.21180555625 0.5529513890625 0.21180555625 0.566840278125 0.215277778125 0.5729166671875 0.22430555624999998 0.5720486109375
0 0.2951388890625 0.5998263890625 0.302777778125 0.5928819437499999 0.302777778125 0.5833333328125 0.29930555625 0.5789930562500001 0.2916666671875 0.5763888890625 0.28796319375 0.5763888890625 0.27638888906250003 0.5789930562500001 0.27430555624999997 0.5928819437499999 0.278472221875 0.5998263890625 0.2951388890625 0.5998263890625
0 0.31597222187499996 0.5998263890625 0.3298611109375 0.5998263890625 0.334027778125 0.597222221875 0.33680555624999997 0.5920138890625 0.33541666718749996 0.5789930562500001 0.322222221875 0.5755208328125 0.321527778125 0.5755208328125 0.3125 0.578125 0.3104166671875 0.5842013890625 0.31180555625 0.5963541671875 0.31597222187499996 0.5998263890625
0 0.4201388890625 0.597222221875 0.43333333281249997 0.5989583328125 0.44305555625000004 0.59375 0.44375 0.5789930562500001 0.43680555625000006 0.573784721875 0.43240763906249996 0.573784721875 0.4236111109375 0.573784721875 0.41805555625 0.578125 0.415972221875 0.5868055562500001 0.4201388890625 0.597222221875
0 0.5208333328125 0.6145833328125 0.528472221875 0.6119791671875 0.5333333328125 0.5989583328125 0.534722221875 0.5833333328125 0.5298611109375 0.574652778125 0.5260416671875 0.574652778125 0.51805555625 0.5772569437499999 0.51319444375 0.5928819437499999 0.515277778125 0.6102430562500001 0.5208333328125 0.6145833328125
0 0.575 0.621527778125 0.5840277781250001 0.6197916671875 0.5895833328125 0.6119791671875 0.5875 0.5954861109375 0.58125 0.5868055562500001 0.5770833328125 0.5868055562500001 0.5701388890625 0.59375 0.5673611109375 0.6067708328125 0.5694444437499999 0.6171875 0.575 0.621527778125
0 0.627777778125 0.620659721875 0.63819444375 0.6189236109375 0.6423611109375 0.613715278125 0.64305555625 0.5998263890625 0.63680555625 0.5885416671875 0.63055555625 0.5885416671875 0.625 0.5946180562500001 0.622222221875 0.605902778125 0.6229166671875 0.6154513890625 0.627777778125 0.620659721875
0 0.684027778125 0.6154513890625 0.690277778125 0.6154513890625 0.6972222218749999 0.6076388890625 0.6951388890625 0.5911458328125 0.6895833328125 0.5833333328125 0.6875 0.5833333328125 0.6805555562500001 0.589409721875 0.6777777781250001 0.6006944437499999 0.678472221875 0.6102430562500001 0.684027778125 0.6154513890625
0 0.7388888890625 0.6171875 0.75 0.6145833328125 0.753472221875 0.6076388890625 0.753472221875 0.5954861109375 0.75 0.5868055562500001 0.7451388890625 0.5842013890625 0.74375 0.5842013890625 0.7375 0.5885416671875 0.7333333328125 0.6024305562500001 0.734027778125 0.6111111109375 0.7388888890625 0.6171875
0 0.7923611109375 0.6154513890625 0.8013888890624999 0.6145833328125 0.8076388890624999 0.6067708328125 0.80625 0.590277778125 0.8027777781250001 0.5850694437499999 0.79930555625 0.5842013890625 0.7979166671875 0.5842013890625 0.79305555625 0.5876736109375 0.7881944437499999 0.6024305562500001 0.7888888890625 0.6111111109375 0.7923611109375 0.6154513890625
0 0.84930555625 0.6154513890625 0.859027778125 0.6119791671875 0.8625 0.6067708328125 0.8625 0.5946180562500001 0.859027778125 0.5850694437499999 0.8548611109375001 0.582465278125 0.8534722218749999 0.582465278125 0.847222221875 0.5868055562500001 0.84375 0.6024305562500001 0.8444444437499999 0.6111111109375 0.84930555625 0.6154513890625
0 0.9020833328125001 0.612847221875 0.9104166671874999 0.6119791671875 0.915277778125 0.6076388890625 0.9145833328125 0.5876736109375 0.9131944437499999 0.5833333328125 0.909027778125 0.5807291671875 0.9069444437499999 0.5807291671875 0.9020833328125001 0.5842013890625 0.897222221875 0.5954861109375 0.897222221875 0.6067708328125 0.9020833328125001 0.612847221875