1 0 0.7231005703125 0.0008077546874999999 0.7232323234375 0.013731825 0.7131313125000001 0.01696284375 0.7050505046875 0.01696284375 0.6878787875000001 0.009693053125 0.6707070703125 0.0008077546874999999 0.665656565625 0 0.66572390625 0 0.7231005703125
1 0.021001615625 0.7010101015625 0.030694668749999997 0.71818181875 0.042810985937500004 0.7212121218750001 0.0565428109375 0.7131313125000001 0.0605815828125 0.7040404046875001 0.0605815828125 0.6868686875 0.050888529687499996 0.6686868687499999 0.031502423437499996 0.6666666671875 0.021001615625 0.68080808125 0.021001615625 0.7010101015625
1 0.07269790000000001 0.6676767671875 0.0678513734375 0.674747475 0.065428109375 0.6989898984375 0.0735056546875 0.7171717171875 0.086429725 0.7202020203124999 0.10177705937499999 0.7121212124999999 0.10581583125 0.6959595953125 0.1025848140625 0.6767676765624999 0.0985460421875 0.6707070703125 0.09208400624999999 0.665656565625 0.0815831984375 0.6646464640625 0.07269790000000001 0.6676767671875
1 0.1098546046875 0.678787878125 0.10904685 0.7 0.1155088859375 0.715151515625 0.12277867499999999 0.7202020203124999 0.1332794828125 0.7202020203124999 0.14539580000000002 0.7121212124999999 0.149434571875 0.6989898984375 0.14862681718749998 0.6868686875 0.1389337640625 0.6676767671875 0.1235864296875 0.6646464640625 0.1098546046875 0.678787878125
1 0.15347334375 0.6979797984375 0.1599353796875 0.7080808078125 0.1696284328125 0.7131313125000001 0.193861065625 0.6979797984375 0.2003231015625 0.6828282828125001 0.1930533125 0.6666666671875 0.18093699531250002 0.6626262625 0.1599353796875 0.6666666671875 0.1526655890625 0.68080808125 0.15347334375 0.6979797984375
1 0.22455573437499998 0.678787878125 0.22778675312500002 0.6828282828125001 0.241518578125 0.6868686875 0.28756058125 0.6868686875 0.2980613890625 0.6777777781250001 0.2956381265625 0.6666666671875 0.2827140546875 0.6616161609375 0.23667205156249999 0.6616161609375 0.22536348906249998 0.6727272734375 0.22455573437499998 0.678787878125
1 0.350565428125 0.6686868687499999 0.3513731828125 0.68080808125 0.358642971875 0.6878787875000001 0.40791599375 0.6868686875 0.4143780296875 0.683838384375 0.4200323109375 0.674747475 0.41841680156249994 0.665656565625 0.4087237484375 0.659595959375 0.3594507265625 0.659595959375 0.3529886921875 0.6626262625 0.350565428125 0.6686868687499999
1 0.48707592968749996 0.6868686875 0.5331179328125 0.6858585859375 0.543618740625 0.6727272734375 0.54200323125 0.6626262625 0.53069466875 0.6575757578125 0.484652665625 0.6575757578125 0.47576736718749996 0.6646464640625 0.477382875 0.6818181812499999 0.48707592968749996 0.6868686875
1 0.5791599359374999 0.7080808078125 0.582390953125 0.7121212124999999 0.5945072703125 0.7131313125000001 0.60904685 0.703030303125 0.6163166390625 0.6686868687499999 0.60904685 0.6585858578125 0.593699515625 0.65656565625 0.5831987078124999 0.6636363640625 0.5791599359374999 0.6797979796875 0.5791599359374999 0.7080808078125
1 0.63974151875 0.6646464640625 0.6389337640625 0.6797979796875 0.6478190625 0.7050505046875 0.655088853125 0.7111111109375 0.6672051703124999 0.7070707078125 0.6736672046875001 0.6979797984375 0.6793214859375001 0.6797979796875 0.67851373125 0.6636363640625 0.66478190625 0.6555555562500001 0.65105008125 0.6555555562500001 0.63974151875 0.6646464640625
1 0.702746365625 0.6818181812499999 0.71243941875 0.70606060625 0.7237479812500001 0.710101009375 0.7382875609374999 0.7 0.7423263328124999 0.683838384375 0.7423263328124999 0.665656565625 0.73747980625 0.6585858578125 0.7132471734375 0.6545454546875 0.7035541203125 0.6646464640625 0.702746365625 0.6818181812499999
1 0.7714054921875 0.6878787875000001 0.777867528125 0.7050505046875 0.791599353125 0.7070707078125 0.8021001609375 0.696969696875 0.8085621968750001 0.6737373734375 0.8053311796875 0.6585858578125 0.7956381265625 0.653535353125 0.7802907921875 0.653535353125 0.7714054921875 0.6646464640625 0.7714054921875 0.6878787875000001
1 0.840872375 0.7020202015625 0.8537964453125 0.70606060625 0.8651050078125 0.6979797984375 0.8723747984375001 0.6696969703125 0.8651050078125 0.653535353125 0.8424878843749999 0.652525253125 0.8336025843750001 0.6626262625 0.8336025843750001 0.6828282828125001 0.840872375 0.7020202015625
1 0.8990306953125 0.6636363640625 0.8998384484375 0.683838384375 0.9071082390624999 0.7020202015625 0.9184168015624999 0.7040404046875001 0.9281098546875001 0.6959595953125 0.9353796453125 0.6727272734375 0.9321486265625 0.6555555562500001 0.9240710828124999 0.65050505 0.9111470109375001 0.65050505 0.904684975 0.653535353125 0.8990306953125 0.6636363640625
1 0.9668820671875 0.652525253125 0.9620355406250001 0.6606060609375 0.9620355406250001 0.68080808125 0.9668820671875 0.6959595953125 0.976575121875 0.703030303125 0.9878836828124999 0.7 0.9967689828124999 0.6777777781250001 0.9975767359375001 0.6636363640625 0.99434571875 0.6545454546875 0.9894991921875 0.64949495 0.977382875 0.6484848484375 0.9668820671875 0.652525253125
0 0.18378336875 0 0.1833602578125 0.0111111109375 0.188206784375 0.017171717187499998 0.20113085625 0.018181818750000002 0.2092084 0.010101009375000001 0.21141136718750003 0 0.18378336875 0
0 0.2156704359375 0.0363636359375 0.22374798125 0.0393939390625 0.23344103437500002 0.0333333328125 0.23667205156249999 0.021212121875 0.23424878906250002 0.0070707078125 0.21970920781249997 0.0040404046875000005 0.2116316640625 0.0141414140625 0.210823909375 0.0272727265625 0.2156704359375 0.0363636359375
0 0.18901453906250001 0.05959595937499999 0.20113085625 0.0616161609375 0.21001615468749998 0.049494949999999996 0.21001615468749998 0.0333333328125 0.2019386109375 0.025252524999999998 0.19547657499999999 0.025252524999999998 0.18739903125 0.032323232812500005 0.185783521875 0.0414141421875 0.18901453906250001 0.05959595937499999
0 0.21243941875 0.077777778125 0.21890145468750002 0.084848484375 0.22778675312500002 0.08383838437499999 0.23344103437500002 0.0676767671875 0.231825525 0.050505049999999996 0.21890145468750002 0.0454545453125 0.210823909375 0.05656565625 0.2092084 0.0696969703125 0.21243941875 0.077777778125
0 0.20113085625 0.110101009375 0.21243941875 0.0929292921875 0.2116316640625 0.08080808125 0.20113085625 0.0696969703125 0.1906300484375 0.0737373734375 0.18982229374999998 0.10606060625 0.19547657499999999 0.1111111109375 0.20113085625 0.110101009375
0 0.210823909375 0.125252525 0.2180937 0.13030302968750002 0.22617124375 0.1292929296875 0.23101777031249998 0.1171717171875 0.230210015625 0.09393939375 0.2180937 0.0919191921875 0.2092084 0.1040404046875 0.2067851375 0.116161615625 0.210823909375 0.125252525
0 0.1962843296875 0.15656565625000002 0.205169628125 0.1585858578125 0.2172859453125 0.152525253125 0.2205169625 0.14444444375 0.2172859453125 0.13434343437500001 0.202746365625 0.12323232343749999 0.1930533125 0.128282828125 0.1922455578125 0.146464646875 0.1962843296875 0.15656565625000002
0 0.2092084 0.1919191921875 0.2229402265625 0.1888888890625 0.2294022609375 0.1737373734375 0.22859450781250001 0.1646464640625 0.2205169625 0.1585858578125 0.208400646875 0.1616161609375 0.199515346875 0.16868686875 0.199515346875 0.1858585859375 0.2092084 0.1919191921875
0 0.2019386109375 0.22626262656249999 0.216478190625 0.228282828125 0.22617124375 0.2171717171875 0.22617124375 0.2040404046875 0.2205169625 0.1979797984375 0.2059773828125 0.19696969687500002 0.197092084375 0.20505050468750002 0.197092084375 0.2171717171875 0.2019386109375 0.22626262656249999
0 0.22213247187500001 0.26464646406250003 0.22455573437499998 0.240404040625 0.2205169625 0.2353535359375 0.205169628125 0.2353535359375 0.1987075921875 0.24242424218749997 0.20113085625 0.2666666671875 0.21001615468749998 0.27070707031249996 0.22213247187500001 0.26464646406250003
0 0.20355412031250003 0.3111111109375 0.208400646875 0.315151515625 0.21970920781249997 0.3121212125 0.22455573437499998 0.3 0.2229402265625 0.2797979796875 0.21324717343750002 0.27474747499999996 0.20113085625 0.28181818125 0.2003231015625 0.3010101015625 0.20355412031250003 0.3111111109375
0 0.21970920781249997 0.36060606093750003 0.22455573437499998 0.3515151515625 0.22213247187500001 0.3262626265625 0.2116316640625 0.32121212187500003 0.202746365625 0.328282828125 0.202746365625 0.3575757578125 0.208400646875 0.36262626249999996 0.21970920781249997 0.36060606093750003
0 0.21890145468750002 0.4040404046875 0.22455573437499998 0.3959595953125 0.22374798125 0.3767676765625 0.2156704359375 0.36969697031250004 0.20355412031250003 0.375757575 0.20436187343749998 0.40101010156249994 0.21001615468749998 0.40606060624999996 0.21890145468750002 0.4040404046875
0 0.2092084 0.45050505 0.21890145468750002 0.45050505 0.22455573437499998 0.44343434375 0.22455573437499998 0.41919191875 0.2156704359375 0.41212121249999994 0.21001615468749998 0.41212121249999994 0.20355412031250003 0.41818181875000004 0.20355412031250003 0.44343434375 0.2092084 0.45050505
0 0.21970920781249997 0.49696969687500003 0.22617124375 0.48585858593750003 0.22455573437499998 0.4626262625 0.21405492656249997 0.45656565625 0.20355412031250003 0.46363636406250003 0.20436187343749998 0.4919191921875 0.2092084 0.49797979843749995 0.21970920781249997 0.49696969687500003
0 0.202746365625 0.522222221875 0.2059773828125 0.540404040625 0.21405492656249997 0.546464646875 0.22374798125 0.5424242421875001 0.2269789984375 0.53131313125 0.22536348906249998 0.510101009375 0.21970920781249997 0.5050505046875 0.21243941875 0.5050505046875 0.20436187343749998 0.5141414140625 0.202746365625 0.522222221875
0 0.21243941875 0.5909090906250001 0.22374798125 0.5888888890625 0.22778675312500002 0.574747475 0.22536348906249998 0.5585858578125 0.21970920781249997 0.552525253125 0.21243941875 0.552525253125 0.20436187343749998 0.5606060609375 0.2059773828125 0.5868686875 0.21243941875 0.5909090906250001
0 0.20355412031250003 0.61919191875 0.2092084 0.6333333328124999 0.21970920781249997 0.6343434343750001 0.22617124375 0.6292929296875001 0.22778675312500002 0.609090909375 0.22374798125 0.6 0.21405492656249997 0.596969696875 0.208400646875 0.6 0.20436187343749998 0.6080808078125 0.20355412031250003 0.61919191875
0 0.2092084 0.6737373734375 0.21890145468750002 0.6727272734375 0.22859450781250001 0.6606060609375 0.22859450781250001 0.6484848484375 0.22374798125 0.640404040625 0.2116316640625 0.6393939390625001 0.20436187343749998 0.6474747468750001 0.20355412031250003 0.6636363640625 0.2092084 0.6737373734375
0 0.3247172859375 0.6888888890625 0.33844911093749996 0.6878787875000001 0.3473344109375 0.675757575 0.3457189015625 0.665656565625 0.33844911093749996 0.6606060609375 0.32067851406250003 0.6606060609375 0.314216478125 0.6676767671875 0.3158319875 0.683838384375 0.3247172859375 0.6888888890625
0 0.448303715625 0.6868686875 0.4668820671875 0.684848484375 0.47253634843750003 0.6737373734375 0.47172859375 0.6636363640625 0.4668820671875 0.6585858578125 0.4458804515625 0.6585858578125 0.43941841718749997 0.665656565625 0.440226171875 0.6818181812499999 0.448303715625 0.6868686875
0 0.5549273015625 0.6727272734375 0.5533117937500001 0.6868686875 0.5565428109375 0.7 0.5613893375 0.7040404046875001 0.568659128125 0.703030303125 0.574313409375 0.6959595953125 0.576736671875 0.6636363640625 0.5726979 0.6585858578125 0.565428109375 0.6585858578125 0.5581583203125 0.6646464640625 0.5549273015625 0.6727272734375
0 0.621163165625 0.7131313125000001 0.632471728125 0.7121212124999999 0.6405492734375 0.7010101015625 0.638126009375 0.683838384375 0.630048465625 0.674747475 0.621163165625 0.6777777781250001 0.6155088859375 0.6949494953124999 0.6163166390625 0.709090909375 0.621163165625 0.7131313125000001
0 0.6825525046875 0.7111111109375 0.691437803125 0.7121212124999999 0.7019386109375 0.7050505046875 0.7019386109375 0.6868686875 0.6962843296875 0.6767676765624999 0.68739903125 0.675757575 0.68174475 0.683838384375 0.67851373125 0.7020202015625 0.6825525046875 0.7111111109375
0 0.74878836875 0.703030303125 0.76009693125 0.70606060625 0.768174475 0.696969696875 0.766558965625 0.6777777781250001 0.760904684375 0.6686868687499999 0.7504038765625001 0.6707070703125 0.74555735 0.6818181812499999 0.74555735 0.6979797984375 0.74878836875 0.703030303125
0 0.8109854609375 0.70606060625 0.8206785140624999 0.7080808078125 0.8295638125 0.7020202015625 0.8311793218749999 0.684848484375 0.8263327953124999 0.6727272734375 0.8174474953124999 0.671717171875 0.81017770625 0.6828282828125001 0.8077544421875 0.6979797984375 0.8109854609375 0.70606060625
0 0.877221325 0.7040404046875001 0.8877221328125 0.7050505046875 0.8957996765624999 0.696969696875 0.89660743125 0.6868686875 0.89095315 0.6707070703125 0.8804523421875 0.671717171875 0.8747980609375 0.683838384375 0.87399030625 0.6959595953125 0.877221325 0.7040404046875001
0 0.9410339249999999 0.7050505046875 0.9507269796875001 0.7050505046875 0.95799676875 0.696969696875 0.9588045234375 0.6858585859375 0.9531502421875 0.6686868687499999 0.94426494375 0.6696969703125 0.936995153125 0.6868686875 0.9361873984375 0.6959595953125 0.9410339249999999 0.7050505046875