0 0.1907558734375 0 0.188202246875 0.0035087718750000003 0.188202246875 0.0157894734375 0.193117978125 0.024561403125 0.2029494375 0.024561403125 0.21067415781249998 0.014912281250000001 0.21067415781249998 0.0026315796875 0.208778090625 0 0.1907558734375 0
0 0.21769662968749998 0.04298245625 0.22612359531249998 0.04298245625 0.2310393265625 0.0377192984375 0.2331460671875 0.018421053125 0.23033707812499998 0.014035087500000001 0.2183988765625 0.0122807015625 0.2120786515625 0.021929825 0.21137640468750002 0.032456140625000005 0.21769662968749998 0.04298245625
0 0.194522471875 0.0640350875 0.2064606734375 0.061403509375 0.2120786515625 0.04912280625 0.21067415781249998 0.0368421046875 0.2064606734375 0.032456140625000005 0.19803370781250001 0.031578946875 0.1910112359375 0.038596490625 0.1917134828125 0.06052631562500001 0.194522471875 0.0640350875
0 0.20997190937500002 0.0701754390625 0.2127808984375 0.0771929828125 0.22050561875 0.0842105265625 0.22612359531249998 0.082456140625 0.23033707812499998 0.071929825 0.22963483125 0.05350877187500001 0.22682584218750002 0.05 0.2183988765625 0.04912280625 0.21137640468750002 0.0578947375 0.20997190937500002 0.0701754390625
0 0.2120786515625 0.09298245625 0.2120786515625 0.0798245609375 0.2036516859375 0.0701754390625 0.1966292140625 0.07105263125 0.193117978125 0.0771929828125 0.193820225 0.1017543859375 0.2029494375 0.1052631578125 0.2120786515625 0.09298245625
0 0.20997190937500002 0.1192982453125 0.216292134375 0.1236842109375 0.22612359531249998 0.12105263125000001 0.22823033750000002 0.11403508749999999 0.22682584218750002 0.09298245625 0.2183988765625 0.09122807031249999 0.208567415625 0.103508771875 0.20716292187500002 0.11403508749999999 0.20997190937500002 0.1192982453125
0 0.20014045 0.1473684203125 0.2120786515625 0.1482456140625 0.22050561875 0.1412280703125 0.2191011234375 0.12894736874999999 0.20997190937500002 0.12105263125000001 0.202247190625 0.1192982453125 0.1966292140625 0.1236842109375 0.1966292140625 0.1403508765625 0.20014045 0.1473684203125
0 0.208567415625 0.181578946875 0.21980337031250002 0.17982456093750002 0.22612359531249998 0.1701754390625 0.22612359531249998 0.15701754375000002 0.2191011234375 0.15087719375 0.20505617968749998 0.154385965625 0.20014045 0.161403509375 0.20014045 0.1736842109375 0.208567415625 0.181578946875
0 0.2057584265625 0.2131578953125 0.21769662968749998 0.2131578953125 0.2247191015625 0.204385965625 0.2247191015625 0.19210526249999998 0.2183988765625 0.1842105265625 0.2064606734375 0.18508771875000002 0.20014045 0.19210526249999998 0.20014045 0.2052631578125 0.2057584265625 0.2131578953125
0 0.21067415781249998 0.25087719375 0.2183988765625 0.24912280625 0.222612359375 0.24210526250000003 0.222612359375 0.2236842109375 0.21769662968749998 0.21842105312500001 0.21067415781249998 0.217543859375 0.20154494375 0.22543859687499998 0.2036516859375 0.24649122812500002 0.21067415781249998 0.25087719375
0 0.20505617968749998 0.2877192984375 0.20997190937500002 0.2912280703125 0.21769662968749998 0.289473684375 0.222612359375 0.27982456093749997 0.22191011249999998 0.260526315625 0.21418539375 0.254385965625 0.2036516859375 0.2622807015625 0.2029494375 0.282456140625 0.20505617968749998 0.2877192984375
0 0.20926966249999998 0.331578946875 0.2183988765625 0.3307017546875 0.22331460625 0.3201754390625 0.22191011249999998 0.3 0.21699438125 0.295614034375 0.21137640468750002 0.295614034375 0.2043539328125 0.3026315796875 0.20505617968749998 0.32719298281250003 0.20926966249999998 0.331578946875
0 0.2183988765625 0.368421053125 0.22331460625 0.3622807015625 0.22191011249999998 0.34298245625 0.214887640625 0.33771929843750004 0.20505617968749998 0.34298245625 0.2057584265625 0.36491228124999997 0.21067415781249998 0.3701754390625 0.2183988765625 0.368421053125
0 0.21980337031250002 0.40789473750000005 0.22401685468750002 0.4 0.22331460625 0.3807017546875 0.2127808984375 0.374561403125 0.20505617968749998 0.381578946875 0.2057584265625 0.4026315796875 0.2127808984375 0.4096491234375 0.21980337031250002 0.40789473750000005
0 0.20505617968749998 0.4377192984375 0.21067415781249998 0.44912280625 0.21558988750000002 0.45 0.2247191015625 0.4412280703125 0.22401685468750002 0.4201754390625 0.2191011234375 0.4140350875 0.21067415781249998 0.4140350875 0.20505617968749998 0.42105263125 0.20505617968749998 0.4377192984375
0 0.20505617968749998 0.47807017500000004 0.208567415625 0.488596490625 0.21418539375 0.4912280703125 0.22191011249999998 0.488596490625 0.2254213484375 0.47894736875 0.2247191015625 0.460526315625 0.2191011234375 0.45526315781250004 0.2120786515625 0.45526315781250004 0.2057584265625 0.461403509375 0.20505617968749998 0.47807017500000004
0 0.221207865625 0.5298245609375 0.22612359531249998 0.5201754390625 0.22401685468750002 0.50087719375 0.2183988765625 0.496491228125 0.20716292187500002 0.50087719375 0.2057584265625 0.517543859375 0.20786516875 0.5271929828124999 0.221207865625 0.5298245609375
0 0.2057584265625 0.5578947375000001 0.20926966249999998 0.5657894734375 0.21348314531249998 0.568421053125 0.222612359375 0.5657894734375 0.22682584218750002 0.55701754375 0.2254213484375 0.5403508765625 0.21980337031250002 0.5359649125 0.2120786515625 0.5359649125 0.2064606734375 0.5421052625 0.2057584265625 0.5578947375000001
0 0.222612359375 0.5982456140625 0.23595505625 0.5973684203125 0.242977528125 0.588596490625 0.241573034375 0.581578946875 0.22612359531249998 0.571929825 0.21769662968749998 0.571929825 0.21418539375 0.5763157890625 0.214887640625 0.5912280703125 0.222612359375 0.5982456140625
0 0.332162921875 0.6 0.34550561874999997 0.6 0.35393258437499997 0.5912280703125 0.352528090625 0.5807017546875 0.347612359375 0.5763157890625 0.3300561796875 0.5763157890625 0.3244382015625 0.582456140625 0.325842696875 0.596491228125 0.332162921875 0.6
0 0.438202246875 0.5973684203125 0.4557584265625 0.5973684203125 0.46207865156250005 0.5894736843749999 0.46207865156250005 0.5798245609375 0.457162921875 0.5745614031249999 0.443117978125 0.5736842109375 0.43398876406250003 0.57894736875 0.43328651718750005 0.5894736843749999 0.438202246875 0.5973684203125
0 0.5245786515625 0.6166666671875001 0.5330056187500001 0.617543859375 0.540028090625 0.611403509375 0.540028090625 0.5894736843749999 0.5344101125 0.581578946875 0.5252808984375 0.58508771875 0.5203651687499999 0.5982456140625 0.5203651687499999 0.6096491234375 0.5245786515625 0.6166666671875001
0 0.5800561796875 0.62105263125 0.589887640625 0.62105263125 0.5969101125 0.611403509375 0.5948033703125 0.5947368421875 0.58918539375 0.588596490625 0.5814606734375001 0.5903508765625001 0.57654494375 0.6008771937499999 0.575842696875 0.6140350875 0.5800561796875 0.62105263125
0 0.6341292140625 0.6192982453125 0.6432584265625 0.6201754390625001 0.6502808984375 0.6140350875 0.6509831453125 0.603508771875 0.647471909375 0.5912280703125 0.6369382015625 0.5894736843749999 0.63272471875 0.5982456140625 0.630617978125 0.6131578953125 0.6341292140625 0.6192982453125
0 0.6924157296875 0.618421053125 0.700842696875 0.617543859375 0.7078651687499999 0.6096491234375 0.707162921875 0.5947368421875 0.702247190625 0.58508771875 0.693117978125 0.5868421046875001 0.688202246875 0.59912280625 0.6875 0.611403509375 0.6924157296875 0.618421053125
0 0.7598314609375 0.6140350875 0.763342696875 0.6 0.7591292140625 0.5868421046875001 0.75140449375 0.58508771875 0.7457865171875 0.59298245625 0.743679775 0.6122807015625 0.7478932578124999 0.6166666671875001 0.7598314609375 0.6140350875
0 0.8026685390624999 0.6140350875 0.81109550625 0.6157894734375 0.818820225 0.6070175437499999 0.818820225 0.5947368421875 0.813202246875 0.5833333328125 0.8047752812500001 0.5859649124999999 0.8005617984375 0.5973684203125 0.7998595500000001 0.6070175437499999 0.8026685390624999 0.6140350875
0 0.868679775 0.6131578953125 0.87359550625 0.603508771875 0.8707865171875 0.5859649124999999 0.8630617984375 0.582456140625 0.8560393265625 0.5921052625 0.8560393265625 0.610526315625 0.8616573031250001 0.61491228125 0.868679775 0.6131578953125
0 0.9129213484375001 0.6131578953125 0.9213483140625 0.6131578953125 0.9262640453125 0.6087719296875 0.9290730343750001 0.5982456140625 0.9255617984375 0.581578946875 0.9157303375 0.581578946875 0.910112359375 0.59298245625 0.9094101125 0.6061403515625 0.9129213484375001 0.6131578953125
0 0.9676966296874999 0.610526315625 0.9754213484375001 0.6122807015625 0.9824438203125 0.6070175437499999 0.9838483140625 0.596491228125 0.97963483125 0.5798245609375 0.972612359375 0.57894736875 0.96418539375 0.5947368421875 0.96418539375 0.604385965625 0.9676966296874999 0.610526315625
1 0 0.63105263125 0.0021067421875 0.6307017546875 0.0098314609375 0.6219298249999999 0.011235954687499999 0.6131578953125 0.0098314609375 0.5938596484375 0 0.5837461296875001 0 0.63105263125
1 0.012640450000000001 0.6140350875 0.020365168750000003 0.6298245609374999 0.0365168546875 0.6307017546875 0.0456460671875 0.6228070171875 0.049157303125 0.61491228125 0.04845505625 0.596491228125 0.040730337500000005 0.5833333328125 0.0238764046875 0.581578946875 0.01404494375 0.59298245625 0.012640450000000001 0.6140350875
1 0.0533707859375 0.5938596484375 0.054073034374999995 0.6157894734375 0.060393257812500004 0.6271929828125 0.07654494375000001 0.6271929828125 0.084971909375 0.6192982453125 0.0870786515625 0.59912280625 0.084971909375 0.5903508765625001 0.0779494375 0.582456140625 0.0625 0.581578946875 0.055477528124999995 0.5877192984375 0.0533707859375 0.5938596484375
1 0.09199438125 0.5912280703125 0.091292134375 0.611403509375 0.0969101125 0.6236842109375 0.110252809375 0.6280701750000001 0.1214887640625 0.6219298249999999 0.125 0.61491228125 0.125702246875 0.6026315796875 0.124297753125 0.5921052625 0.117977528125 0.582456140625 0.103932584375 0.5798245609375 0.09199438125 0.5912280703125
1 0.13904494375 0.6271929828125 0.1551966296875 0.6263157890625 0.1643258421875 0.6157894734375 0.1622191015625 0.5912280703125 0.15238764062500001 0.5807017546875 0.1362359546875 0.582456140625 0.1292134828125 0.5956140343749999 0.132022471875 0.6192982453125 0.13904494375 0.6271929828125
1 0.181882021875 0.617543859375 0.19803370781250001 0.6096491234375 0.21137640468750002 0.59298245625 0.20997190937500002 0.58508771875 0.2029494375 0.5771929828125 0.1762640453125 0.57894736875 0.16713483125 0.5894736843749999 0.16853932656249998 0.6078947375 0.181882021875 0.617543859375
1 0.258426965625 0.6008771937499999 0.3012640453125 0.6 0.3103932578125 0.588596490625 0.306882021875 0.5798245609375 0.29775280937500004 0.5763157890625 0.2549157296875 0.5771929828125 0.2478932578125 0.5833333328125 0.2478932578125 0.59298245625 0.258426965625 0.6008771937499999
1 0.36235955 0.59912280625 0.40449438125 0.59912280625 0.41713483125 0.588596490625 0.415028090625 0.5798245609375 0.4094101125 0.575438596875 0.3658707859375 0.5745614031249999 0.3574438203125 0.57894736875 0.35603932656250004 0.5912280703125 0.36235955 0.59912280625
1 0.471207865625 0.5973684203125 0.5105337078125001 0.6026315796875 0.5189606734375001 0.5903508765625001 0.5175561796875 0.5798245609375 0.5098314609375 0.5736842109375 0.47612359531250004 0.5728070171875 0.4655898875 0.57894736875 0.4655898875 0.5912280703125 0.471207865625 0.5973684203125
1 0.5435393265624999 0.5833333328125 0.5435393265624999 0.6052631578125001 0.5470505625000001 0.6166666671875001 0.5526685390625 0.62105263125 0.5660112359375 0.617543859375 0.5751404499999999 0.6008771937499999 0.575842696875 0.5807017546875 0.5674157296875 0.5736842109375 0.554073034375 0.5728070171875 0.547752809375 0.575438596875 0.5435393265624999 0.5833333328125
1 0.5969101125 0.5798245609375 0.596207865625 0.5938596484375 0.6039325843750001 0.61491228125 0.6095505625000001 0.6192982453125 0.6214887640625 0.6157894734375 0.630617978125 0.5938596484375 0.630617978125 0.5798245609375 0.6214887640625 0.571929825 0.6130617984375 0.5710526312499999 0.602528090625 0.5736842109375 0.5969101125 0.5798245609375
1 0.6530898875 0.6026315796875 0.66081460625 0.617543859375 0.6699438203125 0.617543859375 0.681882021875 0.6078947375 0.6875 0.5842105265625 0.6839887640625 0.575438596875 0.6762640453125 0.5710526312499999 0.6594101125 0.5710526312499999 0.65168539375 0.5807017546875 0.6530898875 0.6026315796875
1 0.7191011234375 0.5701754390625 0.709971909375 0.5798245609375 0.709971909375 0.596491228125 0.71418539375 0.6096491234375 0.721207865625 0.6166666671875001 0.7317415734375 0.61491228125 0.7373595500000001 0.6078947375 0.7408707859375 0.596491228125 0.7429775281250001 0.58508771875 0.7408707859375 0.5763157890625 0.7331460671875 0.5701754390625 0.7191011234375 0.5701754390625
1 0.7710674156249999 0.6122807015625 0.7830056187500001 0.61491228125 0.792837078125 0.6078947375 0.79845505625 0.5833333328125 0.7935393265624999 0.5710526312499999 0.7717696625 0.5692982453125001 0.764747190625 0.57894736875 0.764747190625 0.59298245625 0.7710674156249999 0.6122807015625
1 0.8223314609375001 0.5771929828125 0.8216292140625001 0.5903508765625001 0.8258426968749999 0.6087719296875 0.8307584265625 0.6140350875 0.8433988765624999 0.611403509375 0.8518258421875 0.5921052625 0.8532303375 0.581578946875 0.8504213484375001 0.571929825 0.8441011234375001 0.567543859375 0.8307584265625 0.567543859375 0.8223314609375001 0.5771929828125
1 0.881320225 0.568421053125 0.8778089890624999 0.5736842109375 0.875702246875 0.5877192984375 0.881320225 0.6087719296875 0.8855337078125001 0.6122807015625 0.8981741578125 0.610526315625 0.9044943812499999 0.6 0.9080056187500001 0.5842105265625 0.9058988765624999 0.5710526312499999 0.9009831453125001 0.5666666671875 0.8890449437499999 0.5657894734375 0.881320225 0.568421053125
1 0.931179775 0.588596490625 0.936797753125 0.6070175437499999 0.9417134828125 0.611403509375 0.9529494375 0.6096491234375 0.9613764046875 0.5903508765625001 0.9620786515624999 0.578070175 0.95786516875 0.567543859375 0.9410112359375 0.56491228125 0.931882021875 0.575438596875 0.931179775 0.588596490625
1 1 0.5640350875 0.993679775 0.5640350875 0.9866573031250001 0.5728070171875 0.9873595500000001 0.5938596484375 0.9922752812500001 0.6070175437499999 1 0.6083959906249999 1 0.5640350875