1 0 0.6319444437499999 0.006944443749999999 0.628472221875 0.015277778124999999 0.6145833328125 0.0125 0.5911458328125 0.002777778125 0.581597221875 0 0.581597221875 0 0.6319444437499999
1 0.05 0.620659721875 0.052777778124999994 0.6015625 0.0451388890625 0.5842013890625 0.0298611109375 0.5807291671875 0.0208333328125 0.5850694437499999 0.0166666671875 0.5920138890625 0.015972221875 0.6119791671875 0.0208333328125 0.6276041671875 0.040277778125000004 0.6302083328125 0.05 0.620659721875
1 0.084027778125 0.6241319437499999 0.0895833328125 0.6145833328125 0.0888888890625 0.59375 0.08055555625000001 0.582465278125 0.06527777812499999 0.581597221875 0.055555556250000006 0.5954861109375 0.05625 0.6111111109375 0.06527777812499999 0.6276041671875 0.07638888906249999 0.628472221875 0.084027778125 0.6241319437499999
1 0.115277778125 0.6276041671875 0.12430555624999999 0.621527778125 0.12847222187500001 0.6006944437499999 0.1208333328125 0.5833333328125 0.11319444375000001 0.5798611109375 0.102777778125 0.5807291671875 0.0951388890625 0.590277778125 0.09375 0.6102430562500001 0.09930555625000001 0.6232638890625 0.10694444375 0.6276041671875 0.115277778125 0.6276041671875
1 0.165972221875 0.6145833328125 0.16319444375 0.5911458328125 0.1541666671875 0.5807291671875 0.1416666671875 0.5807291671875 0.13194444375 0.5946180562500001 0.13333333281249998 0.6163194437499999 0.14375 0.6276041671875 0.1548611109375 0.6267361109375 0.165972221875 0.6145833328125
1 0.196527778125 0.6145833328125 0.20972222187499998 0.5989583328125 0.20833333281250002 0.5859375 0.1979166671875 0.578125 0.17986111093749999 0.5789930562500001 0.1708333328125 0.5885416671875 0.16944444375 0.6067708328125 0.1729166671875 0.6145833328125 0.1833333328125 0.620659721875 0.196527778125 0.6145833328125
1 0.29444444375 0.5963541671875 0.29652777812500003 0.5911458328125 0.2958333328125 0.5833333328125 0.2888888890625 0.578125 0.240277778125 0.5763888890625 0.23472222187499997 0.5833333328125 0.23402777812500003 0.5954861109375 0.23958333281250002 0.6006944437499999 0.28680555625 0.5998263890625 0.29444444375 0.5963541671875
1 0.39791666718749996 0.5963541671875 0.40277777812500004 0.589409721875 0.40138888906250003 0.5807291671875 0.3916666671875 0.5755208328125 0.35208333281250004 0.5755208328125 0.34375 0.5807291671875 0.34375 0.5946180562500001 0.35069444375000003 0.5998263890625 0.3888888890625 0.5989583328125 0.39791666718749996 0.5963541671875
1 0.50555555625 0.5946180562500001 0.5083333328124999 0.5876736109375 0.5076388890625 0.5798611109375 0.49791666718750005 0.573784721875 0.45694444375 0.573784721875 0.4513888890625 0.5789930562500001 0.4513888890625 0.5920138890625 0.45555555625000005 0.598090278125 0.49791666718750005 0.5989583328125 0.50555555625 0.5946180562500001
1 0.559722221875 0.6171875 0.565277778125 0.6076388890625 0.5694444437499999 0.5842013890625 0.5604166671875 0.573784721875 0.5479166671875 0.5729166671875 0.540277778125 0.5789930562500001 0.53680555625 0.59375 0.53680555625 0.6154513890625 0.5423611109375 0.620659721875 0.553472221875 0.620659721875 0.559722221875 0.6171875
1 0.61875 0.6076388890625 0.6243055562500001 0.5868055562500001 0.61875 0.5755208328125 0.5986111109375 0.5720486109375 0.5888888890625 0.582465278125 0.590972221875 0.6032986109375 0.5979166671875 0.6171875 0.60694444375 0.6197916671875 0.61875 0.6076388890625
1 0.6701388890625 0.6145833328125 0.6763888890625 0.6006944437499999 0.6763888890625 0.5789930562500001 0.6666666671875 0.5711805562500001 0.652777778125 0.5711805562500001 0.64444444375 0.578125 0.64305555625 0.5911458328125 0.6493055562500001 0.612847221875 0.6576388890625 0.6189236109375 0.6701388890625 0.6145833328125
1 0.7291666671875 0.6067708328125 0.734027778125 0.5868055562500001 0.7333333328125 0.5789930562500001 0.7291666671875 0.5729166671875 0.7104166671875001 0.5703125 0.7020833328125 0.5807291671875 0.702777778125 0.6024305562500001 0.7090277781250001 0.6154513890625 0.7194444437499999 0.6154513890625 0.7291666671875 0.6067708328125
1 0.784027778125 0.6067708328125 0.7888888890625 0.5807291671875 0.7826388890625 0.5711805562500001 0.7666666671875 0.5685763890625 0.7597222218749999 0.5720486109375 0.75555555625 0.5789930562500001 0.75555555625 0.5954861109375 0.7625 0.6119791671875 0.7736111109375 0.6154513890625 0.784027778125 0.6067708328125
1 0.8375 0.6067708328125 0.8430555562500001 0.5859375 0.8423611109375001 0.5763888890625 0.8388888890624999 0.5703125 0.8222222218749999 0.5677083328125 0.8166666671874999 0.5703125 0.8125 0.578125 0.8125 0.5946180562500001 0.81805555625 0.6111111109375 0.8270833328125 0.613715278125 0.8375 0.6067708328125
1 0.8875 0.6111111109375 0.8916666671875 0.605902778125 0.8965277781250001 0.5885416671875 0.89444444375 0.5720486109375 0.8895833328125 0.566840278125 0.88055555625 0.565972221875 0.8680555562500001 0.5729166671875 0.8652777781250001 0.5876736109375 0.8701388890624999 0.6067708328125 0.8756944437499999 0.612847221875 0.8875 0.6111111109375
1 0.9423611109375001 0.6085069437499999 0.95069444375 0.5850694437499999 0.9479166671874999 0.5694444437499999 0.9423611109375001 0.5651041671875 0.9305555562500001 0.5651041671875 0.9229166671875 0.5720486109375 0.9208333328125 0.5876736109375 0.92569444375 0.6067708328125 0.9305555562500001 0.6111111109375 0.9423611109375001 0.6085069437499999
1 0.99444444375 0.609375 0.9993055562500001 0.605034721875 0.9993055562500001 0.565972221875 0.9861111109375 0.5633680562500001 0.9763888890624999 0.5703125 0.97430555625 0.5859375 0.9798611109375001 0.6067708328125 0.9854166671875 0.6111111109375 0.99444444375 0.609375
0 0.19583333281249998 0 0.19375 0.0052083328125 0.19305555624999998 0.01649305625 0.19930555625 0.0260416671875 0.20972222187499998 0.0251736109375 0.2173611109375 0.014756943750000001 0.21805555625 0.0052083328125 0.215277778125 0 0.19583333281249998 0
0 0.2388888890625 0 0.21875 0.0008680562500000001 0.22430555624999998 0.006944443749999999 0.23194444375 0.0078125 0.2388888890625 0
0 0.23680555625 0.03819444375 0.23958333281250002 0.026909721874999997 0.23680555625 0.015625 0.22430555624999998 0.013888889062500001 0.21805555625 0.02256944375 0.2173611109375 0.0329861109375 0.222222221875 0.0416666671875 0.228472221875 0.0442708328125 0.23680555625 0.03819444375
0 0.21805555625 0.046875 0.21458333281250003 0.035590278125 0.20833333281250002 0.03125 0.196527778125 0.0390625 0.1986111109375 0.061631943749999994 0.20347222187499997 0.06423611093750001 0.21111111093749999 0.061631943749999994 0.21805555625 0.046875
0 0.23194444375 0.082465278125 0.23680555625 0.06944444375 0.23472222187499997 0.05208333281250001 0.22430555624999998 0.0494791671875 0.21805555625 0.0564236109375 0.215277778125 0.06770833281250001 0.21875 0.078125 0.2236111109375 0.08333333281250001 0.23194444375 0.082465278125
0 0.21597222187499998 0.09635416718749999 0.21944444375 0.08333333281250001 0.2104166671875 0.0703125 0.20416666718749998 0.0703125 0.19930555625 0.074652778125 0.19930555625 0.1015625 0.20208333281250002 0.105034721875 0.20833333281250002 0.105034721875 0.21597222187499998 0.09635416718749999
0 0.23333333281250002 0.1189236109375 0.23541666718749998 0.09548611093750001 0.23263888906250002 0.090277778125 0.2236111109375 0.089409721875 0.21458333281250003 0.1032986109375 0.21458333281250003 0.1145833328125 0.2201388890625 0.121527778125 0.228472221875 0.1232638890625 0.23333333281250002 0.1189236109375
0 0.22569444375 0.1380208328125 0.22569444375 0.12934027812499999 0.2138888890625 0.1171875 0.20277777812500003 0.1197916671875 0.20138888906250002 0.13628472187500001 0.20555555625 0.1458333328125 0.2166666671875 0.1458333328125 0.22569444375 0.1380208328125
0 0.23263888906250002 0.1640625 0.23263888906250002 0.1536458328125 0.228472221875 0.1484375 0.21805555625 0.1484375 0.2076388890625 0.15538194375 0.20694444375 0.17013888906250002 0.21319444375000002 0.17534722187500001 0.22430555624999998 0.17534722187500001 0.23263888906250002 0.1640625
0 0.23125 0.19618055625 0.2298611109375 0.1848958328125 0.22430555624999998 0.18055555625 0.2125 0.18055555625 0.20555555625 0.1875 0.20625 0.20138888906250002 0.21180555625 0.207465278125 0.225 0.206597221875 0.23125 0.19618055625
0 0.228472221875 0.23697916718749998 0.22916666718749998 0.22048611093749998 0.22430555624999998 0.21267361093749998 0.21597222187499998 0.21180555625 0.20694444375 0.21961805625 0.20694444375 0.23611111093749998 0.21111111093749999 0.2421875 0.22152777812500002 0.24392361093749998 0.228472221875 0.23697916718749998
0 0.22430555624999998 0.28125 0.228472221875 0.2717013890625 0.22916666718749998 0.2552083328125 0.22152777812500002 0.24826388906250002 0.21458333281250003 0.24913194375 0.20972222187499998 0.25434027812500004 0.20833333281250002 0.2673611109375 0.21111111093749999 0.2786458328125 0.21597222187499998 0.2829861109375 0.22430555624999998 0.28125
0 0.22916666718749998 0.3151041671875 0.228472221875 0.2942708328125 0.2208333328125 0.2873263890625 0.2104166671875 0.2942708328125 0.2104166671875 0.3177083328125 0.21597222187499998 0.32378472187499996 0.2236111109375 0.3229166671875 0.22916666718749998 0.3151041671875
0 0.22916666718749998 0.35069444375000003 0.22777777812500002 0.3342013890625 0.21875 0.32899305624999997 0.2104166671875 0.3359375 0.21180555625 0.3567708328125 0.2166666671875 0.36024305624999997 0.225 0.359375 0.22916666718749998 0.35069444375000003
0 0.22916666718749998 0.3932291671875 0.22916666718749998 0.37152777812500004 0.2236111109375 0.36631944375000003 0.2173611109375 0.36631944375000003 0.21111111093749999 0.3723958328125 0.21180555625 0.39409722187499996 0.2166666671875 0.39930555624999997 0.2270833328125 0.3967013890625 0.22916666718749998 0.3932291671875
0 0.2298611109375 0.4314236109375 0.22916666718749998 0.41059027812500004 0.2201388890625 0.4045138890625 0.21111111093749999 0.4114583328125 0.21180555625 0.43402777812500004 0.2166666671875 0.4392361109375 0.22777777812500002 0.43663194375 0.2298611109375 0.4314236109375
0 0.225 0.48090277812500004 0.23125 0.4713541671875 0.2298611109375 0.4505208328125 0.22430555624999998 0.4453125 0.21875 0.4453125 0.2138888890625 0.44965277812500004 0.21111111093749999 0.45399305625 0.21180555625 0.47309027812500004 0.2166666671875 0.48090277812500004 0.225 0.48090277812500004
0 0.23194444375 0.5095486109375 0.2298611109375 0.49131944375 0.22430555624999998 0.4869791671875 0.21805555625 0.4869791671875 0.21180555625 0.49305555625 0.2125 0.5130208328125 0.21875 0.519965278125 0.22777777812500002 0.5182291671875 0.23194444375 0.5095486109375
0 0.23055555625 0.5520833328125 0.23263888906250002 0.5373263890625 0.22916666718749998 0.527777778125 0.21944444375 0.5251736109375 0.2125 0.5321180562500001 0.2125 0.5486111109375 0.21597222187499998 0.5564236109375 0.22430555624999998 0.5564236109375 0.23055555625 0.5520833328125
0 0.23194444375 0.5850694437499999 0.23402777812500003 0.574652778125 0.23055555625 0.5633680562500001 0.2208333328125 0.5607638890625 0.2138888890625 0.5633680562500001 0.21180555625 0.5677083328125 0.21180555625 0.5798611109375 0.2166666671875 0.589409721875 0.22430555624999998 0.5928819437499999 0.23194444375 0.5850694437499999
0 0.34027777812500004 0.589409721875 0.33888888906250003 0.5807291671875 0.334027778125 0.5763888890625 0.3166666671875 0.5763888890625 0.31180555625 0.582465278125 0.3125 0.5946180562500001 0.31875 0.5998263890625 0.3361111109375 0.598090278125 0.34027777812500004 0.589409721875
0 0.447222221875 0.5920138890625 0.4479166671875 0.5798611109375 0.44375 0.574652778125 0.425 0.574652778125 0.4201388890625 0.5789930562500001 0.41875 0.5876736109375 0.4236111109375 0.598090278125 0.43958333281249995 0.598090278125 0.447222221875 0.5920138890625
0 0.5298611109375 0.612847221875 0.534027778125 0.6067708328125 0.534722221875 0.5807291671875 0.52569444375 0.5755208328125 0.5208333328125 0.578125 0.515972221875 0.5868055562500001 0.5145833328125 0.5998263890625 0.5166666671875 0.6111111109375 0.5215277781250001 0.6154513890625 0.5298611109375 0.612847221875
0 0.5888888890625 0.6145833328125 0.58819444375 0.5989583328125 0.5826388890625 0.589409721875 0.5736111109375 0.590277778125 0.56875 0.6032986109375 0.56805555625 0.6119791671875 0.571527778125 0.620659721875 0.58125 0.621527778125 0.5888888890625 0.6145833328125
0 0.64375 0.6085069437499999 0.640277778125 0.5928819437499999 0.6354166671875 0.5885416671875 0.627777778125 0.5911458328125 0.6229166671875 0.605034721875 0.6229166671875 0.6145833328125 0.6270833328125 0.620659721875 0.6388888890625 0.6180555562500001 0.64375 0.6085069437499999
0 0.6979166671875 0.6111111109375 0.6986111109375 0.5946180562500001 0.69375 0.5833333328125 0.6854166671875 0.5842013890625 0.6805555562500001 0.59375 0.6798611109375 0.6076388890625 0.684027778125 0.6145833328125 0.6923611109375 0.6163194437499999 0.6979166671875 0.6111111109375
0 0.7541666671875 0.6067708328125 0.753472221875 0.5954861109375 0.747222221875 0.5850694437499999 0.7395833328125 0.5868055562500001 0.7354166671875 0.598090278125 0.734027778125 0.6111111109375 0.73680555625 0.6163194437499999 0.7479166671875 0.6163194437499999 0.7541666671875 0.6067708328125
0 0.809027778125 0.6076388890625 0.8083333328125001 0.5920138890625 0.803472221875 0.5842013890625 0.796527778125 0.5850694437499999 0.7909722218749999 0.5989583328125 0.7909722218749999 0.6085069437499999 0.7979166671875 0.6154513890625 0.80625 0.612847221875 0.809027778125 0.6076388890625
0 0.86319444375 0.605034721875 0.859722221875 0.5850694437499999 0.84930555625 0.5850694437499999 0.8444444437499999 0.5998263890625 0.84375 0.6067708328125 0.847222221875 0.613715278125 0.8576388890625 0.613715278125 0.86319444375 0.605034721875
0 0.91875 0.6015625 0.9159722218749999 0.5833333328125 0.91180555625 0.5807291671875 0.9055555562500001 0.581597221875 0.8993055562500001 0.5946180562500001 0.8993055562500001 0.6076388890625 0.9048611109375001 0.612847221875 0.9125 0.6119791671875 0.91875 0.6015625
0 0.9666666671874999 0.5868055562500001 0.9583333328125001 0.5954861109375 0.9576388890624999 0.6119791671875 0.9694444437499999 0.6119791671875 0.971527778125 0.6032986109375 0.9666666671874999 0.5868055562500001