1 0 0.6355505171875 0.0035260937499999997 0.634920634375 0.0105782796875 0.6269841265625 0.012693934374999999 0.6208112875 0.012693934374999999 0.604938271875 0.0098730609375 0.5943562609375 0.0042313109375 0.588183421875 0 0.5862594203125 0 0.6355505171875
1 0.049365303124999996 0.599647265625 0.0451339921875 0.5917107578125 0.0394922421875 0.5855379187499999 0.0317348375 0.5846560843749999 0.031029618749999998 0.5846560843749999 0.021156557812499997 0.58906525625 0.016925246875 0.5943562609375 0.014809590624999999 0.6040564374999999 0.015514809374999999 0.618165784375 0.021156557812499997 0.6313932984374999 0.0260930890625 0.634920634375 0.03596615 0.634920634375 0.045839209375 0.6278659609374999 0.050775740624999996 0.6128747796875 0.049365303124999996 0.599647265625
1 0.082510578125 0.58906525625 0.0747531734375 0.5846560843749999 0.0712270796875 0.5846560843749999 0.0606488015625 0.586419753125 0.053596615624999996 0.599647265625 0.053596615624999996 0.6119929453124999 0.056417489062500006 0.6234567906249999 0.0613540203125 0.6305114640625 0.06558533125 0.6322751328125 0.079689703125 0.6305114640625 0.08815232656250001 0.6208112875 0.087447109375 0.5970017640624999 0.082510578125 0.58906525625
1 0.11918194687500001 0.586419753125 0.1121297609375 0.58377425 0.1057827921875 0.58377425 0.09308885781250001 0.5943562609375 0.09308885781250001 0.618165784375 0.099435825 0.6287477953125 0.1057827921875 0.6322751328125 0.11354019687500001 0.6322751328125 0.12341325781250001 0.6252204578125 0.1276445703125 0.6102292765625 0.1269393515625 0.601410934375 0.12270803906250001 0.5908289234375 0.11918194687500001 0.586419753125
1 0.146685471875 0.58377425 0.14598025312500001 0.582892415625 0.1389280671875 0.5855379187499999 0.135401975 0.5899470906250001 0.129760225 0.606701940625 0.13469675625 0.624338625 0.1410437234375 0.6313932984374999 0.15796897031249998 0.6296296296875 0.16643159375 0.6164021156249999 0.16290549999999998 0.5934744265624999 0.153737659375 0.5846560843749999 0.146685471875 0.58377425
1 0.213681240625 0.5952380953125 0.2108603671875 0.588183421875 0.20380818125000003 0.5811287484375 0.20028208749999998 0.5811287484375 0.182651621875 0.5820105812499999 0.1734837796875 0.586419753125 0.1699576875 0.5908289234375 0.16854724999999998 0.5978835984375 0.17066290625 0.6128747796875 0.17771509218749998 0.6199294531249999 0.1875881515625 0.621693121875 0.2094499296875 0.60582010625 0.212976021875 0.601410934375 0.213681240625 0.5952380953125
1 0.30253878749999996 0.586419753125 0.29760225625 0.5820105812499999 0.287023978125 0.5802469140625 0.283497884375 0.5802469140625 0.253173484375 0.5811287484375 0.248942171875 0.5855379187499999 0.2454160796875 0.5820105812499999 0.24118476718749998 0.58906525625 0.2447108609375 0.599647265625 0.2595204515625 0.6040564374999999 0.2898448515625 0.6040564374999999 0.2997179125 0.6005290999999999 0.30324400625000003 0.5961199296874999 0.30253878749999996 0.586419753125
1 0.42313117031249997 0.5784832453125001 0.41960507812500003 0.5784832453125001 0.379407615625 0.5793650796875001 0.3744710859375 0.58377425 0.3737658671875 0.5943562609375 0.3772919609375 0.601410934375 0.381523271875 0.603174603125 0.42665726406250004 0.601410934375 0.43370945 0.5952380953125 0.43511988749999997 0.588183421875 0.43229901249999997 0.5811287484375 0.42313117031249997 0.5784832453125001
1 0.5267983078125 0.5793650796875001 0.515514809375 0.5767195765625 0.5119887171874999 0.5767195765625 0.487306065625 0.5776014109375 0.48307475312500003 0.5873015875 0.48448519062499995 0.5970017640624999 0.487306065625 0.601410934375 0.49647390625 0.603174603125 0.514809590625 0.6137566140625 0.5239774328125 0.6102292765625 0.53102961875 0.5987654328125 0.53244005625 0.5873015875 0.5267983078125 0.5793650796875001
1 0.5789844859375 0.5767195765625 0.5705218624999999 0.5758377421875001 0.569111425 0.5758377421875001 0.5585331453125 0.5793650796875001 0.553596615625 0.588183421875 0.5564174890625 0.6119929453124999 0.56558533125 0.6252204578125 0.579689703125 0.621693121875 0.585331453125 0.6119929453124999 0.5888575453125 0.5961199296874999 0.5888575453125 0.5873015875 0.585331453125 0.5811287484375 0.5789844859375 0.5767195765625
1 0.6276445703125 0.5749559078125001 0.6241184765625001 0.5749559078125001 0.615655853125 0.5776014109375 0.6100141046875 0.5917107578125 0.616361071875 0.618165784375 0.6255289140625 0.6234567906249999 0.6339915375 0.6199294531249999 0.6389280671875001 0.6137566140625 0.6445698171875 0.5961199296874999 0.6438645984375 0.582892415625 0.6375176296875 0.5767195765625 0.6276445703125 0.5749559078125001
1 0.686882934375 0.5740740734374999 0.681946403125 0.5740740734374999 0.67066290625 0.5767195765625 0.6643159375 0.58906525625 0.66854725 0.6111111109375 0.6727785609375 0.61728395 0.6770098734375 0.61904761875 0.686177715625 0.618165784375 0.6911142453125 0.6146384484375 0.69957686875 0.5952380953125 0.69887165 0.5811287484375 0.686882934375 0.5740740734374999
1 0.7517630468750001 0.5767195765625 0.7440056421875 0.573192240625 0.7397743296875 0.573192240625 0.7263751765625 0.5749559078125001 0.720733428125 0.5855379187499999 0.7235543015625 0.6075837749999999 0.7270803953125 0.6164021156249999 0.7334273625 0.6208112875 0.7454160796875 0.61728395 0.751057828125 0.6111111109375 0.753878703125 0.603174603125 0.7559943578125 0.5846560843749999 0.7517630468750001 0.5767195765625
1 0.8011283499999999 0.57231040625 0.7971318765625 0.57231040625 0.7842031031250001 0.5749559078125001 0.7778561359375 0.5873015875 0.782087446875 0.6111111109375 0.7891396328125 0.61904761875 0.8011283499999999 0.6164021156249999 0.8053596609375001 0.6119929453124999 0.8088857546874999 0.601410934375 0.8110014109374999 0.5820105812499999 0.8074753171875001 0.5758377421875001 0.8011283499999999 0.57231040625
1 0.8536671374999999 0.5714285718750001 0.8385049359375 0.573192240625 0.8328631874999999 0.5846560843749999 0.8370945000000001 0.6102292765625 0.8434414671875 0.61728395 0.8561354015625 0.6155202828124999 0.8624823703125 0.60582010625 0.8660084625 0.582892415625 0.86389280625 0.5758377421875001 0.8575458390625 0.5714285718750001 0.8536671374999999 0.5714285718750001
1 0.912552890625 0.569664903125 0.9083215796875 0.569664903125 0.8977432999999999 0.5705467375 0.8899858953124999 0.5820105812499999 0.8928067703125 0.606701940625 0.8963328625000001 0.6137566140625 0.9019746124999999 0.61728395 0.9118476734375 0.6137566140625 0.918899859375 0.5987654328125 0.9203102968750001 0.5793650796875001 0.9174894218749999 0.573192240625 0.912552890625 0.569664903125
1 0.9675599437500001 0.5679012343750001 0.9640338500000001 0.5679012343750001 0.950634696875 0.569664903125 0.9435825109374999 0.582892415625 0.9456981671875001 0.601410934375 0.949224259375 0.6102292765625 0.954160790625 0.6146384484375 0.9682651625 0.6119929453124999 0.9753173484375001 0.5970017640624999 0.9760225671875 0.5793650796875001 0.9746121296875 0.5740740734374999 0.9675599437500001 0.5679012343750001
0 0.1900884734375 0 0.19111424531250001 0.014109346875000001 0.19746121249999998 0.018518518749999997 0.2080394921875 0.016754849999999998 0.215091678125 0.0044091703125 0.2144505703125 0 0.1900884734375 0
0 0.22990126875 0.0044091703125 0.22602256718749997 0.0044091703125 0.22214386406250003 0.0044091703125 0.217207334375 0.0097001765625 0.214386459375 0.0202821875 0.215796896875 0.0299823640625 0.2214386453125 0.036155203125 0.22849083281250002 0.036155203125 0.23483779999999999 0.0299823640625 0.23695345625000003 0.0114638453125 0.23483779999999999 0.007054673437500001 0.22990126875 0.0044091703125
0 0.1946403390625 0.027336860937500002 0.1918194640625 0.03527336875 0.1939351203125 0.051146384375 0.19816643125 0.0573192234375 0.20592383593750002 0.056437389062499996 0.215091678125 0.041446207812500004 0.214386459375 0.03174603125 0.20662905468749998 0.0238095234375 0.20028208749999998 0.0238095234375 0.1946403390625 0.027336860937500002
0 0.22496473906249997 0.0423280421875 0.22002820937499998 0.0432098765625 0.215796896875 0.04850088125 0.2122708046875 0.0599647265625 0.214386459375 0.067901234375 0.22073342812500002 0.0758377421875 0.2306064875 0.073192240625 0.23342736249999999 0.066137565625 0.23413258125 0.049382715625000004 0.22849083281250002 0.0423280421875 0.22496473906249997 0.0423280421875
0 0.196050775 0.067901234375 0.1946403390625 0.073192240625 0.196050775 0.0943562609375 0.20028208749999998 0.0978835984375 0.20592383593750002 0.0970017640625 0.215796896875 0.07936507968749999 0.214386459375 0.07231040625 0.20592383593750002 0.06349206406249999 0.20169252499999998 0.06349206406249999 0.196050775 0.067901234375
0 0.20521861718749998 0.107583775 0.19887165 0.1146384484375 0.19887165 0.1331569671875 0.20028208749999998 0.136684303125 0.20662905468749998 0.140211640625 0.21861777187500003 0.134920634375 0.2228490828125 0.1278659609375 0.2228490828125 0.12257495624999999 0.215796896875 0.1137566140625 0.20592383593750002 0.107583775 0.20521861718749998 0.107583775
0 0.2080394921875 0.20634920625 0.20310296249999998 0.2142857140625 0.2045133984375 0.2292768953125 0.2115655859375 0.23633157031250002 0.22073342812500002 0.23456790156250001 0.22496473906249997 0.2301587296875 0.22708039531250002 0.21075837812499998 0.22073342812500002 0.2045855375 0.21614950624999998 0.2045855375 0.2080394921875 0.20634920625
0 0.215091678125 0.0873015875 0.2101551484375 0.0978835984375 0.2115655859375 0.10582010625 0.22214386406250003 0.1155202828125 0.22849083281250002 0.1137566140625 0.23131170625 0.1093474421875 0.23272214375 0.0873015875 0.22708039531250002 0.0811287484375 0.22214386406250003 0.0811287484375 0.215091678125 0.0873015875
0 0.20874471093750002 0.1446208109375 0.20380818125000003 0.151675484375 0.20521861718749998 0.1622574953125 0.212976021875 0.168430334375 0.2228490828125 0.1666666671875 0.22990126875 0.156966490625 0.22990126875 0.1437389765625 0.2228490828125 0.1375661375 0.22073342812500002 0.1375661375 0.20874471093750002 0.1446208109375
0 0.2101551484375 0.1710758375 0.20239774375000003 0.17901234531250002 0.20239774375000003 0.19135802500000001 0.2080394921875 0.1992945328125 0.21861777187500003 0.2001763671875 0.22496473906249997 0.1957671953125 0.22849083281250002 0.1851851859375 0.2277856140625 0.17901234531250002 0.22355430156249997 0.173721340625 0.215796896875 0.1710758375 0.2101551484375 0.1710758375
0 0.2101551484375 0.242504409375 0.20521861718749998 0.2495590828125 0.20592383593750002 0.2680776015625 0.212976021875 0.27601410937500004 0.2214386453125 0.27336860625 0.22566995781250002 0.2654320984375 0.2263751765625 0.2486772484375 0.219322990625 0.240740740625 0.214386459375 0.240740740625 0.2101551484375 0.242504409375
0 0.20874471093750002 0.2848324515625 0.20662905468749998 0.29012345625 0.2080394921875 0.313051146875 0.212976021875 0.3174603171875 0.2214386453125 0.3165784828125 0.22566995781250002 0.309523809375 0.22566995781250002 0.289241621875 0.217912553125 0.2804232796875 0.216502115625 0.2804232796875 0.20874471093750002 0.2848324515625
0 0.2115655859375 0.324514990625 0.20733427343750002 0.331569665625 0.2080394921875 0.3536155203125 0.215091678125 0.35978835937500003 0.2214386453125 0.358906525 0.2263751765625 0.3500881828125 0.22566995781250002 0.3289241625 0.217912553125 0.3227513234375 0.216502115625 0.3227513234375 0.2115655859375 0.324514990625
0 0.2115655859375 0.365079365625 0.20733427343750002 0.37125220468750003 0.2080394921875 0.393298059375 0.213681240625 0.400352734375 0.22073342812500002 0.39947089999999996 0.2263751765625 0.393298059375 0.2263751765625 0.36948853593750003 0.2214386453125 0.36419753125 0.217207334375 0.36419753125 0.2115655859375 0.365079365625
0 0.2080394921875 0.41358024687499995 0.20874471093750002 0.42945326250000004 0.2108603671875 0.4356261015625 0.215091678125 0.43827160468750004 0.2214386453125 0.43738977031250004 0.22708039531250002 0.42945326250000004 0.2263751765625 0.4126984125 0.22073342812500002 0.40652557343750007 0.215796896875 0.40652557343750007 0.2080394921875 0.41358024687499995
0 0.2094499296875 0.44885361562500004 0.2080394921875 0.4541446203125 0.20874471093750002 0.4700176359375 0.214386459375 0.4770723109375 0.2214386453125 0.4770723109375 0.22708039531250002 0.4726631390625 0.22708039531250002 0.44885361562500004 0.2214386453125 0.4435626109375 0.215796896875 0.4435626109375 0.2094499296875 0.44885361562500004
0 0.217207334375 0.48236331562499996 0.20874471093750002 0.4894179890625 0.2080394921875 0.4955908296875 0.2094499296875 0.5114638453125 0.2122708046875 0.51675485 0.216502115625 0.51851851875 0.22355430156249997 0.517636684375 0.22849083281250002 0.5070546734375 0.22708039531250002 0.4876543203125 0.2214386453125 0.48236331562499996 0.217207334375 0.48236331562499996
0 0.2122708046875 0.5264550265625 0.20874471093750002 0.5335097 0.20874471093750002 0.5458553796875 0.213681240625 0.5582010578125 0.22425952031250002 0.5573192234375 0.22919605 0.549382715625 0.22849083281250002 0.530864196875 0.22214386406250003 0.5246913578125 0.215796896875 0.5246913578125 0.2122708046875 0.5264550265625
0 0.2115655859375 0.5670194000000001 0.2094499296875 0.5776014109375 0.217912553125 0.5925925921874999 0.22919605 0.5961199296874999 0.23483779999999999 0.5908289234375 0.23554301875 0.5855379187499999 0.22849083281250002 0.56878306875 0.22355430156249997 0.5643738984375 0.22002820937499998 0.5643738984375 0.2115655859375 0.5670194000000001
0 0.314527503125 0.5802469140625 0.3102961921875 0.58377425 0.3088857546875 0.5961199296874999 0.313117065625 0.603174603125 0.3265162203125 0.6040564374999999 0.3377997171875 0.5970017640624999 0.3377997171875 0.5855379187499999 0.3300423125 0.5802469140625 0.3261636109375 0.5802469140625 0.314527503125 0.5802469140625
0 0.346262340625 0.5820105812499999 0.3434414671875 0.5925925921874999 0.347672778125 0.60229276875 0.3596614953125 0.6040564374999999 0.36953455625 0.599647265625 0.3716502109375 0.5943562609375 0.3709449921875 0.5846560843749999 0.364598025 0.5793650796875001 0.3603667140625 0.5793650796875001 0.346262340625 0.5820105812499999
0 0.45980253906249996 0.5776014109375 0.452750353125 0.582892415625 0.45204513437499994 0.5925925921874999 0.4555712265625 0.6005290999999999 0.4760225671875 0.6005290999999999 0.480253878125 0.5934744265624999 0.480253878125 0.58377425 0.4753173484375 0.5776014109375 0.4714386453125 0.5776014109375 0.45980253906249996 0.5776014109375
0 0.53667136875 0.5925925921874999 0.5317348375 0.606701940625 0.5331452750000001 0.621693121875 0.5423131171875 0.6261022921875 0.551480959375 0.61904761875 0.553596615625 0.6111111109375 0.552186178125 0.5978835984375 0.546544428125 0.588183421875 0.5430183359375 0.588183421875 0.53667136875 0.5925925921874999
0 0.5930888578125 0.5943562609375 0.5888575453125 0.6075837749999999 0.5895627640625001 0.6199294531249999 0.5973201687499999 0.6261022921875 0.6029619187499999 0.6252204578125 0.6107193234375 0.6155202828124999 0.6086036671875 0.599647265625 0.60155148125 0.5908289234375 0.5980253875 0.5908289234375 0.5930888578125 0.5943562609375
0 0.6480959093750001 0.5961199296874999 0.6438645984375 0.6075837749999999 0.6445698171875 0.6199294531249999 0.650211565625 0.6252204578125 0.6593794078124999 0.6234567906249999 0.665726375 0.6146384484375 0.66361071875 0.599647265625 0.6579689703125 0.5925925921874999 0.652327221875 0.5925925921874999 0.6480959093750001 0.5961199296874999
0 0.70380818125 0.5952380953125 0.69957686875 0.6084656078124999 0.7009873062499999 0.61904761875 0.7073342734375 0.62257495625 0.7157968968749999 0.6199294531249999 0.720028209375 0.6128747796875 0.718617771875 0.5987654328125 0.7136812406249999 0.5908289234375 0.7080394921875001 0.5908289234375 0.70380818125 0.5952380953125
0 0.7665726375 0.588183421875 0.7609308890625 0.5917107578125 0.7566995765625 0.60582010625 0.7566995765625 0.6155202828124999 0.7602256703125 0.6208112875 0.7644569812500001 0.621693121875 0.7722143859374999 0.61904761875 0.7771509171875 0.6084656078124999 0.7743300421875 0.5925925921874999 0.77009873125 0.588183421875 0.7665726375 0.588183421875
0 0.817348378125 0.5908289234375 0.8117066296875001 0.6075837749999999 0.8124118484375 0.6146384484375 0.818053596875 0.6199294531249999 0.8251057828125001 0.61904761875 0.8307475312499999 0.6119929453124999 0.8300423125 0.5952380953125 0.8251057828125001 0.588183421875 0.8222849078125 0.588183421875 0.817348378125 0.5908289234375
0 0.8702397749999999 0.5934744265624999 0.86812411875 0.6102292765625 0.8688293375 0.6155202828124999 0.8737658671874999 0.61904761875 0.882228490625 0.61728395 0.8878702390625 0.606701940625 0.885049365625 0.58906525625 0.882228490625 0.586419753125 0.8758815234374999 0.586419753125 0.8702397749999999 0.5934744265624999
0 0.9259520453125001 0.5899470906250001 0.9224259515625001 0.603174603125 0.9224259515625001 0.6111111109375 0.9294781375 0.61728395 0.93723554375 0.6155202828124999 0.9414668546874999 0.6075837749999999 0.9393511984374999 0.58906525625 0.9351198875 0.5846560843749999 0.93018335625 0.5846560843749999 0.9259520453125001 0.5899470906250001
0 0.9894217203125001 0.582892415625 0.985895628125 0.582892415625 0.9788434421875 0.5952380953125 0.9788434421875 0.6111111109375 0.982369534375 0.6155202828124999 0.9922425953125 0.6146384484375 0.9957686890625 0.6111111109375 0.99788434375 0.599647265625 0.99647390625 0.5873015875 0.9929478140624999 0.582892415625 0.9894217203125001 0.582892415625