1 0.002148996875 0.6263440859375 0.010028653125 0.6442652328125 0.0243553015625 0.6460573484375 0.033667621875 0.6388888890625 0.037249284375000004 0.629928315625 0.0365329515625 0.614695340625 0.0286532953125 0.5985663078125001 0.013610315625 0.5958781359375 0.0028653296875000003 0.6057347671875 0.002148996875 0.6263440859375
1 0.0408309453125 0.609318996875 0.0401146125 0.62275985625 0.0444126078125 0.6370967734375 0.049426934374999995 0.64247311875 0.06805157656250001 0.640681003125 0.07664756406249999 0.629928315625 0.0759312328125 0.610215053125 0.0666189109375 0.59677419375 0.05014326718749999 0.5958781359375 0.0444126078125 0.6003584234375 0.0408309453125 0.609318996875
1 0.0802292265625 0.6281361999999999 0.0866762171875 0.6388888890625 0.10100286562500001 0.643369175 0.1081661890625 0.640681003125 0.113180515625 0.6335125453125 0.11461318125 0.609318996875 0.105300859375 0.5958781359375 0.0909742125 0.5949820781249999 0.0802292265625 0.606630825 0.0802292265625 0.6281361999999999
1 0.12034383906249999 0.629928315625 0.1282234953125 0.64247311875 0.140401146875 0.643369175 0.148997134375 0.6388888890625 0.1532951296875 0.6317204296875001 0.1540114609375 0.610215053125 0.1454154734375 0.59677419375 0.128939828125 0.5949820781249999 0.1196275078125 0.609318996875 0.12034383906249999 0.629928315625
1 0.1676217765625 0.640681003125 0.1812320921875 0.640681003125 0.19484240625 0.624551971875 0.19627507187499998 0.609318996875 0.1855300859375 0.5949820781249999 0.1676217765625 0.594086021875 0.15902578750000002 0.604838709375 0.15902578750000002 0.6290322578125 0.1676217765625 0.640681003125
1 0.2113180515625 0.6173835125 0.25143266406250003 0.614695340625 0.25787965625 0.6021505375 0.25358166249999997 0.5931899640625 0.22851002812500001 0.5878136203125 0.20988538750000002 0.59139785 0.2034383953125 0.599462365625 0.2034383953125 0.610215053125 0.2113180515625 0.6173835125
1 0.33309455625 0.609318996875 0.3424068765625 0.6155913984375 0.3839541546875 0.6137992828125001 0.3896848140625 0.6111111109375 0.394699140625 0.6021505375 0.390401146875 0.59229390625 0.383237821875 0.589605734375 0.34097421250000004 0.589605734375 0.3323782234375 0.5949820781249999 0.33309455625 0.609318996875
1 0.44985673281249994 0.6137992828125001 0.49570200625 0.61200716875 0.5028653296875001 0.6021505375 0.502148996875 0.594086021875 0.49498567343750005 0.5878136203125 0.4491404015625 0.5878136203125 0.441977078125 0.5949820781249999 0.441977078125 0.6057347671875 0.44985673281249994 0.6137992828125001
1 0.5451289390625 0.59139785 0.541547278125 0.6030465953124999 0.5386819484375 0.6209677421875 0.5401146125 0.6308243734375 0.5444126078125 0.6362007171874999 0.5508595984375 0.6370967734375 0.5594555875 0.635304659375 0.5680515765624999 0.62724014375 0.5752149 0.599462365625 0.56733524375 0.5887096781250001 0.5508595984375 0.5869175624999999 0.5451289390625 0.59139785
1 0.601002865625 0.5878136203125 0.5967048703125 0.5949820781249999 0.5959885390624999 0.60752688125 0.6002865328125 0.624551971875 0.609598853125 0.6344086015625 0.6217765046875 0.6308243734375 0.6275071640625 0.6218638000000001 0.6318051578125 0.604838709375 0.6303724921875 0.5931899640625 0.6239255015625 0.5869175624999999 0.6060171921874999 0.5860215046875 0.601002865625 0.5878136203125
1 0.65472779375 0.5905017921875 0.6518624640625 0.604838709375 0.65830945625 0.6281361999999999 0.6633237828125 0.6335125453125 0.6762177656249999 0.6308243734375 0.68266475625 0.6218638000000001 0.68696275 0.6021505375 0.6855300859375 0.59139785 0.6747851 0.5851254484374999 0.660458453125 0.5851254484374999 0.65472779375 0.5905017921875
1 0.716332378125 0.629928315625 0.7270773640625 0.6326164875 0.739971346875 0.6218638000000001 0.744269340625 0.594086021875 0.7371060171875 0.5851254484374999 0.7156160453125 0.5851254484374999 0.7091690546875 0.5958781359375 0.7113180515625 0.6209677421875 0.716332378125 0.629928315625
1 0.7693409734375 0.6155913984375 0.7750716328125 0.6281361999999999 0.7843839546875 0.6308243734375 0.7951289390625 0.6218638000000001 0.8008595984375001 0.6021505375 0.8008595984375001 0.594086021875 0.7965616046874999 0.5860215046875 0.775787965625 0.5833333328125 0.767908309375 0.594086021875 0.7693409734375 0.6155913984375
1 0.8237822343750001 0.610215053125 0.8323782234375001 0.6281361999999999 0.8438395421875 0.6290322578125 0.8517191984375 0.6218638000000001 0.8567335249999999 0.5931899640625 0.851002865625 0.5833333328125 0.8338108875 0.58154121875 0.8273638968749999 0.5851254484374999 0.8230659031249999 0.5931899640625 0.8237822343750001 0.610215053125
1 0.881088825 0.6030465953124999 0.88538681875 0.6218638000000001 0.89255014375 0.6281361999999999 0.9040114609375 0.624551971875 0.91260745 0.6012544796875 0.910458453125 0.5851254484374999 0.9054441265625 0.5806451609375001 0.8932664750000001 0.5797491046875 0.8839541546874999 0.5860215046875 0.881088825 0.6030465953124999
1 0.9383954156250001 0.5860215046875 0.93624641875 0.6039426515625 0.9412607453125 0.6218638000000001 0.94842406875 0.62724014375 0.9584527218750001 0.624551971875 0.96418338125 0.6164874546875 0.96776504375 0.6021505375 0.9656160453125 0.584229390625 0.962034384375 0.5797491046875 0.9477077359375 0.578853046875 0.9383954156250001 0.5860215046875
0 0.1959169046875 0 0.19842406875000002 0.0062724015625 0.20916905468749997 0.009856631250000001 0.21418338124999997 0.007168459375 0.21815076093750002 0 0.1959169046875 0
0 0.224407396875 0 0.22206303749999998 0.00537634375 0.2213467046875 0.017025089062500002 0.22707736406249998 0.0259856625 0.23638968437500002 0.026881720312500003 0.24212034375 0.0215053765625 0.2449856734375 0.002688171875 0.243373925 0 0.224407396875 0
0 0.20415472812500002 0.047491039062500004 0.2134670484375 0.046594982812500005 0.2213467046875 0.0340501796875 0.21991404062500003 0.02060931875 0.2134670484375 0.015232975000000001 0.206303725 0.015232975000000001 0.19914040156249999 0.0215053765625 0.1998567328125 0.0421146953125 0.20415472812500002 0.047491039062500004
0 0.22636103125 0.0654121859375 0.235673353125 0.0654121859375 0.2406876796875 0.059139784375000004 0.24212034375 0.04032258125 0.23782235 0.0340501796875 0.22922636093749998 0.033154121875 0.220630371875 0.0448028671875 0.21991404062500003 0.053763440625000006 0.22636103125 0.0654121859375
0 0.21919770781249998 0.0797491046875 0.22206303749999998 0.0645161296875 0.212750715625 0.053763440625000006 0.206303725 0.054659498437499995 0.2012893984375 0.060931900000000004 0.2027220625 0.0860215046875 0.212750715625 0.0878136203125 0.21919770781249998 0.0797491046875
0 0.21991404062500003 0.09318996406249999 0.2227793703125 0.1021505375 0.22851002812500001 0.1084229390625 0.23638968437500002 0.1084229390625 0.239971346875 0.0985663078125 0.2392550140625 0.07616487499999999 0.235673353125 0.0725806453125 0.227793696875 0.0725806453125 0.22206303749999998 0.078853046875 0.21991404062500003 0.09318996406249999
0 0.2034383953125 0.120071684375 0.2077363890625 0.1290322578125 0.212750715625 0.129928315625 0.21991404062500003 0.125448028125 0.22636103125 0.11648745468749999 0.2256446984375 0.1084229390625 0.216332378125 0.09677419375 0.20916905468749997 0.0958781359375 0.20415472812500002 0.1039426515625 0.2034383953125 0.120071684375
0 0.21704871093749997 0.1514336921875 0.22851002812500001 0.15322580624999999 0.2371060171875 0.1460573484375 0.23782235 0.12813619999999998 0.23280802343749998 0.12275985625000001 0.2256446984375 0.12365591406250001 0.2134670484375 0.13709677343749999 0.21203438437500002 0.1442652328125 0.21704871093749997 0.1514336921875
0 0.2156160453125 0.1854838703125 0.22851002812500001 0.18369175625 0.2342406875 0.1774193546875 0.2349570203125 0.16577060937500002 0.22851002812500001 0.15770609375 0.2156160453125 0.1568100359375 0.20916905468749997 0.1648745515625 0.208452721875 0.1774193546875 0.2156160453125 0.1854838703125
0 0.2156160453125 0.21953404999999998 0.22636103125 0.2204301078125 0.2342406875 0.212365590625 0.235673353125 0.19892473125000001 0.22922636093749998 0.1899641578125 0.21704871093749997 0.1899641578125 0.20988538750000002 0.1971326171875 0.20988538750000002 0.212365590625 0.2156160453125 0.21953404999999998
0 0.21418338124999997 0.25537634374999996 0.2227793703125 0.258064515625 0.23280802343749998 0.2508960578125 0.2342406875 0.23476702500000002 0.22922636093749998 0.2258064515625 0.21919770781249998 0.22491039375000002 0.2113180515625 0.23297491093749997 0.2113180515625 0.2482078859375 0.21418338124999997 0.25537634374999996
0 0.220630371875 0.3001792109375 0.22636103125 0.2992831546875 0.23280802343749998 0.288530465625 0.23137535781250002 0.267921146875 0.22707736406249998 0.262544803125 0.21991404062500003 0.262544803125 0.2134670484375 0.27060931875 0.21489971406250002 0.295698925 0.220630371875 0.3001792109375
0 0.21919770781249998 0.34139785 0.22922636093749998 0.33960573437499997 0.23352435468750002 0.33154121875000003 0.23209169062499999 0.3100358421875 0.22851002812500001 0.30555555624999997 0.21991404062500003 0.30555555624999997 0.21418338124999997 0.3127240140625 0.21418338124999997 0.33602150468750003 0.21919770781249998 0.34139785
0 0.220630371875 0.3835125453125 0.22922636093749998 0.3826164875 0.23352435468750002 0.3763440859375 0.23209169062499999 0.3512544796875 0.22851002812500001 0.34677419375 0.21991404062500003 0.34677419375 0.21489971406250002 0.35215053749999997 0.2156160453125 0.379928315625 0.220630371875 0.3835125453125
0 0.21489971406250002 0.40949820781249996 0.21776504375 0.42025089531250004 0.22492836718749998 0.4220430109375 0.23137535781250002 0.4193548390625 0.2342406875 0.411290321875 0.23352435468750002 0.3969534046875 0.22851002812500001 0.390681003125 0.2213467046875 0.390681003125 0.2156160453125 0.39605734843749996 0.21489971406250002 0.40949820781249996
0 0.22206303749999998 0.462365590625 0.22994269374999998 0.46146953437500005 0.2349570203125 0.4525089609375 0.23352435468750002 0.4327956984375 0.22851002812500001 0.4274193546875 0.2227793703125 0.4274193546875 0.2156160453125 0.43369175625 0.216332378125 0.456989246875 0.22206303749999998 0.462365590625
0 0.21489971406250002 0.49014336875 0.21776504375 0.5008960578125 0.220630371875 0.5035842296874999 0.23209169062499999 0.5008960578125 0.2349570203125 0.49103942656250005 0.2342406875 0.47311827968750003 0.22922636093749998 0.4677419359375 0.22206303749999998 0.4677419359375 0.2156160453125 0.47491039375 0.21489971406250002 0.49014336875
0 0.23352435468750002 0.543010753125 0.23638968437500002 0.5349462359375 0.2342406875 0.5134408609375 0.22421203437499998 0.5089605734375 0.2156160453125 0.517921146875 0.21704871093749997 0.5412186375 0.2234957015625 0.5456989250000001 0.23352435468750002 0.543010753125
0 0.21776504375 0.5797491046875 0.22421203437499998 0.5833333328125 0.2342406875 0.5806451609375001 0.2371060171875 0.5698924734374999 0.2349570203125 0.5573476703125 0.22922636093749998 0.5519713265624999 0.21919770781249998 0.5546594984375 0.2156160453125 0.5609319 0.21776504375 0.5797491046875
0 0.27005730625 0.6155913984375 0.2843839546875 0.6155913984375 0.2929799421875 0.606630825 0.2929799421875 0.6003584234375 0.287965615625 0.59229390625 0.2707736390625 0.5905017921875 0.263610315625 0.5958781359375 0.2628939828125 0.606630825 0.27005730625 0.6155913984375
0 0.308022921875 0.6155913984375 0.3209169046875 0.614695340625 0.3287965609375 0.6057347671875 0.327363896875 0.5949820781249999 0.3209169046875 0.5905017921875 0.308022921875 0.5905017921875 0.30157593125000004 0.5976702515625 0.3008595984375 0.606630825 0.308022921875 0.6155913984375
0 0.4161891125 0.6137992828125001 0.43194842343750006 0.6129032265625 0.4391117484375 0.6057347671875 0.4391117484375 0.5958781359375 0.434813753125 0.589605734375 0.41690544375 0.5887096781250001 0.41189111718750004 0.5931899640625 0.41045845312499996 0.6057347671875 0.4161891125 0.6137992828125001
0 0.517908309375 0.6030465953124999 0.5186246421875 0.614695340625 0.5250716328125 0.6236559140625 0.531518625 0.624551971875 0.53939828125 0.6084229390625 0.5408309453125 0.594086021875 0.537965615625 0.589605734375 0.5308022921875 0.5878136203125 0.5207736390625 0.5949820781249999 0.517908309375 0.6030465953124999
0 0.5766475640625 0.6344086015625 0.5787965609375 0.6370967734375 0.5909742125 0.6362007171874999 0.5967048703125 0.62724014375 0.5924068765625 0.604838709375 0.5830945562500001 0.6021505375 0.5759312328124999 0.61200716875 0.5744985671875 0.6263440859375 0.5766475640625 0.6344086015625
0 0.6361031515625 0.6362007171874999 0.6475644703125 0.6335125453125 0.6518624640625 0.62724014375 0.65114613125 0.6137992828125001 0.6454154734374999 0.6039426515625 0.6361031515625 0.6057347671875 0.631088825 0.6173835125 0.6303724921875 0.6281361999999999 0.6361031515625 0.6362007171874999
0 0.6912607453125 0.6326164875 0.7048710609375 0.6281361999999999 0.7077363890624999 0.6218638000000001 0.7055873921875 0.6057347671875 0.6998567328124999 0.599462365625 0.6934097421875001 0.6012544796875 0.68696275 0.6155913984375 0.68696275 0.62724014375 0.6912607453125 0.6326164875
0 0.7485673359375 0.6308243734375 0.7550143265625 0.6326164875 0.7643266468750001 0.62724014375 0.7657593125 0.6129032265625 0.7607449859375001 0.6003584234375 0.752148996875 0.6003584234375 0.7464183375 0.6111111109375 0.7449856734375 0.6236559140625 0.7485673359375 0.6308243734375
0 0.805873925 0.6317204296875001 0.815902578125 0.6308243734375 0.8223495703125 0.6191756265625 0.8202005734375 0.606630825 0.815902578125 0.599462365625 0.808022921875 0.6003584234375 0.80157593125 0.6164874546875 0.80157593125 0.625448028125 0.805873925 0.6317204296875001
0 0.8624641828125 0.6281361999999999 0.8696275078125 0.629928315625 0.8782234953125 0.6218638000000001 0.8789398281249999 0.6111111109375 0.8739255015625 0.5976702515625 0.8653295125 0.5985663078125001 0.8603151859375 0.61200716875 0.8595988531250001 0.62275985625 0.8624641828125 0.6281361999999999
0 0.9169054437499999 0.6281361999999999 0.9283667624999999 0.6281361999999999 0.9333810890625 0.62275985625 0.934097421875 0.6111111109375 0.9297994265625 0.59677419375 0.9197707734374999 0.5976702515625 0.914756446875 0.610215053125 0.9140401140625001 0.620071684375 0.9169054437499999 0.6281361999999999
0 0.9699140406250001 0.6191756265625 0.9727793703125001 0.624551971875 0.97994269375 0.6263440859375 0.9892550140624999 0.6218638000000001 0.9914040109375 0.610215053125 0.9892550140624999 0.5985663078125001 0.9849570203125 0.5931899640625 0.9770773640625 0.594086021875 0.970630371875 0.60752688125 0.9699140406250001 0.6191756265625