0 0.19375 0 0.19305555624999998 0.013020832812499999 0.19583333281249998 0.0208333328125 0.20833333281250002 0.0234375 0.215277778125 0.0173611109375 0.21875 0.0052083328125 0.2166666671875 0 0.19375 0
0 0.23958333281250002 0.0260416671875 0.23958333281250002 0.0173611109375 0.23680555625 0.013020832812499999 0.2236111109375 0.011284721875 0.2173611109375 0.0217013890625 0.21805555625 0.0329861109375 0.22430555624999998 0.0407986109375 0.23680555625 0.0364583328125 0.23958333281250002 0.0260416671875
0 0.20833333281250002 0.0607638890625 0.2166666671875 0.0494791671875 0.2173611109375 0.0373263890625 0.209027778125 0.0286458328125 0.2 0.03125 0.19583333281249998 0.0364583328125 0.1979166671875 0.058159721875 0.20138888906250002 0.061631943749999994 0.20833333281250002 0.0607638890625
0 0.23472222187499997 0.07552083281250001 0.23680555625 0.0529513890625 0.23333333281250002 0.04774305625 0.2236111109375 0.046875 0.2166666671875 0.058159721875 0.21597222187499998 0.066840278125 0.2236111109375 0.07986111093750001 0.2298611109375 0.07986111093750001 0.23472222187499997 0.07552083281250001
0 0.2173611109375 0.07552083281250001 0.2104166671875 0.06770833281250001 0.20416666718749998 0.06770833281250001 0.1986111109375 0.074652778125 0.2 0.10069444375 0.2104166671875 0.10069444375 0.21875 0.0859375 0.2173611109375 0.07552083281250001
0 0.23402777812500003 0.1145833328125 0.23541666718749998 0.09114583281250001 0.23194444375 0.0859375 0.222222221875 0.08680555625 0.21458333281250003 0.09982638906249999 0.2138888890625 0.1067708328125 0.2201388890625 0.1171875 0.228472221875 0.1197916671875 0.23402777812500003 0.1145833328125
0 0.22430555624999998 0.13454861093749998 0.225 0.12673611093749998 0.21458333281250003 0.1145833328125 0.2076388890625 0.112847221875 0.20138888906250002 0.1189236109375 0.20138888906250002 0.13454861093749998 0.20416666718749998 0.140625 0.21458333281250003 0.14236111093749998 0.22430555624999998 0.13454861093749998
0 0.23333333281250002 0.15798611093749998 0.23263888906250002 0.14930555625 0.225 0.14236111093749998 0.21597222187499998 0.14496527812499999 0.20694444375 0.1536458328125 0.2076388890625 0.16579861093749998 0.21458333281250003 0.17100694375 0.22638888906250001 0.17013888906250002 0.23333333281250002 0.15798611093749998
0 0.23125 0.19184027812499999 0.23055555625 0.1822916671875 0.225 0.17621527812499999 0.21180555625 0.17621527812499999 0.20555555625 0.18402777812499999 0.20625 0.19618055625 0.21180555625 0.20225694375 0.22430555624999998 0.20225694375 0.23125 0.19184027812499999
0 0.22569444375 0.23611111093749998 0.2298611109375 0.21788194375 0.22777777812500002 0.2109375 0.215277778125 0.207465278125 0.20694444375 0.215277778125 0.20625 0.22569444375 0.20972222187499998 0.23697916718749998 0.2208333328125 0.238715278125 0.22569444375 0.23611111093749998
0 0.22638888906250001 0.2717013890625 0.22916666718749998 0.2630208328125 0.228472221875 0.24739583281250002 0.21805555625 0.2421875 0.21111111093749999 0.245659721875 0.20833333281250002 0.25086805624999997 0.209027778125 0.26996527812500004 0.21319444375000002 0.2751736109375 0.2208333328125 0.2760416671875 0.22638888906250001 0.2717013890625
0 0.22916666718749998 0.30815972187499996 0.228472221875 0.28819444375000003 0.2236111109375 0.28125 0.21805555625 0.28125 0.20972222187499998 0.2907986109375 0.21111111093749999 0.31336805624999997 0.2166666671875 0.3177083328125 0.22430555624999998 0.31597222187499996 0.22916666718749998 0.30815972187499996
0 0.22916666718749998 0.3463541671875 0.22777777812500002 0.328125 0.21805555625 0.32378472187499996 0.21111111093749999 0.32899305624999997 0.21111111093749999 0.3489583328125 0.215277778125 0.3541666671875 0.22569444375 0.3515625 0.22916666718749998 0.3463541671875
0 0.228472221875 0.3645833328125 0.225 0.36024305624999997 0.21805555625 0.359375 0.21111111093749999 0.36631944375000003 0.21180555625 0.3880208328125 0.2166666671875 0.3932291671875 0.228472221875 0.3888888890625 0.228472221875 0.3645833328125
0 0.2298611109375 0.4270833328125 0.22916666718749998 0.4036458328125 0.225 0.39930555624999997 0.21805555625 0.3984375 0.21111111093749999 0.40538194375 0.21111111093749999 0.42621527812500004 0.2166666671875 0.43315972187499996 0.225 0.4322916671875 0.2298611109375 0.4270833328125
0 0.228472221875 0.47222222187499996 0.23125 0.4635416671875 0.2298611109375 0.44444444375 0.22430555624999998 0.4392361109375 0.21875 0.4392361109375 0.21111111093749999 0.4470486109375 0.2104166671875 0.46180555625 0.21458333281250003 0.47222222187499996 0.21805555625 0.4748263890625 0.228472221875 0.47222222187499996
0 0.228472221875 0.511284721875 0.23125 0.5052083328125 0.2298611109375 0.48524305625 0.22430555624999998 0.48003472187499996 0.21944444375 0.48003472187499996 0.21180555625 0.4869791671875 0.21180555625 0.504340278125 0.21458333281250003 0.511284721875 0.2201388890625 0.5147569437499999 0.228472221875 0.511284721875
0 0.23194444375 0.5451388890625 0.23263888906250002 0.5329861109375 0.2298611109375 0.5225694437499999 0.21944444375 0.519097221875 0.2125 0.526909721875 0.21180555625 0.5407986109375 0.2166666671875 0.550347221875 0.22430555624999998 0.551215278125 0.23194444375 0.5451388890625
0 0.23263888906250002 0.573784721875 0.23263888906250002 0.5633680562500001 0.22638888906250001 0.5555555562500001 0.21597222187499998 0.5564236109375 0.21180555625 0.5642361109375 0.2104166671875 0.5763888890625 0.21458333281250003 0.5850694437499999 0.2208333328125 0.5850694437499999 0.23263888906250002 0.573784721875
0 0.32847222187499997 0.5911458328125 0.3270833328125 0.5807291671875 0.321527778125 0.5763888890625 0.30625 0.5763888890625 0.3 0.5833333328125 0.30069444375 0.5954861109375 0.30902777812500004 0.5998263890625 0.3229166671875 0.5989583328125 0.32847222187499997 0.5911458328125
0 0.4361111109375 0.5911458328125 0.43680555625000006 0.582465278125 0.43263888906250003 0.5755208328125 0.4145833328125 0.574652778125 0.40972222187499996 0.578125 0.4076388890625 0.5885416671875 0.4125 0.598090278125 0.4291666671875 0.598090278125 0.4361111109375 0.5911458328125
0 0.5208333328125 0.6119791671875 0.52569444375 0.6076388890625 0.5298611109375 0.597222221875 0.5298611109375 0.578125 0.5263888890625 0.574652778125 0.51875 0.574652778125 0.5104166671875 0.5850694437499999 0.509027778125 0.598090278125 0.5111111109375 0.6067708328125 0.5173611109375 0.612847221875 0.5208333328125 0.6119791671875
0 0.5840277781250001 0.6111111109375 0.58194444375 0.597222221875 0.5763888890625 0.5885416671875 0.5666666671875 0.5920138890625 0.5631944437499999 0.6024305562500001 0.5625 0.6154513890625 0.5666666671875 0.621527778125 0.5763888890625 0.621527778125 0.5840277781250001 0.6111111109375
0 0.6375 0.6111111109375 0.6354166671875 0.5946180562500001 0.63125 0.589409721875 0.6229166671875 0.590277778125 0.6173611109375 0.6032986109375 0.6166666671875001 0.613715278125 0.6229166671875 0.620659721875 0.63055555625 0.6197916671875 0.6375 0.6111111109375
0 0.6916666671875 0.6111111109375 0.69375 0.6032986109375 0.6881944437499999 0.5842013890625 0.6805555562500001 0.5833333328125 0.67430555625 0.59375 0.6736111109375 0.6085069437499999 0.67569444375 0.612847221875 0.6868055562500001 0.6154513890625 0.6916666671875 0.6111111109375
0 0.7479166671875 0.6085069437499999 0.747222221875 0.5946180562500001 0.7416666671875001 0.5859375 0.734027778125 0.5868055562500001 0.7291666671875 0.5998263890625 0.727777778125 0.6076388890625 0.73194444375 0.6163194437499999 0.7416666671875001 0.6163194437499999 0.7479166671875 0.6085069437499999
0 0.8041666671875 0.605034721875 0.8027777781250001 0.5920138890625 0.7986111109375 0.5842013890625 0.7909722218749999 0.5850694437499999 0.784722221875 0.5989583328125 0.784722221875 0.609375 0.790277778125 0.6154513890625 0.7986111109375 0.613715278125 0.8041666671875 0.605034721875
0 0.8576388890625 0.605902778125 0.85625 0.589409721875 0.852777778125 0.5833333328125 0.8451388890624999 0.5842013890625 0.8388888890624999 0.5989583328125 0.83819444375 0.6067708328125 0.8458333328125001 0.6154513890625 0.8534722218749999 0.612847221875 0.8576388890625 0.605902778125
0 0.909722221875 0.6076388890625 0.91180555625 0.5928819437499999 0.9083333328125001 0.581597221875 0.8993055562500001 0.582465278125 0.89375 0.5946180562500001 0.89305555625 0.6076388890625 0.8958333328125001 0.6119791671875 0.9048611109375001 0.612847221875 0.909722221875 0.6076388890625
0 0.9645833328125001 0.6067708328125 0.965972221875 0.5885416671875 0.9618055562500001 0.5807291671875 0.953472221875 0.5807291671875 0.9486111109375001 0.5911458328125 0.946527778125 0.5989583328125 0.9486111109375001 0.6085069437499999 0.9576388890624999 0.6119791671875 0.9645833328125001 0.6067708328125
1 0.046527778125 0.621527778125 0.04930555625 0.6145833328125 0.0486111109375 0.598090278125 0.0423611109375 0.5850694437499999 0.02569444375 0.5807291671875 0.015277778124999999 0.5911458328125 0.014583332812499999 0.6145833328125 0.019444443750000002 0.6276041671875 0.034722221875 0.6302083328125 0.046527778125 0.621527778125
1 0.084027778125 0.6197916671875 0.08680555625 0.609375 0.0861111109375 0.597222221875 0.078472221875 0.5833333328125 0.061805556250000004 0.581597221875 0.053472221875 0.589409721875 0.05208333281250001 0.5946180562500001 0.05208333281250001 0.6111111109375 0.0625 0.6267361109375 0.07569444374999999 0.6276041671875 0.084027778125 0.6197916671875
1 0.12430555624999999 0.6163194437499999 0.12361111093749999 0.5920138890625 0.1166666671875 0.582465278125 0.0986111109375 0.581597221875 0.09097222187500001 0.5946180562500001 0.090277778125 0.6076388890625 0.0979166671875 0.625 0.1145833328125 0.6267361109375 0.12430555624999999 0.6163194437499999
1 0.15 0.6276041671875 0.15972222187500001 0.6197916671875 0.1625 0.612847221875 0.1625 0.5989583328125 0.1548611109375 0.5833333328125 0.140972221875 0.5798611109375 0.12847222187500001 0.5911458328125 0.12847222187500001 0.612847221875 0.134722221875 0.6241319437499999 0.140277778125 0.6276041671875 0.15 0.6276041671875
1 0.20208333281250002 0.6085069437499999 0.20625 0.5989583328125 0.20208333281250002 0.5842013890625 0.19444444375 0.5789930562500001 0.175 0.5798611109375 0.165972221875 0.59375 0.1666666671875 0.6085069437499999 0.1729166671875 0.6189236109375 0.18125 0.6223958328125 0.20208333281250002 0.6085069437499999
1 0.2833333328125 0.598090278125 0.2875 0.5911458328125 0.2854166671875 0.582465278125 0.2736111109375 0.578125 0.25486111093749997 0.581597221875 0.23958333281250002 0.5763888890625 0.23194444375 0.578125 0.2236111109375 0.5876736109375 0.22569444375 0.598090278125 0.23611111093749998 0.6006944437499999 0.27569444375 0.6006944437499999 0.2833333328125 0.598090278125
1 0.3895833328125 0.5946180562500001 0.3916666671875 0.5859375 0.39097222187499997 0.581597221875 0.38333333281250004 0.5755208328125 0.34027777812500004 0.5755208328125 0.334722221875 0.5772569437499999 0.33194444375 0.582465278125 0.3326388890625 0.5946180562500001 0.3451388890625 0.6006944437499999 0.38333333281250004 0.5989583328125 0.3895833328125 0.5946180562500001
1 0.490277778125 0.597222221875 0.4986111109375 0.5850694437499999 0.497222221875 0.5798611109375 0.4895833328125 0.573784721875 0.4479166671875 0.573784721875 0.43958333281249995 0.5807291671875 0.440277778125 0.5928819437499999 0.44375 0.597222221875 0.45277777812500003 0.5989583328125 0.490277778125 0.597222221875
1 0.5583333328125 0.609375 0.5631944437499999 0.5833333328125 0.55625 0.574652778125 0.5395833328124999 0.573784721875 0.5354166671875 0.5772569437499999 0.5305555562500001 0.5954861109375 0.53125 0.6189236109375 0.5458333328125 0.620659721875 0.5527777781250001 0.6171875 0.5583333328125 0.609375
1 0.6076388890625 0.6163194437499999 0.6152777781250001 0.6006944437499999 0.6166666671875001 0.5798611109375 0.60625 0.5720486109375 0.59375 0.5720486109375 0.5854166671875001 0.5763888890625 0.5826388890625 0.581597221875 0.5826388890625 0.59375 0.5895833328125 0.612847221875 0.597222221875 0.6197916671875 0.6076388890625 0.6163194437499999
1 0.6673611109375 0.6119791671875 0.671527778125 0.59375 0.671527778125 0.581597221875 0.6673611109375 0.574652778125 0.65 0.5703125 0.6423611109375 0.5729166671875 0.63819444375 0.5798611109375 0.6375 0.59375 0.6465277781250001 0.6171875 0.6541666671875 0.6189236109375 0.6673611109375 0.6119791671875
1 0.7180555562500001 0.613715278125 0.727777778125 0.590277778125 0.7284722218749999 0.581597221875 0.7256944437499999 0.5755208328125 0.7173611109375 0.5703125 0.7041666671875 0.5703125 0.6958333328124999 0.581597221875 0.6958333328124999 0.5963541671875 0.7 0.6111111109375 0.7083333328125 0.6171875 0.7180555562500001 0.613715278125
1 0.7770833328125 0.6076388890625 0.7833333328125 0.5842013890625 0.777777778125 0.5711805562500001 0.7583333328124999 0.5694444437499999 0.7541666671875 0.5711805562500001 0.75 0.5789930562500001 0.75 0.5946180562500001 0.7569444437499999 0.612847221875 0.765972221875 0.6154513890625 0.7770833328125 0.6076388890625
1 0.8270833328125 0.6119791671875 0.8361111109375001 0.5920138890625 0.8375 0.5798611109375 0.8354166671875 0.573784721875 0.8270833328125 0.5677083328125 0.8173611109375001 0.5677083328125 0.8118055562500001 0.5703125 0.80625 0.5798611109375 0.8055555562500001 0.589409721875 0.809722221875 0.6076388890625 0.8173611109375001 0.6145833328125 0.8270833328125 0.6119791671875
1 0.884027778125 0.6085069437499999 0.8888888890625 0.5989583328125 0.890972221875 0.5859375 0.88819444375 0.5703125 0.8826388890624999 0.566840278125 0.86944444375 0.566840278125 0.8645833328125001 0.5694444437499999 0.8604166671875 0.5772569437499999 0.8604166671875 0.59375 0.8638888890624999 0.6067708328125 0.872222221875 0.612847221875 0.884027778125 0.6085069437499999
1 0.9354166671874999 0.6102430562500001 0.94375 0.5920138890625 0.9451388890624999 0.5798611109375 0.9423611109375001 0.5694444437499999 0.9354166671874999 0.5651041671875 0.9229166671875 0.565972221875 0.9159722218749999 0.5755208328125 0.915277778125 0.5885416671875 0.91944444375 0.605902778125 0.92569444375 0.6119791671875 0.9354166671874999 0.6102430562500001
1 0.9923611109375001 0.6076388890625 0.996527778125 0.590277778125 0.9958333328125001 0.5685763890625 0.9875 0.5633680562500001 0.977777778125 0.5642361109375 0.9694444437499999 0.574652778125 0.9701388890624999 0.5946180562500001 0.975 0.6076388890625 0.9784722218749999 0.6102430562500001 0.9923611109375001 0.6076388890625