1 0 0.6193368031250001 0.01171303125 0.6208791203125 0.02122986875 0.615384615625 0.027818448437499997 0.6053113546875 0.02635431875 0.58150183125 0.01683748125 0.5705128203125 0 0.5705128203125 0 0.6193368031250001
1 0.03587115625 0.5732600734375 0.0314787703125 0.58058608125 0.03074670625 0.6007326 0.03806735 0.615384615625 0.0505124453125 0.61904761875 0.0636896046875 0.6108058609375 0.0666178625 0.6043956046875001 0.0673499265625 0.5879120875 0.060761346875 0.5732600734375 0.054172767187500005 0.56868131875 0.043923865625 0.56868131875 0.03587115625 0.5732600734375
1 0.0717423140625 0.6016483515625 0.07979502187500001 0.615384615625 0.0885797953125 0.61813186875 0.1032210828125 0.6126373625 0.10761347031249999 0.602564103125 0.10761347031249999 0.5897435890625 0.0995607609375 0.5705128203125 0.08125915156249999 0.56868131875 0.0717423140625 0.5824175828125 0.0717423140625 0.6016483515625
1 0.1112737921875 0.6016483515625 0.11639824375 0.6135531140625 0.1339677890625 0.61813186875 0.144216690625 0.6108058609375 0.14787701250000002 0.596153846875 0.1412884328125 0.5732600734375 0.1325036609375 0.5677655671874999 0.1229868234375 0.5677655671874999 0.1127379203125 0.577838828125 0.1112737921875 0.6016483515625
1 0.1522694 0.596153846875 0.163250365625 0.6053113546875 0.1698389453125 0.6043956046875001 0.1932650078125 0.5897435890625 0.19985358749999999 0.5796703296875 0.1983894578125 0.572344321875 0.18887262031250002 0.5650183156249999 0.1603221078125 0.5668498171875 0.15007320625 0.5769230765625 0.1522694 0.596153846875
1 0.25256222500000003 0.5897435890625 0.2979502203125 0.5888278390624999 0.3089311859375 0.5796703296875 0.30527086406250004 0.5677655671874999 0.2957540265625 0.5641025640625 0.2518301609375 0.5641025640625 0.24524158125 0.5695970703125 0.24524158125 0.584249084375 0.25256222500000003 0.5897435890625
1 0.3565153734375 0.5796703296875 0.363103953125 0.5879120875 0.40336749687499995 0.5879120875 0.4143484625 0.584249084375 0.41874084843750004 0.5760073265625001 0.418008784375 0.5677655671874999 0.4077598828125 0.5622710625 0.36456808125 0.5622710625 0.3572474375 0.5677655671874999 0.3565153734375 0.5796703296875
1 0.469985359375 0.577838828125 0.472913615625 0.584249084375 0.5043923859375 0.5979853484375 0.5139092234375 0.5934065937499999 0.522693996875 0.5760073265625001 0.5183016109375 0.5650183156249999 0.5065885796875 0.5604395609374999 0.47584187343749995 0.5604395609374999 0.47071742343749995 0.5668498171875 0.469985359375 0.577838828125
1 0.5446559296875 0.5705128203125 0.5446559296875 0.5879120875 0.54978038125 0.603479853125 0.558565153125 0.6108058609375 0.572474378125 0.6053113546875 0.5805270859375 0.58058608125 0.5790629578125001 0.5677655671874999 0.5710102484374999 0.5604395609374999 0.55490483125 0.5604395609374999 0.549048315625 0.5631868124999999 0.5446559296875 0.5705128203125
1 0.6032210828125 0.565934065625 0.601024890625 0.5796703296875 0.6076134703125 0.603479853125 0.6120058562499999 0.6080586078125 0.6207906296875 0.6080586078125 0.6281112734375001 0.602564103125 0.6376281109375 0.5787545781250001 0.6361639828125 0.5668498171875 0.6237188875 0.559523809375 0.6105417281250001 0.559523809375 0.6032210828125 0.565934065625
1 0.6661786234375 0.6043956046875001 0.682284040625 0.603479853125 0.6910688140625 0.596153846875 0.6961932656250001 0.56868131875 0.68814055625 0.559523809375 0.6654465593750001 0.559523809375 0.658125915625 0.5705128203125 0.6588579796875 0.5851648359375 0.6661786234375 0.6043956046875001
1 0.7196193265625 0.5677655671874999 0.7210834546875 0.5915750921875 0.727672034375 0.6043956046875001 0.7364568078125 0.60622710625 0.7481698390625 0.596153846875 0.7540263546875 0.5741758234375001 0.7503660328125 0.5613553109375 0.74524158125 0.5576923078125 0.7313323578125 0.55677655625 0.7254758421874999 0.558608059375 0.7196193265625 0.5677655671874999
1 0.7767203515625 0.5650183156249999 0.775256221875 0.577838828125 0.7803806734375 0.597069596875 0.7898975109374999 0.6053113546875 0.8016105421875 0.6016483515625 0.806002928125 0.596153846875 0.8103953140625 0.5796703296875 0.8103953140625 0.5650183156249999 0.8001464125 0.55586080625 0.784773059375 0.55677655625 0.7767203515625 0.5650183156249999
1 0.836749634375 0.5851648359375 0.8426061499999999 0.6007326 0.8521229874999999 0.602564103125 0.8623718890625 0.596153846875 0.8689604687499999 0.5714285718750001 0.8638360171875 0.55677655625 0.84553440625 0.5549450546875 0.8411420203125 0.55677655625 0.8360175703125 0.5668498171875 0.836749634375 0.5851648359375
1 0.8923865296875 0.577838828125 0.8967789171874999 0.5952380953125 0.9048316249999999 0.602564103125 0.9165446562499999 0.5989010984375 0.9245973640624999 0.5760073265625001 0.9216691062500001 0.5576923078125 0.9172767203125 0.553113553125 0.9033674968750001 0.553113553125 0.8945827234375001 0.5604395609374999 0.8923865296875 0.577838828125
1 0.9524158125 0.559523809375 0.9502196187499999 0.5769230765625 0.95461200625 0.5934065937499999 0.9612005859374999 0.5998168500000001 0.9721815515625 0.5979853484375 0.9773060031249999 0.590659340625 0.982430453125 0.5732600734375 0.9787701312499999 0.5549450546875 0.9707174234375 0.5512820515625 0.9597364562499999 0.5521978015625 0.9524158125 0.559523809375
0 1 0.569456184375 0.9912152265625 0.5677655671874999 0.9868228406249999 0.575091575 0.984626646875 0.584249084375 0.9860907765625001 0.5989010984375 0.9912152265625 0.602564103125 1 0.5989010984375 1 0.569456184375
0 0.1938018546875 0 0.19399707187499998 0.003663003125 0.19985358749999999 0.0109890109375 0.2079062953125 0.0109890109375 0.2137628109375 0.0045787546875000005 0.2143728640625 0 0.1938018546875 0
0 0.1805270859375 0 0.1734992671875 0.002747253125 0.171303075 0.0082417578125 0.172767203125 0.027472528125 0.176427525 0.0320512828125 0.184480234375 0.0320512828125 0.191800878125 0.0238095234375 0.19472913593750002 0.010073259375000001 0.18667642812500002 0 0.1805270859375 0
0 0.19765739375 0.0521978015625 0.2079062953125 0.0540293046875 0.2137628109375 0.0366300359375 0.2115666171875 0.0210622703125 0.2064421671875 0.0173992671875 0.19985358749999999 0.018315018750000002 0.191800878125 0.031135531249999997 0.191800878125 0.0384615390625 0.19765739375 0.0521978015625
0 0.1793557828125 0.0760073265625 0.1852122984375 0.075091575 0.19472913593750002 0.062271062499999995 0.1954612 0.053113553125000004 0.19033675 0.04304029375 0.1837481703125 0.0384615390625 0.1742313328125 0.044871795312500004 0.174963396875 0.07234432187499999 0.1793557828125 0.0760073265625
0 0.20497803750000002 0.0952380953125 0.2101024890625 0.08974358906249999 0.210834553125 0.065018315625 0.1991215234375 0.0631868125 0.18887262031250002 0.0769230765625 0.18814055624999998 0.0851648359375 0.1932650078125 0.0924908421875 0.20497803750000002 0.0952380953125
0 0.17789165468749998 0.11446886406250001 0.1837481703125 0.1236263734375 0.1925329421875 0.1236263734375 0.2020497796875 0.11813186875 0.20497803750000002 0.108974359375 0.20131771562499998 0.10073259999999999 0.1896046859375 0.09340659375 0.18301610468750001 0.09340659375 0.17789165468749998 0.0979853484375 0.17789165468749998 0.11446886406250001
0 0.19033675 0.15659340625 0.20351390937499997 0.153846153125 0.2086383609375 0.1428571421875 0.2079062953125 0.13095238125 0.2020497796875 0.1263736265625 0.18814055624999998 0.128205128125 0.1808199125 0.13827838750000002 0.18301610468750001 0.152930403125 0.19033675 0.15659340625
0 0.1837481703125 0.1895604390625 0.1954612 0.1923076921875 0.20497803750000002 0.18589743593750002 0.2079062953125 0.171245421875 0.20351390937499997 0.1630036625 0.196193265625 0.1602564109375 0.18301610468750001 0.165750915625 0.1815519765625 0.18131868125 0.1837481703125 0.1895604390625
0 0.1910688140625 0.23168498125 0.20058565156250002 0.22985347968749997 0.20571010312500002 0.22252747187500002 0.20497803750000002 0.20146520156249997 0.1991215234375 0.1959706953125 0.191800878125 0.1959706953125 0.1837481703125 0.203296703125 0.1837481703125 0.224358975 0.1910688140625 0.23168498125
0 0.1925329421875 0.2738095234375 0.20058565156250002 0.271978021875 0.20497803750000002 0.2619047625 0.2042459734375 0.24175824218750003 0.196193265625 0.2353479859375 0.19033675 0.2371794875 0.1852122984375 0.24542124531249998 0.18667642812500002 0.26923076875 0.1925329421875 0.2738095234375
0 0.191800878125 0.3168498171875 0.1991215234375 0.3168498171875 0.20571010312500002 0.3076923078125 0.20497803750000002 0.2829670328125 0.20058565156250002 0.278388278125 0.19399707187499998 0.278388278125 0.1859443625 0.28663003593749997 0.1874084921875 0.3122710625 0.191800878125 0.3168498171875
0 0.20131771562499998 0.3543956046875 0.20571010312500002 0.3479853484375 0.20497803750000002 0.328754578125 0.1983894578125 0.3232600734375 0.18667642812500002 0.328754578125 0.18887262031250002 0.35256410312500003 0.1925329421875 0.35622710625 0.20131771562499998 0.3543956046875
0 0.1991215234375 0.39652014687500003 0.2064421671875 0.390109890625 0.20497803750000002 0.365384615625 0.19472913593750002 0.3608058609375 0.18667642812500002 0.36904761875 0.1859443625 0.3873626375 0.1910688140625 0.3956043953125 0.1991215234375 0.39652014687500003
0 0.19399707187499998 0.43956043906250003 0.2042459734375 0.43681318750000003 0.20717423125 0.4304029296875 0.20571010312500002 0.40750915781249997 0.20058565156250002 0.4020146515625 0.19399707187499998 0.4020146515625 0.1874084921875 0.40842490781249996 0.18814055624999998 0.4322344328125 0.19399707187499998 0.43956043906250003
0 0.20351390937499997 0.48168498125000003 0.2079062953125 0.472527471875 0.20717423125 0.45054945 0.196193265625 0.44413919375 0.1874084921875 0.45238095312500004 0.18667642812500002 0.46886446875 0.19033675 0.48168498125000003 0.20351390937499997 0.48168498125000003
0 0.1874084921875 0.5119047625 0.19033675 0.51923076875 0.1932650078125 0.5228937734375 0.20497803750000002 0.5210622703125 0.2086383609375 0.5128205125 0.20717423125 0.49358974375000003 0.20131771562499998 0.4890109890625 0.19472913593750002 0.4890109890625 0.18887262031250002 0.49358974375000003 0.1874084921875 0.5119047625
0 0.20497803750000002 0.5631868124999999 0.209370425 0.5540293046875 0.2079062953125 0.533882784375 0.19765739375 0.528388278125 0.18814055624999998 0.5347985343749999 0.18887262031250002 0.5549450546875 0.196193265625 0.5631868124999999 0.20497803750000002 0.5631868124999999
0 0.21669106875000002 0.5897435890625 0.234260615625 0.5860805859375 0.239385065625 0.5796703296875 0.23792093749999998 0.5714285718750001 0.227672034375 0.5650183156249999 0.21303074687499998 0.5641025640625 0.20571010312500002 0.5732600734375 0.20717423125 0.584249084375 0.21669106875000002 0.5897435890625
0 0.3316251828125 0.5888278390624999 0.344070278125 0.5888278390624999 0.353587115625 0.5796703296875 0.3528550515625 0.56868131875 0.34846266406250004 0.5641025640625 0.328696925 0.5641025640625 0.323572475 0.5705128203125 0.325036603125 0.584249084375 0.3316251828125 0.5888278390624999
0 0.44289897500000003 0.5869963375 0.45973645625000004 0.5860805859375 0.46632503593749997 0.5796703296875 0.46705710156249997 0.5668498171875 0.4633967796875 0.5622710625 0.44509516875 0.5613553109375 0.4377745234375 0.5677655671874999 0.4377745234375 0.58058608125 0.44289897500000003 0.5869963375
0 0.5204978031249999 0.5952380953125 0.5234260609375 0.608974359375 0.5329428984375 0.6108058609375 0.54026354375 0.6071428578125 0.543923865625 0.5989010984375 0.54026354375 0.577838828125 0.534407028125 0.5732600734375 0.5300146406249999 0.5741758234375001 0.5234260609375 0.584249084375 0.5204978031249999 0.5952380953125
0 0.5834553437500001 0.6108058609375 0.5929721812500001 0.6108058609375 0.6017569546875 0.6007326 0.600292825 0.5879120875 0.5944363109374999 0.577838828125 0.5863836015625 0.577838828125 0.579795021875 0.5915750921875 0.5790629578125001 0.6016483515625 0.5834553437500001 0.6108058609375
0 0.64055636875 0.609890109375 0.646412884375 0.6108058609375 0.6566617859375 0.6043956046875001 0.658125915625 0.59432234375 0.6530014640624999 0.5787545781250001 0.64494875625 0.5769230765625 0.6376281109375 0.5897435890625 0.636896046875 0.6043956046875001 0.64055636875 0.609890109375
0 0.6991215234375 0.60622710625 0.7101024890625001 0.6071428578125 0.71669106875 0.6007326 0.71669106875 0.584249084375 0.7122986828125 0.5741758234375001 0.7020497796875 0.575091575 0.69765739375 0.5851648359375 0.6961932656250001 0.6007326 0.6991215234375 0.60622710625
0 0.7598828703125 0.6071428578125 0.7693997078125 0.6053113546875 0.775256221875 0.596153846875 0.7745241578125001 0.584249084375 0.767935578125 0.5732600734375 0.758418740625 0.5769230765625 0.7540263546875 0.5915750921875 0.7540263546875 0.6007326 0.7598828703125 0.6071428578125
0 0.8162518296875 0.602564103125 0.8221083453125001 0.6053113546875 0.8316251828125001 0.5998168500000001 0.8330893125 0.5833333328125 0.827232796875 0.5714285718750001 0.8191800875 0.5732600734375 0.8140556374999999 0.5860805859375 0.813323571875 0.596153846875 0.8162518296875 0.602564103125
0 0.872620790625 0.603479853125 0.8814055640625 0.6043956046875001 0.8894582718749999 0.597069596875 0.8894582718749999 0.5824175828125 0.8857979500000001 0.5714285718750001 0.8755490484375 0.572344321875 0.870424596875 0.5851648359375 0.8696925328124999 0.5979853484375 0.872620790625 0.603479853125
0 0.929721815625 0.5998168500000001 0.9392386531250001 0.6016483515625 0.9458272328125 0.597069596875 0.9480234265625 0.584249084375 0.9443631046875 0.5705128203125 0.93557833125 0.56868131875 0.9282576859375 0.58058608125 0.927525621875 0.596153846875 0.929721815625 0.5998168500000001