1 0 0.6198019796875001 0.003961965625 0.6178217828125 0.01347068125 0.6019801984375001 0.010301109375 0.575247525 0 0.5651343703125 0 0.6198019796875001
1 0.014263075 0.5990099015625 0.019809825 0.6168316828125 0.0419968296875 0.6198019796875001 0.053090332812499995 0.608910890625 0.056259904687499994 0.5871287125 0.04754358125 0.5673267328125 0.030110934375 0.5633663359375001 0.019809825 0.56831683125 0.0150554671875 0.5762376234375 0.014263075 0.5990099015625
1 0.0602218703125 0.5980198015625 0.0705229796875 0.6168316828125 0.08320126718750001 0.6178217828125 0.091917590625 0.6128712875 0.09825673593749999 0.6019801984375001 0.0974643421875 0.578217821875 0.0879556265625 0.5653465343749999 0.0705229796875 0.5643564359375 0.05942947656250001 0.5801980203125 0.0602218703125 0.5980198015625
1 0.10459587968749999 0.574257425 0.10301109374999999 0.597029703125 0.10935023749999999 0.6118811875 0.11806656093750001 0.6168316828125 0.1275752765625 0.6168316828125 0.1378763859375 0.609900990625 0.1426307453125 0.5861386140625 0.133914421875 0.566336634375 0.12519809843750002 0.5623762375 0.11331220312500001 0.5633663359375001 0.10459587968749999 0.574257425
1 0.16006339218750001 0.6168316828125 0.1727416796875 0.615841584375 0.18541996875 0.6019801984375001 0.182250396875 0.575247525 0.1719492875 0.5633663359375001 0.15768621249999998 0.5633663359375001 0.146592709375 0.5792079203125 0.1481774953125 0.6039603953125 0.16006339218750001 0.6168316828125
1 0.1893819328125 0.59306930625 0.1933438984375 0.6019801984375001 0.20522979375 0.608910890625 0.22028526093749998 0.6019801984375001 0.2353407296875 0.5841584156249999 0.2337559421875 0.56930693125 0.22187004687499998 0.5603960390625 0.201267828125 0.5613861390625 0.19096671875 0.572277228125 0.1893819328125 0.59306930625
1 0.26307448437500003 0.5801980203125 0.2694136296875 0.5861386140625 0.3232963546875 0.585148515625 0.332012678125 0.58118811875 0.3343898578125 0.575247525 0.3335974640625 0.566336634375 0.325673534375 0.5603960390625 0.270206021875 0.5584158421875001 0.263866878125 0.566336634375 0.26307448437500003 0.5801980203125
1 0.3882725828125 0.5792079203125 0.3961965140625 0.585148515625 0.4397781296875 0.5841584156249999 0.45007923906249997 0.58118811875 0.45562599062500003 0.5732673265625 0.4540412046875 0.5633663359375001 0.4429477015625 0.5574257421875 0.3977813 0.5574257421875 0.3882725828125 0.5633663359375001 0.3882725828125 0.5792079203125
1 0.511093503125 0.5762376234375 0.5158478609375 0.5831683171875001 0.5641838359375 0.5841584156249999 0.5729001578124999 0.5792079203125 0.5760697312499999 0.571287128125 0.5752773375 0.5623762375 0.5641838359375 0.5554455453125 0.517432646875 0.5554455453125 0.511093503125 0.5613861390625 0.511093503125 0.5762376234375
1 0.6085578453125 0.578217821875 0.6085578453125 0.6029702968749999 0.6148969890625 0.608910890625 0.6275752765625 0.608910890625 0.6347068140625 0.6049504953125 0.641045959375 0.59405940625 0.6458003171875 0.5673267328125 0.6354992078125 0.5554455453125 0.6212361328125 0.5544554453125 0.612519809375 0.5613861390625 0.6085578453125 0.578217821875
1 0.67828843125 0.6049504953125 0.688589540625 0.6079207921875 0.702060221875 0.59405940625 0.7083993656249999 0.5702970296875 0.702060221875 0.5574257421875 0.6790808234375 0.553465346875 0.667987321875 0.5653465343749999 0.6703645015624999 0.5891089109375 0.67828843125 0.6049504953125
1 0.729793978125 0.575247525 0.7369255156250001 0.6 0.7464342312500001 0.6069306937500001 0.76069730625 0.6019801984375001 0.76782884375 0.5861386140625 0.76782884375 0.5613861390625 0.7567353406249999 0.552475246875 0.7408874796875 0.552475246875 0.7313787640625 0.5603960390625 0.729793978125 0.575247525
1 0.797939778125 0.5881188125000001 0.805071315625 0.6029702968749999 0.8169572109375001 0.6029702968749999 0.8280507125 0.59306930625 0.8335974640625 0.5702970296875 0.832805071875 0.5613861390625 0.8280507125 0.5544554453125 0.8066561015625 0.5514851484375 0.797147384375 0.5633663359375001 0.797939778125 0.5881188125000001
1 0.8581616484374999 0.5801980203125 0.866085578125 0.5990099015625 0.8787638671875 0.6029702968749999 0.8906497625 0.59306930625 0.8961965140625001 0.5633663359375001 0.8890649765624999 0.552475246875 0.8708399359375001 0.54950495 0.8629160062500001 0.553465346875 0.8581616484374999 0.5613861390625 0.8581616484374999 0.5801980203125
1 0.9231378765624999 0.5603960390625 0.9231378765624999 0.5792079203125 0.9294770203124999 0.5980198015625 0.9397781296875 0.6009900984375001 0.951664025 0.59306930625 0.9580031703125 0.56930693125 0.9572107765625001 0.5584158421875001 0.9532488109375 0.5514851484375 0.934231378125 0.5485148515625 0.927892234375 0.5514851484375 0.9231378765624999 0.5603960390625
1 1 0.546974696875 0.98652931875 0.5544554453125 0.9833597468749999 0.571287128125 0.9889064968750001 0.59306930625 0.9952456421875 0.6 1 0.59930110625 1 0.546974696875
0 0.22345483437500002 0 0.22345483437500002 0.016831682812500002 0.22662440625000002 0.0207920796875 0.2337559421875 0.0207920796875 0.24247226562500002 0.010891089062500001 0.24537770781249998 0 0.22345483437500002 0
0 0.247226625 0.0396039609375 0.25673534062500003 0.0415841578125 0.2622820921875 0.0366336640625 0.26465927031250003 0.009900990625 0.26148969843750003 0.0039603953125 0.25118858906249997 0.002970296875 0.24088747968750002 0.018811881250000002 0.24088747968750002 0.031683168750000004 0.247226625 0.0396039609375
0 0.243264659375 0.0673267328125 0.25356576875000003 0.0584158421875 0.25356576875000003 0.0485148515625 0.2400950875 0.034653465625000004 0.2274167984375 0.037623762500000005 0.2258320125 0.05643564375 0.2305863703125 0.0673267328125 0.243264659375 0.0673267328125
0 0.23930269375000002 0.1009900984375 0.25198098281250003 0.1009900984375 0.26148969843750003 0.0881188125 0.26148969843750003 0.0762376234375 0.25673534062500003 0.0702970296875 0.2448494453125 0.0702970296875 0.23296355000000002 0.07821782187500001 0.23217115625 0.0950495046875 0.23930269375000002 0.1009900984375
0 0.23771790781250002 0.1376237625 0.25277337499999997 0.1366336640625 0.25990491250000003 0.124752475 0.25832012656250003 0.1118811875 0.25198098281250003 0.10693069375 0.2385103015625 0.10693069375 0.2305863703125 0.114851484375 0.23137876406250002 0.13069306875 0.23771790781250002 0.1376237625
0 0.236925515625 0.17722772343749998 0.2488114109375 0.1792079203125 0.25673534062500003 0.171287128125 0.257527734375 0.152475246875 0.25198098281250003 0.14356435625 0.24247226562500002 0.1425742578125 0.23217115625 0.1514851484375 0.23217115625 0.1702970296875 0.236925515625 0.17722772343749998
0 0.2337559421875 0.20594059374999998 0.236925515625 0.21881188125 0.24247226562500002 0.2237623765625 0.25198098281250003 0.221782178125 0.25673534062500003 0.21089108906249998 0.257527734375 0.1920792078125 0.2488114109375 0.184158415625 0.24088747968750002 0.185148515625 0.2353407296875 0.191089109375 0.2337559421875 0.20594059374999998
0 0.25118858906249997 0.26930693125 0.257527734375 0.26039603906250003 0.25673534062500003 0.23663366406250003 0.2480190171875 0.228712871875 0.23613312187500002 0.23663366406250003 0.23613312187500002 0.2633663359375 0.24247226562500002 0.27029702968749997 0.25118858906249997 0.26930693125
0 0.25277337499999997 0.31089108906249996 0.257527734375 0.3009900984375 0.2559429484375 0.28217821718749997 0.2456418390625 0.2762376234375 0.23613312187500002 0.284158415625 0.23771790781250002 0.3079207921875 0.243264659375 0.3118811875 0.25277337499999997 0.31089108906249996
0 0.243264659375 0.35643564375 0.25515055468750003 0.35346534687500003 0.257527734375 0.34950495 0.257527734375 0.32475247500000004 0.25118858906249997 0.31881188125 0.24405705156250002 0.31881188125 0.236925515625 0.325742575 0.23771790781250002 0.35049505000000003 0.243264659375 0.35643564375
0 0.2559429484375 0.3990099015625 0.25832012656250003 0.39306930625000003 0.257527734375 0.36930693125 0.247226625 0.36237623750000003 0.236925515625 0.3702970296875 0.23771790781250002 0.3960396046875 0.243264659375 0.40198019843750005 0.2559429484375 0.3990099015625
0 0.236925515625 0.41881188125 0.23771790781250002 0.44059405937499996 0.243264659375 0.44950495 0.25277337499999997 0.44950495 0.25990491250000003 0.4386138609375 0.25832012656250003 0.414851484375 0.25198098281250003 0.40891089062499997 0.2456418390625 0.40891089062499997 0.2400950875 0.4138613859375 0.236925515625 0.41881188125
0 0.2456418390625 0.49405940625 0.2559429484375 0.49207920781250003 0.26069730625 0.48217821718750004 0.25832012656250003 0.4613861390625 0.25198098281250003 0.45643564375 0.2448494453125 0.45643564375 0.23771790781250002 0.46336633593750004 0.2385103015625 0.48613861406250003 0.2456418390625 0.49405940625
0 0.24247226562500002 0.5356435640625 0.25198098281250003 0.5356435640625 0.2591125203125 0.53069306875 0.26148969843750003 0.5138613859375 0.257527734375 0.502970296875 0.24643423125 0.5 0.2385103015625 0.5079207921875 0.2385103015625 0.5267326734375 0.24247226562500002 0.5356435640625
0 0.23771790781250002 0.5623762375 0.243264659375 0.5732673265625 0.25198098281250003 0.5772277234375001 0.26069730625 0.56831683125 0.26307448437500003 0.55643564375 0.2591125203125 0.54356435625 0.2480190171875 0.5405940593749999 0.2400950875 0.54356435625 0.23771790781250002 0.5485148515625 0.23771790781250002 0.5623762375
0 0.359746434375 0.585148515625 0.37955625937500004 0.5831683171875001 0.38431061875 0.5732673265625 0.38272583125000004 0.5633663359375001 0.37717908125 0.5584158421875001 0.35736925468749997 0.5584158421875001 0.3518225046875 0.5653465343749999 0.352614896875 0.5792079203125 0.359746434375 0.585148515625
0 0.47939778125 0.5831683171875001 0.49762282031250005 0.5831683171875001 0.50633914375 0.5762376234375 0.5071315375000001 0.5623762375 0.5023771796875 0.55643564375 0.4809825671875 0.55643564375 0.47543581562500004 0.5613861390625 0.4738510296875 0.571287128125 0.47939778125 0.5831683171875001
0 0.5832012671875 0.585148515625 0.5855784468749999 0.5980198015625 0.5911251984375 0.6029702968749999 0.6006339140625 0.6 0.605388271875 0.59306930625 0.606180665625 0.5633663359375001 0.59587955625 0.5574257421875 0.5903328046875 0.5603960390625 0.584786053125 0.5702970296875 0.5832012671875 0.585148515625
0 0.6481774953125 0.608910890625 0.6592709984375 0.609900990625 0.667987321875 0.6019801984375001 0.667194928125 0.5841584156249999 0.660855784375 0.5732673265625 0.650554675 0.574257425 0.6450079234375 0.5891089109375 0.64421553125 0.5990099015625 0.6481774953125 0.608910890625
0 0.7115689374999999 0.608910890625 0.7250396203125 0.60594059375 0.7305863703125001 0.5950495046875 0.72662440625 0.5772277234375001 0.7210776546875 0.572277228125 0.71236133125 0.575247525 0.7068145796875 0.591089109375 0.7068145796875 0.6019801984375001 0.7115689374999999 0.608910890625
0 0.776545165625 0.6019801984375001 0.7860538828125 0.6039603953125 0.7923930265625 0.5980198015625 0.7931854203125 0.5792079203125 0.78763866875 0.566336634375 0.778129953125 0.5673267328125 0.7725832015625 0.578217821875 0.7717908078125 0.59405940625 0.776545165625 0.6019801984375001
0 0.8367670359374999 0.6039603953125 0.8494453249999999 0.6039603953125 0.8565768625000001 0.59306930625 0.8557844687499999 0.5801980203125 0.84865293125 0.56831683125 0.8399366078125 0.5702970296875 0.8351822500000001 0.5831683171875001 0.8335974640625 0.5980198015625 0.8367670359374999 0.6039603953125
0 0.9064976234375001 0.6029702968749999 0.9160063390625 0.6 0.9191759109375001 0.59405940625 0.91838351875 0.5762376234375 0.9128367671875001 0.5673267328125 0.9049128375000001 0.56831683125 0.8985736921875 0.5841584156249999 0.8985736921875 0.5950495046875 0.9064976234375001 0.6029702968749999
0 0.9746434234375 0.6009900984375001 0.9809825671875 0.591089109375 0.9770206015625 0.56831683125 0.96513470625 0.56831683125 0.95958795625 0.585148515625 0.9587955625 0.59306930625 0.9627575281249999 0.6009900984375001 0.9746434234375 0.6009900984375001