0 0.2200354609375 0 0.21843971562500003 0.002659575 0.21914893593749998 0.014184396875 0.22553191562500002 0.0221631203125 0.238297871875 0.017730496875 0.24113475156250003 0.0070921984375 0.24113475156250003 0 0.2200354609375 0
0 0.19858156093749998 0.0398936171875 0.20212765937500002 0.043439715625 0.20921985781250002 0.0425531921875 0.217730496875 0.03102836875 0.21843971562500003 0.018617021875 0.209929078125 0.0097517734375 0.2007092203125 0.012411346875 0.19645390000000001 0.017730496875 0.19858156093749998 0.0398936171875
0 0.22482269531250001 0.0620567375 0.2312056734375 0.0620567375 0.23617021249999998 0.057624114062499995 0.238297871875 0.03457446875 0.23475177343750003 0.02925531875 0.22482269531250001 0.02836879375 0.217730496875 0.0398936171875 0.2170212765625 0.048758865624999995 0.22482269531250001 0.0620567375
0 0.21985815625 0.06826241093749999 0.21843971562500003 0.057624114062499995 0.21134751718749997 0.049645390625 0.20496453906249998 0.049645390625 0.1992907796875 0.0567375890625 0.2007092203125 0.08333333281250001 0.21134751718749997 0.08333333281250001 0.21985815625 0.06826241093749999
0 0.2212765953125 0.1001773046875 0.22978723437499998 0.1028368796875 0.2354609921875 0.09751773124999999 0.23687943281249998 0.0735815609375 0.23333333281250002 0.06826241093749999 0.2234042546875 0.0691489359375 0.2156028375 0.0824468078125 0.2148936171875 0.0895390078125 0.2212765953125 0.1001773046875
0 0.20496453906249998 0.124113475 0.2156028375 0.125886525 0.22553191562500002 0.1179078015625 0.226241134375 0.109929078125 0.2156028375 0.09751773124999999 0.2085106390625 0.09574468124999999 0.20212765937500002 0.1019503546875 0.20212765937500002 0.1179078015625 0.20496453906249998 0.124113475
0 0.2156028375 0.15514184375 0.22765957499999998 0.15425531875 0.23475177343750003 0.141843971875 0.23404255312500002 0.1329787234375 0.226241134375 0.125886525 0.2170212765625 0.1285461 0.20780141875 0.137411346875 0.2085106390625 0.1498226953125 0.2156028375 0.15514184375
0 0.2127659578125 0.18705673750000001 0.22553191562500002 0.18705673750000001 0.2326241140625 0.17641843906250002 0.23191489375000002 0.1666666671875 0.226241134375 0.1604609921875 0.2127659578125 0.1604609921875 0.206382978125 0.16843971562499999 0.20709219843749999 0.1808510640625 0.2127659578125 0.18705673750000001
0 0.2106382984375 0.22251773125000002 0.221985815625 0.2242907796875 0.22695035468750002 0.22163120625000002 0.2312056734375 0.20301418437500002 0.2290780140625 0.19592198593750002 0.21631205625 0.1923758859375 0.20780141875 0.200354609375 0.20709219843749999 0.2109929078125 0.2106382984375 0.22251773125000002
0 0.209929078125 0.2562056734375 0.214184396875 0.2615248234375 0.221985815625 0.262411346875 0.22765957499999998 0.2579787234375 0.230496453125 0.249113475 0.22978723437499998 0.23315602812499997 0.21914893593749998 0.22783687968750002 0.21205673749999998 0.231382978125 0.20921985781250002 0.236702128125 0.209929078125 0.2562056734375
0 0.217730496875 0.3049645390625 0.22553191562500002 0.3031914890625 0.230496453125 0.295212765625 0.22978723437499998 0.27482269531250003 0.22482269531250001 0.267730496875 0.21914893593749998 0.267730496875 0.2106382984375 0.27748226875 0.21205673749999998 0.30053191562500003 0.217730496875 0.3049645390625
0 0.22695035468750002 0.3395390078125 0.230496453125 0.3342198578125 0.2290780140625 0.3156028375 0.21914893593749998 0.3111702125 0.21205673749999998 0.3164893609375 0.21205673749999998 0.3368794328125 0.21631205625 0.34219858125 0.22695035468750002 0.3395390078125
0 0.22978723437499998 0.37765957499999997 0.22978723437499998 0.3528368796875 0.226241134375 0.3484042546875 0.21914893593749998 0.34751773125 0.21205673749999998 0.3546099296875 0.2127659578125 0.37677305 0.217730496875 0.3820921984375 0.22978723437499998 0.37765957499999997
0 0.217730496875 0.422872340625 0.226241134375 0.421985815625 0.2312056734375 0.4166666671875 0.230496453125 0.392730496875 0.226241134375 0.388297871875 0.21914893593749998 0.387411346875 0.21205673749999998 0.394503546875 0.21205673749999998 0.4157801421875 0.217730496875 0.422872340625
0 0.21134751718749997 0.452127659375 0.2156028375 0.46276595781249996 0.21914893593749998 0.46542553125 0.22978723437499998 0.46276595781249996 0.2326241140625 0.45390070937500004 0.2312056734375 0.4343971625 0.22553191562500002 0.4290780140625 0.21985815625 0.4290780140625 0.21205673749999998 0.4370567375 0.21134751718749997 0.452127659375
0 0.2127659578125 0.4955673765625 0.2156028375 0.502659575 0.2212765953125 0.5062056734375 0.22978723437499998 0.502659575 0.2326241140625 0.4964539 0.2312056734375 0.47606382968750005 0.22553191562500002 0.47074468124999996 0.22056737656249997 0.47074468124999996 0.2127659578125 0.4778368796875 0.2127659578125 0.4955673765625
0 0.217730496875 0.5425531921875 0.22553191562500002 0.543439715625 0.23333333281250002 0.5372340421875 0.23404255312500002 0.5248226953125 0.2312056734375 0.514184396875 0.22056737656249997 0.5106382984375 0.21347517656249998 0.518617021875 0.2127659578125 0.53280141875 0.217730496875 0.5425531921875
0 0.2156028375 0.578014184375 0.221985815625 0.578014184375 0.23404255312500002 0.5664893609375 0.23404255312500002 0.5558510640625001 0.22765957499999998 0.547872340625 0.2170212765625 0.548758865625 0.2127659578125 0.5567375890624999 0.21134751718749997 0.5691489359374999 0.2156028375 0.578014184375
0 0.31205673749999996 0.59308510625 0.326241134375 0.59219858125 0.33191489375 0.5842198578125 0.330496453125 0.5735815609375 0.3248226953125 0.5691489359374999 0.3092198578125 0.5691489359374999 0.3028368796875 0.576241134375 0.30354610000000004 0.5886524828125 0.31205673749999996 0.59308510625
0 0.41773049687499997 0.5913120562499999 0.4347517734375 0.5913120562499999 0.441843971875 0.5842198578125 0.4425531921875 0.5753546093749999 0.43829787187499997 0.5682624109375001 0.41985815625 0.5673758859375 0.41489361718750006 0.5709219859375 0.4127659578125 0.581560284375 0.41773049687499997 0.5913120562499999
0 0.517730496875 0.578014184375 0.51631205625 0.5913120562499999 0.518439715625 0.6001773046875 0.5248226953125 0.606382978125 0.52836879375 0.605496453125 0.5333333328125 0.6010638296875 0.537588653125 0.59042553125 0.537588653125 0.5709219859375 0.534042553125 0.5673758859375 0.526241134375 0.5673758859375 0.517730496875 0.578014184375
0 0.5751773046875 0.6152482265625 0.5851063828124999 0.6152482265625 0.5929078015625 0.6046099296875 0.5907801421875 0.59042553125 0.5851063828124999 0.581560284375 0.5751773046875 0.5851063828124999 0.57163120625 0.59574468125 0.5709219859375 0.609042553125 0.5751773046875 0.6152482265625
0 0.6326241140625 0.6143617015625 0.64042553125 0.6134751765625001 0.64751773125 0.6046099296875 0.6453900703125 0.5877659578125 0.6411347515625 0.5824468078125 0.6326241140625 0.5833333328125 0.6269503546874999 0.59663120625 0.6262411343750001 0.607269503125 0.6326241140625 0.6143617015625
0 0.6865248234375 0.606382978125 0.697872340625 0.609042553125 0.7028368796875 0.6046099296875 0.7049645390625 0.59663120625 0.6992907796875001 0.577127659375 0.6914893609375 0.576241134375 0.6851063828124999 0.5868794328125 0.6843971625 0.6019503546875 0.6865248234375 0.606382978125
0 0.74397163125 0.609929078125 0.7539007093750001 0.609929078125 0.7602836875000001 0.6019503546875 0.75957446875 0.5877659578125 0.7539007093750001 0.578900709375 0.7460992906249999 0.579787234375 0.7411347515625 0.59308510625 0.7397163124999999 0.6010638296875 0.74397163125 0.609929078125
0 0.8035460999999999 0.609042553125 0.8120567375000001 0.607269503125 0.8177304968750001 0.5984042546875 0.8163120562499999 0.5851063828124999 0.8120567375000001 0.577127659375 0.8042553187499999 0.578014184375 0.797872340625 0.59219858125 0.797872340625 0.6028368796875 0.8035460999999999 0.609042553125
0 0.8602836875 0.609042553125 0.86808510625 0.606382978125 0.872340425 0.5992907796875 0.8709219859375 0.5824468078125 0.8673758859375 0.576241134375 0.85957446875 0.577127659375 0.8531914890625 0.59219858125 0.85248226875 0.6001773046875 0.8602836875 0.609042553125
0 0.9113475171875001 0.605496453125 0.9205673765625001 0.606382978125 0.9255319156249999 0.6010638296875 0.9276595750000001 0.5859929078125 0.9241134750000001 0.5744680843750001 0.9148936171875001 0.5753546093749999 0.9092198578125 0.5877659578125 0.9085106390625001 0.6010638296875 0.9113475171875001 0.605496453125
0 0.9652482265625 0.6019503546875 0.974468084375 0.605496453125 0.981560284375 0.6001773046875 0.9829787234375 0.581560284375 0.9787234046875 0.5735815609375 0.9702127656249999 0.5735815609375 0.9652482265625 0.5842198578125 0.9631205671874999 0.59219858125 0.9652482265625 0.6019503546875
1 0.0113475171875 0.608156028125 0.01631205625 0.6214539 0.03191489375 0.6241134749999999 0.04397163125 0.6152482265625 0.0468085109375 0.608156028125 0.046099290625 0.5913120562499999 0.0397163125 0.578014184375 0.0226950359375 0.5735815609375 0.012056737500000001 0.5842198578125 0.0113475171875 0.608156028125
1 0.049645390625 0.5877659578125 0.049645390625 0.6046099296875 0.0602836875 0.6205673765624999 0.073758865625 0.6214539 0.082269503125 0.6134751765625001 0.0851063828125 0.6028368796875 0.0843971625 0.59042553125 0.07659574531249999 0.576241134375 0.05957446875 0.5744680843750001 0.05106382968749999 0.5824468078125 0.049645390625 0.5877659578125
1 0.09645390000000001 0.6187943265625 0.11347517656249999 0.6205673765624999 0.1234042546875 0.609929078125 0.1226950359375 0.5851063828124999 0.1156028375 0.5753546093749999 0.09716312031249999 0.5744680843750001 0.08936170156249999 0.5877659578125 0.0886524828125 0.6010638296875 0.09645390000000001 0.6187943265625
1 0.127659575 0.5842198578125 0.127659575 0.606382978125 0.134042553125 0.6179078015624999 0.1397163125 0.6214539 0.14964539062499999 0.6214539 0.15957446875 0.6134751765625001 0.162411346875 0.606382978125 0.162411346875 0.59219858125 0.1546099296875 0.576241134375 0.14042553124999999 0.5726950359375 0.127659575 0.5842198578125
1 0.1666666671875 0.6019503546875 0.1730496453125 0.612588653125 0.181560284375 0.6161347515625 0.20283687968750003 0.6019503546875 0.20709219843749999 0.59219858125 0.20283687968750003 0.577127659375 0.1950354609375 0.5718085109375 0.17517730468749998 0.5726950359375 0.165957446875 0.5868794328125 0.1666666671875 0.6019503546875
1 0.23333333281250002 0.5709219859375 0.22482269531250001 0.580673759375 0.22695035468750002 0.5913120562499999 0.237588653125 0.59397163125 0.27801418437500003 0.59397163125 0.285815603125 0.5913120562499999 0.290070921875 0.5842198578125 0.2879432625 0.5753546093749999 0.275886525 0.5709219859375 0.2567375890625 0.5744680843750001 0.24113475156250003 0.5691489359374999 0.23333333281250002 0.5709219859375
1 0.3354609921875 0.5753546093749999 0.3361702125 0.5877659578125 0.3489361703125 0.59397163125 0.3879432625 0.59219858125 0.394326240625 0.5877659578125 0.39645389999999997 0.578900709375 0.39574468125 0.5744680843750001 0.3879432625 0.5682624109375001 0.34397163124999997 0.5682624109375001 0.338297871875 0.5700354609375 0.3354609921875 0.5753546093749999
1 0.446099290625 0.5859929078125 0.44964539062500003 0.59042553125 0.45886524843750004 0.59219858125 0.4971631203125 0.59042553125 0.505673759375 0.578014184375 0.5042553187500001 0.5726950359375 0.4964539 0.5664893609375 0.45390070937500004 0.5664893609375 0.4453900703125 0.5735815609375 0.446099290625 0.5859929078125
1 0.5390070921875 0.612588653125 0.553900709375 0.6143617015625 0.5609929078125 0.610815603125 0.5666666671875 0.6028368796875 0.57163120625 0.576241134375 0.5645390078125 0.5673758859375 0.5475177312499999 0.5664893609375 0.5432624109375 0.5700354609375 0.538297871875 0.5886524828125 0.5390070921875 0.612588653125
1 0.5914893609375 0.5744680843750001 0.5914893609375 0.5868794328125 0.5985815609375 0.606382978125 0.606382978125 0.6134751765625001 0.6170212765625 0.609929078125 0.6248226953125 0.59397163125 0.6262411343750001 0.5726950359375 0.6156028375 0.5647163125 0.6028368796875 0.5647163125 0.594326240625 0.5691489359374999 0.5914893609375 0.5744680843750001
1 0.64822695 0.5726950359375 0.64751773125 0.5868794328125 0.6567375890625 0.610815603125 0.6645390078125 0.612588653125 0.678014184375 0.605496453125 0.682269503125 0.5868794328125 0.682269503125 0.5744680843750001 0.678014184375 0.5673758859375 0.6602836875 0.5629432624999999 0.65248226875 0.5656028375 0.64822695 0.5726950359375
1 0.7070921984375 0.5744680843750001 0.7070921984375 0.5895390078125 0.7113475171875 0.6046099296875 0.71985815625 0.610815603125 0.729787234375 0.607269503125 0.7397163124999999 0.5833333328125 0.74042553125 0.5744680843750001 0.737588653125 0.5682624109375001 0.7290780140625001 0.5629432624999999 0.7156028375 0.5629432624999999 0.7070921984375 0.5744680843750001
1 0.762411346875 0.5877659578125 0.769503546875 0.606382978125 0.7787234046875 0.609042553125 0.790070921875 0.6010638296875 0.7964539 0.577127659375 0.7907801421875 0.5638297875 0.7709219859374999 0.5620567375000001 0.7666666671875 0.5638297875 0.762411346875 0.5718085109375 0.762411346875 0.5877659578125
1 0.825531915625 0.5629432624999999 0.8198581562499999 0.5726950359375 0.8191489359374999 0.5824468078125 0.8234042546874999 0.6010638296875 0.8312056734375 0.608156028125 0.8411347515625 0.605496453125 0.850354609375 0.5851063828124999 0.85177305 0.5726950359375 0.849645390625 0.5664893609375 0.8411347515625 0.5602836875 0.8312056734375 0.5602836875 0.825531915625 0.5629432624999999
1 0.8794326234375 0.5620567375000001 0.8751773046875 0.5700354609375 0.8751773046875 0.5868794328125 0.8787234046875 0.6001773046875 0.8872340421875 0.606382978125 0.8992907796875 0.6019503546875 0.90425531875 0.59219858125 0.906382978125 0.578900709375 0.9035461 0.5629432624999999 0.897872340625 0.5593971625 0.8843971625 0.5593971625 0.8794326234375 0.5620567375000001
1 0.9319148937499999 0.5682624109375001 0.9312056734375 0.581560284375 0.9354609921874999 0.5992907796875 0.9418439718749999 0.605496453125 0.9517730500000001 0.6037234046875 0.9602836874999999 0.5851063828124999 0.961702128125 0.5726950359375 0.9588652484375 0.5620567375000001 0.9517730500000001 0.5576241140625 0.9390070921874999 0.5585106390625 0.9319148937499999 0.5682624109375001
1 1 0.5562943265625 0.9950354609375 0.5567375890624999 0.9865248234375 0.5673758859375 0.9872340421875 0.5877659578125 0.9921985812499999 0.6010638296875 0.99574468125 0.6037234046875 1 0.60292553125 1 0.5562943265625