1 0 0.6276041671875 0.014583332812499999 0.6310763890625 0.025 0.6241319437499999 0.029166667187500002 0.6171875 0.029166667187500002 0.598090278125 0.0229166671875 0.5850694437499999 0.0048611109375000005 0.581597221875 0 0.5842013890625 0 0.6276041671875
1 0.0638888890625 0.6223958328125 0.0673611109375 0.6111111109375 0.0673611109375 0.5989583328125 0.061805556250000004 0.5850694437499999 0.047222221875 0.5807291671875 0.036805556249999996 0.5859375 0.032638889062499996 0.5928819437499999 0.032638889062499996 0.6119791671875 0.0395833328125 0.6267361109375 0.0486111109375 0.6302083328125 0.0638888890625 0.6223958328125
1 0.10069444375 0.6223958328125 0.10486111093749999 0.613715278125 0.10555555624999999 0.6024305562500001 0.103472221875 0.5920138890625 0.09652777812499999 0.582465278125 0.07986111093750001 0.581597221875 0.071527778125 0.59375 0.071527778125 0.613715278125 0.078472221875 0.6258680562500001 0.090277778125 0.6276041671875 0.10069444375 0.6223958328125
1 0.1395833328125 0.620659721875 0.14305555625 0.6119791671875 0.14305555625 0.5963541671875 0.1361111109375 0.5833333328125 0.1298611109375 0.5798611109375 0.11805555625 0.5807291671875 0.109722221875 0.5920138890625 0.109722221875 0.6154513890625 0.115277778125 0.6241319437499999 0.13055555624999998 0.6276041671875 0.1395833328125 0.620659721875
1 0.215277778125 0.6024305562500001 0.2388888890625 0.5998263890625 0.24444444375000002 0.5928819437499999 0.24375 0.5876736109375 0.23958333281250002 0.5842013890625 0.222222221875 0.5833333328125 0.21111111093749999 0.5772569437499999 0.19305555624999998 0.578125 0.1875 0.582465278125 0.1861111109375 0.6015625 0.1923611109375 0.609375 0.20277777812500003 0.609375 0.215277778125 0.6024305562500001
1 0.3513888890625 0.5911458328125 0.35069444375000003 0.582465278125 0.3451388890625 0.5772569437499999 0.2979166671875 0.5763888890625 0.2923611109375 0.582465278125 0.29375 0.5963541671875 0.30069444375 0.6006944437499999 0.33888888906250003 0.5998263890625 0.3513888890625 0.5911458328125
1 0.45277777812500003 0.5963541671875 0.4576388890625 0.5885416671875 0.45625 0.578125 0.4513888890625 0.574652778125 0.40555555625000006 0.574652778125 0.39930555624999997 0.5798611109375 0.39930555624999997 0.5920138890625 0.40694444374999994 0.5989583328125 0.4479166671875 0.598090278125 0.45277777812500003 0.5963541671875
1 0.54305555625 0.5911458328125 0.5423611109375 0.5798611109375 0.534027778125 0.573784721875 0.515277778125 0.5729166671875 0.5104166671875 0.574652778125 0.5069444437499999 0.5807291671875 0.5048611109375 0.6024305562500001 0.5215277781250001 0.6154513890625 0.534722221875 0.609375 0.54305555625 0.5911458328125
1 0.58125 0.6189236109375 0.590277778125 0.6111111109375 0.596527778125 0.5911458328125 0.596527778125 0.581597221875 0.5916666671875 0.574652778125 0.5701388890625 0.5729166671875 0.5625 0.581597221875 0.5618055562500001 0.5954861109375 0.5708333328124999 0.6163194437499999 0.57569444375 0.6197916671875 0.58125 0.6189236109375
1 0.6479166671875001 0.6067708328125 0.6520833328125 0.590277778125 0.6513888890625 0.5798611109375 0.6479166671875001 0.5755208328125 0.6388888890625 0.5711805562500001 0.627777778125 0.5711805562500001 0.61944444375 0.5755208328125 0.615972221875 0.5833333328125 0.61944444375 0.6067708328125 0.6263888890625 0.6171875 0.6388888890625 0.6171875 0.6479166671875001 0.6067708328125
1 0.7020833328125 0.6067708328125 0.7076388890625 0.581597221875 0.7013888890625 0.5720486109375 0.6805555562500001 0.5711805562500001 0.6729166671875 0.5807291671875 0.6736111109375 0.5954861109375 0.6805555562500001 0.6111111109375 0.6916666671875 0.6154513890625 0.7020833328125 0.6067708328125
1 0.7569444437499999 0.6076388890625 0.7625 0.5885416671875 0.7625 0.5789930562500001 0.7597222218749999 0.573784721875 0.7520833328125 0.5694444437499999 0.73680555625 0.5694444437499999 0.7284722218749999 0.5807291671875 0.73125 0.605034721875 0.73680555625 0.6145833328125 0.746527778125 0.6163194437499999 0.7569444437499999 0.6076388890625
1 0.8076388890624999 0.6111111109375 0.8118055562500001 0.605034721875 0.8166666671874999 0.5859375 0.8138888890624999 0.5729166671875 0.809027778125 0.5685763890625 0.7979166671875 0.5677083328125 0.790277778125 0.5711805562500001 0.7854166671875 0.5789930562500001 0.784722221875 0.5876736109375 0.7888888890625 0.6067708328125 0.7979166671875 0.6145833328125 0.8076388890624999 0.6111111109375
1 0.85694444375 0.612847221875 0.86319444375 0.6085069437499999 0.8708333328125001 0.5876736109375 0.86875 0.5720486109375 0.86319444375 0.5677083328125 0.8506944437499999 0.566840278125 0.840972221875 0.5755208328125 0.8395833328125001 0.5920138890625 0.8451388890624999 0.609375 0.84930555625 0.612847221875 0.85694444375 0.612847221875
1 0.9166666671874999 0.6085069437499999 0.922222221875 0.5989583328125 0.925 0.5833333328125 0.9208333328125 0.5677083328125 0.9041666671874999 0.565972221875 0.8951388890624999 0.574652778125 0.89444444375 0.589409721875 0.8986111109375001 0.605902778125 0.9069444437499999 0.6119791671875 0.9166666671874999 0.6085069437499999
1 0.9708333328125001 0.6085069437499999 0.9791666671874999 0.5911458328125 0.977777778125 0.5685763890625 0.9701388890624999 0.5642361109375 0.9576388890624999 0.5642361109375 0.9486111109375001 0.5755208328125 0.9486111109375001 0.5920138890625 0.9541666671875 0.6076388890625 0.9576388890624999 0.6102430562500001 0.9708333328125001 0.6085069437499999
0 0.19305555624999998 0 0.19375 0.0173611109375 0.20138888906250002 0.02256944375 0.21319444375000002 0.0182291671875 0.21805555625 0.006944443749999999 0.2173611109375 0 0.19305555624999998 0
0 0.23958333281250002 0.0251736109375 0.2388888890625 0.014756943750000001 0.23263888906250002 0.00868055625 0.22430555624999998 0.00868055625 0.2173611109375 0.0208333328125 0.21944444375 0.034722221875 0.22569444375 0.0390625 0.23472222187499997 0.0364583328125 0.23958333281250002 0.0251736109375
0 0.2166666671875 0.0486111109375 0.2166666671875 0.034722221875 0.209027778125 0.026909721874999997 0.197222221875 0.0329861109375 0.19583333281249998 0.046875 0.19930555625 0.059027778125 0.20833333281250002 0.05989583281250001 0.2166666671875 0.0486111109375
0 0.23402777812500003 0.073784721875 0.23680555625 0.05208333281250001 0.23333333281250002 0.04600694375 0.22430555624999998 0.0451388890625 0.2166666671875 0.0564236109375 0.21597222187499998 0.06510416718749999 0.22152777812500002 0.07638888906249999 0.228472221875 0.078125 0.23402777812500003 0.073784721875
0 0.2138888890625 0.09548611093750001 0.21875 0.07899305625 0.2166666671875 0.07291666718749999 0.209027778125 0.065972221875 0.19930555625 0.07118055625 0.19930555625 0.09635416718749999 0.20069444375 0.09982638906249999 0.20694444375 0.1015625 0.2138888890625 0.09548611093750001
0 0.23333333281250002 0.1145833328125 0.23541666718749998 0.09114583281250001 0.23263888906250002 0.08506944375 0.22291666718749997 0.08506944375 0.215277778125 0.098090278125 0.215277778125 0.1067708328125 0.2201388890625 0.1145833328125 0.22569444375 0.11805555625 0.23333333281250002 0.1145833328125
0 0.22430555624999998 0.1276041671875 0.2125 0.109375 0.20486111093749998 0.109375 0.20138888906250002 0.11631944375 0.20208333281250002 0.13454861093749998 0.20694444375 0.13975694375 0.21875 0.13628472187500001 0.22430555624999998 0.1276041671875
0 0.23263888906250002 0.1588541671875 0.23333333281250002 0.1458333328125 0.23055555625 0.140625 0.2236111109375 0.1380208328125 0.2125 0.14409722187500001 0.20694444375 0.15277777812499999 0.20625 0.15798611093749998 0.21111111093749999 0.16579861093749998 0.22430555624999998 0.16753472187500001 0.23263888906250002 0.1588541671875
0 0.22430555624999998 0.19878472187500001 0.23055555625 0.19184027812499999 0.23125 0.18142361093749998 0.225 0.17274305625 0.2125 0.171875 0.20555555625 0.1796875 0.20486111093749998 0.1901041671875 0.2076388890625 0.19704861093749998 0.2125 0.19965277812499999 0.22430555624999998 0.19878472187500001
0 0.22916666718749998 0.22395833281250002 0.228472221875 0.20833333281250002 0.2236111109375 0.20399305625 0.215277778125 0.20399305625 0.20694444375 0.21180555625 0.20694444375 0.2265625 0.21180555625 0.23350694375 0.22569444375 0.23177083281250002 0.22916666718749998 0.22395833281250002
0 0.22916666718749998 0.25694444375000003 0.22777777812500002 0.24392361093749998 0.2236111109375 0.23958333281250002 0.215277778125 0.23958333281250002 0.20833333281250002 0.24739583281250002 0.20972222187499998 0.2682291671875 0.21458333281250003 0.2717013890625 0.22430555624999998 0.26996527812500004 0.22916666718749998 0.25694444375000003
0 0.22430555624999998 0.3125 0.22916666718749998 0.3020833328125 0.22638888906250001 0.28038194375000003 0.2166666671875 0.27777777812500004 0.20972222187499998 0.28559027812500004 0.209027778125 0.30121527812500004 0.21180555625 0.3098958328125 0.2166666671875 0.31336805624999997 0.22430555624999998 0.3125
0 0.22916666718749998 0.34027777812500004 0.228472221875 0.3263888890625 0.2201388890625 0.31944444375000003 0.21111111093749999 0.32725694375000003 0.2104166671875 0.3454861109375 0.215277778125 0.3498263890625 0.225 0.3489583328125 0.22916666718749998 0.34027777812500004
0 0.2298611109375 0.3802083328125 0.228472221875 0.3611111109375 0.2236111109375 0.35590277812500004 0.21805555625 0.35590277812500004 0.2104166671875 0.3645833328125 0.21180555625 0.3845486109375 0.2166666671875 0.38975694375000003 0.225 0.3888888890625 0.2298611109375 0.3802083328125
0 0.2298611109375 0.41840277812500004 0.228472221875 0.39930555624999997 0.22430555624999998 0.39496527812500004 0.2173611109375 0.39496527812500004 0.21111111093749999 0.4010416671875 0.2104166671875 0.41753472187499996 0.2138888890625 0.4270833328125 0.22569444375 0.4279513890625 0.2298611109375 0.41840277812500004
0 0.23125 0.45659722187499996 0.228472221875 0.43836805625 0.21944444375 0.4348958328125 0.21111111093749999 0.44444444375 0.21180555625 0.46527777812500004 0.21944444375 0.4704861109375 0.228472221875 0.46788194375 0.23125 0.45659722187499996
0 0.225 0.5095486109375 0.23055555625 0.504340278125 0.23055555625 0.484375 0.22430555624999998 0.4765625 0.21458333281250003 0.4791666671875 0.21111111093749999 0.48524305625 0.2125 0.5026041671875 0.2166666671875 0.5095486109375 0.225 0.5095486109375
0 0.228472221875 0.5460069437499999 0.23194444375 0.5390625 0.2298611109375 0.519965278125 0.2201388890625 0.5147569437499999 0.21319444375000002 0.5208333328125 0.21180555625 0.534722221875 0.2138888890625 0.5451388890625 0.21875 0.5477430562500001 0.228472221875 0.5460069437499999
0 0.228472221875 0.5555555562500001 0.2201388890625 0.5529513890625 0.2125 0.5607638890625 0.2138888890625 0.5755208328125 0.22430555624999998 0.581597221875 0.23680555625 0.5789930562500001 0.228472221875 0.5555555562500001
0 0.2791666671875 0.6006944437499999 0.2875 0.5928819437499999 0.2875 0.5833333328125 0.2833333328125 0.578125 0.2666666671875 0.5763888890625 0.26180555625 0.5789930562500001 0.25833333281250004 0.5833333328125 0.25833333281250004 0.589409721875 0.26527777812500003 0.5998263890625 0.2791666671875 0.6006944437499999
0 0.396527778125 0.5885416671875 0.3951388890625 0.5798611109375 0.38819444375 0.574652778125 0.37152777812500004 0.5755208328125 0.3673611109375 0.581597221875 0.3673611109375 0.5920138890625 0.37430555625 0.5989583328125 0.39027777812500003 0.598090278125 0.396527778125 0.5885416671875
0 0.502777778125 0.5911458328125 0.503472221875 0.578125 0.49791666718750005 0.5729166671875 0.48472222187499997 0.5729166671875 0.4770833328125 0.578125 0.47569444375 0.5885416671875 0.48194444374999995 0.597222221875 0.49583333281249997 0.5989583328125 0.502777778125 0.5911458328125
0 0.5625 0.6145833328125 0.5618055562500001 0.5998263890625 0.5548611109375 0.590277778125 0.5479166671875 0.5911458328125 0.5409722218749999 0.6041666671875 0.540277778125 0.6145833328125 0.5458333328125 0.621527778125 0.5555555562500001 0.621527778125 0.5625 0.6145833328125
0 0.615972221875 0.613715278125 0.615972221875 0.6006944437499999 0.609722221875 0.589409721875 0.6013888890625 0.590277778125 0.596527778125 0.6024305562500001 0.5951388890625 0.612847221875 0.59930555625 0.620659721875 0.60694444375 0.621527778125 0.615972221875 0.613715278125
0 0.672222221875 0.613715278125 0.6736111109375 0.6032986109375 0.6673611109375 0.5885416671875 0.6569444437499999 0.590277778125 0.652777778125 0.5989583328125 0.6513888890625 0.6076388890625 0.6569444437499999 0.6197916671875 0.6631944437499999 0.6197916671875 0.672222221875 0.613715278125
0 0.725 0.612847221875 0.727777778125 0.6032986109375 0.722222221875 0.5876736109375 0.715277778125 0.5868055562500001 0.7090277781250001 0.5954861109375 0.70694444375 0.605902778125 0.7090277781250001 0.6163194437499999 0.715972221875 0.6189236109375 0.725 0.612847221875
0 0.784027778125 0.6041666671875 0.7819444437499999 0.5920138890625 0.7770833328125 0.5842013890625 0.76944444375 0.5859375 0.7638888890625 0.5998263890625 0.7638888890625 0.609375 0.76875 0.6163194437499999 0.7791666671875 0.6145833328125 0.784027778125 0.6041666671875
0 0.8368055562500001 0.6076388890625 0.8354166671875 0.5876736109375 0.83055555625 0.5833333328125 0.825 0.5842013890625 0.8208333328125 0.589409721875 0.81805555625 0.6006944437499999 0.8173611109375001 0.6067708328125 0.821527778125 0.6145833328125 0.8333333328125001 0.6119791671875 0.8368055562500001 0.6076388890625
0 0.8895833328125 0.6102430562500001 0.8923611109375 0.597222221875 0.88819444375 0.582465278125 0.8791666671874999 0.582465278125 0.8736111109375001 0.59375 0.8729166671874999 0.6067708328125 0.8763888890624999 0.612847221875 0.88125 0.6145833328125 0.8895833328125 0.6102430562500001
0 0.9444444437499999 0.6067708328125 0.9451388890624999 0.5911458328125 0.9395833328125001 0.5807291671875 0.9326388890624999 0.582465278125 0.9270833328125001 0.5963541671875 0.9263888890624999 0.6067708328125 0.9305555562500001 0.6119791671875 0.9381944437499999 0.6119791671875 0.9444444437499999 0.6067708328125
1 0.18125 0.6102430562500001 0.17986111093749999 0.5954861109375 0.17013888906250002 0.5807291671875 0.1576388890625 0.5798611109375 0.14930555625 0.5876736109375 0.146527778125 0.5954861109375 0.146527778125 0.6111111109375 0.1576388890625 0.6276041671875 0.1708333328125 0.6258680562500001 0.18125 0.6102430562500001
0 0.9993055562500001 0.5798611109375 0.9895833328125001 0.5789930562500001 0.9826388890625 0.589409721875 0.98194444375 0.6067708328125 0.984027778125 0.6111111109375 0.9993055562500001 0.6111111109375 0.9993055562500001 0.5798611109375