0 0.21486268125 0 0.21486268125 0.010101009375000001 0.21970920781249997 0.017171717187499998 0.22859450781250001 0.017171717187499998 0.23909531562500003 0.0010101015625 0.23897104531250002 0 0.21486268125 0
0 0.241518578125 0.0363636359375 0.2479806140625 0.0414141421875 0.25525040312499997 0.0393939390625 0.260904684375 0.0202020203125 0.258481421875 0.0040404046875000005 0.24555734999999998 0.0020202015625 0.2382875609375 0.0121212125 0.235864296875 0.0202020203125 0.241518578125 0.0363636359375
0 0.2172859453125 0.05959595937499999 0.2213247171875 0.065656565625 0.22859450781250001 0.065656565625 0.23747980625 0.054545454687499995 0.23990306874999998 0.0383838390625 0.23424878906250002 0.028282828125 0.22778675312500002 0.024242425 0.2213247171875 0.026262626562500002 0.2172859453125 0.0333333328125 0.2172859453125 0.05959595937499999
0 0.23990306874999998 0.08383838437499999 0.2495961234375 0.0868686875 0.25605815781249996 0.08181818125 0.258481421875 0.054545454687499995 0.25525040312499997 0.049494949999999996 0.24555734999999998 0.0484848484375 0.2350565421875 0.06464646406249999 0.23344103437500002 0.07272727343749999 0.23990306874999998 0.08383838437499999
0 0.22455573437499998 0.1131313125 0.2326332796875 0.116161615625 0.2479806140625 0.10606060625 0.2479806140625 0.09393939375 0.23747980625 0.08383838437499999 0.2269789984375 0.08080808125 0.2205169625 0.0868686875 0.2205169625 0.10303030312499999 0.22455573437499998 0.1131313125
0 0.24474959687500003 0.15050505 0.25444265 0.14141414218749998 0.25605815781249996 0.1262626265625 0.25121163125 0.11818181875 0.2423263328125 0.1171717171875 0.2294022609375 0.12323232343749999 0.22536348906249998 0.13131313125 0.22859450781250001 0.147474746875 0.24474959687500003 0.15050505
0 0.231825525 0.1878787875 0.2463651046875 0.18686868750000002 0.2536348953125 0.177777778125 0.25444265 0.1666666671875 0.24878836875000002 0.15656565625000002 0.23424878906250002 0.15555555625 0.22536348906249998 0.16363636406249998 0.22536348906249998 0.1797979796875 0.231825525 0.1878787875
0 0.2269789984375 0.2202020203125 0.23101777031249998 0.228282828125 0.23747980625 0.23131313125 0.2463651046875 0.2292929296875 0.2520193859375 0.21919191875 0.2520193859375 0.2040404046875 0.2479806140625 0.1959595953125 0.23424878906250002 0.19393939375 0.2269789984375 0.20101010156250002 0.2269789984375 0.2202020203125
0 0.235864296875 0.2767676765625 0.247172859375 0.27373737343750004 0.2520193859375 0.2545454546875 0.2495961234375 0.240404040625 0.2382875609375 0.2363636359375 0.23101777031249998 0.240404040625 0.22859450781250001 0.24646464687499997 0.2294022609375 0.271717171875 0.235864296875 0.2767676765625
0 0.2463651046875 0.32323232343749997 0.2520193859375 0.3121212125 0.25121163125 0.289898990625 0.241518578125 0.28181818125 0.230210015625 0.290909090625 0.23101777031249998 0.31818181874999996 0.2382875609375 0.324242425 0.2463651046875 0.32323232343749997
0 0.23667205156249999 0.36666666718749996 0.2479806140625 0.3646464640625 0.2520193859375 0.35656565625000003 0.25040387656249996 0.3363636359375 0.24474959687500003 0.33131313125 0.2382875609375 0.33131313125 0.23101777031249998 0.3373737375 0.231825525 0.36262626249999996 0.23667205156249999 0.36666666718749996
0 0.23667205156249999 0.41212121249999994 0.24878836875000002 0.41111111093749997 0.252827140625 0.4020202015625 0.25121163125 0.378787878125 0.2463651046875 0.3737373734375 0.23990306874999998 0.3737373734375 0.23101777031249998 0.38080808125 0.231825525 0.40707070781250004 0.23667205156249999 0.41212121249999994
0 0.23990306874999998 0.459595959375 0.25121163125 0.45555555625000005 0.2520193859375 0.424242425 0.241518578125 0.41818181875000004 0.231825525 0.425252525 0.230210015625 0.44242424218750004 0.23344103437500002 0.45454545468749996 0.23990306874999998 0.459595959375
0 0.2382875609375 0.5070707078125001 0.247172859375 0.5070707078125001 0.2536348953125 0.4989898984375 0.25444265 0.47676767656249996 0.2520193859375 0.4707070703125 0.2407108234375 0.46565656562499996 0.231825525 0.47474747500000003 0.231825525 0.5 0.2382875609375 0.5070707078125001
0 0.25121163125 0.5494949499999999 0.25444265 0.5424242421875001 0.252827140625 0.51919191875 0.23990306874999998 0.5141414140625 0.231825525 0.522222221875 0.23344103437500002 0.546464646875 0.23909531562500003 0.552525253125 0.25121163125 0.5494949499999999
0 0.23344103437500002 0.5909090906250001 0.241518578125 0.5959595953125 0.2520193859375 0.5929292921875 0.25525040312499997 0.5868686875 0.252827140625 0.5626262625 0.247172859375 0.5585858578125 0.23424878906250002 0.5626262625 0.231825525 0.56868686875 0.23344103437500002 0.5909090906250001
0 0.2439418421875 0.6303030296875 0.2576736671875 0.6333333328124999 0.2649434578125 0.6272727265625 0.2649434578125 0.6141414140625 0.25444265 0.603030303125 0.24474959687500003 0.6 0.235864296875 0.6050505046875 0.23909531562500003 0.622222221875 0.2439418421875 0.6303030296875
0 0.3659127625 0.6353535359375 0.3844911140625 0.6373737375 0.394991921875 0.6272727265625 0.39418416875 0.6171717171875 0.389337640625 0.6111111109375 0.36752827187500003 0.610101009375 0.3634894984375 0.6131313125 0.3610662359375 0.6262626265625 0.3659127625 0.6353535359375
0 0.49353796406250006 0.6353535359375 0.5129240703125 0.6343434343750001 0.51938610625 0.6262626265625 0.51938610625 0.6141414140625 0.513731825 0.6080808078125 0.4967689828125 0.6070707078125 0.4886914375 0.6121212125 0.486268175 0.6232323234375 0.49353796406250006 0.6353535359375
0 0.58966074375 0.6474747468750001 0.5945072703125 0.6555555562500001 0.6025848140625001 0.6575757578125 0.613085621875 0.6474747468750001 0.6138933765625 0.6262626265625 0.6098546046875 0.616161615625 0.6042003234375 0.6131313125 0.596122778125 0.6171717171875 0.590468496875 0.6303030296875 0.58966074375 0.6474747468750001
0 0.6567043625 0.659595959375 0.666397415625 0.6626262625 0.674474959375 0.6585858578125 0.67851373125 0.6474747468750001 0.674474959375 0.6292929296875001 0.6639741515625001 0.624242425 0.6567043625 0.6323232328125 0.6542810984375 0.6414141421874999 0.6567043625 0.659595959375
0 0.7229402265625 0.6616161609375 0.735864296875 0.6575757578125 0.7407108234375 0.6484848484375 0.7382875609374999 0.63131313125 0.7326332796874999 0.624242425 0.7229402265625 0.6262626265625 0.7172859453125 0.6414141421874999 0.716478190625 0.6545454546875 0.7229402265625 0.6616161609375
0 0.7867528265625 0.65656565625 0.7924071078125 0.6585858578125 0.8029079156250001 0.6545454546875 0.806138934375 0.6383838390625 0.800484653125 0.6202020203124999 0.7907916 0.6202020203124999 0.7843295640625 0.6323232328125 0.7827140546875 0.6474747468750001 0.7867528265625 0.65656565625
0 0.8505654281249999 0.65656565625 0.8634894984375 0.6545454546875 0.8691437796875 0.6464646468749999 0.8675282718749999 0.6272727265625 0.8610662359375001 0.6202020203124999 0.8546042 0.621212121875 0.84652665625 0.640404040625 0.84652665625 0.65050505 0.8505654281249999 0.65656565625
0 0.9337641359375001 0.6464646468749999 0.9337641359375001 0.6323232328125 0.9281098546875001 0.61919191875 0.91922455625 0.6202020203124999 0.9127625203124999 0.6333333328124999 0.9143780296875 0.6545454546875 0.9273021 0.6545454546875 0.9337641359375001 0.6464646468749999
0 0.9878836828124999 0.653535353125 0.9959612281249999 0.6464646468749999 0.99192245625 0.61818181875 0.9822294015624999 0.61818181875 0.9757673671875 0.63131313125 0.9741518578124999 0.6454545453125 0.9781906296875 0.652525253125 0.9878836828124999 0.653535353125
1 0.008077543750000001 0.64949495 0.013731825 0.6686868687499999 0.031502423437499996 0.6737373734375 0.0468497578125 0.6626262625 0.050080775 0.65050505 0.0492730203125 0.6343434343750001 0.0387722125 0.6171717171875 0.023424878125 0.615151515625 0.009693053125 0.6232323234375 0.008077543750000001 0.64949495
1 0.0646203546875 0.6696969703125 0.0831987078125 0.6676767671875 0.093699515625 0.6555555562500001 0.0928917609375 0.63131313125 0.0840064625 0.61818181875 0.065428109375 0.616161615625 0.054927301562499996 0.63131313125 0.055735056250000005 0.653535353125 0.0646203546875 0.6696969703125
1 0.0985460421875 0.6515151515625 0.10500807812499999 0.6646464640625 0.12197092031250001 0.6696969703125 0.1332794828125 0.6626262625 0.1373182546875 0.6545454546875 0.138126009375 0.6363636359375 0.12843295625 0.6171717171875 0.1098546046875 0.615151515625 0.0985460421875 0.6272727265625 0.0985460421875 0.6515151515625
1 0.141357028125 0.64343434375 0.1462035546875 0.6585858578125 0.1558966078125 0.6696969703125 0.17366720468750002 0.6666666671875 0.18174475 0.6555555562500001 0.180129240625 0.6282828281249999 0.16882067812499998 0.615151515625 0.1518578359375 0.616161615625 0.14216478125 0.6333333328124999 0.141357028125 0.64343434375
1 0.18739903125 0.6474747468750001 0.1922455578125 0.6545454546875 0.2019386109375 0.6585858578125 0.2229402265625 0.6484848484375 0.2350565421875 0.6323232328125 0.23424878906250002 0.622222221875 0.22617124375 0.6111111109375 0.197092084375 0.6131313125 0.18659127656250002 0.6232323234375 0.18739903125 0.6474747468750001
1 0.272213246875 0.6171717171875 0.27382875625 0.6323232328125 0.2770597734375 0.6363636359375 0.289176090625 0.6383838390625 0.333602584375 0.6363636359375 0.34410339218749997 0.6272727265625 0.3432956375 0.61818181875 0.336833603125 0.6121212125 0.2810985453125 0.610101009375 0.2746365109375 0.6121212125 0.272213246875 0.6171717171875
1 0.404684975 0.6363636359375 0.45315024218750005 0.6363636359375 0.4668820671875 0.6262626265625 0.4660743140625 0.615151515625 0.4571890140625 0.609090909375 0.417609046875 0.6080808078125 0.3998384484375 0.6131313125 0.398222940625 0.6282828281249999 0.404684975 0.6363636359375
1 0.5234248781249999 0.6272727265625 0.532310178125 0.6353535359375 0.5775444265624999 0.6383838390625 0.5840064625 0.6333333328124999 0.5872374796875001 0.624242425 0.5856219703125001 0.6131313125 0.5751211625 0.6070707078125 0.532310178125 0.6070707078125 0.5234248781249999 0.6141414140625 0.5234248781249999 0.6272727265625
1 0.6171243937499999 0.622222221875 0.6171243937499999 0.6464646468749999 0.621163165625 0.6575757578125 0.6276252015625 0.6626262625 0.6373182546875 0.6616161609375 0.6470113078125 0.6515151515625 0.6558966078124999 0.6232323234375 0.65105008125 0.6111111109375 0.638126009375 0.60606060625 0.6235864296875 0.6080808078125 0.6171243937499999 0.622222221875
1 0.677705978125 0.616161615625 0.677705978125 0.63131313125 0.68174475 0.6474747468750001 0.68739903125 0.6555555562500001 0.6987075921875 0.659595959375 0.710823909375 0.64949495 0.7172859453125 0.6272727265625 0.71486268125 0.6111111109375 0.6962843296875 0.6040404046875001 0.68174475 0.6080808078125 0.677705978125 0.616161615625
1 0.7407108234375 0.616161615625 0.7407108234375 0.63131313125 0.7504038765625001 0.65656565625 0.755250403125 0.659595959375 0.7649434578125 0.6575757578125 0.7770597734375 0.6454545453125 0.7819062999999999 0.624242425 0.777867528125 0.609090909375 0.7673667203125001 0.6040404046875001 0.7504038765625001 0.6040404046875001 0.7407108234375 0.616161615625
1 0.8158319875 0.652525253125 0.82714055 0.65656565625 0.840872375 0.6454545453125 0.84652665625 0.61818181875 0.8392568656250001 0.6050505046875 0.8190630046875 0.603030303125 0.8085621968750001 0.6131313125 0.8085621968750001 0.6363636359375 0.8158319875 0.652525253125
1 0.8788368343749999 0.652525253125 0.892568659375 0.6545454546875 0.904684975 0.64444444375 0.909531503125 0.6131313125 0.903877221875 0.6040404046875001 0.8796445875 0.6020202015625 0.87156704375 0.6131313125 0.8707592890625 0.6262626265625 0.8788368343749999 0.652525253125
1 0.936995153125 0.6121212125 0.9361873984375 0.6262626265625 0.9410339249999999 0.6454545453125 0.949919225 0.653535353125 0.9620355406250001 0.65050505 0.9660743140625 0.6454545453125 0.9725363484375 0.621212121875 0.9684975765624999 0.6040404046875001 0.96365105 0.6 0.948303715625 0.6 0.936995153125 0.6121212125