0 0.20072463749999997 0 0.20072463749999997 0.0172101453125 0.2065217390625 0.0217391296875 0.2188405796875 0.0190217390625 0.22318840624999997 0.01358695625 0.22536231875 0.0054347828124999996 0.2241765484375 0 0.20072463749999997 0
0 0.236956521875 0.0081521734375 0.22826087031250003 0.0117753625 0.22463768125 0.023550725 0.22608695625 0.0335144921875 0.2326086953125 0.039855071874999995 0.240579709375 0.038949275 0.24565217343749998 0.0335144921875 0.24782608750000001 0.016304348437499998 0.24637681093750002 0.0117753625 0.2413043484375 0.0081521734375 0.236956521875 0.0081521734375
0 0.2021739125 0.0353260875 0.2036231890625 0.055253623437499996 0.20579710156250003 0.059782609375 0.210144928125 0.061594203125000004 0.2173913046875 0.059782609375 0.22463768125 0.04891304375 0.22463768125 0.036231884375 0.2166666671875 0.0271739125 0.210144928125 0.0271739125 0.2021739125 0.0353260875
0 0.22608695625 0.052536231249999996 0.22246376875 0.061594203125000004 0.22318840624999997 0.0697463765625 0.23115942031249997 0.0815217390625 0.240579709375 0.07971014531250001 0.24420289843749998 0.0715579703125 0.2449275359375 0.0543478265625 0.23768115937499998 0.0461956515625 0.2326086953125 0.0461956515625 0.22608695625 0.052536231249999996
0 0.210869565625 0.06793478281250001 0.20579710156250003 0.07246376875 0.2043478265625 0.07789855 0.20579710156250003 0.09963768125 0.209420290625 0.1032608703125 0.214492753125 0.1032608703125 0.2188405796875 0.09963768125 0.22608695625 0.0842391296875 0.22246376875 0.0742753625 0.2159420296875 0.06793478281250001 0.210869565625 0.06793478281250001
0 0.23188405781250002 0.086050725 0.22536231875 0.0923913046875 0.2195652171875 0.1032608703125 0.2210144921875 0.112318840625 0.23115942031249997 0.1213768109375 0.236956521875 0.1213768109375 0.2420289859375 0.11503623125 0.2434782609375 0.0951086953125 0.2420289859375 0.088768115625 0.23768115937499998 0.086050725 0.23188405781250002 0.086050725
0 0.20869565156249997 0.1213768109375 0.20869565156249997 0.139492753125 0.212318840625 0.1458333328125 0.2173913046875 0.14764492812500002 0.23115942031249997 0.1413043484375 0.2340579703125 0.1313405796875 0.22463768125 0.11865942031250001 0.2166666671875 0.11503623125 0.21521739062499998 0.11503623125 0.20869565156249997 0.1213768109375
0 0.22971014531249997 0.1467391296875 0.2173913046875 0.15307970937499998 0.21376811562500003 0.1585144921875 0.214492753125 0.1684782609375 0.2173913046875 0.173007246875 0.22246376875 0.1757246375 0.23623188437499998 0.173007246875 0.2413043484375 0.15942029062500002 0.240579709375 0.151268115625 0.234782609375 0.1467391296875 0.22971014531249997 0.1467391296875
0 0.214492753125 0.1838768109375 0.211594203125 0.1911231890625 0.21376811562500003 0.20471014531249998 0.22318840624999997 0.210144928125 0.23333333281250002 0.20742753593750002 0.23840579687500002 0.19836956562500002 0.23768115937499998 0.186594203125 0.2289855078125 0.1802536234375 0.225 0.1802536234375 0.214492753125 0.1838768109375
0 0.2173913046875 0.2164855078125 0.213043478125 0.22463768125 0.214492753125 0.2418478265625 0.22246376875 0.24728260937500002 0.23115942031249997 0.2454710140625 0.23623188437499998 0.23822463749999997 0.236956521875 0.2201086953125 0.22826087031250003 0.21376811562500003 0.22391304375 0.21376811562500003 0.2173913046875 0.2164855078125
0 0.2188405796875 0.2545289859375 0.21521739062499998 0.260869565625 0.2181159421875 0.284420290625 0.22681159375 0.288949275 0.23188405781250002 0.28713768125 0.23623188437499998 0.278079709375 0.236956521875 0.260869565625 0.23188405781250002 0.252717390625 0.2271739125 0.252717390625 0.2188405796875 0.2545289859375
0 0.22753623125 0.2934782609375 0.2202898546875 0.2961956515625 0.2166666671875 0.30434782656250003 0.2166666671875 0.323369565625 0.22391304375 0.3315217390625 0.23188405781250002 0.3297101453125 0.23623188437499998 0.323369565625 0.23623188437499998 0.301630434375 0.23115942031249997 0.2943840578125 0.22826087031250003 0.2943840578125 0.22753623125 0.2934782609375
0 0.2188405796875 0.3414855078125 0.2166666671875 0.3550724640625 0.2188405796875 0.3686594203125 0.22318840624999997 0.37318840625 0.23115942031249997 0.37318840625 0.23623188437499998 0.36684782656250003 0.236956521875 0.34420289843749996 0.23115942031249997 0.336956521875 0.22536231875 0.336956521875 0.2188405796875 0.3414855078125
0 0.22246376875 0.3795289859375 0.2173913046875 0.38858695625 0.2181159421875 0.4085144921875 0.22391304375 0.4166666671875 0.2326086953125 0.41485507187500004 0.23768115937499998 0.40489130468749995 0.236956521875 0.3840579703125 0.23115942031249997 0.3786231890625 0.22536231875 0.3786231890625 0.22246376875 0.3795289859375
0 0.22463768125 0.423007246875 0.2181159421875 0.4293478265625 0.2188405796875 0.4456521734375 0.22463768125 0.45471014531250004 0.23188405781250002 0.45380434843749995 0.236956521875 0.4492753625 0.23768115937499998 0.4302536234375 0.23188405781250002 0.423007246875 0.22826087031250003 0.423007246875 0.22463768125 0.423007246875
0 0.2181159421875 0.46920289843749996 0.2188405796875 0.4882246375 0.22318840624999997 0.4945652171875 0.23188405781250002 0.4954710140625 0.23840579687500002 0.48731884062499997 0.23840579687500002 0.46920289843749996 0.235507246875 0.46286231874999995 0.23043478281250002 0.46014492812499996 0.22608695625 0.46014492812499996 0.2181159421875 0.46920289843749996
0 0.22318840624999997 0.5018115937500001 0.2181159421875 0.510869565625 0.2202898546875 0.5317028984375 0.22753623125 0.538043478125 0.2340579703125 0.536231884375 0.23913043437499998 0.5289855078125 0.23913043437499998 0.510869565625 0.2326086953125 0.5009057968749999 0.2289855078125 0.5009057968749999 0.22318840624999997 0.5018115937500001
0 0.2195652171875 0.5697463765624999 0.22608695625 0.5797101453125 0.234782609375 0.57789855 0.23985507187500002 0.5688405796875 0.23985507187500002 0.551630434375 0.23188405781250002 0.5425724640625 0.22681159375 0.5425724640625 0.2188405796875 0.551630434375 0.2195652171875 0.5697463765624999
0 0.22971014531249997 0.612318840625 0.23768115937499998 0.6168478265624999 0.24782608750000001 0.614130434375 0.25 0.610507246875 0.248550725 0.600543478125 0.2326086953125 0.5833333328125 0.23043478281250002 0.5833333328125 0.22246376875 0.590579709375 0.22971014531249997 0.612318840625
0 0.3311594203125 0.5978260875 0.32753623125 0.6059782609375 0.3289855078125 0.6168478265624999 0.336956521875 0.6213768109375 0.3543478265625 0.6186594203125 0.3586956515625 0.612318840625 0.3586956515625 0.6032608703125 0.3507246375 0.596920290625 0.3463768109375 0.596920290625 0.3311594203125 0.5978260875
0 0.3659420296875 0.598731884375 0.363768115625 0.61141304375 0.36739130468750003 0.6186594203125 0.37753623125 0.6213768109375 0.389130434375 0.6177536234375001 0.3913043484375 0.6132246375 0.3913043484375 0.602355071875 0.38478260937500003 0.5960144921875 0.3811594203125 0.5960144921875 0.3659420296875 0.598731884375
1 0.22536231875 0.610507246875 0.2159420296875 0.5978260875 0.209420290625 0.5978260875 0.1913043484375 0.598731884375 0.184782609375 0.601449275 0.1804347828125 0.6068840578125 0.1789855078125 0.6213768109375 0.1833333328125 0.6340579703125 0.1920289859375 0.639492753125 0.19710144999999998 0.639492753125 0.22173912968749998 0.622282609375 0.22536231875 0.6177536234375001 0.22536231875 0.610507246875
1 0 0.6539855078125 0.0036231890624999997 0.6539855078125 0.012318840624999999 0.65036231875 0.0173913046875 0.6449275359375 0.0188405796875 0.6231884062499999 0.014492753124999999 0.60960145 0.001449275 0.601449275 0 0.601449275 0 0.6539855078125
1 0.049275362499999996 0.6041666671875 0.0427536234375 0.601449275 0.038405796874999995 0.601449275 0.0304347828125 0.6032608703125 0.0217391296875 0.6159420296875 0.0210144921875 0.6213768109375 0.0217391296875 0.635869565625 0.0318840578125 0.653079709375 0.0434782609375 0.653079709375 0.05289855 0.6467391296875 0.0572463765625 0.637681159375 0.05579710156249999 0.614130434375 0.049275362499999996 0.6041666671875
1 0.090579709375 0.6059782609375 0.08333333281250001 0.601449275 0.07946884062500001 0.601449275 0.0681159421875 0.6032608703125 0.060869565625 0.6168478265624999 0.062318840625000003 0.63858695625 0.0688405796875 0.648550725 0.07391304374999999 0.65036231875 0.085507246875 0.649456521875 0.0913043484375 0.6458333328125 0.0963768109375 0.6367753625 0.0949275359375 0.6132246375 0.090579709375 0.6059782609375
1 0.1282608703125 0.6032608703125 0.1217391296875 0.600543478125 0.1159420296875 0.600543478125 0.1043478265625 0.6077898546875 0.1007246375 0.6168478265624999 0.101449275 0.635869565625 0.1057971015625 0.6449275359375 0.113768115625 0.65036231875 0.12536231874999998 0.649456521875 0.1311594203125 0.6449275359375 0.135507246875 0.6367753625 0.134782609375 0.6132246375 0.1282608703125 0.6032608703125
1 0.1688405796875 0.6050724640625 0.160144928125 0.600543478125 0.15615942031250002 0.600543478125 0.15 0.601449275 0.1442028984375 0.6068840578125 0.139855071875 0.6168478265624999 0.139855071875 0.6295289859375 0.1456521734375 0.6458333328125 0.1565217390625 0.65036231875 0.1695652171875 0.6467391296875 0.17681159375 0.6367753625 0.17391304375 0.612318840625 0.1688405796875 0.6050724640625
1 0.309420290625 0.596920290625 0.3054753625 0.596920290625 0.264492753125 0.5978260875 0.260144928125 0.6041666671875 0.260144928125 0.6132246375 0.263043478125 0.6177536234375001 0.27173912968749997 0.622282609375 0.31231884062500004 0.6213768109375 0.32028985468750004 0.6159420296875 0.32246376875 0.6077898546875 0.3173913046875 0.59963768125 0.309420290625 0.596920290625
1 0.44710145 0.5951086953125 0.4434782609375 0.5951086953125 0.4 0.5960144921875 0.3956521734375 0.600543478125 0.3949275359375 0.61141304375 0.398550725 0.6186594203125 0.40434782656249996 0.6204710140625 0.4456521734375 0.6195652171875 0.45652173906250004 0.6132246375 0.4579710140625 0.6086956515625 0.4572463765625 0.600543478125 0.44710145 0.5951086953125
1 0.5413043484375 0.5932971015625 0.5372673906250001 0.5932971015625 0.5094202906249999 0.5951086953125 0.5065217390625001 0.602355071875 0.5072463765624999 0.6132246375 0.510144928125 0.6177536234375001 0.5326086953125 0.6322463765624999 0.5449275359375 0.6304347828125 0.5521739125 0.6204710140625 0.5543478265624999 0.6032608703125 0.55 0.596920290625 0.5413043484375 0.5932971015625
1 0.611594203125 0.600543478125 0.6 0.5932971015625 0.5954108703125 0.5932971015625 0.5811594203125 0.5960144921875 0.57608695625 0.6077898546875 0.5797101453125 0.6295289859375 0.5840579703125 0.63858695625 0.589130434375 0.6431159421875 0.5985507250000001 0.6422101453125 0.6036231890625 0.637681159375 0.6086956515625 0.6295289859375 0.613043478125 0.6132246375 0.611594203125 0.600543478125
1 0.6688405796875 0.59963768125 0.664492753125 0.5942028984375 0.6557971015625 0.5914855078125 0.65 0.5914855078125 0.638405796875 0.5951086953125 0.6340579703125 0.6077898546875 0.637681159375 0.6286231890625 0.639855071875 0.6340579703125 0.64710145 0.64039855 0.6543478265625 0.64039855 0.660144928125 0.6367753625 0.665217390625 0.6295289859375 0.6695652171875001 0.612318840625 0.6688405796875 0.59963768125
1 0.72318840625 0.5951086953125 0.713043478125 0.590579709375 0.7079710140625 0.590579709375 0.6956521734375001 0.5932971015625 0.6898550718750001 0.6041666671875 0.690579709375 0.6150362312500001 0.6956521734375001 0.6304347828125 0.70289855 0.635869565625 0.712318840625 0.635869565625 0.7181159421875 0.6313405796875 0.72753623125 0.6077898546875 0.72681159375 0.59963768125 0.72318840625 0.5951086953125
1 0.7804347828125 0.5942028984375 0.77246376875 0.5896739125 0.7683572468750001 0.5896739125 0.75289855 0.5923913046875 0.7478260875 0.6050724640625 0.7485507250000001 0.6168478265624999 0.75289855 0.6313405796875 0.7565217390625001 0.635869565625 0.764492753125 0.63858695625 0.77391304375 0.6349637687499999 0.7797101453125 0.6286231890625 0.784782609375 0.6050724640625 0.7804347828125 0.5942028984375
1 0.8297101453125 0.588768115625 0.82608695625 0.588768115625 0.8137681156250001 0.590579709375 0.8072463765625001 0.6041666671875 0.8101449281249999 0.6259057968749999 0.8144927531249999 0.6340579703125 0.8195652171875001 0.6367753625 0.8275362312500001 0.635869565625 0.8326086953124999 0.6313405796875 0.8405797093749999 0.610507246875 0.839855071875 0.5960144921875 0.8297101453125 0.588768115625
1 0.8840579703125 0.586956521875 0.8826086953125 0.586956521875 0.8681159421875 0.590579709375 0.863043478125 0.601449275 0.8673913046875 0.627717390625 0.87463768125 0.6349637687499999 0.8826086953125 0.6349637687499999 0.8891304343750001 0.6313405796875 0.8963768109375 0.612318840625 0.8971014500000001 0.598731884375 0.8942028984375 0.5923913046875 0.8840579703125 0.586956521875
1 0.9405797093749999 0.585144928125 0.9369565218749999 0.585144928125 0.9282608703124999 0.58786231875 0.9217391296875 0.600543478125 0.9246376812499999 0.6231884062499999 0.9318840578125 0.6340579703125 0.9398550718750001 0.6340579703125 0.9449275359374999 0.6304347828125 0.9536231890625 0.6068840578125 0.9536231890625 0.596920290625 0.95 0.588768115625 0.9405797093749999 0.585144928125
1 1 0.5842391296875 0.9975847828125 0.5842391296875 0.984782609375 0.586050725 0.9768115937499999 0.59963768125 0.9782608703125 0.6159420296875 0.9818840578125 0.6268115937500001 0.984782609375 0.6304347828125 0.9934782609375 0.6331521734375001 1 0.6308229812499999 1 0.5842391296875
0 0.48043478281249996 0.5951086953125 0.47536231874999996 0.59963768125 0.47463768125000005 0.61141304375 0.47753623125000005 0.6168478265624999 0.5007246375000001 0.6168478265624999 0.5036231890625 0.600543478125 0.5007246375000001 0.5951086953125 0.49710145 0.5942028984375 0.4927536234375 0.5942028984375 0.48043478281249996 0.5951086953125
0 0.5565217390625 0.6150362312500001 0.55289855 0.6313405796875 0.5550724640625 0.639492753125 0.560869565625 0.6440217390625 0.5695652171875001 0.6422101453125 0.57608695625 0.6331521734375001 0.57536231875 0.6159420296875 0.5695652171875001 0.6068840578125 0.563043478125 0.6068840578125 0.5565217390625 0.6150362312500001
0 0.6231884062499999 0.6077898546875 0.6173913046874999 0.61141304375 0.612318840625 0.6259057968749999 0.613043478125 0.6367753625 0.6188405796875001 0.6440217390625 0.62753623125 0.6422101453125 0.6340579703125 0.6367753625 0.6326086953125001 0.6159420296875 0.6282608703125 0.60960145 0.62391304375 0.6077898546875 0.6231884062499999 0.6077898546875
0 0.6797101453125001 0.60960145 0.6724637687499999 0.6150362312500001 0.6688405796875 0.627717390625 0.6702898546875 0.639492753125 0.67536231875 0.6431159421875 0.6833333328125 0.6422101453125 0.6913043484375 0.6340579703125 0.6920289859375 0.6286231890625 0.6884057968749999 0.6159420296875 0.6811594203125 0.60960145 0.6797101453125001 0.60960145
0 0.7311594203125 0.612318840625 0.72608695625 0.6259057968749999 0.72753623125 0.6367753625 0.7326086953125001 0.6413043484375 0.7420289859375 0.63858695625 0.7478260875 0.6295289859375 0.7463768109375 0.6177536234375001 0.739130434375 0.6077898546875 0.736231884375 0.6077898546875 0.7311594203125 0.612318840625
0 0.787681159375 0.61141304375 0.784782609375 0.6231884062499999 0.7855072468750001 0.6340579703125 0.7934782609375 0.639492753125 0.8021739125 0.6349637687499999 0.8057971015625001 0.6286231890625 0.8043478265624999 0.612318840625 0.7978260875000001 0.6050724640625 0.7942028984375 0.6050724640625 0.787681159375 0.61141304375
0 0.8463768109375 0.60960145 0.8413043484375 0.6259057968749999 0.8427536234374999 0.6331521734375001 0.8463768109375 0.637681159375 0.8565217390625 0.6367753625 0.861594203125 0.6295289859375 0.860144928125 0.61141304375 0.8565217390625 0.6059782609375 0.85 0.6059782609375 0.8463768109375 0.60960145
0 0.912318840625 0.602355071875 0.9057971015625 0.6041666671875 0.9021739125 0.610507246875 0.8992753625000001 0.6295289859375 0.9036231890625 0.635869565625 0.9108695656249999 0.635869565625 0.9188405796874999 0.6286231890625 0.9188405796874999 0.614130434375 0.9159420296875 0.6050724640625 0.9130434781250001 0.6032608703125 0.912318840625 0.602355071875
0 0.9586956515624999 0.6068840578125 0.9550724640625001 0.6204710140625 0.9550724640625001 0.6286231890625 0.960144928125 0.6349637687499999 0.9702898546875 0.6340579703125 0.9746376812499999 0.6259057968749999 0.97246376875 0.6050724640625 0.9659420296875 0.601449275 0.9652173906250001 0.601449275 0.9586956515624999 0.6068840578125