0 0.2138888890625 0.0078125 0.2166666671875 0 0.1916666671875 0.0008680562500000001 0.197222221875 0.012152778125 0.20694444375 0.013888889062500001 0.2138888890625 0.0078125
0 0.23680555625 0.027777778125000003 0.240277778125 0.013888889062500001 0.23680555625 0.0026041671875 0.2236111109375 0 0.21805555625 0.0095486109375 0.2173611109375 0.0208333328125 0.22152777812500002 0.0295138890625 0.23125 0.03125 0.23680555625 0.027777778125000003
0 0.2173611109375 0.03819444375 0.2173611109375 0.027777778125000003 0.2104166671875 0.019965278125 0.20208333281250002 0.019965278125 0.19513888906250001 0.026909721874999997 0.19583333281249998 0.043402778125 0.20138888906250002 0.051215278125 0.20972222187499998 0.050347221875 0.2173611109375 0.03819444375
0 0.23472222187499997 0.065972221875 0.2375 0.055555556250000006 0.2375 0.0442708328125 0.23472222187499997 0.0390625 0.22430555624999998 0.0373263890625 0.2166666671875 0.0486111109375 0.21597222187499998 0.05729166718749999 0.2201388890625 0.066840278125 0.22916666718749998 0.06944444375 0.23472222187499997 0.065972221875
0 0.21805555625 0.07552083281250001 0.2173611109375 0.065972221875 0.209027778125 0.05729166718749999 0.20277777812500003 0.058159721875 0.1979166671875 0.06336805625 0.19930555625 0.08767361093750001 0.20347222187499997 0.09114583281250001 0.209027778125 0.090277778125 0.21805555625 0.07552083281250001
0 0.23194444375 0.109375 0.23541666718749998 0.097222221875 0.23472222187499997 0.07899305625 0.22430555624999998 0.074652778125 0.21944444375 0.07899305625 0.21597222187499998 0.08854166718749999 0.215277778125 0.09548611093750001 0.21875 0.1041666671875 0.22430555624999998 0.11024305625 0.23194444375 0.109375
0 0.22152777812500002 0.120659721875 0.222222221875 0.1111111109375 0.2138888890625 0.09982638906249999 0.20555555625 0.098090278125 0.20069444375 0.105902778125 0.20069444375 0.12413194375 0.20416666718749998 0.1302083328125 0.2125 0.12934027812499999 0.22152777812500002 0.120659721875
0 0.23263888906250002 0.14670138906250002 0.23402777812500003 0.13368055625 0.2298611109375 0.125 0.22291666718749997 0.12413194375 0.21111111093749999 0.13454861093749998 0.209027778125 0.14670138906250002 0.2166666671875 0.15451388906250002 0.225 0.15451388906250002 0.23263888906250002 0.14670138906250002
0 0.23125 0.17361111093749998 0.2298611109375 0.1640625 0.2236111109375 0.15798611093749998 0.2125 0.15711805625 0.20555555625 0.16493055625 0.20486111093749998 0.1770833328125 0.21180555625 0.18576388906250002 0.22152777812500002 0.18576388906250002 0.23125 0.17361111093749998
0 0.23125 0.20572916718749998 0.23055555625 0.19618055625 0.22430555624999998 0.18923611093749998 0.21319444375000002 0.18923611093749998 0.20625 0.19704861093749998 0.20625 0.2109375 0.21319444375000002 0.21875 0.225 0.21788194375 0.23125 0.20572916718749998
0 0.2298611109375 0.24045138906250002 0.22777777812500002 0.22743055625 0.2173611109375 0.223090278125 0.2076388890625 0.23177083281250002 0.209027778125 0.2526041671875 0.21805555625 0.2560763890625 0.2270833328125 0.25086805624999997 0.2298611109375 0.24045138906250002
0 0.2236111109375 0.2951388890625 0.228472221875 0.2864583328125 0.22638888906250001 0.2638888890625 0.22291666718749997 0.2604166671875 0.21597222187499998 0.2604166671875 0.20972222187499998 0.2682291671875 0.209027778125 0.28472222187499996 0.21180555625 0.29340277812500004 0.21875 0.296875 0.2236111109375 0.2951388890625
0 0.228472221875 0.3298611109375 0.22777777812500002 0.3064236109375 0.2236111109375 0.3020833328125 0.2166666671875 0.3020833328125 0.2104166671875 0.30902777812500004 0.2104166671875 0.33159722187499996 0.21597222187499998 0.33680555624999997 0.22569444375 0.3342013890625 0.228472221875 0.3298611109375
0 0.2298611109375 0.3645833328125 0.2270833328125 0.34461805624999997 0.2208333328125 0.3411458328125 0.21458333281250003 0.34288194375000003 0.2104166671875 0.35069444375000003 0.21111111093749999 0.3723958328125 0.21597222187499998 0.3776041671875 0.225 0.3767361109375 0.2298611109375 0.3645833328125
0 0.22777777812500002 0.4114583328125 0.2298611109375 0.40711805625 0.22916666718749998 0.38975694375000003 0.2236111109375 0.38368055624999997 0.2166666671875 0.3845486109375 0.21180555625 0.38975694375000003 0.21111111093749999 0.40277777812500004 0.2138888890625 0.4123263890625 0.2236111109375 0.4140625 0.22777777812500002 0.4114583328125
0 0.23055555625 0.4427083328125 0.228472221875 0.4244791671875 0.2201388890625 0.4192708328125 0.21180555625 0.42621527812500004 0.2125 0.44878472187499996 0.2166666671875 0.453125 0.2270833328125 0.4513888890625 0.23055555625 0.4427083328125
0 0.23055555625 0.4869791671875 0.22916666718749998 0.4626736109375 0.21944444375 0.4583333328125 0.21180555625 0.46527777812500004 0.21319444375000002 0.4904513890625 0.2166666671875 0.4939236109375 0.22777777812500002 0.49131944375 0.23055555625 0.4869791671875
0 0.23194444375 0.5251736109375 0.23055555625 0.5052083328125 0.22430555624999998 0.49913194375 0.2173611109375 0.5 0.21319444375000002 0.504340278125 0.2125 0.5286458328125 0.2166666671875 0.5338541671875 0.22638888906250001 0.5338541671875 0.23194444375 0.5251736109375
0 0.23125 0.565972221875 0.23194444375 0.5486111109375 0.228472221875 0.542534721875 0.21944444375 0.5399305562500001 0.2125 0.546875 0.21180555625 0.5642361109375 0.2138888890625 0.5685763890625 0.225 0.5703125 0.23125 0.565972221875
0 0.2923611109375 0.5920138890625 0.290972221875 0.582465278125 0.284027778125 0.5772569437499999 0.2673611109375 0.5772569437499999 0.2638888890625 0.5842013890625 0.2645833328125 0.5954861109375 0.26875 0.6006944437499999 0.284027778125 0.5998263890625 0.2923611109375 0.5920138890625
0 0.3263888890625 0.5928819437499999 0.3263888890625 0.582465278125 0.3229166671875 0.5772569437499999 0.30555555624999997 0.5763888890625 0.3 0.581597221875 0.29930555625 0.5920138890625 0.30416666718749996 0.5989583328125 0.31875 0.5998263890625 0.3263888890625 0.5928819437499999
0 0.43333333281249997 0.5911458328125 0.43333333281249997 0.5798611109375 0.428472221875 0.574652778125 0.4125 0.574652778125 0.40625 0.5807291671875 0.40555555625000006 0.589409721875 0.41111111093749997 0.598090278125 0.42569444375 0.598090278125 0.43333333281249997 0.5911458328125
0 0.5298611109375 0.590277778125 0.528472221875 0.5772569437499999 0.522222221875 0.573784721875 0.515277778125 0.5755208328125 0.5083333328124999 0.5868055562500001 0.5104166671875 0.6067708328125 0.5173611109375 0.6119791671875 0.5236111109375 0.6085069437499999 0.5298611109375 0.590277778125
0 0.5840277781250001 0.6111111109375 0.58194444375 0.5954861109375 0.5763888890625 0.5868055562500001 0.5666666671875 0.590277778125 0.5631944437499999 0.6006944437499999 0.5625 0.6145833328125 0.5673611109375 0.621527778125 0.5763888890625 0.621527778125 0.5840277781250001 0.6111111109375
0 0.63819444375 0.6102430562500001 0.6361111109375 0.5954861109375 0.6298611109375 0.5885416671875 0.6229166671875 0.590277778125 0.6173611109375 0.6024305562500001 0.6173611109375 0.6145833328125 0.6236111109375 0.620659721875 0.6319444437499999 0.6189236109375 0.63819444375 0.6102430562500001
0 0.6763888890625 0.6154513890625 0.6854166671875 0.6154513890625 0.6916666671875 0.6067708328125 0.6895833328125 0.5911458328125 0.6854166671875 0.5842013890625 0.68194444375 0.5842013890625 0.68125 0.5833333328125 0.67569444375 0.5876736109375 0.671527778125 0.6032986109375 0.672222221875 0.6111111109375 0.6763888890625 0.6154513890625
0 0.734722221875 0.6171875 0.74444444375 0.6145833328125 0.7479166671875 0.6085069437499999 0.746527778125 0.5911458328125 0.74375 0.5859375 0.7402777781250001 0.5850694437499999 0.7395833328125 0.5842013890625 0.73194444375 0.5885416671875 0.727777778125 0.6015625 0.7284722218749999 0.6111111109375 0.734722221875 0.6171875
0 0.78680555625 0.6163194437499999 0.7958333328125 0.6154513890625 0.8020833328125001 0.6067708328125 0.80069444375 0.5928819437499999 0.7986111109375 0.5868055562500001 0.7951388890625 0.5850694437499999 0.79444444375 0.5842013890625 0.7861111109375 0.589409721875 0.7826388890625 0.6024305562500001 0.7826388890625 0.6111111109375 0.78680555625 0.6163194437499999
0 0.8444444437499999 0.6145833328125 0.852777778125 0.612847221875 0.8576388890625 0.6032986109375 0.85555555625 0.5885416671875 0.85 0.582465278125 0.8479166671874999 0.582465278125 0.8423611109375001 0.5859375 0.8388888890624999 0.5998263890625 0.8388888890624999 0.6085069437499999 0.8444444437499999 0.6145833328125
0 0.8923611109375 0.609375 0.897222221875 0.613715278125 0.9048611109375001 0.612847221875 0.909722221875 0.6076388890625 0.909027778125 0.5868055562500001 0.9055555562500001 0.581597221875 0.9020833328125001 0.581597221875 0.8986111109375001 0.581597221875 0.8951388890624999 0.5859375 0.8916666671875 0.5989583328125 0.8923611109375 0.609375
0 0.95069444375 0.6111111109375 0.9583333328125001 0.6102430562500001 0.9666666671874999 0.6024305562500001 0.9638888890624999 0.582465278125 0.9604166671875 0.5789930562500001 0.95555555625 0.5789930562500001 0.9548611109375 0.578125 0.94930555625 0.5833333328125 0.946527778125 0.5946180562500001 0.946527778125 0.6067708328125 0.95069444375 0.6111111109375
1 0.0083333328125 0.613715278125 0.013888889062500001 0.6302083328125 0.03125 0.6302083328125 0.040277778125000004 0.6171875 0.0395833328125 0.5946180562500001 0.0375 0.589409721875 0.029166667187500002 0.581597221875 0.025 0.581597221875 0.015277778124999999 0.582465278125 0.013888889062500001 0.5911458328125 0.006944443749999999 0.5954861109375 0.0083333328125 0.613715278125
1 0.047222221875 0.6197916671875 0.05208333281250001 0.6258680562500001 0.059027778125 0.6276041671875 0.072222221875 0.6241319437499999 0.078472221875 0.6145833328125 0.0770833328125 0.5911458328125 0.07291666718749999 0.5850694437499999 0.06527777812499999 0.5807291671875 0.06157430625 0.5807291671875 0.05069444375 0.582465278125 0.046527778125 0.5876736109375 0.04375 0.6006944437499999 0.047222221875 0.6197916671875
1 0.0958333328125 0.628472221875 0.10694444375 0.6267361109375 0.1111111109375 0.6232638890625 0.1166666671875 0.6102430562500001 0.115277778125 0.5928819437499999 0.10833333281249999 0.582465278125 0.10069444375 0.5798611109375 0.0958333328125 0.5798611109375 0.084722221875 0.5876736109375 0.08194444375 0.598090278125 0.084027778125 0.6163194437499999 0.0958333328125 0.628472221875
1 0.1298611109375 0.6276041671875 0.147222221875 0.625 0.1548611109375 0.612847221875 0.1548611109375 0.5989583328125 0.1513888890625 0.5885416671875 0.146527778125 0.582465278125 0.13888888906250002 0.5798611109375 0.13263888906250001 0.5798611109375 0.125 0.5850694437499999 0.1201388890625 0.598090278125 0.12291666718750001 0.6171875 0.1298611109375 0.6276041671875
1 0.1604166671875 0.6163194437499999 0.1708333328125 0.6258680562500001 0.17986111093749999 0.6241319437499999 0.18680555625 0.6189236109375 0.19375 0.609375 0.196527778125 0.5989583328125 0.1895833328125 0.5833333328125 0.17986111093749999 0.5789930562500001 0.17534722187500001 0.5789930562500001 0.16388888906250001 0.582465278125 0.15972222187500001 0.5876736109375 0.1576388890625 0.598090278125 0.1604166671875 0.6163194437499999
1 0.21111111093749999 0.6015625 0.24305555625 0.6006944437499999 0.24930555625 0.5998263890625 0.259027778125 0.5911458328125 0.25486111093749997 0.5789930562500001 0.23263888906250002 0.574652778125 0.22916666718749998 0.574652778125 0.2076388890625 0.5772569437499999 0.20208333281250002 0.5868055562500001 0.20277777812500003 0.5954861109375 0.21111111093749999 0.6015625
1 0.3326388890625 0.598090278125 0.3416666671875 0.6006944437499999 0.384722221875 0.598090278125 0.3895833328125 0.5920138890625 0.39027777812500003 0.5833333328125 0.3861111109375 0.5772569437499999 0.38194444375000003 0.5755208328125 0.378240971875 0.5755208328125 0.334722221875 0.5763888890625 0.3291666671875 0.5833333328125 0.3291666671875 0.5911458328125 0.3326388890625 0.598090278125
1 0.44444444375 0.598090278125 0.4791666671875 0.598090278125 0.4895833328125 0.5963541671875 0.49513888906250003 0.5885416671875 0.49513888906250003 0.5798611109375 0.4895833328125 0.574652778125 0.46180555625 0.5729166671875 0.4583333328125 0.5729166671875 0.43958333281249995 0.5755208328125 0.4361111109375 0.5850694437499999 0.43819444374999994 0.5946180562500001 0.44444444375 0.598090278125
1 0.5298611109375 0.6180555562500001 0.5333333328125 0.621527778125 0.546527778125 0.620659721875 0.553472221875 0.6163194437499999 0.5611111109375 0.6006944437499999 0.5618055562500001 0.581597221875 0.5555555562500001 0.574652778125 0.547222221875 0.5729166671875 0.54375 0.5729166671875 0.53680555625 0.574652778125 0.53125 0.5859375 0.527777778125 0.6085069437499999 0.5298611109375 0.6180555562500001
1 0.5861111109375 0.605034721875 0.590972221875 0.6145833328125 0.5979166671875 0.6197916671875 0.609027778125 0.6154513890625 0.6152777781250001 0.6015625 0.6180555562500001 0.5868055562500001 0.6152777781250001 0.5772569437499999 0.60694444375 0.5720486109375 0.6 0.5720486109375 0.59930555625 0.5711805562500001 0.58819444375 0.574652778125 0.5833333328125 0.5833333328125 0.5833333328125 0.5946180562500001 0.5861111109375 0.605034721875
1 0.6520833328125 0.6180555562500001 0.6625 0.6154513890625 0.6666666671875 0.6102430562500001 0.6701388890625 0.598090278125 0.6708333328125 0.5807291671875 0.6673611109375 0.574652778125 0.659722221875 0.5711805562500001 0.65625 0.5711805562500001 0.64305555625 0.5729166671875 0.6375 0.5868055562500001 0.64375 0.612847221875 0.6520833328125 0.6180555562500001
1 0.7041666671875 0.6171875 0.7166666671875 0.6145833328125 0.722222221875 0.6076388890625 0.7270833328124999 0.590277778125 0.7263888890625 0.578125 0.7208333328125 0.5720486109375 0.71319444375 0.5694444437499999 0.70868055625 0.5694444437499999 0.696527778125 0.573784721875 0.6923611109375 0.5833333328125 0.696527778125 0.609375 0.7041666671875 0.6171875
1 0.7583333328124999 0.613715278125 0.76319444375 0.6154513890625 0.7715277781250001 0.6119791671875 0.7763888890625 0.6067708328125 0.7819444437499999 0.5850694437499999 0.7798611109375 0.574652778125 0.7708333328125 0.5685763890625 0.7645833328125 0.5685763890625 0.7548611109375 0.5711805562500001 0.7493055562500001 0.5833333328125 0.753472221875 0.6076388890625 0.7583333328124999 0.613715278125
1 0.8027777781250001 0.5868055562500001 0.80625 0.6024305562500001 0.8145833328125001 0.6145833328125 0.8263888890625 0.6119791671875 0.8333333328125001 0.5998263890625 0.8361111109375001 0.578125 0.8333333328125001 0.5720486109375 0.8270833328125 0.5677083328125 0.8236111109375001 0.5677083328125 0.8131944437499999 0.5677083328125 0.809027778125 0.5703125 0.803472221875 0.5798611109375 0.8027777781250001 0.5868055562500001
1 0.8708333328125001 0.612847221875 0.88125 0.6102430562500001 0.88819444375 0.5963541671875 0.8895833328125 0.5755208328125 0.88680555625 0.5694444437499999 0.88055555625 0.565972221875 0.8767361109375 0.565972221875 0.8638888890624999 0.5694444437499999 0.859027778125 0.5798611109375 0.86319444375 0.605902778125 0.8708333328125001 0.612847221875
1 0.9166666671874999 0.6032986109375 0.9229166671875 0.6119791671875 0.934722221875 0.6102430562500001 0.940972221875 0.5989583328125 0.9444444437499999 0.5798611109375 0.940972221875 0.5685763890625 0.9361111109375001 0.5651041671875 0.93194444375 0.5651041671875 0.91875 0.5677083328125 0.9131944437499999 0.578125 0.9131944437499999 0.589409721875 0.9166666671874999 0.6032986109375
1 0.9729166671874999 0.6041666671875 0.9784722218749999 0.609375 0.98680555625 0.609375 0.99444444375 0.5998263890625 0.9958333328125001 0.5694444437499999 0.9888888890624999 0.5633680562500001 0.9826388890625 0.5633680562500001 0.9736111109375001 0.565972221875 0.96875 0.5755208328125 0.9701388890624999 0.5954861109375 0.9729166671874999 0.6041666671875