1 0.03074670625 0.608974359375 0.026598096874999998 0.608974359375 0.015373353125 0.6108058609375 0.0073206437499999995 0.6236263734375 0.008052709375 0.641025640625 0.0124450953125 0.65567765625 0.01683748125 0.6602564109375 0.03074670625 0.6602564109375 0.039531478125000005 0.653846153125 0.0446559296875 0.64377289375 0.0424597359375 0.6208791203125 0.03074670625 0.608974359375
1 0.0673499265625 0.6080586078125 0.062957540625 0.6080586078125 0.053440703125 0.6108058609375 0.0483162515625 0.6217948718749999 0.049048315625 0.6456043953124999 0.054904831249999994 0.65567765625 0.06222547656250001 0.6575091578125 0.07393850625000001 0.65567765625 0.0827232796875 0.64377289375 0.08052708593749999 0.61813186875 0.07467057031249999 0.6108058609375 0.0673499265625 0.6080586078125
1 0.087115665625 0.61813186875 0.087115665625 0.6428571421875 0.0995607609375 0.6575091578125 0.1112737921875 0.6575091578125 0.12225475781249999 0.6446886453125 0.1229868234375 0.625457875 0.11420205000000001 0.609890109375 0.1054172765625 0.6071428578125 0.100292825 0.6071428578125 0.087115665625 0.61813186875
1 0.14568082031250001 0.6071428578125 0.1412884328125 0.6071428578125 0.134699853125 0.609890109375 0.127379209375 0.6236263734375 0.129575403125 0.6456043953124999 0.136896046875 0.6575091578125 0.1551976578125 0.6547619046875 0.163250365625 0.64377289375 0.163250365625 0.6263736265625 0.1610541734375 0.61904761875 0.1551976578125 0.6108058609375 0.14568082031250001 0.6071428578125
1 0.1991215234375 0.609890109375 0.18887262031250002 0.60622710625 0.1852122984375 0.60622710625 0.172767203125 0.609890109375 0.1669106875 0.61904761875 0.16764275312500002 0.64377289375 0.17789165468749998 0.65567765625 0.18814055624999998 0.6547619046875 0.196193265625 0.6492674 0.20571010312500002 0.6355311359375 0.20717423125 0.6236263734375 0.2042459734375 0.6172161171874999 0.1991215234375 0.609890109375
1 0.2745241578125 0.6071428578125 0.2693997078125 0.6043956046875001 0.2496339671875 0.603479853125 0.2481698390625 0.603479853125 0.2364568078125 0.6071428578125 0.2188872625 0.6053113546875 0.2137628109375 0.6126373625 0.2137628109375 0.6227106234375 0.21669106875000002 0.6272893765625 0.2254758421875 0.63095238125 0.26427525625000003 0.6291208796875 0.27818447968750004 0.624542125 0.2789165453125 0.6126373625 0.2745241578125 0.6071428578125
1 0.3718887265625 0.602564103125 0.3682284046875 0.602564103125 0.33455344062500003 0.603479853125 0.3294289890625 0.609890109375 0.328696925 0.61904761875 0.33089311875 0.624542125 0.3389458265625 0.6291208796875 0.3777452421875 0.6282051281250001 0.38945827187500004 0.6199633703125 0.3901903375 0.6117216125 0.38579795 0.6053113546875 0.3718887265625 0.602564103125
1 0.5204978031249999 0.6016483515625 0.494143484375 0.5998168500000001 0.490300146875 0.5998168500000001 0.47071742343749995 0.6007326 0.46632503593749997 0.603479853125 0.46412884375 0.6080586078125 0.46412884375 0.61904761875 0.46705710156249997 0.624542125 0.47877013125 0.6272893765625 0.5204978031249999 0.625457875 0.527086384375 0.615384615625 0.5263543187499999 0.6071428578125 0.5204978031249999 0.6016483515625
1 0.589311859375 0.602564103125 0.5827232796875 0.5998168500000001 0.57833089375 0.5998168500000001 0.5695461203125001 0.6007326 0.562957540625 0.608974359375 0.55929721875 0.6300366296875 0.55929721875 0.6446886453125 0.5622254765625 0.6501831499999999 0.57833089375 0.6501831499999999 0.5856515375 0.6456043953124999 0.591508053125 0.6364468859375 0.5944363109374999 0.609890109375 0.589311859375 0.602564103125
1 0.64055636875 0.5989010984375 0.63665226875 0.5989010984375 0.6237188875 0.6007326 0.6193265 0.60622710625 0.6171303078125 0.6144688640625 0.6207906296875 0.6355311359375 0.63103953125 0.6492674 0.6398243046875 0.6483516484375 0.646412884375 0.6419413921875 0.65446559375 0.61904761875 0.6530014640624999 0.60622710625 0.64055636875 0.5989010984375
1 0.705710103125 0.6007326 0.6998535875 0.5979853484375 0.6954612 0.5979853484375 0.6808199125 0.6007326 0.676427525 0.6108058609375 0.676427525 0.6236263734375 0.6808199125 0.6391941390625 0.6859443625 0.6456043953124999 0.6925329421875001 0.6483516484375 0.7042459734375 0.6428571421875 0.709370425 0.6291208796875 0.7101024890625001 0.6071428578125 0.705710103125 0.6007326
1 0.76427525625 0.5998168500000001 0.7540263546875 0.596153846875 0.7489019031249999 0.596153846875 0.7386530015624999 0.6007326 0.734260615625 0.6108058609375 0.737188871875 0.6355311359375 0.7430453875 0.6446886453125 0.7474377750000001 0.646520146875 0.756222546875 0.6446886453125 0.762811128125 0.6364468859375 0.7693997078125 0.615384615625 0.7686676421875 0.6053113546875 0.76427525625 0.5998168500000001
1 0.8213762812500001 0.5979853484375 0.813323571875 0.5952380953125 0.8067349921875 0.5952380953125 0.7950219625 0.5989010984375 0.790629575 0.6117216125 0.794289896875 0.633699634375 0.7972181546875 0.640109890625 0.803806734375 0.6446886453125 0.8103953140625 0.6446886453125 0.8191800875 0.6391941390625 0.8257686671875 0.6199633703125 0.8257686671875 0.6043956046875001 0.8213762812500001 0.5979853484375
1 0.8733528546875 0.59432234375 0.8694487562500001 0.59432234375 0.8579795015625 0.596153846875 0.8506588578125 0.609890109375 0.853587115625 0.6327838828125001 0.860907759375 0.6428571421875 0.8689604687499999 0.6428571421875 0.8762811125000001 0.6373626375 0.8828696921875 0.61904761875 0.88360175625 0.6043956046875001 0.8799414343749999 0.5979853484375 0.8733528546875 0.59432234375
1 0.9282576859375 0.5924908421875 0.9238652999999999 0.5924908421875 0.912884334375 0.5952380953125 0.9070278187499999 0.6053113546875 0.910688140625 0.633699634375 0.9187408484375 0.6419413921875 0.9326500734375 0.6382783875 0.9377745234375 0.6291208796875 0.9399707171875 0.61813186875 0.9407027812500001 0.60622710625 0.937042459375 0.596153846875 0.9282576859375 0.5924908421875
1 0.9875549046875 0.5915750921875 0.98316251875 0.5915750921875 0.972913615625 0.5934065937499999 0.9663250359375001 0.6043956046875001 0.965592971875 0.6126373625 0.9692532937499999 0.63186813125 0.9765739390625001 0.641025640625 0.9868228406249999 0.6391941390625 0.9963396781249999 0.61904761875 0.9970717421874999 0.603479853125 0.9941434843750001 0.5952380953125 0.9875549046875 0.5915750921875
0 0.2286132609375 0 0.234260615625 0.0109890109375 0.2408491953125 0.0128205125 0.247437775 0.0109890109375 0.25256222500000003 0.00549450625 0.253360840625 0 0.2286132609375 0
0 0.2159590046875 0 0.210834553125 0.0018315015625 0.20497803750000002 0.0119047625 0.2064421671875 0.028388278125 0.2115666171875 0.032967032812500005 0.222547584375 0.030219779687499997 0.22913616406249998 0.0201465203125 0.22913616406249998 0.009157509375000001 0.220351390625 0 0.2159590046875 0
0 0.232064421875 0.0228937734375 0.22913616406249998 0.0320512828125 0.23060029218749997 0.0457875453125 0.2364568078125 0.0521978015625 0.24377745312500002 0.0521978015625 0.25036603281250003 0.044871795312500004 0.251098096875 0.025641025 0.24450951718749997 0.018315018750000002 0.239385065625 0.018315018750000002 0.232064421875 0.0228937734375
0 0.21229868281250003 0.0393772890625 0.20717423125 0.050366299999999996 0.2086383609375 0.06684981718750001 0.21449487500000003 0.07326007343749999 0.2240117125 0.0695970703125 0.23060029218749997 0.05677655625 0.22986822812500002 0.0485347984375 0.220351390625 0.0375457875 0.2181551984375 0.0375457875 0.21229868281250003 0.0393772890625
0 0.232064421875 0.0631868125 0.227672034375 0.0741758234375 0.2313323578125 0.08974358906249999 0.237188871875 0.096153846875 0.24524158125 0.09432234375000001 0.248901903125 0.084249084375 0.2496339671875 0.06868131875 0.2430453875 0.059523809375 0.237188871875 0.059523809375 0.232064421875 0.0631868125
0 0.2137628109375 0.08150183125 0.209370425 0.090659340625 0.2101024890625 0.10805860781250001 0.21522694062499997 0.11446886406250001 0.220351390625 0.11355311406249999 0.23060029218749997 0.10073259999999999 0.22913616406249998 0.0888278390625 0.220351390625 0.0796703296875 0.2181551984375 0.0796703296875 0.2137628109375 0.08150183125
0 0.23352855 0.10347985312500001 0.2218155203125 0.1199633703125 0.2232796484375 0.1291208796875 0.22840410000000003 0.13369963437500001 0.2364568078125 0.1355311359375 0.24524158125 0.13095238125 0.24670570937499997 0.10714285781249999 0.24231332343749998 0.102564103125 0.2386530015625 0.102564103125 0.23352855 0.10347985312500001
0 0.21522694062499997 0.140109890625 0.2137628109375 0.15659340625 0.220351390625 0.1648351640625 0.22986822812500002 0.1648351640625 0.2386530015625 0.1602564109375 0.24231332343749998 0.14835164843749998 0.237188871875 0.140109890625 0.2254758421875 0.134615384375 0.2232796484375 0.134615384375 0.21522694062499997 0.140109890625
0 0.2349926796875 0.1675824171875 0.2313323578125 0.1675824171875 0.224743778125 0.16941391875 0.21742313281249998 0.1758241765625 0.2159590046875 0.184981684375 0.22108345468750001 0.1959706953125 0.22986822812500002 0.1978021984375 0.237188871875 0.1959706953125 0.24158125937500002 0.191391940625 0.24450951718749997 0.177655678125 0.2408491953125 0.1703296703125 0.2349926796875 0.1675824171875
0 0.2196193265625 0.20604395625 0.21742313281249998 0.21062271093749999 0.2181551984375 0.228021978125 0.2240117125 0.23260073281250002 0.23572474375 0.23168498125 0.24231332343749998 0.22344322343749998 0.2430453875 0.209706959375 0.234260615625 0.20146520156249997 0.22840410000000003 0.20146520156249997 0.2196193265625 0.20604395625
0 0.2188872625 0.2628205125 0.22840410000000003 0.2738095234375 0.2364568078125 0.27106227031249996 0.24231332343749998 0.26098901093750004 0.24158125937500002 0.24450549375000002 0.23279648593750002 0.2371794875 0.22840410000000003 0.2371794875 0.2188872625 0.246336996875 0.2188872625 0.2628205125
0 0.22840410000000003 0.278388278125 0.222547584375 0.283882784375 0.220351390625 0.29304029374999996 0.2218155203125 0.3104395609375 0.227672034375 0.315934065625 0.2364568078125 0.31410256406250003 0.24158125937500002 0.3021978015625 0.2408491953125 0.2875457875 0.23792093749999998 0.28113553125 0.23352855 0.278388278125 0.22840410000000003 0.278388278125
0 0.222547584375 0.3269230765625 0.22108345468750001 0.34340659375000004 0.2232796484375 0.3543956046875 0.2313323578125 0.358974359375 0.239385065625 0.3553113546875 0.24231332343749998 0.3479853484375 0.24158125937500002 0.3296703296875 0.23572474375 0.32142857187499996 0.22986822812500002 0.32142857187499996 0.222547584375 0.3269230765625
0 0.2218155203125 0.3946886453125 0.22913616406249998 0.40293040312499995 0.2364568078125 0.4020146515625 0.24231332343749998 0.3946886453125 0.24158125937500002 0.3727106234375 0.2349926796875 0.365384615625 0.22986822812500002 0.365384615625 0.2218155203125 0.374542125 0.2218155203125 0.3946886453125
0 0.2232796484375 0.41391941406250005 0.2218155203125 0.427655678125 0.222547584375 0.4377289375 0.23060029218749997 0.4459706953125 0.2386530015625 0.44322344375 0.24231332343749998 0.4377289375 0.24231332343749998 0.4166666671875 0.23572474375 0.40750915781249997 0.22986822812500002 0.40750915781249997 0.2232796484375 0.41391941406250005
0 0.2254758421875 0.45604395625 0.222547584375 0.46245421249999996 0.2232796484375 0.474358975 0.22840410000000003 0.484432234375 0.2364568078125 0.484432234375 0.2430453875 0.4771062265625 0.24231332343749998 0.458791209375 0.2364568078125 0.4514652015625 0.232064421875 0.4514652015625 0.2254758421875 0.45604395625
0 0.23060029218749997 0.48992674062499997 0.2232796484375 0.4981684984375 0.222547584375 0.50549450625 0.2232796484375 0.51831501875 0.22986822812500002 0.524725275 0.237188871875 0.524725275 0.24158125937500002 0.5219780218750001 0.24377745312500002 0.5164835171875 0.2430453875 0.49908424843750004 0.2364568078125 0.48992674062499997 0.23060029218749997 0.48992674062499997
0 0.23352855 0.53113553125 0.227672034375 0.5320512828124999 0.2232796484375 0.541208790625 0.2240117125 0.559523809375 0.22986822812500002 0.5668498171875 0.237188871875 0.5668498171875 0.24450951718749997 0.558608059375 0.24377745312500002 0.541208790625 0.24158125937500002 0.5347985343749999 0.237188871875 0.53113553125 0.23352855 0.53113553125
0 0.22840410000000003 0.5732600734375 0.2232796484375 0.5833333328125 0.2232796484375 0.5989010984375 0.23060029218749997 0.6043956046875001 0.24158125937500002 0.603479853125 0.24597364531250002 0.5989010984375 0.24450951718749997 0.58058608125 0.2386530015625 0.572344321875 0.2349926796875 0.572344321875 0.22840410000000003 0.5732600734375
0 0.3074670578125 0.603479853125 0.3016105421875 0.603479853125 0.2972181546875 0.6053113546875 0.29355783281250003 0.6126373625 0.2950219625 0.6236263734375 0.298682284375 0.6282051281250001 0.3111273796875 0.6291208796875 0.31991215156249997 0.625457875 0.323572475 0.6208791203125 0.322840409375 0.609890109375 0.31771595937499997 0.6053113546875 0.3074670578125 0.603479853125
0 0.41703294218750003 0.6016483515625 0.4062957546875 0.602564103125 0.40117130312500004 0.6071428578125 0.39970717499999997 0.616300365625 0.40336749687499995 0.625457875 0.42166910625 0.6272893765625 0.4289897515625 0.6217948718749999 0.4304538796875 0.608974359375 0.4282576859375 0.6043956046875001 0.42093704218749994 0.6016483515625 0.41703294218750003 0.6016483515625
0 0.4568081984375 0.6016483515625 0.4527818453125 0.6016483515625 0.44070278125 0.6016483515625 0.43557833125 0.6053113546875 0.43338213750000004 0.615384615625 0.4377745234375 0.625457875 0.45021961875 0.6272893765625 0.45827232812499996 0.624542125 0.4612005859375 0.61904761875 0.4612005859375 0.608974359375 0.45973645625000004 0.603479853125 0.4568081984375 0.6016483515625
0 0.5431918015625 0.6043956046875001 0.5373352859375 0.61813186875 0.5387994140625 0.634615384375 0.5446559296875 0.6419413921875 0.551244509375 0.641025640625 0.558565153125 0.6272893765625 0.5600292828125 0.609890109375 0.5556368953125 0.6016483515625 0.5516105421875 0.6016483515625 0.5431918015625 0.6043956046875001
0 0.6054172765625 0.6135531140625 0.5980966328124999 0.6208791203125 0.595168375 0.633699634375 0.5959004390625 0.6446886453125 0.6017569546875 0.6510989015625 0.6105417281250001 0.6501831499999999 0.61639824375 0.6446886453125 0.617862371875 0.6391941390625 0.61639824375 0.6236263734375 0.6083455343749999 0.6135531140625 0.6054172765625 0.6135531140625
0 0.6588579796875 0.61813186875 0.653733528125 0.633699634375 0.65446559375 0.64377289375 0.65959004375 0.6501831499999999 0.672767203125 0.646520146875 0.676427525 0.6373626375 0.6734992671875 0.6199633703125 0.6654465593750001 0.6144688640625 0.6647144953125 0.6144688640625 0.6588579796875 0.61813186875
0 0.722547584375 0.609890109375 0.715226940625 0.616300365625 0.7122986828125 0.63186813125 0.713030746875 0.6391941390625 0.7203513906250001 0.6446886453125 0.72620790625 0.6446886453125 0.732064421875 0.6373626375 0.7313323578125 0.61904761875 0.7269399703125 0.6117216125 0.7232796484375 0.6108058609375 0.722547584375 0.609890109375
0 0.77379209375 0.61813186875 0.7686676421875 0.633699634375 0.7708638359375 0.6428571421875 0.7759882874999999 0.647435896875 0.785505125 0.6446886453125 0.790629575 0.6355311359375 0.7877013171875 0.6199633703125 0.7811127375 0.6135531140625 0.7796486093749999 0.6135531140625 0.77379209375 0.61813186875
0 0.8316251828125001 0.616300365625 0.8279648609375 0.6291208796875 0.828696925 0.640109890625 0.8360175703125 0.6456043953124999 0.8411420203125 0.6446886453125 0.8484626640625 0.6355311359375 0.8477306 0.61904761875 0.8426061499999999 0.6117216125 0.836749634375 0.6117216125 0.8316251828125001 0.616300365625
0 0.8953147875 0.6108058609375 0.8894582718749999 0.615384615625 0.8850658859375 0.6291208796875 0.8850658859375 0.6364468859375 0.8901903375 0.64377289375 0.898975109375 0.6428571421875 0.9048316249999999 0.6355311359375 0.90263543125 0.616300365625 0.899707175 0.6117216125 0.8960468515625 0.6117216125 0.8953147875 0.6108058609375
0 0.9465592968750001 0.6135531140625 0.942898975 0.6300366296875 0.9443631046875 0.640109890625 0.9487554906250001 0.6428571421875 0.9582723281250001 0.640109890625 0.9626647140625 0.6327838828125001 0.96193265 0.61813186875 0.9568081984375001 0.6080586078125 0.9524158125 0.6080586078125 0.9465592968750001 0.6135531140625