0 0.1987626546875 0 0.20078740156250002 0.0118110234375 0.2086614171875 0.0177165359375 0.220472440625 0.013779528125000001 0.2228346453125 0.007874015625 0.2231661828125 0 0.1987626546875 0
0 0.1771653546875 0.0068897640625000004 0.173228346875 0.013779528125000001 0.17480315 0.0334645671875 0.179527559375 0.04035433125 0.1897637796875 0.039370078125 0.198425196875 0.0255905515625 0.198425196875 0.012795275 0.1897637796875 0.0039370078125 0.18346456718749998 0.0039370078125 0.1771653546875 0.0068897640625000004
0 0.20944881875000002 0.023622046875 0.20157480312499998 0.0285433078125 0.19685039375 0.039370078125 0.2 0.0551181109375 0.20551181093749998 0.06003937031249999 0.21574803125000003 0.058070865625 0.220472440625 0.05019685 0.2212598421875 0.032480315625 0.2181102359375 0.026574803125 0.2118110234375 0.023622046875 0.20944881875000002 0.023622046875
0 0.1771653546875 0.0807086609375 0.1811023625 0.085629921875 0.1897637796875 0.08464566875 0.1992125984375 0.06594488125 0.198425196875 0.0570866140625 0.188976378125 0.048228346875 0.182677165625 0.048228346875 0.176377953125 0.0570866140625 0.1771653546875 0.0807086609375
0 0.20078740156250002 0.07185039374999999 0.1960629921875 0.08464566875 0.1960629921875 0.092519684375 0.2070866140625 0.1062992125 0.214173228125 0.1053149609375 0.217322834375 0.101377953125 0.21889763750000002 0.073818896875 0.2133858265625 0.066929134375 0.2062992125 0.066929134375 0.20078740156250002 0.07185039374999999
0 0.1818897640625 0.0974409453125 0.179527559375 0.10925196875000001 0.1803149609375 0.1240157484375 0.1866141734375 0.12992125937500001 0.1976377953125 0.1269685046875 0.2062992125 0.114173228125 0.20393700781250002 0.1072834640625 0.192125984375 0.0944881890625 0.1881889765625 0.0944881890625 0.1818897640625 0.0974409453125
0 0.19291338593750001 0.1348425203125 0.1881889765625 0.14370078749999998 0.1897637796875 0.1525590546875 0.19685039375 0.1584645671875 0.20944881875000002 0.157480315625 0.21574803125000003 0.1496062984375 0.21653543281249998 0.1318897640625 0.20944881875000002 0.12598425156249998 0.20472440937499997 0.12598425156249998 0.19291338593750001 0.1348425203125
0 0.1881889765625 0.16535433125000001 0.18346456718749998 0.17224409375 0.1866141734375 0.1899606296875 0.1960629921875 0.19488188906249998 0.207874015625 0.191929134375 0.214173228125 0.18011811093750002 0.212598425 0.170275590625 0.20157480312499998 0.16240157500000002 0.1960629921875 0.16240157500000002 0.1881889765625 0.16535433125000001
0 0.1881889765625 0.20275590625 0.1850393703125 0.210629921875 0.18740157500000001 0.22933070937500002 0.1944881890625 0.2332677171875 0.2062992125 0.23129921250000002 0.212598425 0.2214566921875 0.212598425 0.2057086609375 0.20393700781250002 0.198818896875 0.1976377953125 0.198818896875 0.1881889765625 0.20275590625
0 0.18740157500000001 0.26574803125 0.195275590625 0.2746062984375 0.20551181093749998 0.273622046875 0.2118110234375 0.26574803125 0.2118110234375 0.2460629921875 0.2023622046875 0.237204725 0.1992125984375 0.237204725 0.18740157500000001 0.24704724374999998 0.18740157500000001 0.26574803125
0 0.198425196875 0.2805118109375 0.1913385828125 0.2864173234375 0.188976378125 0.298228346875 0.19055118124999998 0.313976378125 0.1976377953125 0.32185039375 0.2070866140625 0.3188976375 0.21023622031250003 0.31299212656250003 0.21102362187499998 0.29035433125 0.2070866140625 0.282480315625 0.20314960625 0.2805118109375 0.198425196875 0.2805118109375
0 0.20157480312499998 0.326771653125 0.1913385828125 0.3336614171875 0.1897637796875 0.342519684375 0.1913385828125 0.361220471875 0.19685039375 0.36811023593750003 0.20551181093749998 0.367125984375 0.2118110234375 0.3582677171875 0.2118110234375 0.33562992187499996 0.2062992125 0.32775590625 0.2023622046875 0.32775590625 0.20157480312499998 0.326771653125
0 0.1913385828125 0.379921259375 0.19055118124999998 0.3848425203125 0.19055118124999998 0.40649606250000003 0.19685039375 0.4133858265625 0.20472440937499997 0.4133858265625 0.2118110234375 0.407480315625 0.2118110234375 0.38188976406249997 0.20393700781250002 0.3730314953125 0.198425196875 0.3730314953125 0.1913385828125 0.379921259375
0 0.2023622046875 0.42027559062500003 0.20157480312499998 0.42027559062500003 0.195275590625 0.42322834687500005 0.1913385828125 0.4311023625 0.19291338593750001 0.4507874015625 0.195275590625 0.45472440937499997 0.20157480312499998 0.45669291406249996 0.2070866140625 0.45472440937499997 0.212598425 0.4458661421875 0.2118110234375 0.42814960625 0.207874015625 0.42224409375 0.2023622046875 0.42027559062500003
0 0.20157480312499998 0.4616141734375 0.1960629921875 0.46358267656249996 0.1913385828125 0.47145669218749997 0.192125984375 0.4911417328125 0.1992125984375 0.5 0.21023622031250003 0.49704724375 0.2133858265625 0.4881889765625 0.212598425 0.46850393749999997 0.2062992125 0.46259842500000004 0.2023622046875 0.46259842500000004 0.20157480312499998 0.4616141734375
0 0.192125984375 0.5137795281249999 0.192125984375 0.5344488187499999 0.1944881890625 0.5433070859375 0.1976377953125 0.545275590625 0.207874015625 0.545275590625 0.2133858265625 0.5383858265625 0.212598425 0.5118110234375 0.20393700781250002 0.504921259375 0.2023622046875 0.504921259375 0.192125984375 0.5137795281249999
0 0.1944881890625 0.5561023625 0.192125984375 0.5629921265625 0.192125984375 0.5787401578125 0.1976377953125 0.5905511812500001 0.207874015625 0.5905511812500001 0.21496062968750002 0.5807086609375001 0.2133858265625 0.5570866140625 0.2062992125 0.5521653546875 0.2 0.5521653546875 0.1944881890625 0.5561023625
0 0.1960629921875 0.6003937015624999 0.192125984375 0.60925196875 0.19291338593750001 0.6269685046875 0.19685039375 0.6309055125 0.2086614171875 0.6289370078125 0.21496062968750002 0.6230314953125 0.2133858265625 0.6033464562499999 0.2062992125 0.5974409453125 0.20157480312499998 0.5974409453125 0.1960629921875 0.6003937015624999
0 0.28451417343749996 0.632874015625 0.2755905515625 0.632874015625 0.27165354375 0.6358267718749999 0.270078740625 0.6505905515625 0.27322834687499997 0.6584645671875 0.285826771875 0.6604330703125 0.3 0.654527559375 0.30236220468749997 0.6496062984375001 0.3007874015625 0.6387795281249999 0.288976378125 0.632874015625 0.28451417343749996 0.632874015625
0 0.32125984218750003 0.6318897640625 0.3118110234375 0.6368110234375 0.30944881875 0.6446850390625001 0.311023621875 0.654527559375 0.3181102359375 0.6594488187499999 0.3370078734375 0.6564960625 0.3401574796875 0.651574803125 0.33937007812500003 0.637795275 0.3338582671875 0.632874015625 0.3244094484375 0.6318897640625 0.32125984218750003 0.6318897640625
0 0.436220471875 0.6309055125 0.43149606250000005 0.6358267718749999 0.42992125937500003 0.645669290625 0.43464566875 0.6564960625 0.451181103125 0.657480315625 0.460629921875 0.651574803125 0.4614173234375 0.6358267718749999 0.45511811093750004 0.629921259375 0.45091889687500003 0.629921259375 0.436220471875 0.6309055125
0 0.551181103125 0.632874015625 0.54094488125 0.637795275 0.5370078734375 0.651574803125 0.5385826765624999 0.6712598421875 0.545669290625 0.6771653546875 0.5543307093750001 0.6751968500000001 0.55905511875 0.6663385828124999 0.5614173234375001 0.645669290625 0.5582677171875 0.6348425203125 0.5551181109375001 0.632874015625 0.551181103125 0.632874015625
0 0.6031496062499999 0.6496062984375001 0.5992125984375 0.66535433125 0.6007874015625 0.67814960625 0.6070866140625 0.68405511875 0.6165354328125 0.6820866140625 0.623622046875 0.67224409375 0.6212598421875 0.654527559375 0.6141732281250001 0.6446850390625001 0.6102362203125 0.6446850390625001 0.6031496062499999 0.6496062984375001
0 0.66535433125 0.6505905515625 0.660629921875 0.6692913390624999 0.6614173234375 0.6771653546875 0.670078740625 0.683070865625 0.6779527562500001 0.6801181109375001 0.6850393703125001 0.6692913390624999 0.682677165625 0.654527559375 0.6755905515625 0.645669290625 0.6724409453125 0.645669290625 0.66535433125 0.6505905515625
0 0.7283464562499999 0.6446850390625001 0.723622046875 0.662401575 0.7244094484375 0.6712598421875 0.7307086609375 0.67814960625 0.74094488125 0.676181103125 0.745669290625 0.6683070859375 0.7448818890625 0.654527559375 0.7385826765625 0.6417322828125 0.7322834640625 0.6417322828125 0.7283464562499999 0.6446850390625001
0 0.79055118125 0.6476377953125 0.7866141734375 0.6633858265625 0.787401575 0.673228346875 0.7944881890625 0.6791338578125 0.8031496062500001 0.6771653546875 0.80944881875 0.6683070859375 0.8078740156249999 0.6496062984375001 0.8015748031250001 0.6417322828125 0.7976377953125 0.6417322828125 0.79055118125 0.6476377953125
0 0.8535433078124999 0.6466535437500001 0.8480314953124999 0.667322834375 0.85275590625 0.676181103125 0.857480315625 0.67814960625 0.8669291343750001 0.6742125984375 0.8708661421875 0.6633858265625 0.8685039375000001 0.6476377953125 0.862204725 0.6417322828125 0.8614173234375 0.6417322828125 0.8535433078124999 0.6466535437500001
0 0.9149606296874999 0.645669290625 0.9118110234374999 0.6633858265625 0.9133858265624999 0.673228346875 0.9173228343750001 0.676181103125 0.9267716531250001 0.6742125984375 0.933070865625 0.6643700781249999 0.9314960624999999 0.6476377953125 0.9259842515625 0.6397637796875 0.9212598421875 0.6397637796875 0.9149606296874999 0.645669290625
0 0.9755905515625001 0.6446850390625001 0.9724409453125 0.6584645671875 0.9724409453125 0.667322834375 0.9811023625 0.6751968500000001 0.9881889765625 0.673228346875 0.9937007875000001 0.66535433125 0.9913385828125 0.6417322828125 0.9866141734375 0.637795275 0.9818897640625 0.637795275 0.9755905515625001 0.6446850390625001
1 0.04724409375 0.6535433078125 0.042519684375 0.6446850390625001 0.036220471875 0.6387795281249999 0.025984251562499998 0.6368110234375 0.02519685 0.6368110234375 0.011023621875 0.6446850390625001 0.008661417187500001 0.6496062984375001 0.007874015625 0.66535433125 0.011023621875 0.6791338578125 0.017322834375000002 0.6870078734375 0.029921259375 0.691929134375 0.0370078734375 0.6899606296874999 0.0448818890625 0.6820866140625 0.048818896875000004 0.667322834375 0.04724409375 0.6535433078125
1 0.073228346875 0.6368110234375 0.0677165359375 0.6368110234375 0.057480315625 0.6446850390625001 0.05275590625 0.654527559375 0.05196850468749999 0.66535433125 0.0598425203125 0.6870078734375 0.0755905515625 0.69094488125 0.08425196874999999 0.6870078734375 0.0913385828125 0.676181103125 0.092125984375 0.6584645671875 0.0850393703125 0.6427165359375 0.073228346875 0.6368110234375
1 0.1188976375 0.6368110234375 0.114173228125 0.6368110234375 0.1 0.6427165359375 0.09527559062499999 0.6564960625 0.09527559062499999 0.673228346875 0.098425196875 0.6820866140625 0.1118110234375 0.69094488125 0.1275590546875 0.6870078734375 0.13464566875 0.6683070859375 0.1338582671875 0.6564960625 0.1291338578125 0.6446850390625001 0.1188976375 0.6368110234375
1 0.182677165625 0.648622046875 0.176377953125 0.6387795281249999 0.15905511875 0.6348425203125 0.1551181109375 0.6348425203125 0.14724409375 0.637795275 0.137795275 0.654527559375 0.139370078125 0.6692913390624999 0.148818896875 0.68405511875 0.15433070937499999 0.686023621875 0.15984252031249999 0.6850393703125001 0.17480315 0.6742125984375 0.1811023625 0.667322834375 0.182677165625 0.6604330703125 0.182677165625 0.648622046875
1 0.263779528125 0.64074803125 0.2598425203125 0.6358267718749999 0.21968503906249998 0.6318897640625 0.212598425 0.6318897640625 0.20157480312499998 0.6368110234375 0.198425196875 0.6417322828125 0.198425196875 0.6525590546875 0.20314960625 0.6594488187499999 0.2212598421875 0.6614173234375 0.24094488125 0.6604330703125 0.24881889687499997 0.6564960625 0.2551181109375 0.6584645671875 0.2645669296875 0.6496062984375001 0.263779528125 0.64074803125
1 0.4055118109375 0.632874015625 0.395275590625 0.6309055125 0.3910007875 0.6309055125 0.348818896875 0.632874015625 0.3433070859375 0.64074803125 0.3433070859375 0.6496062984375001 0.34724409375 0.657480315625 0.35196850468749996 0.6594488187499999 0.3992125984375 0.6584645671875 0.4070866140625 0.6555118109375 0.4118110234375 0.648622046875 0.4118110234375 0.6397637796875 0.4055118109375 0.632874015625
1 0.4818897640625 0.629921259375 0.4811023625 0.6289370078125 0.4692913390625 0.6309055125 0.46535433125000003 0.6358267718749999 0.4645669296875 0.645669290625 0.46850393749999997 0.6555118109375 0.5204724406250001 0.6584645671875 0.52519685 0.6555118109375 0.5307086609375 0.645669290625 0.529921259375 0.6368110234375 0.5228346453125 0.6309055125 0.4818897640625 0.629921259375
1 0.587401575 0.6289370078125 0.582677165625 0.6289370078125 0.5685039375 0.6318897640625 0.563779528125 0.6417322828125 0.562204725 0.67224409375 0.5692913390625 0.683070865625 0.5771653546875 0.68405511875 0.587401575 0.6801181109375001 0.5960629921875 0.6663385828124999 0.5992125984375 0.64074803125 0.5960629921875 0.6348425203125 0.587401575 0.6289370078125
1 0.6417322828125 0.6269685046875 0.636220471875 0.6269685046875 0.6259842515625 0.6338582671874999 0.6228346453125 0.645669290625 0.629921259375 0.676181103125 0.6385826765625 0.6811023625 0.64724409375 0.6791338578125 0.6551181109375 0.6712598421875 0.6622047249999999 0.6466535437500001 0.6614173234375 0.637795275 0.657480315625 0.6318897640625 0.6417322828125 0.6269685046875
1 0.7212598421874999 0.6358267718749999 0.711023621875 0.6269685046875 0.7070866140625001 0.6269685046875 0.6929133859375 0.62795275625 0.6866141734375 0.6338582671874999 0.68425196875 0.64074803125 0.68425196875 0.651574803125 0.6881889765625 0.667322834375 0.6960629921875 0.6791338578125 0.7007874015625 0.6811023625 0.712598425 0.676181103125 0.720472440625 0.6594488187499999 0.7212598421874999 0.6358267718749999
1 0.7834645671875 0.6318897640625 0.7755905515625 0.6259842515625 0.7661417328125 0.625 0.7598425203125 0.625 0.7535433078125 0.6269685046875 0.74724409375 0.6397637796875 0.7503937015625 0.667322834375 0.75275590625 0.673228346875 0.75905511875 0.67814960625 0.7755905515625 0.6742125984375 0.779527559375 0.6692913390624999 0.7850393703125 0.6505905515625 0.7858267718749999 0.637795275 0.7834645671875 0.6318897640625
1 0.8299212593749999 0.6240157484375 0.8188976374999999 0.6259842515625 0.811023621875 0.6397637796875 0.8149606296874999 0.667322834375 0.823622046875 0.6771653546875 0.8370078734374999 0.673228346875 0.8417322828125 0.667322834375 0.8464566921875001 0.6505905515625 0.8464566921875001 0.6318897640625 0.83464566875 0.6240157484375 0.8299212593749999 0.6240157484375
1 0.9047244093750001 0.6259842515625 0.8992125984375001 0.6230314953125 0.895275590625 0.6230314953125 0.8811023625000001 0.6240157484375 0.8724409453125 0.6368110234375 0.876377953125 0.66535433125 0.8842519687499999 0.6751968500000001 0.892125984375 0.6751968500000001 0.9007874015624999 0.670275590625 0.9055118109375 0.6614173234375 0.9094488187499999 0.6427165359375 0.9086614171875 0.632874015625 0.9047244093750001 0.6259842515625
1 0.9598425203125001 0.6210629921875 0.9551181109375 0.6210629921875 0.9440944874999999 0.6230314953125 0.9354330703124999 0.6368110234375 0.9393700781250001 0.662401575 0.9433070859375 0.670275590625 0.948818896875 0.6742125984375 0.9590551187499999 0.67224409375 0.963779528125 0.6663385828124999 0.9692913390625 0.648622046875 0.9685039375000001 0.62795275625 0.9598425203125001 0.6210629921875