1 0 0.6229198671875 0.01217765 0.624551971875 0.022206303125 0.614695340625 0.0250716328125 0.5949820781249999 0.0171919765625 0.57706093125 0.0014326640625 0.573476703125 0 0.574165978125 0 0.6229198671875
1 0.0286532953125 0.604838709375 0.037965615625 0.6218638000000001 0.049426934374999995 0.62275985625 0.057306590625 0.6182795703124999 0.06303725 0.6084229390625 0.062320917187500005 0.5869175624999999 0.053724928125 0.5752688171875 0.037965615625 0.574372759375 0.027936962500000002 0.5887096781250001 0.0286532953125 0.604838709375
1 0.0687679078125 0.5833333328125 0.06733524375 0.6039426515625 0.073065903125 0.6173835125 0.080945559375 0.6218638000000001 0.089541546875 0.6218638000000001 0.09885386874999999 0.6155913984375 0.1031518625 0.594086021875 0.09527220625 0.576164875 0.08739255 0.5725806453125 0.07664756406249999 0.573476703125 0.0687679078125 0.5833333328125
1 0.118911175 0.6218638000000001 0.1303724921875 0.6209677421875 0.1418338109375 0.6084229390625 0.13896848125 0.584229390625 0.12965616093750001 0.573476703125 0.116762178125 0.573476703125 0.106733525 0.5878136203125 0.1081661890625 0.610215053125 0.118911175 0.6218638000000001
1 0.1454154734375 0.6003584234375 0.148997134375 0.6084229390625 0.15974212031249999 0.614695340625 0.1733524359375 0.6084229390625 0.18696275 0.59229390625 0.1855300859375 0.578853046875 0.1747851 0.5707885296875 0.15616045781250001 0.5716845875 0.1468481375 0.58154121875 0.1454154734375 0.6003584234375
1 0.21203438437500002 0.5887096781250001 0.21776504375 0.594086021875 0.2664756453125 0.5931899640625 0.2743553015625 0.589605734375 0.2765042984375 0.584229390625 0.275787965625 0.576164875 0.2686246421875 0.5707885296875 0.218481375 0.568996415625 0.212750715625 0.576164875 0.21203438437500002 0.5887096781250001
1 0.32521490000000003 0.5878136203125 0.3323782234375 0.5931899640625 0.3717765046875 0.59229390625 0.381088825 0.589605734375 0.3861031515625 0.5824372765625 0.3846704875 0.573476703125 0.374641834375 0.5681003578125 0.3338108875 0.5681003578125 0.32521490000000003 0.573476703125 0.32521490000000003 0.5878136203125
1 0.43624641875 0.5851254484374999 0.4405444125 0.59139785 0.4842406875 0.59229390625 0.49212034375 0.5878136203125 0.49498567343750005 0.5806451609375001 0.494269340625 0.5725806453125 0.4842406875 0.56630824375 0.441977078125 0.56630824375 0.43624641875 0.5716845875 0.43624641875 0.5851254484374999
1 0.5243553015625 0.5869175624999999 0.5243553015625 0.609318996875 0.530085959375 0.614695340625 0.541547278125 0.614695340625 0.54799426875 0.6111111109375 0.5537249281250001 0.6012544796875 0.558022921875 0.57706093125 0.5487106015625 0.56630824375 0.53581661875 0.5654121859375 0.5279369625 0.5716845875 0.5243553015625 0.5869175624999999
1 0.58739255 0.6111111109375 0.5967048703125 0.6137992828125001 0.608882521875 0.6012544796875 0.61461318125 0.5797491046875 0.608882521875 0.5681003578125 0.5881088828125 0.5645161296875 0.5780802296875 0.5752688171875 0.5802292265625 0.59677419375 0.58739255 0.6111111109375
1 0.6339541546875 0.584229390625 0.640401146875 0.606630825 0.648997134375 0.6129032265625 0.6618911171875 0.6084229390625 0.6683381093749999 0.594086021875 0.6683381093749999 0.5716845875 0.65830945625 0.563620071875 0.6439828078125001 0.563620071875 0.63538681875 0.5707885296875 0.6339541546875 0.584229390625
1 0.6955587390625 0.5958781359375 0.70200573125 0.609318996875 0.712750715625 0.609318996875 0.7227793703125001 0.6003584234375 0.727793696875 0.5797491046875 0.7270773640625 0.5716845875 0.7227793703125001 0.5654121859375 0.7034383953125001 0.5627240140625 0.69484240625 0.573476703125 0.6955587390625 0.5958781359375
1 0.75 0.5887096781250001 0.7571633234374999 0.6057347671875 0.7686246421875 0.609318996875 0.779369628125 0.6003584234375 0.7843839546875 0.573476703125 0.7779369625 0.563620071875 0.76146131875 0.5609319 0.7542979937500001 0.5645161296875 0.75 0.5716845875 0.75 0.5887096781250001
1 0.8087392546875 0.5707885296875 0.8087392546875 0.5878136203125 0.8144699140625 0.604838709375 0.8237822343750001 0.60752688125 0.8345272203125 0.6003584234375 0.8402578796875 0.578853046875 0.839541546875 0.568996415625 0.8359598859374999 0.5627240140625 0.8187679078125001 0.5600358421875 0.81303725 0.5627240140625 0.8087392546875 0.5707885296875
1 0.8660458453125001 0.5654121859375 0.863180515625 0.5806451609375001 0.8681948421874999 0.6003584234375 0.8739255015625 0.606630825 0.8861031515625 0.604838709375 0.8904011468749999 0.599462365625 0.8954154734375 0.58154121875 0.8932664750000001 0.5645161296875 0.8882521484374999 0.559139784375 0.8789398281249999 0.558243728125 0.8660458453125001 0.5654121859375
1 0.9204871062500001 0.5806451609375001 0.9255014328125 0.6003584234375 0.930515759375 0.604838709375 0.9426934093750001 0.6021505375 0.9512893984374999 0.5779569890625 0.94842406875 0.5618279562499999 0.9426934093750001 0.5573476703125 0.930515759375 0.5573476703125 0.9226361031250001 0.5645161296875 0.9204871062500001 0.5806451609375001
1 1 0.5579607625 0.9878223500000001 0.5555555562500001 0.977793696875 0.5627240140625 0.9756446984375 0.578853046875 0.9813753578125001 0.6003584234375 0.9871060171874999 0.604838709375 0.9964183375 0.6030465953124999 1 0.5998463890625 1 0.5579607625
0 0.19537965625 0 0.19484240625 0.008064515625000001 0.1998567328125 0.017025089062500002 0.206303725 0.019713260937499998 0.21489971406250002 0.013440860937499998 0.21776504375 0.0017921140624999998 0.2173242234375 0 0.19537965625 0
0 0.188395415625 0.037634409375 0.19555873906250001 0.022401434375 0.191977078125 0.0107526875 0.1855300859375 0.0062724015625 0.1733524359375 0.014336917187500001 0.1755014328125 0.037634409375 0.180515759375 0.04032258125 0.188395415625 0.037634409375
0 0.19627507187499998 0.054659498437499995 0.2012893984375 0.0600358421875 0.20988538750000002 0.059139784375000004 0.21489971406250002 0.045698925 0.212750715625 0.027777778125000003 0.20200573125000001 0.02508960625 0.19555873906250001 0.0322580640625 0.19269340937499999 0.043906809375 0.19627507187499998 0.054659498437499995
0 0.1790830953125 0.0824372765625 0.1855300859375 0.0824372765625 0.1934097421875 0.073476703125 0.1969914046875 0.0600358421875 0.1876790828125 0.046594982812500005 0.1812320921875 0.046594982812500005 0.176217765625 0.05107526875 0.176217765625 0.078853046875 0.1790830953125 0.0824372765625
0 0.1977077359375 0.09946236562500001 0.206303725 0.10125447968750001 0.2113180515625 0.09677419375 0.2134670484375 0.0725806453125 0.21060171875 0.0672043015625 0.2012893984375 0.06630824375 0.191977078125 0.0806451609375 0.191977078125 0.09229390625 0.1977077359375 0.09946236562500001
0 0.194126075 0.124551971875 0.2034383953125 0.11648745468749999 0.2034383953125 0.10752688125000001 0.19126074531249998 0.09498207812500001 0.1797994265625 0.0976702515625 0.1783667625 0.114695340625 0.18266475625 0.124551971875 0.194126075 0.124551971875
0 0.1905444125 0.15501792187500002 0.20200573125000001 0.15501792187500002 0.21060171875 0.143369175 0.21060171875 0.1326164875 0.206303725 0.12724014374999998 0.19555873906250001 0.12724014374999998 0.18481375312499998 0.1344086015625 0.184097421875 0.1496415765625 0.1905444125 0.15501792187500002
0 0.1891117484375 0.18817204375000002 0.2027220625 0.1872759859375 0.20916905468749997 0.17652329687499999 0.2077363890625 0.1648745515625 0.20200573125000001 0.160394265625 0.18982807968749998 0.160394265625 0.18266475625 0.1675627234375 0.1833810890625 0.18189964218750002 0.1891117484375 0.18817204375000002
0 0.188395415625 0.22401433750000002 0.19914040156249999 0.2258064515625 0.206303725 0.2186379921875 0.20702005781250002 0.20161290312500002 0.20200573125000001 0.1935483875 0.1934097421875 0.19265232968749998 0.184097421875 0.20071684531249998 0.184097421875 0.2177419359375 0.188395415625 0.22401433750000002
0 0.1855300859375 0.25 0.188395415625 0.2616487453125 0.1934097421875 0.2661290328125 0.20200573125000001 0.26433691718749996 0.206303725 0.25448028749999996 0.20702005781250002 0.237455196875 0.19914040156249999 0.2302867390625 0.191977078125 0.2311827953125 0.18696275 0.2365591390625 0.1855300859375 0.25
0 0.2012893984375 0.3073476703125 0.20702005781250002 0.2992831546875 0.206303725 0.27777777812500004 0.19842406875000002 0.27060931875 0.1876790828125 0.27777777812500004 0.1876790828125 0.30197132656250003 0.1934097421875 0.308243728125 0.2012893984375 0.3073476703125
0 0.2027220625 0.34498207812500004 0.20702005781250002 0.33602150468750003 0.2055873921875 0.318996415625 0.19627507187499998 0.313620071875 0.1876790828125 0.3207885296875 0.1891117484375 0.34229390625 0.194126075 0.3458781359375 0.2027220625 0.34498207812500004
0 0.194126075 0.38620071718750004 0.20487106093750002 0.3835125453125 0.20702005781250002 0.379928315625 0.20702005781250002 0.35752688125 0.2012893984375 0.35215053749999997 0.19484240625 0.35215053749999997 0.188395415625 0.3584229390625 0.1891117484375 0.3808243734375 0.194126075 0.38620071718750004
0 0.2055873921875 0.42473118281250005 0.2077363890625 0.4193548390625 0.20702005781250002 0.39784946250000003 0.1977077359375 0.3915770609375 0.188395415625 0.3987455203125 0.1891117484375 0.4220430109375 0.194126075 0.4274193546875 0.2055873921875 0.42473118281250005
0 0.188395415625 0.44265232968749996 0.1891117484375 0.462365590625 0.194126075 0.4704301078125 0.2027220625 0.4704301078125 0.20916905468749997 0.4605734765625 0.2077363890625 0.43906809999999996 0.20200573125000001 0.43369175625 0.19627507187499998 0.43369175625 0.19126074531249998 0.43817204375 0.188395415625 0.44265232968749996
0 0.19627507187499998 0.5107526874999999 0.2055873921875 0.5089605734375 0.20988538750000002 0.5 0.2077363890625 0.4811827953125 0.20200573125000001 0.476702509375 0.19555873906250001 0.476702509375 0.1891117484375 0.4829749109375 0.18982807968749998 0.5035842296874999 0.19627507187499998 0.5107526874999999
0 0.1934097421875 0.548387096875 0.20200573125000001 0.548387096875 0.208452721875 0.543906809375 0.21060171875 0.5286738343749999 0.20702005781250002 0.5188172046874999 0.1969914046875 0.5161290328125 0.18982807968749998 0.523297490625 0.18982807968749998 0.54032258125 0.1934097421875 0.548387096875
0 0.1891117484375 0.5725806453125 0.194126075 0.5824372765625 0.20200573125000001 0.5860215046875 0.20988538750000002 0.5779569890625 0.21203438437500002 0.5672043015625 0.208452721875 0.5555555562500001 0.19842406875000002 0.5528673828125 0.19126074531249998 0.5555555562500001 0.1891117484375 0.5600358421875 0.1891117484375 0.5725806453125
0 0.299426934375 0.5931899640625 0.31733524375 0.59139785 0.3216332375 0.5824372765625 0.3202005734375 0.573476703125 0.315186246875 0.568996415625 0.2972779375 0.568996415625 0.2922636109375 0.5752688171875 0.2929799421875 0.5878136203125 0.299426934375 0.5931899640625
0 0.4075931234375 0.59139785 0.42406876718750003 0.59139785 0.43194842343750006 0.5851254484374999 0.43266475625 0.5725806453125 0.42836676249999994 0.5672043015625 0.40902578749999996 0.5672043015625 0.4040114609375 0.5716845875 0.402578796875 0.5806451609375001 0.4075931234375 0.59139785
0 0.5014326640625 0.5931899640625 0.5035816625 0.604838709375 0.5085959890625 0.609318996875 0.5171919765624999 0.606630825 0.521489971875 0.6003584234375 0.522206303125 0.573476703125 0.5128939828125 0.5681003578125 0.50787965625 0.5707885296875 0.5028653296875001 0.5797491046875 0.5014326640625 0.5931899640625
0 0.5601719203125 0.614695340625 0.5702005734375 0.6155913984375 0.5780802296875 0.6084229390625 0.577363896875 0.59229390625 0.5716332375000001 0.5824372765625 0.5623209171875 0.5833333328125 0.557306590625 0.59677419375 0.5565902578124999 0.6057347671875 0.5601719203125 0.614695340625
0 0.6174785093749999 0.614695340625 0.6296561609375 0.61200716875 0.6346704875 0.6021505375 0.631088825 0.5860215046875 0.6260744984375 0.58154121875 0.6181948421875 0.584229390625 0.6131805156250001 0.5985663078125001 0.6131805156250001 0.6084229390625 0.6174785093749999 0.614695340625
0 0.6762177656249999 0.6084229390625 0.684813753125 0.610215053125 0.6905444125 0.604838709375 0.6912607453125 0.5878136203125 0.6862464187499999 0.576164875 0.6776504296875 0.57706093125 0.672636103125 0.5869175624999999 0.6719197703125 0.6012544796875 0.6762177656249999 0.6084229390625
0 0.7306590265625 0.610215053125 0.74212034375 0.610215053125 0.7485673359375 0.6003584234375 0.747851003125 0.5887096781250001 0.7414040109375 0.5779569890625 0.7335243546875 0.5797491046875 0.7292263609375 0.59139785 0.727793696875 0.604838709375 0.7306590265625 0.610215053125
0 0.7936962750000001 0.609318996875 0.8022922640625 0.606630825 0.80515759375 0.6012544796875 0.8044412609375 0.5851254484374999 0.799426934375 0.57706093125 0.7922636109375001 0.5779569890625 0.7865329515624999 0.59229390625 0.7865329515624999 0.6021505375 0.7936962750000001 0.609318996875
0 0.855300859375 0.60752688125 0.86103151875 0.5985663078125001 0.85744985625 0.5779569890625 0.8467048703125 0.5779569890625 0.8416905437500001 0.5931899640625 0.8409742124999999 0.6003584234375 0.8445558734375 0.60752688125 0.855300859375 0.60752688125
0 0.9040114609375 0.606630825 0.9118911171875 0.6057347671875 0.918338109375 0.5949820781249999 0.9154727796875 0.576164875 0.9111747843750001 0.573476703125 0.90472779375 0.574372759375 0.8982808015625 0.5878136203125 0.8982808015625 0.6012544796875 0.9040114609375 0.606630825
0 0.9591690546875 0.5887096781250001 0.9584527218750001 0.6057347671875 0.970630371875 0.6057347671875 0.9727793703125001 0.59677419375 0.96776504375 0.5797491046875 0.9591690546875 0.5887096781250001