0 0.191800878125 0 0.1969253296875 0.009157509375000001 0.20571010312500002 0.0109890109375 0.21449487500000003 0.00549450625 0.21669106875000002 0 0.191800878125 0
0 0.2226141359375 0 0.2196193265625 0.0082417578125 0.220351390625 0.0228937734375 0.2313323578125 0.0293040296875 0.2408491953125 0.021978021875 0.24377745312500002 0.00549450625 0.2410322109375 0 0.2226141359375 0
0 0.20131771562499998 0.049450549999999996 0.209370425 0.049450549999999996 0.2181551984375 0.0375457875 0.2196193265625 0.027472528125 0.210834553125 0.016483517187499998 0.20058565156250002 0.0173992671875 0.1954612 0.024725274999999998 0.196193265625 0.0421245421875 0.20131771562499998 0.049450549999999996
0 0.21742313281249998 0.054945054687499995 0.220351390625 0.0631868125 0.22620790624999998 0.06868131875 0.23572474375 0.06684981718750001 0.239385065625 0.059523809375 0.239385065625 0.0393772890625 0.234260615625 0.034798534375 0.22620790624999998 0.034798534375 0.2196193265625 0.04304029375 0.21742313281249998 0.054945054687499995
0 0.20278184531250001 0.090659340625 0.210834553125 0.08974358906249999 0.2196193265625 0.075091575 0.2188872625 0.065018315625 0.2101024890625 0.05586080624999999 0.20278184531250001 0.05677655625 0.1983894578125 0.062271062499999995 0.1991215234375 0.08699633749999999 0.20278184531250001 0.090659340625
0 0.2269399703125 0.1126373625 0.23279648593750002 0.1126373625 0.237188871875 0.1043956046875 0.2386530015625 0.084249084375 0.2364568078125 0.07783882812500001 0.2254758421875 0.075091575 0.21742313281249998 0.0888278390625 0.220351390625 0.1043956046875 0.2269399703125 0.1126373625
0 0.20571010312500002 0.1327838828125 0.21669106875000002 0.1291208796875 0.2232796484375 0.11904761875 0.2196193265625 0.10622710625000001 0.209370425 0.097069596875 0.20497803750000002 0.0979853484375 0.20131771562499998 0.1043956046875 0.2020497796875 0.1291208796875 0.20571010312500002 0.1327838828125
0 0.23572474375 0.1291208796875 0.22620790624999998 0.12454212499999999 0.210834553125 0.140109890625 0.21229868281250003 0.1520146515625 0.22620790624999998 0.15659340625 0.23572474375 0.147435896875 0.23572474375 0.1291208796875
0 0.2101024890625 0.1877289375 0.220351390625 0.1895604390625 0.232064421875 0.1804029296875 0.232064421875 0.1675824171875 0.22620790624999998 0.1611721609375 0.2137628109375 0.159340659375 0.20571010312500002 0.16941391875 0.20571010312500002 0.18131868125 0.2101024890625 0.1877289375
0 0.21229868281250003 0.22344322343749998 0.222547584375 0.224358975 0.2313323578125 0.2179487171875 0.23352855 0.2042124546875 0.22913616406249998 0.1950549453125 0.2137628109375 0.19413919375 0.20717423125 0.20054945000000002 0.20717423125 0.2179487171875 0.21229868281250003 0.22344322343749998
0 0.21303074687499998 0.26098901093750004 0.222547584375 0.2628205125 0.22840410000000003 0.259157509375 0.232064421875 0.246336996875 0.2269399703125 0.22985347968749997 0.21669106875000002 0.2289377296875 0.2086383609375 0.2371794875 0.2086383609375 0.253663003125 0.21303074687499998 0.26098901093750004
0 0.21229868281250003 0.3012820515625 0.21742313281249998 0.3049450546875 0.2254758421875 0.303113553125 0.22986822812500002 0.29670329687499997 0.22913616406249998 0.271978021875 0.2188872625 0.26739926718749996 0.210834553125 0.2765567765625 0.2101024890625 0.29670329687499997 0.21229868281250003 0.3012820515625
0 0.210834553125 0.3333333328125 0.21303074687499998 0.34340659375000004 0.21742313281249998 0.3479853484375 0.22620790624999998 0.347069596875 0.2313323578125 0.3379120875 0.23060029218749997 0.3168498171875 0.2240117125 0.3104395609375 0.21669106875000002 0.3113553109375 0.21229868281250003 0.3168498171875 0.210834553125 0.3333333328125
0 0.21669106875000002 0.391025640625 0.2240117125 0.391025640625 0.2313323578125 0.3827838828125 0.2313323578125 0.359890109375 0.2254758421875 0.35256410312500003 0.2181551984375 0.35256410312500003 0.21229868281250003 0.358974359375 0.2115666171875 0.3827838828125 0.21669106875000002 0.391025640625
0 0.21742313281249998 0.42948717968750005 0.22620790624999998 0.42948717968750005 0.2313323578125 0.42399267343749997 0.232064421875 0.40659340625 0.2269399703125 0.3983516484375 0.220351390625 0.39743589687499997 0.21229868281250003 0.40384615312500005 0.21303074687499998 0.42399267343749997 0.21742313281249998 0.42948717968750005
0 0.21303074687499998 0.46520146562500003 0.2181551984375 0.47069597031250004 0.227672034375 0.4697802203125 0.23279648593750002 0.4615384609375 0.2313323578125 0.440476190625 0.222547584375 0.434981684375 0.21449487500000003 0.440476190625 0.21229868281250003 0.44413919375 0.21303074687499998 0.46520146562500003
0 0.21229868281250003 0.497252746875 0.21522694062499997 0.509157509375 0.220351390625 0.5137362640625 0.2313323578125 0.509157509375 0.23352855 0.4954212453125 0.2313323578125 0.48076923125000004 0.22620790624999998 0.4761904765625 0.2196193265625 0.4761904765625 0.21303074687499998 0.48351648281250004 0.21229868281250003 0.497252746875
0 0.21303074687499998 0.527472528125 0.21522694062499997 0.5521978015625 0.2188872625 0.55677655625 0.22840410000000003 0.55677655625 0.23352855 0.5485347984375 0.23352855 0.527472528125 0.22620790624999998 0.51923076875 0.220351390625 0.51923076875 0.21522694062499997 0.5238095234375 0.21303074687499998 0.527472528125
0 0.21742313281249998 0.59432234375 0.2269399703125 0.596153846875 0.23352855 0.590659340625 0.234260615625 0.5732600734375 0.23060029218749997 0.5650183156249999 0.2218155203125 0.5622710625 0.2137628109375 0.5705128203125 0.21303074687499998 0.5851648359375 0.21742313281249998 0.59432234375
0 0.25329429062500003 0.63186813125 0.2715959 0.63186813125 0.2803806734375 0.6236263734375 0.279648609375 0.6135531140625 0.2730600296875 0.6071428578125 0.251098096875 0.60622710625 0.248901903125 0.608974359375 0.2481698390625 0.6227106234375 0.25329429062500003 0.63186813125
0 0.2972181546875 0.63186813125 0.30966325 0.63095238125 0.31771595937499997 0.6217948718749999 0.31698389531250004 0.6126373625 0.31185944375 0.6071428578125 0.2957540265625 0.60622710625 0.28843338281249997 0.6135531140625 0.289165446875 0.6263736265625 0.2972181546875 0.63186813125
0 0.40702781874999994 0.6300366296875 0.42166910625 0.6300366296875 0.4304538796875 0.6208791203125 0.42972181562499995 0.609890109375 0.4238653 0.6043956046875001 0.408491946875 0.6043956046875001 0.40117130312500004 0.609890109375 0.40117130312500004 0.6236263734375 0.40702781874999994 0.6300366296875
0 0.515373353125 0.63095238125 0.5241581265625 0.6373626375 0.53074670625 0.6364468859375 0.53806735 0.61813186875 0.5373352859375 0.6071428578125 0.5314787703125 0.602564103125 0.5248901906250001 0.602564103125 0.517569546875 0.60622710625 0.5146412890625001 0.6117216125 0.515373353125 0.63095238125
0 0.5790629578125001 0.652930403125 0.5900439234375 0.652930403125 0.596632503125 0.6446886453125 0.596632503125 0.633699634375 0.589311859375 0.61904761875 0.579795021875 0.6199633703125 0.57393850625 0.633699634375 0.5732064421875 0.64377289375 0.5790629578125001 0.652930403125
0 0.6361639828125 0.652930403125 0.646412884375 0.652930403125 0.653733528125 0.6419413921875 0.6508052703125 0.624542125 0.644216690625 0.61904761875 0.636896046875 0.6217948718749999 0.6317715953125 0.633699634375 0.6317715953125 0.646520146875 0.6361639828125 0.652930403125
0 0.6932650078125 0.6501831499999999 0.703513909375 0.646520146875 0.7101024890625001 0.6382783875 0.709370425 0.6263736265625 0.703513909375 0.6172161171874999 0.6947291359375 0.61904761875 0.6888726203125 0.633699634375 0.6888726203125 0.6446886453125 0.6932650078125 0.6501831499999999
0 0.7525622249999999 0.6492674 0.7620790625 0.6492674 0.770131771875 0.6382783875 0.767935578125 0.6227106234375 0.762811128125 0.615384615625 0.75475841875 0.6172161171874999 0.7489019031249999 0.6300366296875 0.7481698390625 0.6419413921875 0.7525622249999999 0.6492674
0 0.8067349921875 0.64377289375 0.8140556374999999 0.6483516484375 0.823572475 0.6446886453125 0.8265007328125 0.6382783875 0.823572475 0.61813186875 0.8147877015624999 0.615384615625 0.8096632500000001 0.6208791203125 0.806002928125 0.633699634375 0.8067349921875 0.64377289375
0 0.8814055640625 0.615384615625 0.872620790625 0.6135531140625 0.8667642750000001 0.6217948718749999 0.8660322109375 0.64377289375 0.8777452421874999 0.646520146875 0.8850658859375 0.634615384375 0.8814055640625 0.615384615625
0 0.9245973640624999 0.64377289375 0.9304538796875 0.6456043953124999 0.9399707171875 0.6391941390625 0.9414348468749999 0.6282051281250001 0.9377745234375 0.6135531140625 0.929721815625 0.6117216125 0.9231332359375 0.6227106234375 0.9216691062500001 0.6391941390625 0.9245973640624999 0.64377289375
0 0.982430453125 0.64377289375 0.9912152265625 0.64377289375 0.9970717421874999 0.6391941390625 0.9992679359375 0.624542125 0.9934114203125001 0.608974359375 0.984626646875 0.6108058609375 0.979502196875 0.6227106234375 0.9787701312499999 0.6391941390625 0.982430453125 0.64377289375
1 0 0.6608669109374999 0.0087847734375 0.6639194140625 0.02122986875 0.6575091578125 0.02635431875 0.647435896875 0.025622254687500002 0.6291208796875 0.0219619328125 0.61904761875 0.0095168375 0.6108058609375 0 0.6147741140625 0 0.6608669109374999
1 0.039531478125000005 0.6602564109375 0.057833089062499995 0.6575091578125 0.0666178625 0.6456043953124999 0.0651537328125 0.624542125 0.054904831249999994 0.6117216125 0.039531478125000005 0.6117216125 0.030014640625 0.6263736265625 0.0314787703125 0.647435896875 0.039531478125000005 0.6602564109375
1 0.0710102484375 0.6446886453125 0.07833089374999999 0.6575091578125 0.0922401171875 0.659340659375 0.1039531484375 0.6510989015625 0.106149340625 0.6300366296875 0.1032210828125 0.61904761875 0.096632503125 0.6117216125 0.07833089374999999 0.6117216125 0.0710102484375 0.624542125 0.0710102484375 0.6446886453125
1 0.12079062968750001 0.659340659375 0.13543191875 0.659340659375 0.14494875625 0.6483516484375 0.14568082031250001 0.6272893765625 0.1376281109375 0.6126373625 0.1229868234375 0.609890109375 0.110541728125 0.6227106234375 0.1112737921875 0.647435896875 0.12079062968750001 0.659340659375
1 0.15007320625 0.6382783875 0.15446559375 0.6520146515625 0.1603221078125 0.659340659375 0.1756954609375 0.6575091578125 0.18667642812500002 0.6446886453125 0.18667642812500002 0.6227106234375 0.177159590625 0.6108058609375 0.15885797968749998 0.6108058609375 0.1508052703125 0.625457875 0.15007320625 0.6382783875
1 0.20131771562499998 0.6364468859375 0.237188871875 0.63095238125 0.24450951718749997 0.6217948718749999 0.2430453875 0.6108058609375 0.22913616406249998 0.6016483515625 0.2181551984375 0.6016483515625 0.19399707187499998 0.6135531140625 0.1925329421875 0.6272893765625 0.20131771562499998 0.6364468859375
1 0.322840409375 0.6080586078125 0.3206442171875 0.6227106234375 0.3243045390625 0.6291208796875 0.33089311875 0.63186813125 0.370424596875 0.63095238125 0.3792093703125 0.6282051281250001 0.384333821875 0.6208791203125 0.3814055640625 0.608974359375 0.37408491875 0.6053113546875 0.328696925 0.6053113546875 0.322840409375 0.6080586078125
1 0.44289897500000003 0.6300366296875 0.4897510984375 0.6272893765625 0.4956076140625 0.61813186875 0.494143484375 0.6080586078125 0.4897510984375 0.6043956046875001 0.43997071718749997 0.603479853125 0.43338213750000004 0.608974359375 0.43484626718749997 0.6263736265625 0.44289897500000003 0.6300366296875
1 0.5424597359375001 0.6080586078125 0.53806735 0.625457875 0.5366032203125 0.64377289375 0.5431918015625 0.6501831499999999 0.5556368953125 0.6520146515625 0.56442166875 0.6483516484375 0.56881405625 0.641025640625 0.57393850625 0.6236263734375 0.57393850625 0.6126373625 0.5636896046875 0.602564103125 0.549048315625 0.602564103125 0.5424597359375001 0.6080586078125
1 0.59736456875 0.6117216125 0.596632503125 0.6227106234375 0.6024890187499999 0.6456043953124999 0.6090775984375 0.6510989015625 0.6229868234375 0.646520146875 0.63103953125 0.6300366296875 0.63103953125 0.608974359375 0.6229868234375 0.602564103125 0.606149340625 0.6016483515625 0.6017569546875 0.603479853125 0.59736456875 0.6117216125
1 0.653733528125 0.6108058609375 0.6530014640624999 0.6236263734375 0.65959004375 0.64377289375 0.6669106874999999 0.6501831499999999 0.6793557828125001 0.6456043953124999 0.68814055625 0.625457875 0.6888726203125 0.608974359375 0.6793557828125001 0.6007326 0.6639824296875 0.6007326 0.658125915625 0.603479853125 0.653733528125 0.6108058609375
1 0.713030746875 0.634615384375 0.7196193265625 0.647435896875 0.7291361640625 0.6492674 0.7423133234375 0.6391941390625 0.7481698390625 0.6172161171874999 0.7474377750000001 0.608974359375 0.7430453875 0.602564103125 0.7196193265625 0.5998168500000001 0.7115666171874999 0.6108058609375 0.713030746875 0.634615384375
1 0.777452415625 0.6007326 0.7715959 0.608974359375 0.7708638359375 0.6208791203125 0.775256221875 0.6391941390625 0.7825768671875 0.647435896875 0.7950219625 0.6446886453125 0.8001464125 0.6382783875 0.8045388000000001 0.6227106234375 0.8030746703125 0.6043956046875001 0.7957540265625 0.5989010984375 0.7862371890625 0.5979853484375 0.777452415625 0.6007326
1 0.8294289890625001 0.6272893765625 0.8360175703125 0.64377289375 0.8469985359375001 0.6456043953124999 0.8565153734375001 0.6391941390625 0.8623718890625 0.6172161171874999 0.8594436312499999 0.6007326 0.8396778921875001 0.597069596875 0.8330893125 0.5998168500000001 0.828696925 0.608974359375 0.8294289890625001 0.6272893765625
1 0.8872620796874999 0.61904761875 0.8923865296875 0.6391941390625 0.89751098125 0.6446886453125 0.910688140625 0.641025640625 0.9194729140625 0.6172161171874999 0.9172767203125 0.6007326 0.9114202046875001 0.596153846875 0.8967789171874999 0.596153846875 0.8894582718749999 0.6043956046875001 0.8872620796874999 0.61904761875
1 0.94509516875 0.6053113546875 0.9436310390625 0.61813186875 0.9494875546875001 0.6391941390625 0.9553440703125 0.64377289375 0.9692532937499999 0.6391941390625 0.9765739390625001 0.6172161171874999 0.9743777453125 0.5989010984375 0.9677891656250001 0.59432234375 0.9553440703125 0.59432234375 0.9502196187499999 0.596153846875 0.94509516875 0.6053113546875