1 0 0.6284667703125 0.0065885796875 0.6300366296875 0.017569546875 0.6227106234375 0.0219619328125 0.615384615625 0.0219619328125 0.5952380953125 0.015373353125 0.58150183125 0 0.5785432515625 0 0.6284667703125
1 0.025622254687500002 0.5897435890625 0.025622254687500002 0.609890109375 0.0329428984375 0.625457875 0.0424597359375 0.6291208796875 0.058565153125000005 0.6208791203125 0.06222547656250001 0.608974359375 0.06222547656250001 0.596153846875 0.056368960937500004 0.58150183125 0.0409956078125 0.5769230765625 0.030014640625 0.5824175828125 0.025622254687500002 0.5897435890625
1 0.0666178625 0.590659340625 0.0666178625 0.6117216125 0.07393850625000001 0.624542125 0.0863836015625 0.6263736265625 0.09736456875 0.6208791203125 0.10175695468749998 0.6117216125 0.10248901875000001 0.5998168500000001 0.100292825 0.5888278390624999 0.09297218125 0.5787545781250001 0.07540263593749999 0.577838828125 0.0666178625 0.590659340625
1 0.10688140625 0.5888278390624999 0.10688140625 0.6135531140625 0.1127379203125 0.6227106234375 0.12884333750000002 0.6263736265625 0.138360175 0.61904761875 0.1420204984375 0.609890109375 0.1420204984375 0.5934065937499999 0.134699853125 0.5796703296875 0.1281112734375 0.5760073265625001 0.11566617812499999 0.5769230765625 0.10688140625 0.5888278390624999
1 0.2137628109375 0.5732600734375 0.19472913593750002 0.5741758234375001 0.18887262031250002 0.5787545781250001 0.1874084921875 0.5989010984375 0.19399707187499998 0.6071428578125 0.20497803750000002 0.6071428578125 0.2181551984375 0.5998168500000001 0.2430453875 0.597069596875 0.248901903125 0.5897435890625 0.2481698390625 0.584249084375 0.24377745312500002 0.58058608125 0.2254758421875 0.5796703296875 0.2137628109375 0.5732600734375
1 0.308199121875 0.5979853484375 0.34846266406250004 0.597069596875 0.361639825 0.5879120875 0.36090775937499997 0.5787545781250001 0.35505124375 0.5732600734375 0.30527086406250004 0.572344321875 0.2994143484375 0.5787545781250001 0.3008784765625 0.5934065937499999 0.308199121875 0.5979853484375
1 0.41215226875 0.5888278390624999 0.420204978125 0.596153846875 0.4633967796875 0.5952380953125 0.4685212296875 0.5934065937499999 0.47364568125 0.5851648359375 0.47218155156249997 0.5741758234375001 0.46705710156249997 0.5705128203125 0.41874084843750004 0.5705128203125 0.41215226875 0.5760073265625001 0.41215226875 0.5888278390624999
1 0.5234260609375 0.5998168500000001 0.5409956078125 0.6135531140625 0.55490483125 0.6071428578125 0.5636896046875 0.5879120875 0.562957540625 0.5760073265625001 0.5541727671875 0.5695970703125 0.534407028125 0.56868131875 0.5292825765625 0.5705128203125 0.5256222546875 0.5769230765625 0.5234260609375 0.5998168500000001
1 0.5841874078125 0.577838828125 0.5834553437500001 0.5924908421875 0.5929721812500001 0.6144688640625 0.5980966328124999 0.61813186875 0.6039531484375 0.6172161171874999 0.6134699859375 0.608974359375 0.6200585656250001 0.5879120875 0.6200585656250001 0.577838828125 0.6149341140625 0.5705128203125 0.5922401171875 0.56868131875 0.5841874078125 0.577838828125
1 0.644216690625 0.5714285718750001 0.64055636875 0.5796703296875 0.644216690625 0.6043956046875001 0.6515373359375001 0.615384615625 0.6647144953125 0.615384615625 0.6742313328125 0.6043956046875001 0.67862371875 0.5869963375 0.6778916546875 0.5760073265625001 0.6742313328125 0.5714285718750001 0.6647144953125 0.5668498171875 0.6530014640624999 0.5668498171875 0.644216690625 0.5714285718750001
1 0.7086383609375 0.608974359375 0.7203513906250001 0.6135531140625 0.7313323578125 0.6043956046875001 0.737188871875 0.577838828125 0.7306002921875 0.5677655671874999 0.7086383609375 0.5668498171875 0.7005856515625 0.5769230765625 0.701317715625 0.5924908421875 0.7086383609375 0.608974359375
1 0.7591508046875 0.5769230765625 0.7620790625 0.602564103125 0.767935578125 0.6126373625 0.7781844796875 0.6144688640625 0.789165446875 0.6053113546875 0.7950219625 0.5851648359375 0.7950219625 0.575091575 0.7920937046875001 0.5695970703125 0.7840409953125 0.5650183156249999 0.767935578125 0.5650183156249999 0.7591508046875 0.5769230765625
1 0.8243045390624999 0.5668498171875 0.8191800875 0.575091575 0.8184480234375 0.584249084375 0.8228404093749999 0.6043956046875001 0.8323572468749999 0.6126373625 0.8426061499999999 0.608974359375 0.8469985359375001 0.602564103125 0.8521229874999999 0.5824175828125 0.8491947296875001 0.56868131875 0.844070278125 0.5641025640625 0.8323572468749999 0.5631868124999999 0.8243045390624999 0.5668498171875
1 0.8777452421874999 0.5714285718750001 0.8762811125000001 0.5888278390624999 0.882137628125 0.6071428578125 0.8865300140624999 0.6108058609375 0.8945827234375001 0.6108058609375 0.901171303125 0.60622710625 0.9092240109375 0.584249084375 0.9070278187499999 0.5677655671874999 0.901171303125 0.5631868124999999 0.88799414375 0.5622710625 0.8777452421874999 0.5714285718750001
1 0.9341142015624999 0.5860805859375 0.9385065890625001 0.603479853125 0.9472913609375 0.609890109375 0.9575402640625 0.60622710625 0.9633967796875 0.596153846875 0.9663250359375001 0.5796703296875 0.96193265 0.5631868124999999 0.9443631046875 0.5613553109375 0.9348462671875 0.5705128203125 0.9341142015624999 0.5860805859375
1 1 0.5604395609374999 0.9912152265625 0.5714285718750001 0.9912152265625 0.5888278390624999 0.9970717421874999 0.6053113546875 1 0.6075091578125 1 0.5604395609374999
0 0.1990300140625 0 0.19765739375 0.0137362640625 0.20131771562499998 0.026556776562500002 0.210834553125 0.027472528125 0.2196193265625 0.015567765624999999 0.2196193265625 0.0009157515624999999 0.21872458125 0 0.1990300140625 0
0 0.224743778125 0.044871795312500004 0.232064421875 0.046703296875 0.23792093749999998 0.0421245421875 0.2408491953125 0.01923076875 0.237188871875 0.0128205125 0.227672034375 0.0119047625 0.2196193265625 0.0238095234375 0.2188872625 0.032967032812500005 0.224743778125 0.044871795312500004
0 0.20278184531250001 0.0695970703125 0.209370425 0.071428571875 0.21669106875000002 0.065018315625 0.2218155203125 0.047619046875 0.2196193265625 0.041208790625000005 0.2115666171875 0.033882784375 0.20131771562499998 0.0393772890625 0.20131771562499998 0.06593406562500001 0.20278184531250001 0.0695970703125
0 0.2232796484375 0.0851648359375 0.22913616406249998 0.0888278390625 0.237188871875 0.0851648359375 0.239385065625 0.060439560937500005 0.2364568078125 0.0540293046875 0.22620790624999998 0.0540293046875 0.2181551984375 0.0677655671875 0.2181551984375 0.0769230765625 0.2232796484375 0.0851648359375
0 0.2218155203125 0.10805860781250001 0.227672034375 0.0989010984375 0.21522694062499997 0.0796703296875 0.20717423125 0.0796703296875 0.20351390937499997 0.08699633749999999 0.2042459734375 0.10622710625000001 0.209370425 0.11172161249999998 0.2218155203125 0.10805860781250001
0 0.2086383609375 0.13095238125 0.2137628109375 0.1391941390625 0.227672034375 0.141025640625 0.2364568078125 0.13186813125000002 0.237188871875 0.11813186875 0.234260615625 0.1126373625 0.2269399703125 0.10989010937499999 0.21522694062499997 0.11630036562499999 0.209370425 0.125457875 0.2086383609375 0.13095238125
0 0.20717423125 0.1648351640625 0.2101024890625 0.172161171875 0.21522694062499997 0.17490842499999998 0.227672034375 0.1739926734375 0.234260615625 0.1666666671875 0.2349926796875 0.15567765625000002 0.22840410000000003 0.14652014687499998 0.21522694062499997 0.1456043953125 0.2079062953125 0.153846153125 0.20717423125 0.1648351640625
0 0.21449487500000003 0.21062271093749999 0.22913616406249998 0.208791209375 0.23279648593750002 0.20054945000000002 0.232064421875 0.18406593437500002 0.2269399703125 0.1794871796875 0.2181551984375 0.1794871796875 0.209370425 0.1877289375 0.209370425 0.203296703125 0.21449487500000003 0.21062271093749999
0 0.21742313281249998 0.2509157515625 0.227672034375 0.2490842484375 0.23279648593750002 0.2353479859375 0.2313323578125 0.221611721875 0.2269399703125 0.21703296718749998 0.2181551984375 0.21703296718749998 0.210834553125 0.225274725 0.21229868281250003 0.247252746875 0.21742313281249998 0.2509157515625
0 0.21449487500000003 0.291208790625 0.2196193265625 0.2948717953125 0.227672034375 0.29395604375 0.23279648593750002 0.2829670328125 0.22986822812500002 0.26007325937500003 0.2196193265625 0.25732600781250003 0.21229868281250003 0.265567765625 0.2115666171875 0.2820512828125 0.21449487500000003 0.291208790625
0 0.22840410000000003 0.3324175828125 0.23279648593750002 0.3232600734375 0.232064421875 0.308608059375 0.2232796484375 0.3012820515625 0.2137628109375 0.309523809375 0.21303074687499998 0.328754578125 0.2181551984375 0.3333333328125 0.22840410000000003 0.3324175828125
0 0.2196193265625 0.375457875 0.22840410000000003 0.374542125 0.23352855 0.365384615625 0.232064421875 0.3452380953125 0.2269399703125 0.3397435890625 0.22108345468750001 0.3397435890625 0.21303074687499998 0.3489010984375 0.21449487500000003 0.3699633703125 0.2196193265625 0.375457875
0 0.21669106875000002 0.4148351640625 0.22913616406249998 0.415750915625 0.23352855 0.40567765624999996 0.232064421875 0.3855311359375 0.227672034375 0.38095238125 0.220351390625 0.38095238125 0.2137628109375 0.3873626375 0.21303074687499998 0.4047619046875 0.21669106875000002 0.4148351640625
0 0.232064421875 0.45787545781250005 0.2349926796875 0.4459706953125 0.232064421875 0.42673992656250004 0.222547584375 0.4230769234375 0.2137628109375 0.4331501828125 0.21449487500000003 0.45512820468750004 0.222547584375 0.4606227109375 0.232064421875 0.45787545781250005
0 0.21522694062499997 0.49450549375 0.2196193265625 0.5018315015625 0.22840410000000003 0.5018315015625 0.234260615625 0.49633699687500005 0.234260615625 0.47527472499999995 0.227672034375 0.4670329671875 0.21742313281249998 0.4697802203125 0.2137628109375 0.4761904765625 0.21522694062499997 0.49450549375
0 0.21669106875000002 0.5393772890624999 0.2218155203125 0.5421245421875 0.232064421875 0.540293040625 0.23572474375 0.5329670328125 0.23352855 0.5128205125 0.2232796484375 0.5073260078125 0.2159590046875 0.5137362640625 0.21449487500000003 0.528388278125 0.21669106875000002 0.5393772890624999
0 0.232064421875 0.5503663000000001 0.2232796484375 0.547619046875 0.21522694062499997 0.55586080625 0.21669106875000002 0.5714285718750001 0.227672034375 0.577838828125 0.2408491953125 0.575091575 0.232064421875 0.5503663000000001
0 0.2635431921875 0.5796703296875 0.2635431921875 0.5860805859375 0.2708638359375 0.597069596875 0.28550512499999997 0.5979853484375 0.29428989687499996 0.5897435890625 0.29428989687499996 0.5796703296875 0.2898975109375 0.5741758234375001 0.272327965625 0.572344321875 0.2672035140625 0.575091575 0.2635431921875 0.5796703296875
0 0.38579795 0.596153846875 0.40263543124999995 0.5952380953125 0.4092240109375 0.5851648359375 0.4077598828125 0.5760073265625001 0.4004392390625 0.5705128203125 0.3828696921875 0.5714285718750001 0.37847730625 0.577838828125 0.37847730625 0.5888278390624999 0.38579795 0.596153846875
0 0.49926793593749996 0.59432234375 0.5139092234375 0.596153846875 0.52122986875 0.5879120875 0.5219619328125 0.5741758234375001 0.5161054171874999 0.56868131875 0.50219619375 0.56868131875 0.494143484375 0.5741758234375001 0.49267935625000003 0.5851648359375 0.49926793593749996 0.59432234375
0 0.5666178625 0.6199633703125 0.5768667640625 0.6199633703125 0.5841874078125 0.6126373625 0.5834553437500001 0.597069596875 0.5761347 0.5869963375 0.56881405625 0.5879120875 0.5614934109374999 0.6016483515625 0.560761346875 0.6126373625 0.5666178625 0.6199633703125
0 0.6229868234375 0.61904761875 0.63103953125 0.6199633703125 0.64055636875 0.6117216125 0.64055636875 0.5979853484375 0.6339677890625001 0.5860805859375 0.625183015625 0.5869963375 0.6200585656250001 0.5998168500000001 0.6185944359375 0.6108058609375 0.6229868234375 0.61904761875
0 0.6837481703125 0.61813186875 0.6903367499999999 0.61813186875 0.6998535875 0.6117216125 0.701317715625 0.6007326 0.6947291359375 0.5851648359375 0.6837481703125 0.5869963375 0.6793557828125001 0.596153846875 0.6778916546875 0.6053113546875 0.6837481703125 0.61813186875
0 0.7386530015624999 0.6144688640625 0.7459736453125 0.6172161171874999 0.7554904828125 0.6108058609375 0.758418740625 0.6007326 0.7525622249999999 0.584249084375 0.74524158125 0.5833333328125 0.7386530015624999 0.5924908421875 0.7364568078125 0.603479853125 0.7386530015624999 0.6144688640625
0 0.8016105421875 0.6144688640625 0.8125915078125001 0.6126373625 0.817715959375 0.6016483515625 0.815519765625 0.5888278390624999 0.8103953140625 0.58058608125 0.8023426062500001 0.5824175828125 0.796486090625 0.597069596875 0.796486090625 0.6071428578125 0.8016105421875 0.6144688640625
0 0.8528550515625 0.6043956046875001 0.8572474375000001 0.6126373625 0.8696925328124999 0.609890109375 0.8733528546875 0.6053113546875 0.8718887265624999 0.584249084375 0.8667642750000001 0.5796703296875 0.860907759375 0.58058608125 0.8565153734375001 0.5860805859375 0.853587115625 0.5979853484375 0.8528550515625 0.6043956046875001
0 0.9150805265624999 0.6108058609375 0.920204978125 0.6126373625 0.9289897515625001 0.6080586078125 0.9319180093749999 0.59432234375 0.927525621875 0.5787545781250001 0.918008784375 0.5787545781250001 0.9121522687500001 0.590659340625 0.9114202046875001 0.6043956046875001 0.9150805265624999 0.6108058609375
0 0.9721815515625 0.609890109375 0.9802342609375 0.609890109375 0.9868228406249999 0.6043956046875001 0.9875549046875 0.5879120875 0.9816983890625 0.5769230765625 0.9743777453125 0.5787545781250001 0.9685212296874999 0.5934065937499999 0.9677891656250001 0.6043956046875001 0.9721815515625 0.609890109375
1 0.14568082031250001 0.608974359375 0.15739385 0.6263736265625 0.171303075 0.624542125 0.182284040625 0.6080586078125 0.1808199125 0.5924908421875 0.1705710109375 0.5769230765625 0.15739385 0.5760073265625001 0.148609078125 0.584249084375 0.14568082031250001 0.5924908421875 0.14568082031250001 0.608974359375