1 0.18860353125 0.5411646593749999 0.2343499203125 0.5411646593749999 0.249598715625 0.53012048125 0.2479935796875 0.520080321875 0.241573034375 0.514056225 0.1910112359375 0.513052209375 0.182985553125 0.5170682734375001 0.1805778484375 0.52811245 0.18860353125 0.5411646593749999
1 0.3130016046875 0.5391566265625001 0.3611556984375 0.5381526109375 0.372391653125 0.5261044171875 0.3683788125 0.514056225 0.3595505625 0.5110441765625 0.3121990375 0.5110441765625 0.3041733546875 0.5180722890625 0.305778490625 0.5351405625 0.3130016046875 0.5391566265625001
1 0.4277688609375 0.5170682734375001 0.4277688609375 0.529116465625 0.43258427031249996 0.5361445781249999 0.466292134375 0.5461847390625 0.47993579531249997 0.5411646593749999 0.485553771875 0.52811245 0.4839486359375 0.51606425625 0.4735152484375 0.5090361453125001 0.439004815625 0.5090361453125001 0.43178170156249995 0.5110441765625 0.4277688609375 0.5170682734375001
1 0.5216693421875 0.5090361453125001 0.5112359546875 0.5190763046875 0.5104333875 0.5351405625 0.5160513640625 0.5592369484375 0.522471909375 0.564257028125 0.5296950234375 0.564257028125 0.5401284109375 0.55823293125 0.5457463890625001 0.5491967875 0.5497592296875 0.53012048125 0.54815409375 0.51606425625 0.5369181375000001 0.5090361453125001 0.5216693421875 0.5090361453125001
1 0.57624398125 0.5120481921875 0.5730337078125001 0.5180722890625 0.5714285718750001 0.52811245 0.580256821875 0.5562249 0.589887640625 0.5632530124999999 0.60272873125 0.55823293125 0.608346709375 0.550200803125 0.6139646875 0.5311244984375 0.61316211875 0.5170682734375001 0.6003210265625001 0.508032128125 0.5858748 0.5070281125 0.57624398125 0.5120481921875
1 0.646869984375 0.557228915625 0.654895665625 0.5592369484375 0.6717495984374999 0.5481927703125 0.67817014375 0.522088353125 0.6717495984374999 0.5090361453125001 0.6492776890624999 0.5070281125 0.6388443015624999 0.520080321875 0.6388443015624999 0.5361445781249999 0.646869984375 0.557228915625
1 0.702247190625 0.5170682734375001 0.7054574640625 0.5481927703125 0.712680578125 0.55823293125 0.7263242375 0.55823293125 0.73595505625 0.5481927703125 0.7423756015625 0.522088353125 0.7391653296875 0.5120481921875 0.72552166875 0.5050200796875 0.7150882828125 0.5050200796875 0.7078651687499999 0.508032128125 0.702247190625 0.5170682734375001
1 0.768057784375 0.5351405625 0.77287319375 0.550200803125 0.78330658125 0.557228915625 0.7953451046875 0.5532128515625 0.8049759234374999 0.5210843374999999 0.8001605140624999 0.508032128125 0.7921348312500001 0.5040160640625 0.7768860359375 0.5050200796875 0.768057784375 0.515060240625 0.768057784375 0.5351405625
1 0.8306581062499999 0.529116465625 0.8378812203124999 0.5532128515625 0.849117175 0.5562249 0.85874799375 0.550200803125 0.86757624375 0.5240963859375001 0.8651685390624999 0.5090361453125001 0.8571428578125 0.5030120484375 0.8410914921874999 0.5030120484375 0.8314606734375 0.514056225 0.8306581062499999 0.529116465625
1 0.8948635640625 0.529116465625 0.8996789734374999 0.5471887546875001 0.9069020859375 0.5542168671875001 0.919743178125 0.550200803125 0.9261637234375 0.5391566265625001 0.929373996875 0.52309236875 0.9245585875 0.5030120484375 0.9077046546875 0.501004015625 0.8956661312499999 0.5110441765625 0.8948635640625 0.529116465625
1 0.9590690203125 0.5070281125 0.956661315625 0.529116465625 0.961476725 0.5461847390625 0.9686998390625 0.5532128515625 0.9807383625 0.5512048187499999 0.99117175 0.53012048125 0.9927768859375 0.515060240625 0.9895666125 0.5040160640625 0.9719101125 0.49899598437500003 0.9638844296875 0.501004015625 0.9590690203125 0.5070281125
1 0.0818619578125 0.5491967875 0.0971107546875 0.5602409640625 0.11637239218749999 0.550200803125 0.128410915625 0.5401606421875 0.133226325 0.53012048125 0.1308186203125 0.5190763046875 0.12359550625 0.514056225 0.089887640625 0.51606425625 0.080256821875 0.527108434375 0.0818619578125 0.5491967875
1 0.0393258421875 0.5592369484375 0.047351525 0.571285140625 0.06581059375000001 0.571285140625 0.07784911718750001 0.55823293125 0.0770465484375 0.5381526109375 0.071428571875 0.5251004015625 0.065008025 0.5190763046875 0.04815409375 0.5180722890625 0.03772070625 0.534136546875 0.0393258421875 0.5592369484375
1 0 0.5662650609375001 0.014446228124999998 0.57228915625 0.0304975921875 0.5622489953125 0.033707865625 0.550200803125 0.032905296875000004 0.5361445781249999 0.023274478125 0.5190763046875 0.005617978125 0.5180722890625 0 0.5229919671875 0 0.5662650609375001
0 0.127608346875 0 0.12199036875 0.0050200796875 0.1195826640625 0.015060240624999999 0.1252006421875 0.0240963859375 0.1404494375 0.0261044171875 0.14847512031250001 0.01606425625 0.149117175 0 0.127608346875 0
0 0.1227929375 0.0612449796875 0.1388443015625 0.0612449796875 0.146067415625 0.051204818750000006 0.146067415625 0.0401606421875 0.1404494375 0.0321285140625 0.128410915625 0.030120481249999997 0.117977528125 0.03714859375 0.11637239218749999 0.052208835937499996 0.1227929375 0.0612449796875
0 0.1211878015625 0.098393575 0.136436596875 0.10040160625000001 0.1444622796875 0.092369478125 0.146067415625 0.0742971890625 0.14205457500000002 0.0692771078125 0.127608346875 0.0672690765625 0.11878009687499999 0.0742971890625 0.117174959375 0.087349396875 0.1211878015625 0.098393575
0 0.1444622796875 0.1325301203125 0.1444622796875 0.1124497984375 0.1388443015625 0.10642570312499999 0.1300160515625 0.1054216875 0.1195826640625 0.11445783125 0.12199036875 0.1395582328125 0.136436596875 0.14156626562500002 0.1444622796875 0.1325301203125
0 0.1211878015625 0.1767068265625 0.1243980734375 0.185742971875 0.1308186203125 0.18975903593750001 0.1380417328125 0.1887550203125 0.14365971093750002 0.17771084374999999 0.14365971093750002 0.155622490625 0.137239165625 0.1475903609375 0.1300160515625 0.1475903609375 0.12199036875 0.155622490625 0.1211878015625 0.1767068265625
0 0.1388443015625 0.2309236953125 0.14365971093750002 0.22289156562499998 0.14365971093750002 0.2038152609375 0.136436596875 0.1967871484375 0.12359550625 0.20080321250000002 0.1243980734375 0.22690763125000002 0.1292134828125 0.23192771093750003 0.1388443015625 0.2309236953125
0 0.1380417328125 0.277108434375 0.1444622796875 0.26807228906249997 0.14365971093750002 0.243975903125 0.137239165625 0.23795180781249997 0.12359550625 0.243975903125 0.12359550625 0.2710843375 0.1300160515625 0.27811245 0.1380417328125 0.277108434375
0 0.127608346875 0.32228915625 0.1380417328125 0.3232931734375 0.14365971093750002 0.31927710781249996 0.1444622796875 0.28915662656249996 0.1388443015625 0.28313252968749997 0.13162118750000001 0.28313252968749997 0.12359550625 0.2901606421875 0.1227929375 0.3092369484375 0.127608346875 0.32228915625
0 0.1227929375 0.35441767031250004 0.1260032109375 0.3674698796875 0.133226325 0.37148594375 0.14205457500000002 0.36947791093750004 0.146067415625 0.3594377515625 0.14526484687500002 0.33634538125 0.1396468703125 0.33032128437499997 0.13162118750000001 0.33032128437499997 0.12359550625 0.3393574296875 0.1227929375 0.35441767031250004
0 0.126805778125 0.41365461875 0.1380417328125 0.4166666671875 0.1444622796875 0.412650603125 0.146869984375 0.39959839375 0.1444622796875 0.3825301203125 0.1340288921875 0.377510040625 0.1243980734375 0.38554216874999997 0.12359550625 0.40060240937499997 0.126805778125 0.41365461875
0 0.14365971093750002 0.4598393578125 0.1476725515625 0.4508032125 0.146067415625 0.429718875 0.136436596875 0.4226907625 0.1260032109375 0.428714859375 0.1243980734375 0.4467871484375 0.126805778125 0.45883534062500003 0.14365971093750002 0.4598393578125
0 0.128410915625 0.501004015625 0.136436596875 0.5070281125 0.14365971093750002 0.5040160640625 0.1476725515625 0.4929718875 0.14526484687500002 0.47188755000000004 0.133226325 0.4678714859375 0.1252006421875 0.4759036140625 0.1243980734375 0.4929718875 0.128410915625 0.501004015625
0 0.15168539375 0.5401606421875 0.166131621875 0.5381526109375 0.1725521671875 0.529116465625 0.17174959843749998 0.520080321875 0.166131621875 0.515060240625 0.1476725515625 0.5100401609375 0.1380417328125 0.51606425625 0.1380417328125 0.53012048125 0.15168539375 0.5401606421875
0 0.27447833125 0.5401606421875 0.2913322625 0.5401606421875 0.3001605140625 0.53012048125 0.29935794531250004 0.5180722890625 0.2945425359375 0.513052209375 0.2768860359375 0.5120481921875 0.2672552171875 0.5180722890625 0.2672552171875 0.534136546875 0.27447833125 0.5401606421875
0 0.3980738359375 0.53714859375 0.41412519999999997 0.5381526109375 0.42375601874999996 0.53012048125 0.4245585875 0.5190763046875 0.41974317812499995 0.5110441765625 0.401284109375 0.5100401609375 0.392455859375 0.5170682734375001 0.391653290625 0.527108434375 0.3980738359375 0.53714859375
0 0.49117175 0.5612449796875 0.505617978125 0.55823293125 0.50963081875 0.5491967875 0.5072231140625 0.529116465625 0.5016051359375 0.522088353125 0.4927768859375 0.5240963859375001 0.485553771875 0.542168675 0.485553771875 0.5532128515625 0.49117175 0.5612449796875
0 0.551364365625 0.5632530124999999 0.5642054578125 0.564257028125 0.5722311390625 0.5552208828125 0.5730337078125001 0.54417670625 0.5666131625 0.529116465625 0.5553772078125 0.529116465625 0.5505617984375 0.5401606421875 0.5489566609375001 0.55823293125 0.551364365625 0.5632530124999999
0 0.6203852328125 0.5632530124999999 0.627608346875 0.5632530124999999 0.636436596875 0.5562249 0.6372391656249999 0.5411646593749999 0.6300160515625 0.5261044171875 0.6203852328125 0.527108434375 0.6147672546875 0.5401606421875 0.6139646875 0.5522088359375 0.6203852328125 0.5632530124999999
0 0.6821829859374999 0.5612449796875 0.693418940625 0.5592369484375 0.7014446234375 0.5481927703125 0.6998394859375 0.534136546875 0.693418940625 0.5240963859375001 0.6837881218749999 0.5261044171875 0.6789727125 0.5381526109375 0.6773675765625 0.5542168671875001 0.6821829859374999 0.5612449796875
0 0.7479935796875 0.5592369484375 0.7608346703125 0.557228915625 0.7664526484375 0.5481927703125 0.76404494375 0.53012048125 0.759229534375 0.522088353125 0.750401284375 0.52309236875 0.7431781703125 0.5401606421875 0.7423756015625 0.5491967875 0.7479935796875 0.5592369484375
0 0.805778490625 0.5522088359375 0.8097913328124999 0.557228915625 0.8218298562499999 0.5562249 0.8282504015625 0.5451807234375 0.8258426968749999 0.5261044171875 0.8210272875 0.5210843374999999 0.8138041734374999 0.522088353125 0.8097913328124999 0.5261044171875 0.805778490625 0.5411646593749999 0.805778490625 0.5522088359375
0 0.8747993578125 0.557228915625 0.882825040625 0.557228915625 0.8908507218749999 0.5491967875 0.8924558593749999 0.5381526109375 0.88683788125 0.520080321875 0.8772070624999999 0.520080321875 0.8699839484374999 0.5351405625 0.8691813796875 0.5491967875 0.8747993578125 0.557228915625
0 0.934991975 0.5542168671875001 0.9446227921875 0.5552208828125 0.9510433390624999 0.550200803125 0.95345104375 0.5361445781249999 0.9494382015625 0.5190763046875 0.939807384375 0.5190763046875 0.9317817015625 0.5381526109375 0.9309791328125 0.5481927703125 0.934991975 0.5542168671875001