1 0 0.629340278125 0.0034722218749999997 0.6310763890625 0.014583332812499999 0.6302083328125 0.022222221875 0.6223958328125 0.02430555625 0.6154513890625 0.022222221875 0.5911458328125 0.0166666671875 0.5842013890625 0.0083333328125 0.581597221875 0 0.581597221875 0 0.629340278125
1 0.059027778125 0.6223958328125 0.0625 0.6154513890625 0.0625 0.5989583328125 0.0576388890625 0.5859375 0.0513888890625 0.581597221875 0.0416666671875 0.5807291671875 0.030555556249999997 0.589409721875 0.028472221875 0.6085069437499999 0.0333333328125 0.6276041671875 0.0458333328125 0.6302083328125 0.059027778125 0.6223958328125
1 0.084722221875 0.628472221875 0.097222221875 0.6197916671875 0.10069444375 0.6085069437499999 0.1 0.597222221875 0.0916666671875 0.582465278125 0.07638888906249999 0.5807291671875 0.065972221875 0.590277778125 0.065972221875 0.613715278125 0.07291666718749999 0.625 0.07986111093750001 0.629340278125 0.084722221875 0.628472221875
1 0.1375 0.6154513890625 0.1375 0.59375 0.1298611109375 0.582465278125 0.12361111093749999 0.5798611109375 0.11180555625 0.581597221875 0.1041666671875 0.5946180562500001 0.10555555624999999 0.6154513890625 0.11319444375000001 0.6267361109375 0.13055555624999998 0.625 0.1375 0.6154513890625
1 0.171527778125 0.621527778125 0.17569444375 0.6015625 0.1666666671875 0.581597221875 0.15972222187500001 0.5789930562500001 0.1513888890625 0.5807291671875 0.1416666671875 0.5928819437499999 0.1416666671875 0.612847221875 0.1458333328125 0.6223958328125 0.1625 0.6276041671875 0.171527778125 0.621527778125
1 0.21180555625 0.6032986109375 0.22569444375 0.5989583328125 0.2298611109375 0.59375 0.2270833328125 0.5842013890625 0.21319444375000002 0.5763888890625 0.1875 0.5789930562500001 0.178472221875 0.589409721875 0.17986111093749999 0.605034721875 0.1888888890625 0.613715278125 0.19513888906250001 0.613715278125 0.21180555625 0.6032986109375
1 0.334027778125 0.5954861109375 0.33680555624999997 0.589409721875 0.3333333328125 0.5789930562500001 0.32569444375 0.5763888890625 0.2826388890625 0.5763888890625 0.27777777812500004 0.5833333328125 0.278472221875 0.5954861109375 0.2875 0.6006944437499999 0.32569444375 0.5998263890625 0.334027778125 0.5954861109375
1 0.43958333281249995 0.5946180562500001 0.44375 0.5868055562500001 0.440277778125 0.5772569437499999 0.43263888906250003 0.574652778125 0.39097222187499997 0.574652778125 0.3854166671875 0.5789930562500001 0.384027778125 0.590277778125 0.3916666671875 0.5989583328125 0.43125 0.598090278125 0.43958333281249995 0.5946180562500001
1 0.534722221875 0.5911458328125 0.534027778125 0.5798611109375 0.52569444375 0.573784721875 0.49930555625000006 0.5729166671875 0.4916666671875 0.5798611109375 0.49375 0.597222221875 0.5138888890625 0.6111111109375 0.5263888890625 0.6076388890625 0.534722221875 0.5911458328125
1 0.5791666671875 0.6163194437499999 0.5840277781250001 0.609375 0.5888888890625 0.5928819437499999 0.58819444375 0.5798611109375 0.577777778125 0.5729166671875 0.5625 0.5729166671875 0.5548611109375 0.5798611109375 0.5541666671875001 0.5963541671875 0.5611111109375 0.6145833328125 0.5673611109375 0.620659721875 0.5791666671875 0.6163194437499999
1 0.63819444375 0.6111111109375 0.64375 0.5920138890625 0.64375 0.5807291671875 0.63819444375 0.573784721875 0.6166666671875001 0.5720486109375 0.609027778125 0.5807291671875 0.609027778125 0.5963541671875 0.6152777781250001 0.6145833328125 0.6243055562500001 0.6189236109375 0.63819444375 0.6111111109375
1 0.6944444437499999 0.6067708328125 0.7 0.5885416671875 0.6972222218749999 0.574652778125 0.684722221875 0.5703125 0.6729166671875 0.5711805562500001 0.665277778125 0.581597221875 0.665277778125 0.5946180562500001 0.672222221875 0.6111111109375 0.6861111109375 0.613715278125 0.6944444437499999 0.6067708328125
1 0.75 0.6067708328125 0.7548611109375 0.5798611109375 0.7479166671875 0.5703125 0.7284722218749999 0.5703125 0.7208333328125 0.5798611109375 0.7208333328125 0.5946180562500001 0.727777778125 0.612847221875 0.7402777781250001 0.6154513890625 0.75 0.6067708328125
1 0.803472221875 0.6067708328125 0.809027778125 0.5885416671875 0.809027778125 0.578125 0.8055555562500001 0.5711805562500001 0.7875 0.5685763890625 0.7833333328125 0.5703125 0.777777778125 0.5798611109375 0.7798611109375 0.6041666671875 0.7854166671875 0.612847221875 0.79305555625 0.6145833328125 0.803472221875 0.6067708328125
1 0.8541666671874999 0.6111111109375 0.8583333328125 0.605034721875 0.86319444375 0.5850694437499999 0.859722221875 0.5711805562500001 0.85694444375 0.5677083328125 0.84375 0.566840278125 0.8368055562500001 0.5694444437499999 0.83194444375 0.5763888890625 0.83125 0.589409721875 0.8354166671875 0.605902778125 0.8430555562500001 0.612847221875 0.8541666671874999 0.6111111109375
1 0.9041666671874999 0.6119791671875 0.9083333328125001 0.6085069437499999 0.9173611109375001 0.5850694437499999 0.915277778125 0.5711805562500001 0.909027778125 0.565972221875 0.897222221875 0.565972221875 0.8923611109375 0.5685763890625 0.8875 0.5772569437499999 0.8875 0.5928819437499999 0.8916666671875 0.6067708328125 0.8958333328125001 0.6119791671875 0.9041666671874999 0.6119791671875
1 0.96319444375 0.6085069437499999 0.96875 0.6006944437499999 0.971527778125 0.589409721875 0.9694444437499999 0.5677083328125 0.95694444375 0.5633680562500001 0.946527778125 0.565972221875 0.9416666671874999 0.5720486109375 0.940277778125 0.5885416671875 0.9451388890624999 0.605902778125 0.9513888890625 0.6102430562500001 0.96319444375 0.6085069437499999
0 0.1923611109375 0 0.19305555624999998 0.010416667187500001 0.19930555625 0.019097221875 0.20833333281250002 0.019097221875 0.2166666671875 0.00868055625 0.2173611109375 0 0.1923611109375 0
0 0.240277778125 0.019097221875 0.2388888890625 0.011284721875 0.23194444375 0.0060763890625 0.2236111109375 0.006944443749999999 0.2173611109375 0.01649305625 0.21805555625 0.0295138890625 0.22430555624999998 0.0364583328125 0.23402777812500003 0.034722221875 0.240277778125 0.019097221875
0 0.2173611109375 0.0416666671875 0.21597222187499998 0.03125 0.20972222187499998 0.02430555625 0.20069444375 0.0260416671875 0.19583333281249998 0.03125 0.1979166671875 0.05208333281250001 0.20277777812500003 0.0564236109375 0.21111111093749999 0.053819443749999994 0.2173611109375 0.0416666671875
0 0.23194444375 0.07291666718749999 0.23680555625 0.061631943749999994 0.23541666718749998 0.0442708328125 0.22430555624999998 0.0416666671875 0.2173611109375 0.050347221875 0.21597222187499998 0.0607638890625 0.21944444375 0.0703125 0.22430555624999998 0.074652778125 0.23194444375 0.07291666718749999
0 0.2166666671875 0.0859375 0.21875 0.07552083281250001 0.20833333281250002 0.0625 0.19930555625 0.06857638906249999 0.19930555625 0.09375 0.20277777812500003 0.098090278125 0.20833333281250002 0.098090278125 0.2166666671875 0.0859375
0 0.23333333281250002 0.1119791671875 0.23541666718749998 0.09375 0.23333333281250002 0.082465278125 0.22430555624999998 0.08072916718749999 0.21597222187499998 0.09548611093750001 0.21597222187499998 0.1032986109375 0.2208333328125 0.1119791671875 0.22569444375 0.1154513890625 0.23333333281250002 0.1119791671875
0 0.2208333328125 0.12934027812499999 0.22291666718749997 0.1189236109375 0.2166666671875 0.109375 0.20625 0.105034721875 0.20138888906250002 0.11024305625 0.20069444375 0.1232638890625 0.20347222187499997 0.13368055625 0.21111111093749999 0.1354166671875 0.2208333328125 0.12934027812499999
0 0.23055555625 0.1588541671875 0.23333333281250002 0.1510416671875 0.23125 0.13454861093749998 0.22291666718749997 0.1328125 0.20972222187499998 0.14236111093749998 0.2076388890625 0.15625 0.2104166671875 0.15972222187500001 0.22569444375 0.16232638906250002 0.23055555625 0.1588541671875
0 0.2298611109375 0.1875 0.23055555625 0.1744791671875 0.22638888906250001 0.1692708328125 0.21458333281250003 0.1666666671875 0.20625 0.171875 0.20416666718749998 0.18142361093749998 0.2076388890625 0.19184027812499999 0.22291666718749997 0.19357638906250002 0.2298611109375 0.1875
0 0.228472221875 0.222222221875 0.23055555625 0.20833333281250002 0.22638888906250001 0.20052083281250002 0.21597222187499998 0.19878472187500001 0.20694444375 0.20572916718749998 0.20625 0.21961805625 0.21180555625 0.22829861093749998 0.2208333328125 0.22916666718749998 0.228472221875 0.222222221875
0 0.2236111109375 0.26475694375000003 0.22916666718749998 0.2552083328125 0.22777777812500002 0.23697916718749998 0.2201388890625 0.23263888906250002 0.21319444375000002 0.234375 0.209027778125 0.23958333281250002 0.2076388890625 0.25347222187499996 0.2104166671875 0.26215277812500004 0.215277778125 0.265625 0.2236111109375 0.26475694375000003
0 0.228472221875 0.29600694375000003 0.2270833328125 0.2751736109375 0.2173611109375 0.2708333328125 0.20972222187499998 0.27777777812500004 0.20972222187499998 0.30034722187499996 0.215277778125 0.3064236109375 0.2236111109375 0.30555555624999997 0.228472221875 0.29600694375000003
0 0.22916666718749998 0.3342013890625 0.22777777812500002 0.3185763890625 0.22152777812500002 0.3125 0.21111111093749999 0.3185763890625 0.21180555625 0.33940972187499996 0.21597222187499998 0.34375 0.22430555624999998 0.34288194375000003 0.22916666718749998 0.3342013890625
0 0.22916666718749998 0.3767361109375 0.22777777812500002 0.3532986109375 0.2201388890625 0.3489583328125 0.21111111093749999 0.35590277812500004 0.21111111093749999 0.3767361109375 0.2173611109375 0.3828125 0.22569444375 0.3810763890625 0.22916666718749998 0.3767361109375
0 0.2298611109375 0.41319444375 0.228472221875 0.3923611109375 0.21875 0.3880208328125 0.21111111093749999 0.39496527812500004 0.21180555625 0.41753472187499996 0.21805555625 0.42274305625 0.22638888906250001 0.42100694375 0.2298611109375 0.41319444375
0 0.2298611109375 0.4592013890625 0.23055555625 0.4375 0.2270833328125 0.43055555625 0.2166666671875 0.4296875 0.21111111093749999 0.4375 0.21111111093749999 0.4557291671875 0.2166666671875 0.46440972187499996 0.22430555624999998 0.46440972187499996 0.2298611109375 0.4592013890625
0 0.228472221875 0.5 0.23125 0.4947916671875 0.22916666718749998 0.4748263890625 0.222222221875 0.46961805625 0.21319444375000002 0.4748263890625 0.21111111093749999 0.4782986109375 0.2125 0.4973958328125 0.21875 0.503472221875 0.228472221875 0.5
0 0.2270833328125 0.5407986109375 0.23194444375 0.5321180562500001 0.23055555625 0.5147569437499999 0.2236111109375 0.5086805562500001 0.21458333281250003 0.5130208328125 0.21180555625 0.5173611109375 0.21319444375000002 0.5364583328125 0.2173611109375 0.5416666671875 0.2270833328125 0.5407986109375
0 0.2298611109375 0.551215278125 0.22569444375 0.5477430562500001 0.21805555625 0.5477430562500001 0.2138888890625 0.5520833328125 0.21319444375000002 0.5694444437499999 0.2236111109375 0.578125 0.23263888906250002 0.5772569437499999 0.2298611109375 0.551215278125
0 0.27291666718749996 0.5928819437499999 0.27291666718749996 0.5842013890625 0.2673611109375 0.5772569437499999 0.24583333281250003 0.5763888890625 0.23958333281250002 0.5842013890625 0.2388888890625 0.5911458328125 0.24375 0.5998263890625 0.2645833328125 0.6006944437499999 0.27291666718749996 0.5928819437499999
0 0.38125 0.5911458328125 0.38125 0.582465278125 0.375 0.5755208328125 0.35972222187499997 0.5755208328125 0.352777778125 0.581597221875 0.352777778125 0.59375 0.3583333328125 0.5989583328125 0.3729166671875 0.5989583328125 0.38125 0.5911458328125
0 0.4888888890625 0.5885416671875 0.48819444375 0.578125 0.48125 0.5729166671875 0.46666666718750005 0.573784721875 0.4611111109375 0.5789930562500001 0.4611111109375 0.5911458328125 0.465972221875 0.597222221875 0.4826388890625 0.597222221875 0.4888888890625 0.5885416671875
0 0.5548611109375 0.6111111109375 0.5520833328125 0.5946180562500001 0.5451388890625 0.5885416671875 0.5375 0.5928819437499999 0.5326388890625 0.605902778125 0.5333333328125 0.6171875 0.540277778125 0.6223958328125 0.5486111109375 0.6197916671875 0.5548611109375 0.6111111109375
0 0.6076388890625 0.6163194437499999 0.6083333328125 0.5998263890625 0.6034722218749999 0.590277778125 0.59375 0.590277778125 0.5888888890625 0.6015625 0.58819444375 0.613715278125 0.5923611109375 0.620659721875 0.6 0.621527778125 0.6076388890625 0.6163194437499999
0 0.6645833328124999 0.613715278125 0.6659722218749999 0.605034721875 0.6583333328125 0.5885416671875 0.65 0.589409721875 0.6451388890625 0.598090278125 0.64375 0.6119791671875 0.6479166671875001 0.6189236109375 0.6555555562500001 0.6197916671875 0.6645833328124999 0.613715278125
0 0.7180555562500001 0.612847221875 0.7201388890625 0.6032986109375 0.715972221875 0.5885416671875 0.7076388890625 0.5868055562500001 0.7013888890625 0.5954861109375 0.69930555625 0.6085069437499999 0.702777778125 0.6171875 0.7090277781250001 0.6189236109375 0.7180555562500001 0.612847221875
0 0.77569444375 0.6076388890625 0.7743055562500001 0.5920138890625 0.76944444375 0.5842013890625 0.7625 0.5850694437499999 0.75625 0.5989583328125 0.75555555625 0.6076388890625 0.7597222218749999 0.6154513890625 0.7673611109375 0.6154513890625 0.77569444375 0.6076388890625
0 0.8291666671875 0.6076388890625 0.828472221875 0.5920138890625 0.8229166671874999 0.5833333328125 0.8145833328125001 0.5876736109375 0.8104166671874999 0.5998263890625 0.809722221875 0.6067708328125 0.8145833328125001 0.6154513890625 0.8222222218749999 0.6154513890625 0.8291666671875 0.6076388890625
0 0.8833333328125 0.6067708328125 0.8847222218749999 0.597222221875 0.8791666671874999 0.581597221875 0.8708333328125001 0.5833333328125 0.8652777781250001 0.597222221875 0.8645833328125001 0.605902778125 0.86875 0.612847221875 0.8770833328125001 0.612847221875 0.8833333328125 0.6067708328125
0 0.9368055562500001 0.6085069437499999 0.9381944437499999 0.5963541671875 0.934027778125 0.581597221875 0.92569444375 0.581597221875 0.91944444375 0.5963541671875 0.91875 0.6076388890625 0.921527778125 0.6119791671875 0.93194444375 0.612847221875 0.9368055562500001 0.6085069437499999
0 0.99375 0.5920138890625 0.9888888890624999 0.5807291671875 0.98194444375 0.5789930562500001 0.97430555625 0.5911458328125 0.975 0.6085069437499999 0.9770833328125 0.6111111109375 0.98819444375 0.609375 0.99375 0.5920138890625