0 0.146830428125 0 0.146592709375 0.00594059375 0.150554675 0.0118811875 0.160855784375 0.013861385937500002 0.1695721078125 0.0069306937499999995 0.1709587953125 0 0.146830428125 0
0 0.1656101421875 0.0574257421875 0.1735340734375 0.046534653125 0.1719492875 0.027722771875000003 0.16402535625 0.0207920796875 0.15134706874999998 0.025742575 0.15134706874999998 0.054455445312499996 0.1584786046875 0.059405940625 0.1656101421875 0.0574257421875
0 0.1798732171875 0 0.1727416796875 0.008910890624999999 0.17115689375 0.018811881250000002 0.1798732171875 0.034653465625000004 0.1870047546875 0.0356435640625 0.194928684375 0.028712871875 0.1965134703125 0.00594059375 0.1917591125 0 0.1798732171875 0
0 0.1893819328125 0.08118811875000001 0.1933438984375 0.071287128125 0.19255150625 0.047524753125 0.1798732171875 0.0445544546875 0.1727416796875 0.0554455453125 0.175118859375 0.0762376234375 0.182250396875 0.0821782171875 0.1893819328125 0.08118811875000001
0 0.174326465625 0.0920792078125 0.1767036453125 0.08118811875000001 0.167987321875 0.0673267328125 0.15768621249999998 0.06633663437500001 0.1521394609375 0.07227722812500001 0.153724246875 0.1 0.1632329640625 0.10198019843749999 0.174326465625 0.0920792078125
0 0.1703645015625 0.1267326734375 0.1830427890625 0.127722771875 0.1901743265625 0.121782178125 0.1917591125 0.1009900984375 0.187797146875 0.09405940625 0.1790808234375 0.09306930625 0.1664025359375 0.10594059375 0.16402535625 0.11881188125 0.1703645015625 0.1267326734375
0 0.16402535625 0.159405940625 0.1774960375 0.1603960390625 0.187797146875 0.14950495 0.1870047546875 0.1396039609375 0.180665609375 0.1326732671875 0.1632329640625 0.1297029703125 0.1584786046875 0.1356435640625 0.15689381875 0.146534653125 0.16402535625 0.159405940625
0 0.167194928125 0.197029703125 0.181458003125 0.19504950468749999 0.1893819328125 0.184158415625 0.1870047546875 0.171287128125 0.180665609375 0.165346534375 0.1664025359375 0.166336634375 0.1592709984375 0.17524752500000002 0.1592709984375 0.1881188125 0.167194928125 0.197029703125
0 0.1656101421875 0.23465346562499997 0.1798732171875 0.23465346562499997 0.1862123609375 0.224752475 0.187797146875 0.209900990625 0.181458003125 0.20198019843749998 0.167194928125 0.202970296875 0.160855784375 0.21089108906249998 0.16006339218750001 0.224752475 0.1656101421875 0.23465346562499997
0 0.180665609375 0.2772277234375 0.1862123609375 0.2673267328125 0.1838351828125 0.24455445468749998 0.17115689375 0.24158415781250003 0.1632329640625 0.247524753125 0.1632329640625 0.27326732656249997 0.1703645015625 0.2792079203125 0.180665609375 0.2772277234375
0 0.1798732171875 0.3207920796875 0.1862123609375 0.308910890625 0.1830427890625 0.291089109375 0.1719492875 0.2871287125 0.16481775 0.29306930625 0.1656101421875 0.3168316828125 0.1719492875 0.32277227656249996 0.1798732171875 0.3207920796875
0 0.181458003125 0.36534653437500003 0.1862123609375 0.3584158421875 0.18541996875 0.3356435640625 0.175118859375 0.327722771875 0.16481775 0.3366336640625 0.1656101421875 0.3613861390625 0.17115689375 0.36633663437499997 0.181458003125 0.36534653437500003
0 0.182250396875 0.41089108906250005 0.1870047546875 0.40297029687499997 0.184627575 0.3772277234375 0.175118859375 0.372277228125 0.1656101421875 0.3801980203125 0.1664025359375 0.40693069375 0.1727416796875 0.41287128749999996 0.182250396875 0.41089108906250005
0 0.1830427890625 0.4574257421875 0.187797146875 0.447524753125 0.1862123609375 0.424752475 0.175118859375 0.41881188125 0.1656101421875 0.4267326734375 0.1656101421875 0.452475246875 0.1719492875 0.45940594062500006 0.1830427890625 0.4574257421875
0 0.184627575 0.5019801984375001 0.188589540625 0.49207920781250003 0.1862123609375 0.471287128125 0.1759112515625 0.46534653437499995 0.1656101421875 0.475247525 0.167194928125 0.5 0.1727416796875 0.5039603953125 0.184627575 0.5019801984375001
0 0.1687797140625 0.5455445546875 0.174326465625 0.5485148515625 0.18541996875 0.5455445546875 0.1893819328125 0.53168316875 0.1862123609375 0.5148514843750001 0.1759112515625 0.509900990625 0.167194928125 0.5168316828124999 0.1656101421875 0.5356435640625 0.1687797140625 0.5455445546875
0 0.184627575 0.590099009375 0.1893819328125 0.58118811875 0.1870047546875 0.5603960390625 0.1767036453125 0.5544554453125 0.167194928125 0.5633663359375001 0.167987321875 0.5871287125 0.1767036453125 0.5920792078125 0.184627575 0.590099009375
0 0.1656101421875 0.6267326734374999 0.1687797140625 0.63168316875 0.184627575 0.6267326734374999 0.1901743265625 0.6207920796875 0.188589540625 0.6029702968749999 0.1838351828125 0.5980198015625 0.174326465625 0.597029703125 0.1687797140625 0.6009900984375001 0.167194928125 0.6079207921875 0.1656101421875 0.6267326734374999
0 0.2654516640625 0.652475246875 0.283676703125 0.652475246875 0.2939778125 0.64356435625 0.2931854203125 0.6326732671874999 0.2884310625 0.6267326734374999 0.2686212359375 0.6257425750000001 0.26148969843750003 0.6306930687500001 0.26069730625 0.64356435625 0.2654516640625 0.652475246875
0 0.3890649765625 0.6495049500000001 0.4064976234375 0.65049505 0.4160063390625 0.6425742578125 0.4167987328125 0.633663365625 0.4128367671875 0.624752475 0.393026940625 0.6237623765625 0.3858954046875 0.628712871875 0.38431061875 0.6415841578125 0.3890649765625 0.6495049500000001
0 0.50633914375 0.6603960390625 0.5158478609375 0.6623762375 0.5213946125 0.653465346875 0.524564184375 0.6297029703125 0.5198098250000001 0.6237623765625 0.5103011093750001 0.6237623765625 0.5039619656250001 0.6306930687500001 0.5007923937500001 0.6514851484374999 0.50633914375 0.6603960390625
0 0.565768621875 0.6762376234375 0.5760697312499999 0.6772277234375 0.584786053125 0.6702970296874999 0.5855784468749999 0.6603960390625 0.5800316953125 0.6425742578125 0.56893819375 0.6415841578125 0.5633914421874999 0.65049505 0.5610142625 0.6613861390625 0.565768621875 0.6762376234375
0 0.6307448499999999 0.675247525 0.6434231375 0.6732673265625 0.6497622828125 0.665346534375 0.6481774953125 0.6485148515625 0.6426307453125 0.6396039609375 0.6323296359375 0.6405940593749999 0.625990490625 0.6544554453125 0.625990490625 0.6702970296874999 0.6307448499999999 0.675247525
0 0.709191759375 0.665346534375 0.7115689374999999 0.6514851484374999 0.7060221875 0.6366336640625 0.6973058640625001 0.6356435640625 0.6893819328124999 0.646534653125 0.688589540625 0.6633663359375 0.6933438984375 0.671287128125 0.709191759375 0.665346534375
0 0.7559429484375 0.6702970296874999 0.76782884375 0.6702970296874999 0.7757527734375 0.6633663359375 0.7757527734375 0.6495049500000001 0.770998415625 0.6366336640625 0.7599049124999999 0.6366336640625 0.7543581609375 0.6495049500000001 0.7527733750000001 0.6623762375 0.7559429484375 0.6702970296874999
0 0.832805071875 0.66930693125 0.838351821875 0.6584158421875 0.8343898578125 0.6376237625 0.8232963546875001 0.6356435640625 0.8169572109375001 0.646534653125 0.815372425 0.6633663359375 0.817749603125 0.66930693125 0.832805071875 0.66930693125
0 0.8835182250000001 0.6683168312500001 0.8922345484375 0.66930693125 0.9001584781249999 0.6613861390625 0.8993660859375 0.6376237625 0.894611728125 0.6326732671874999 0.8858954046875 0.633663365625 0.8787638671875 0.6495049500000001 0.8779714734375 0.6584158421875 0.8835182250000001 0.6683168312500001
0 0.961965134375 0.6554455453125 0.95958795625 0.634653465625 0.955625990625 0.6306930687500001 0.9477020609375 0.6326732671874999 0.9405705234375 0.65049505 0.9429477015625001 0.666336634375 0.9572107765625001 0.666336634375 0.961965134375 0.6554455453125
1 0.1727416796875 0.6386138609375 0.1719492875 0.646534653125 0.17828843125 0.653465346875 0.22979397812500002 0.6514851484374999 0.2400950875 0.647524753125 0.243264659375 0.6415841578125 0.243264659375 0.6366336640625 0.23454833593750002 0.627722771875 0.21632329687500002 0.6257425750000001 0.1917591125 0.6257425750000001 0.1727416796875 0.6386138609375
1 0.298732171875 0.646534653125 0.3058637078125 0.652475246875 0.353407290625 0.6514851484374999 0.36529318593750004 0.6415841578125 0.36370840000000004 0.6297029703125 0.353407290625 0.624752475 0.30903328124999996 0.624752475 0.3003169578125 0.627722771875 0.297939778125 0.633663365625 0.298732171875 0.646534653125
1 0.4255150546875 0.65049505 0.476228209375 0.6495049500000001 0.48494453281250005 0.6396039609375 0.4841521390625 0.6297029703125 0.47543581562500004 0.6227722765625 0.4263074484375 0.6227722765625 0.4199683046875 0.628712871875 0.4191759109375 0.6425742578125 0.4255150546875 0.65049505
1 0.5229793984375 0.6673267328125 0.530903328125 0.6762376234375 0.5491283671875 0.672277228125 0.557844690625 0.6603960390625 0.5633914421874999 0.6386138609375 0.5594294765625001 0.627722771875 0.54754358125 0.6217821781249999 0.5324881140625 0.6237623765625 0.5261489703125 0.6376237625 0.5229793984375 0.6673267328125
1 0.584786053125 0.6306930687500001 0.5839936609375 0.647524753125 0.592709984375 0.66930693125 0.606973059375 0.675247525 0.6180665609375 0.6673267328125 0.625990490625 0.6396039609375 0.6220285265625 0.6267326734374999 0.61568938125 0.6217821781249999 0.599841521875 0.6198019796875001 0.5895404125 0.6227722765625 0.584786053125 0.6306930687500001
1 0.6521394609375 0.6544554453125 0.6584786046875 0.6702970296874999 0.6719492875 0.6732673265625 0.682250396875 0.6643564359374999 0.688589540625 0.6386138609375 0.687797146875 0.6297029703125 0.6830427890624999 0.6227722765625 0.6600633921875 0.6198019796875001 0.650554675 0.633663365625 0.6521394609375 0.6544554453125
1 0.7147385109375 0.6554455453125 0.7202852609375 0.6683168312500001 0.7337559421875001 0.671287128125 0.7472266249999999 0.6603960390625 0.7519809828125 0.6297029703125 0.7448494453125 0.6207920796875 0.736133121875 0.6178217828125 0.7210776546875 0.6198019796875001 0.713153725 0.63168316875 0.7147385109375 0.6554455453125
1 0.7789223453125 0.6495049500000001 0.7860538828125 0.6673267328125 0.7963549921874999 0.6702970296874999 0.80903328125 0.6603960390625 0.81458003125 0.6376237625 0.81458003125 0.628712871875 0.8106180671875001 0.6207920796875 0.786846275 0.6178217828125 0.778129953125 0.6297029703125 0.7789223453125 0.6495049500000001
1 0.8407290015625 0.6485148515625 0.8502377171875001 0.6673267328125 0.8621236140624999 0.6683168312500001 0.8708399359375001 0.6603960390625 0.8771790812500001 0.63168316875 0.8700475437499999 0.6178217828125 0.8518225046874999 0.615841584375 0.8446909671875 0.6198019796875001 0.8399366078125 0.628712871875 0.8407290015625 0.6485148515625
1 0.9057052296875 0.6227722765625 0.90332805 0.6386138609375 0.9096671953125 0.6633663359375 0.9199683046875 0.6673267328125 0.9294770203124999 0.6623762375 0.9381933437500001 0.6376237625 0.9358161640624999 0.6198019796875001 0.9302694140625001 0.614851484375 0.9175911250000001 0.6138613859375 0.9096671953125 0.6168316828125 0.9057052296875 0.6227722765625
1 0.9643423140625 0.6386138609375 0.9698890656250001 0.659405940625 0.9778129953124999 0.666336634375 0.9904912843749999 0.6623762375 0.9960380343749999 0.652475246875 1 0.633663365625 0.9952456421875 0.615841584375 0.9770206015625 0.6128712875 0.9667194921875 0.6217821781249999 0.9643423140625 0.6386138609375
1 0.0681458 0.6673267328125 0.0729001578125 0.678217821875 0.0911251984375 0.684158415625 0.10301109374999999 0.6762376234375 0.10697305937499998 0.65643564375 0.099049128125 0.634653465625 0.0911251984375 0.6297029703125 0.08161648125 0.6297029703125 0.06893819375 0.6415841578125 0.0681458 0.6673267328125
1 0.12282091875000001 0.6801980203125 0.1386687796875 0.675247525 0.15610142656249998 0.6574257421875 0.15610142656249998 0.6415841578125 0.1450079234375 0.6297029703125 0.12282091875000001 0.628712871875 0.11172741718750001 0.6405940593749999 0.11093502343749999 0.6633663359375 0.12282091875000001 0.6801980203125
1 0.0364500796875 0.684158415625 0.054675118749999994 0.68118811875 0.06339144218750001 0.6702970296874999 0.06339144218750001 0.6455445546874999 0.053090332812499995 0.63168316875 0.0332805078125 0.63168316875 0.024564184375 0.6485148515625 0.0269413625 0.66930693125 0.0364500796875 0.684158415625
1 0 0.6838457531250001 0.003961965625 0.685148515625 0.016640253125 0.6762376234375 0.02060221875 0.666336634375 0.02060221875 0.6514851484374999 0.0126782890625 0.634653465625 0 0.630484628125 0 0.6838457531250001