0 0.2 0.0338541671875 0.21180555625 0.03125 0.2173611109375 0.02256944375 0.2166666671875 0.010416667187500001 0.20833333281250002 0.0026041671875 0.2076388890625 0.0026041671875 0.1986111109375 0.0052083328125 0.19444444375 0.012152778125 0.19444444375 0.0260416671875 0.2 0.0338541671875
0 0.2166666671875 0 0.2166666671875 0.0026041671875 0.22430555624999998 0.014756943750000001 0.23194444375 0.014756943750000001 0.2388888890625 0.0078125 0.240277778125 0 0.2363423609375 0 0.2166666671875 0
0 0.22569444375 0.0529513890625 0.23333333281250002 0.051215278125 0.2375 0.0451388890625 0.23819444375 0.026909721874999997 0.23333333281250002 0.0208333328125 0.22881944375000002 0.0208333328125 0.22291666718749997 0.0217013890625 0.2173611109375 0.0329861109375 0.21944444375 0.04774305625 0.22569444375 0.0529513890625
0 0.20416666718749998 0.07291666718749999 0.21319444375000002 0.06857638906249999 0.21875 0.05729166718749999 0.21944444375 0.05208333281250001 0.2166666671875 0.04600694375 0.20972222187499998 0.0390625 0.20416666718749998 0.0390625 0.1986111109375 0.043402778125 0.196527778125 0.0494791671875 0.1979166671875 0.06770833281250001 0.20416666718749998 0.07291666718749999
0 0.22430555624999998 0.09375 0.23194444375 0.09288194375 0.23611111093749998 0.082465278125 0.23680555625 0.066840278125 0.23194444375 0.059027778125 0.228125 0.059027778125 0.2201388890625 0.0625 0.21597222187499998 0.07204861093750001 0.21805555625 0.08506944375 0.22430555624999998 0.09375
0 0.20972222187499998 0.1111111109375 0.21805555625 0.09982638906249999 0.21875 0.09114583281250001 0.2166666671875 0.0859375 0.209027778125 0.078125 0.20486111093749998 0.078125 0.1986111109375 0.08680555625 0.19930555625 0.1067708328125 0.20347222187499997 0.1119791671875 0.20972222187499998 0.1111111109375
0 0.22291666718749997 0.13107638906250002 0.22777777812500002 0.13107638906250002 0.23333333281250002 0.125 0.23402777812500003 0.1032986109375 0.2298611109375 0.09982638906249999 0.2236111109375 0.09982638906249999 0.21805555625 0.1041666671875 0.2104166671875 0.1171875 0.21180555625 0.1232638890625 0.22291666718749997 0.13107638906250002
0 0.222222221875 0.15625 0.22638888906250001 0.15190972187500001 0.22916666718749998 0.14236111093749998 0.22430555624999998 0.13454861093749998 0.21319444375000002 0.12934027812499999 0.20833333281250002 0.12934027812499999 0.20277777812500003 0.13715277812499999 0.20416666718749998 0.15277777812499999 0.20972222187499998 0.15798611093749998 0.222222221875 0.15625
0 0.20972222187499998 0.18663194375 0.225 0.1875 0.2298611109375 0.1822916671875 0.23194444375 0.16840277812499999 0.22569444375 0.16059027812499999 0.22152777812500002 0.16059027812499999 0.21319444375000002 0.16232638906250002 0.2076388890625 0.1666666671875 0.20555555625 0.17795138906250002 0.20972222187499998 0.18663194375
0 0.2104166671875 0.22135416718749998 0.22291666718749997 0.22135416718749998 0.22916666718749998 0.215277778125 0.23055555625 0.20052083281250002 0.22430555624999998 0.1927083328125 0.21944444375 0.1927083328125 0.2125 0.19357638906250002 0.20625 0.20052083281250002 0.20625 0.21267361093749998 0.2104166671875 0.22135416718749998
0 0.2166666671875 0.2604166671875 0.22430555624999998 0.2578125 0.22916666718749998 0.2517361109375 0.22916666718749998 0.23263888906250002 0.2208333328125 0.22569444375 0.21944444375 0.22569444375 0.21319444375000002 0.22743055625 0.2076388890625 0.234375 0.2076388890625 0.2517361109375 0.2166666671875 0.2604166671875
0 0.2166666671875 0.30034722187499996 0.22430555624999998 0.2986111109375 0.228472221875 0.2907986109375 0.228472221875 0.27430555624999997 0.222222221875 0.26475694375000003 0.2173611109375 0.26475694375000003 0.21180555625 0.2682291671875 0.209027778125 0.2795138890625 0.2104166671875 0.29340277812500004 0.2166666671875 0.30034722187499996
0 0.21597222187499998 0.3420138890625 0.22430555624999998 0.34027777812500004 0.22916666718749998 0.3333333328125 0.228472221875 0.3107638890625 0.2208333328125 0.3046875 0.2201388890625 0.3046875 0.21597222187499998 0.30555555624999997 0.2104166671875 0.3125 0.2104166671875 0.3333333328125 0.21597222187499998 0.3420138890625
0 0.21597222187499998 0.38194444375000003 0.2236111109375 0.38194444375000003 0.22916666718749998 0.3767361109375 0.22916666718749998 0.3541666671875 0.2236111109375 0.34722222187499996 0.2173611109375 0.34722222187499996 0.21111111093749999 0.35243055624999997 0.20972222187499998 0.3611111109375 0.21111111093749999 0.3767361109375 0.21597222187499998 0.38194444375000003
0 0.21944444375 0.4236111109375 0.22569444375 0.421875 0.2298611109375 0.41493055625 0.2298611109375 0.39496527812500004 0.22430555624999998 0.38715277812500004 0.21805555625 0.38715277812500004 0.21111111093749999 0.3932291671875 0.2104166671875 0.41059027812500004 0.2125 0.4192708328125 0.21944444375 0.4236111109375
0 0.21944444375 0.46006944375 0.228472221875 0.45659722187499996 0.2298611109375 0.453125 0.23055555625 0.4392361109375 0.22430555624999998 0.4296875 0.21805555625 0.4296875 0.21180555625 0.4357638890625 0.21111111093749999 0.44097222187499996 0.21458333281250003 0.4583333328125 0.21944444375 0.46006944375
0 0.2138888890625 0.49652777812500004 0.2173611109375 0.49913194375 0.22638888906250001 0.4982638890625 0.23125 0.48871527812500004 0.23055555625 0.47309027812500004 0.225 0.46527777812500004 0.22152777812500002 0.46527777812500004 0.215277778125 0.4670138890625 0.21111111093749999 0.4748263890625 0.21180555625 0.4904513890625 0.2138888890625 0.49652777812500004
0 0.2173611109375 0.5381944437499999 0.22569444375 0.5381944437499999 0.23125 0.5321180562500001 0.23055555625 0.5095486109375 0.22430555624999998 0.504340278125 0.21875 0.504340278125 0.21319444375000002 0.5086805562500001 0.21180555625 0.5147569437499999 0.21180555625 0.527777778125 0.2173611109375 0.5381944437499999
0 0.22777777812500002 0.5763888890625 0.23333333281250002 0.5711805562500001 0.23263888906250002 0.5564236109375 0.23055555625 0.5486111109375 0.225 0.5442708328125 0.2201388890625 0.5442708328125 0.2125 0.551215278125 0.2125 0.5685763890625 0.2201388890625 0.5755208328125 0.22777777812500002 0.5763888890625
0 0.26319444375 0.6015625 0.278472221875 0.5963541671875 0.28055555625 0.5920138890625 0.2798611109375 0.5833333328125 0.272222221875 0.5772569437499999 0.26847222187500003 0.5772569437499999 0.2520833328125 0.578125 0.24930555625 0.5850694437499999 0.25069444375 0.5963541671875 0.26319444375 0.6015625
0 0.35625 0.597222221875 0.3611111109375 0.5998263890625 0.3729166671875 0.5989583328125 0.38055555625 0.59375 0.38125 0.581597221875 0.377777778125 0.5772569437499999 0.372222221875 0.5755208328125 0.3673611109375 0.5755208328125 0.3583333328125 0.5763888890625 0.353472221875 0.581597221875 0.35208333281250004 0.5876736109375 0.35625 0.597222221875
0 0.3888888890625 0.597222221875 0.4048611109375 0.5989583328125 0.41111111093749997 0.5928819437499999 0.41111111093749997 0.5789930562500001 0.40555555625000006 0.574652778125 0.40162013906249994 0.574652778125 0.39375 0.574652778125 0.38680555625 0.5789930562500001 0.3854166671875 0.5911458328125 0.3888888890625 0.597222221875
0 0.5048611109375 0.6032986109375 0.51180555625 0.5998263890625 0.515972221875 0.5842013890625 0.5145833328125 0.5755208328125 0.5076388890625 0.5729166671875 0.5013888890625 0.5729166671875 0.49444444374999996 0.5772569437499999 0.4916666671875 0.5876736109375 0.49513888906250003 0.597222221875 0.5048611109375 0.6032986109375
0 0.55625 0.621527778125 0.5645833328125 0.621527778125 0.5729166671875 0.6119791671875 0.5701388890625 0.59375 0.5645833328125 0.5868055562500001 0.559722221875 0.5868055562500001 0.5541666671875001 0.5920138890625 0.55 0.6102430562500001 0.5520833328125 0.6180555562500001 0.55625 0.621527778125
0 0.6111111109375 0.620659721875 0.622222221875 0.6197916671875 0.627777778125 0.6119791671875 0.627777778125 0.5998263890625 0.6243055562500001 0.5911458328125 0.6201388890625 0.5876736109375 0.615972221875 0.5876736109375 0.6104166671875 0.5920138890625 0.60694444375 0.605902778125 0.6076388890625 0.6154513890625 0.6111111109375 0.620659721875
0 0.665277778125 0.6189236109375 0.671527778125 0.6180555562500001 0.68125 0.6076388890625 0.6798611109375 0.5928819437499999 0.675 0.5868055562500001 0.66944444375 0.5868055562500001 0.6638888890625 0.5928819437499999 0.6611111109375 0.6041666671875 0.6611111109375 0.613715278125 0.665277778125 0.6189236109375
0 0.721527778125 0.6180555562500001 0.7326388890625 0.6154513890625 0.73680555625 0.6067708328125 0.734027778125 0.5928819437499999 0.7291666671875 0.5868055562500001 0.725 0.5868055562500001 0.71875 0.5946180562500001 0.715972221875 0.6041666671875 0.715972221875 0.6111111109375 0.721527778125 0.6180555562500001
0 0.778472221875 0.6163194437499999 0.7875 0.613715278125 0.7923611109375 0.605034721875 0.7909722218749999 0.5911458328125 0.7881944437499999 0.5859375 0.784027778125 0.5842013890625 0.7819444437499999 0.5842013890625 0.7743055562500001 0.5920138890625 0.772222221875 0.6006944437499999 0.772222221875 0.609375 0.778472221875 0.6163194437499999
0 0.83055555625 0.6154513890625 0.8375 0.6154513890625 0.8451388890624999 0.6076388890625 0.84375 0.5911458328125 0.8423611109375001 0.5868055562500001 0.83819444375 0.5842013890625 0.8361111109375001 0.5842013890625 0.83125 0.5876736109375 0.82569444375 0.6032986109375 0.8263888890625 0.609375 0.83055555625 0.6154513890625
0 0.88680555625 0.613715278125 0.8965277781250001 0.6111111109375 0.9 0.6067708328125 0.9 0.5920138890625 0.89444444375 0.581597221875 0.8895833328125 0.581597221875 0.8847222218749999 0.5876736109375 0.88125 0.6032986109375 0.8826388890624999 0.6102430562500001 0.88680555625 0.613715278125
0 0.9388888890624999 0.612847221875 0.9486111109375001 0.6119791671875 0.953472221875 0.605902778125 0.9541666671875 0.598090278125 0.9513888890625 0.5833333328125 0.9472222218749999 0.5798611109375 0.9458333328125 0.5798611109375 0.9388888890624999 0.5842013890625 0.9354166671874999 0.59375 0.934722221875 0.6067708328125 0.9388888890624999 0.612847221875
1 0 0.6276041671875 0.006944443749999999 0.6310763890625 0.013888889062500001 0.6310763890625 0.022222221875 0.6267361109375 0.030555556249999997 0.6145833328125 0.0298611109375 0.5989583328125 0.0270833328125 0.5911458328125 0.022222221875 0.5842013890625 0.013194443750000001 0.5807291671875 0.01180555625 0.5807291671875 0 0.5842013890625 0 0.6276041671875
1 0.03819444375 0.6241319437499999 0.0479166671875 0.629340278125 0.060416667187499995 0.625 0.0666666671875 0.613715278125 0.065972221875 0.59375 0.061111110937500004 0.5850694437499999 0.053472221875 0.5807291671875 0.047222221875 0.5807291671875 0.0354166671875 0.5876736109375 0.032638889062499996 0.597222221875 0.032638889062499996 0.609375 0.03819444375 0.6241319437499999
1 0.07291666718749999 0.6180555562500001 0.07986111093750001 0.6276041671875 0.08333333281250001 0.628472221875 0.0979166671875 0.6241319437499999 0.10486111093749999 0.612847221875 0.102777778125 0.5911458328125 0.097222221875 0.5833333328125 0.08819444374999999 0.5807291671875 0.0875 0.5798611109375 0.078472221875 0.582465278125 0.071527778125 0.5928819437499999 0.0701388890625 0.6015625 0.07291666718749999 0.6180555562500001
1 0.109027778125 0.612847221875 0.1125 0.621527778125 0.12291666718750001 0.6276041671875 0.13055555624999998 0.6276041671875 0.13680555625 0.6241319437499999 0.14236111093749998 0.613715278125 0.14236111093749998 0.597222221875 0.1395833328125 0.5885416671875 0.13333333281249998 0.581597221875 0.12847222187500001 0.5798611109375 0.125 0.5798611109375 0.11805555625 0.5807291671875 0.11180555625 0.5859375 0.10833333281249999 0.6024305562500001 0.109027778125 0.612847221875
1 0.1576388890625 0.6276041671875 0.16805555625 0.6267361109375 0.17430555625 0.6232638890625 0.18194444375000002 0.6076388890625 0.177777778125 0.589409721875 0.171527778125 0.581597221875 0.16388888906250001 0.5789930562500001 0.1604166671875 0.5789930562500001 0.14861111093749999 0.5876736109375 0.1458333328125 0.5998263890625 0.147222221875 0.6154513890625 0.1576388890625 0.6276041671875
1 0.1861111109375 0.598090278125 0.1895833328125 0.6076388890625 0.20138888906250002 0.609375 0.21805555625 0.6015625 0.2298611109375 0.6006944437499999 0.2375 0.5928819437499999 0.23819444375 0.5868055562500001 0.23194444375 0.5789930562500001 0.21458333281250003 0.5763888890625 0.21111111093749999 0.5763888890625 0.19305555624999998 0.578125 0.18819444375 0.581597221875 0.1861111109375 0.5868055562500001 0.1861111109375 0.598090278125
1 0.29652777812500003 0.6006944437499999 0.3201388890625 0.6006944437499999 0.3361111109375 0.5989583328125 0.34375 0.5920138890625 0.34444444375 0.5842013890625 0.3395833328125 0.578125 0.31875 0.5755208328125 0.3166666671875 0.5755208328125 0.2916666671875 0.5772569437499999 0.28611111093749997 0.5859375 0.28680555625 0.59375 0.29652777812500003 0.6006944437499999
1 0.42222222187499997 0.5989583328125 0.4625 0.5989583328125 0.47361111093749997 0.590277778125 0.47430555625000004 0.581597221875 0.4673611109375 0.574652778125 0.4604166671875 0.573784721875 0.45694444375 0.573784721875 0.41944444374999995 0.574652778125 0.4145833328125 0.5798611109375 0.4145833328125 0.5920138890625 0.42222222187499997 0.5989583328125
1 0.525 0.6180555562500001 0.5375 0.6171875 0.547222221875 0.6067708328125 0.5513888890625 0.5842013890625 0.5458333328125 0.574652778125 0.5395833328124999 0.5729166671875 0.5351854171875 0.5729166671875 0.522222221875 0.574652778125 0.5173611109375 0.5859375 0.515277778125 0.6102430562500001 0.525 0.6180555562500001
1 0.5840277781250001 0.6197916671875 0.5916666671875 0.6197916671875 0.5986111109375 0.6145833328125 0.6034722218749999 0.6067708328125 0.6076388890625 0.5911458328125 0.60625 0.5798611109375 0.6 0.573784721875 0.5923611109375 0.5720486109375 0.5878472218749999 0.5720486109375 0.578472221875 0.573784721875 0.5722222218749999 0.5876736109375 0.5763888890625 0.6085069437499999 0.5840277781250001 0.6197916671875
1 0.640972221875 0.6180555562500001 0.6465277781250001 0.6180555562500001 0.6548611109375 0.6111111109375 0.66180555625 0.5885416671875 0.6611111109375 0.5789930562500001 0.6520833328125 0.5711805562500001 0.6476854171875 0.5711805562500001 0.6333333328124999 0.573784721875 0.627777778125 0.5850694437499999 0.63125 0.6067708328125 0.640972221875 0.6180555562500001
1 0.69305555625 0.6163194437499999 0.7013888890625 0.6163194437499999 0.7076388890625 0.6111111109375 0.7111111109375 0.605902778125 0.7166666671875 0.5868055562500001 0.7145833328125 0.5763888890625 0.7041666671875 0.5703125 0.7 0.5703125 0.6881944437499999 0.5720486109375 0.6826388890625 0.582465278125 0.684722221875 0.6041666671875 0.69305555625 0.6163194437499999
1 0.7493055562500001 0.6154513890625 0.75625 0.6154513890625 0.7625 0.6119791671875 0.7666666671875 0.605902778125 0.7708333328125 0.5885416671875 0.7708333328125 0.5798611109375 0.765972221875 0.5720486109375 0.75555555625 0.5685763890625 0.7520833328125 0.5685763890625 0.7416666671875001 0.5711805562500001 0.7361111109375 0.5833333328125 0.740972221875 0.6076388890625 0.7493055562500001 0.6154513890625
1 0.8041666671875 0.613715278125 0.8104166671874999 0.613715278125 0.8173611109375001 0.609375 0.825 0.5876736109375 0.8236111109375001 0.573784721875 0.8131944437499999 0.5677083328125 0.809722221875 0.5677083328125 0.79930555625 0.5703125 0.79375 0.582465278125 0.7979166671875 0.6067708328125 0.8041666671875 0.613715278125
1 0.8506944437499999 0.6041666671875 0.859027778125 0.612847221875 0.871527778125 0.609375 0.8770833328125001 0.598090278125 0.8798611109375001 0.5798611109375 0.8763888890624999 0.5711805562500001 0.8701388890624999 0.566840278125 0.865740971875 0.566840278125 0.8548611109375001 0.5677083328125 0.847222221875 0.578125 0.847222221875 0.589409721875 0.8506944437499999 0.6041666671875
1 0.91180555625 0.6111111109375 0.9201388890625 0.6111111109375 0.92569444375 0.6076388890625 0.93194444375 0.5920138890625 0.9333333328125001 0.5763888890625 0.9305555562500001 0.5685763890625 0.925 0.5651041671875 0.921296528125 0.5651041671875 0.9083333328125001 0.5677083328125 0.902777778125 0.5789930562500001 0.9055555562500001 0.6015625 0.91180555625 0.6111111109375
1 0.9638888890624999 0.6085069437499999 0.9701388890624999 0.6111111109375 0.9791666671874999 0.6085069437499999 0.98194444375 0.605034721875 0.98680555625 0.5859375 0.9861111109375 0.5685763890625 0.975 0.5633680562500001 0.9729166671874999 0.5633680562500001 0.9611111109375001 0.566840278125 0.95555555625 0.578125 0.9583333328125001 0.5989583328125 0.9638888890624999 0.6085069437499999