1 0 0.6319444437499999 0.013888889062500001 0.629340278125 0.022222221875 0.6154513890625 0.0208333328125 0.59375 0.015277778124999999 0.5850694437499999 0.0041666671875 0.5807291671875 0 0.581597221875 0 0.6319444437499999
1 0.054166667187499996 0.625 0.060416667187499995 0.6154513890625 0.059027778125 0.5928819437499999 0.05 0.582465278125 0.0333333328125 0.582465278125 0.025 0.598090278125 0.0270833328125 0.6189236109375 0.03194444375 0.628472221875 0.0451388890625 0.6302083328125 0.054166667187499996 0.625
1 0.09444444375 0.620659721875 0.097222221875 0.6145833328125 0.0979166671875 0.5989583328125 0.0916666671875 0.5850694437499999 0.08541666718749999 0.5807291671875 0.07569444374999999 0.5807291671875 0.06805555625000001 0.5850694437499999 0.0638888890625 0.5920138890625 0.06319444375 0.6111111109375 0.0701388890625 0.625 0.08194444375 0.628472221875 0.09444444375 0.620659721875
1 0.13194444375 0.6223958328125 0.1361111109375 0.612847221875 0.1361111109375 0.6006944437499999 0.12847222187500001 0.582465278125 0.1111111109375 0.5807291671875 0.1020833328125 0.59375 0.1020833328125 0.6119791671875 0.109722221875 0.625 0.11805555625 0.6276041671875 0.13194444375 0.6223958328125
1 0.1708333328125 0.620659721875 0.17430555625 0.6067708328125 0.16805555625 0.5850694437499999 0.15972222187500001 0.5798611109375 0.15069444375000002 0.5798611109375 0.140972221875 0.589409721875 0.1395833328125 0.6119791671875 0.14444444375 0.6232638890625 0.1611111109375 0.6276041671875 0.1708333328125 0.620659721875
1 0.2173611109375 0.6006944437499999 0.2236111109375 0.5911458328125 0.222222221875 0.5842013890625 0.21319444375000002 0.5772569437499999 0.1861111109375 0.5789930562500001 0.1763888890625 0.5885416671875 0.178472221875 0.6067708328125 0.1888888890625 0.6154513890625 0.19513888906250001 0.6145833328125 0.2173611109375 0.6006944437499999
1 0.3270833328125 0.5911458328125 0.3236111109375 0.5798611109375 0.3145833328125 0.5763888890625 0.27291666718749996 0.5763888890625 0.2666666671875 0.581597221875 0.2666666671875 0.5954861109375 0.2736111109375 0.6006944437499999 0.3166666671875 0.5998263890625 0.3270833328125 0.5911458328125
1 0.4270833328125 0.5954861109375 0.43125 0.5876736109375 0.43055555625 0.5798611109375 0.42083333281249996 0.574652778125 0.37986111093749997 0.574652778125 0.3729166671875 0.5798611109375 0.372222221875 0.5911458328125 0.37847222187499996 0.5989583328125 0.4166666671875 0.5989583328125 0.4270833328125 0.5954861109375
1 0.5215277781250001 0.6041666671875 0.5298611109375 0.5876736109375 0.52569444375 0.5772569437499999 0.5145833328125 0.5729166671875 0.48541666718750004 0.5729166671875 0.48055555625 0.5789930562500001 0.4798611109375 0.589409721875 0.4826388890625 0.5954861109375 0.5125 0.6085069437499999 0.5215277781250001 0.6041666671875
1 0.5770833328125 0.6154513890625 0.584722221875 0.5920138890625 0.5833333328125 0.5798611109375 0.57569444375 0.5729166671875 0.5604166671875 0.5729166671875 0.5548611109375 0.5755208328125 0.55069444375 0.582465278125 0.55069444375 0.5989583328125 0.5555555562500001 0.613715278125 0.5638888890625 0.620659721875 0.5770833328125 0.6154513890625
1 0.6229166671875 0.6180555562500001 0.6298611109375 0.612847221875 0.6388888890625 0.590277778125 0.6375 0.5789930562500001 0.6256944437499999 0.5720486109375 0.61319444375 0.5720486109375 0.60625 0.578125 0.6041666671875 0.5911458328125 0.6104166671875 0.613715278125 0.6145833328125 0.6180555562500001 0.6229166671875 0.6180555562500001
1 0.6895833328125 0.6067708328125 0.6944444437499999 0.5807291671875 0.6868055562500001 0.5720486109375 0.665277778125 0.5720486109375 0.6583333328125 0.582465278125 0.659027778125 0.5963541671875 0.6659722218749999 0.6145833328125 0.68125 0.613715278125 0.6895833328125 0.6067708328125
1 0.74375 0.6067708328125 0.7493055562500001 0.5859375 0.7458333328125 0.573784721875 0.740972221875 0.5703125 0.727777778125 0.5694444437499999 0.722222221875 0.5711805562500001 0.7166666671875 0.5798611109375 0.7180555562500001 0.6024305562500001 0.72430555625 0.6145833328125 0.7326388890625 0.6163194437499999 0.74375 0.6067708328125
1 0.79444444375 0.6119791671875 0.7986111109375 0.6067708328125 0.8027777781250001 0.5911458328125 0.8027777781250001 0.5772569437499999 0.79305555625 0.5685763890625 0.778472221875 0.5694444437499999 0.7708333328125 0.5772569437499999 0.76944444375 0.589409721875 0.7743055562500001 0.6076388890625 0.7833333328125 0.6154513890625 0.79444444375 0.6119791671875
1 0.8520833328125 0.6067708328125 0.8583333328125 0.5833333328125 0.8534722218749999 0.5694444437499999 0.8361111109375001 0.5677083328125 0.83194444375 0.5694444437499999 0.8270833328125 0.5789930562500001 0.827777778125 0.5963541671875 0.8333333328125001 0.6111111109375 0.8423611109375001 0.612847221875 0.8520833328125 0.6067708328125
1 0.903472221875 0.609375 0.9111111109375001 0.5876736109375 0.9083333328125001 0.5703125 0.9041666671874999 0.565972221875 0.890972221875 0.565972221875 0.8826388890624999 0.5729166671875 0.88055555625 0.589409721875 0.8847222218749999 0.605902778125 0.8923611109375 0.612847221875 0.903472221875 0.609375
1 0.95625 0.6085069437499999 0.9611111109375001 0.6015625 0.965972221875 0.5850694437499999 0.9625 0.5677083328125 0.9548611109375 0.5642361109375 0.9444444437499999 0.5651041671875 0.9375 0.5720486109375 0.9354166671874999 0.5885416671875 0.9395833328125001 0.6041666671875 0.9458333328125 0.6102430562500001 0.95625 0.6085069437499999
0 0.984722221875 0.6085069437499999 0.9861111109375 0.5946180562500001 0.9833333328125 0.581597221875 0.97430555625 0.5798611109375 0.9701388890624999 0.5868055562500001 0.9680555562500001 0.5954861109375 0.9694444437499999 0.609375 0.97430555625 0.612847221875 0.984722221875 0.6085069437499999
1 0.9993055562500001 0.5642361109375 0.9902777781250001 0.5720486109375 0.990972221875 0.5954861109375 0.9958333328125001 0.6067708328125 0.9993055562500001 0.6085069437499999 0.9993055562500001 0.5642361109375
0 0.2173611109375 0 0.2173611109375 0.0052083328125 0.22291666718749997 0.014756943750000001 0.23263888906250002 0.015625 0.2388888890625 0.010416667187500001 0.24097222187499998 0 0.2173611109375 0
0 0.21805555625 0.0208333328125 0.2173611109375 0.012152778125 0.20972222187499998 0.004340278125 0.20069444375 0.0052083328125 0.19444444375 0.011284721875 0.19444444375 0.0251736109375 0.2 0.034722221875 0.2104166671875 0.0329861109375 0.21805555625 0.0208333328125
0 0.23680555625 0.04600694375 0.2388888890625 0.03038194375 0.23402777812500003 0.0217013890625 0.22430555624999998 0.0217013890625 0.2173611109375 0.03211805625 0.21805555625 0.0451388890625 0.2236111109375 0.05208333281250001 0.23125 0.05208333281250001 0.23680555625 0.04600694375
0 0.209027778125 0.07204861093750001 0.21597222187499998 0.06423611093750001 0.21875 0.051215278125 0.20972222187499998 0.03993055625 0.1986111109375 0.0442708328125 0.196527778125 0.0494791671875 0.1979166671875 0.06770833281250001 0.20138888906250002 0.07204861093750001 0.209027778125 0.07204861093750001
0 0.23680555625 0.07638888906249999 0.23472222187499997 0.061631943749999994 0.2298611109375 0.058159721875 0.2236111109375 0.059027778125 0.21597222187499998 0.07118055625 0.21597222187499998 0.078125 0.22152777812500002 0.09114583281250001 0.23125 0.09288194375 0.23680555625 0.07638888906249999
0 0.21875 0.10069444375 0.21944444375 0.09201388906249999 0.21458333281250003 0.082465278125 0.20833333281250002 0.078125 0.19930555625 0.08420138906249999 0.2 0.11024305625 0.20416666718749998 0.113715278125 0.20972222187499998 0.112847221875 0.21875 0.10069444375
0 0.23333333281250002 0.12673611093749998 0.23402777812500003 0.1032986109375 0.22291666718749997 0.1015625 0.21319444375000002 0.1145833328125 0.2125 0.1223958328125 0.2173611109375 0.12934027812499999 0.228472221875 0.13194444375 0.23333333281250002 0.12673611093749998
0 0.22569444375 0.1536458328125 0.228472221875 0.14496527812499999 0.225 0.13715277812499999 0.2138888890625 0.1302083328125 0.2076388890625 0.1302083328125 0.20277777812500003 0.13454861093749998 0.20277777812500003 0.15017361093749998 0.20833333281250002 0.1588541671875 0.2166666671875 0.1588541671875 0.22569444375 0.1536458328125
0 0.23194444375 0.1770833328125 0.23125 0.16579861093749998 0.22569444375 0.1614583328125 0.2125 0.16319444375 0.20555555625 0.17274305625 0.2076388890625 0.18663194375 0.21458333281250003 0.1901041671875 0.2270833328125 0.1875 0.23194444375 0.1770833328125
0 0.228472221875 0.21788194375 0.23125 0.20399305625 0.2270833328125 0.19618055625 0.2201388890625 0.19357638906250002 0.2076388890625 0.19878472187500001 0.20625 0.21354166718749998 0.20833333281250002 0.22135416718749998 0.21944444375 0.22395833281250002 0.228472221875 0.21788194375
0 0.22916666718749998 0.2526041671875 0.228472221875 0.23263888906250002 0.22291666718749997 0.22743055625 0.21597222187499998 0.22743055625 0.20833333281250002 0.234375 0.20833333281250002 0.25434027812500004 0.215277778125 0.26128472187499996 0.22430555624999998 0.2595486109375 0.22916666718749998 0.2526041671875
0 0.228472221875 0.28993055624999997 0.22777777812500002 0.2708333328125 0.2201388890625 0.26475694375000003 0.21458333281250003 0.26649305624999997 0.20972222187499998 0.27430555624999997 0.21111111093749999 0.296875 0.2166666671875 0.30121527812500004 0.22430555624999998 0.2994791671875 0.228472221875 0.28993055624999997
0 0.22916666718749998 0.3333333328125 0.228472221875 0.3098958328125 0.22430555624999998 0.30555555624999997 0.21805555625 0.30555555624999997 0.2104166671875 0.31336805624999997 0.21180555625 0.3376736109375 0.21597222187499998 0.3420138890625 0.22291666718749997 0.3420138890625 0.22916666718749998 0.3333333328125
0 0.22916666718749998 0.37152777812500004 0.228472221875 0.3532986109375 0.222222221875 0.34809027812500004 0.21111111093749999 0.3532986109375 0.21319444375000002 0.37586805624999997 0.2166666671875 0.37934027812500004 0.225 0.3776041671875 0.22916666718749998 0.37152777812500004
0 0.2298611109375 0.4114583328125 0.228472221875 0.3880208328125 0.21875 0.38368055624999997 0.21111111093749999 0.39149305624999997 0.2104166671875 0.4088541671875 0.215277778125 0.4166666671875 0.22291666718749997 0.41753472187499996 0.2298611109375 0.4114583328125
0 0.23055555625 0.44965277812500004 0.22916666718749998 0.4279513890625 0.22430555624999998 0.42274305625 0.21805555625 0.42274305625 0.21180555625 0.42881944375 0.2125 0.4513888890625 0.21805555625 0.4583333328125 0.22777777812500002 0.4557291671875 0.23055555625 0.44965277812500004
0 0.23125 0.4895833328125 0.23055555625 0.46875 0.2201388890625 0.4626736109375 0.21180555625 0.4704861109375 0.21111111093749999 0.4861111109375 0.21458333281250003 0.4982638890625 0.2270833328125 0.4982638890625 0.23125 0.4895833328125
0 0.228472221875 0.535590278125 0.23194444375 0.527777778125 0.23055555625 0.5095486109375 0.225 0.5052083328125 0.21875 0.5052083328125 0.21319444375000002 0.5095486109375 0.21180555625 0.526909721875 0.21458333281250003 0.5338541671875 0.2173611109375 0.5373263890625 0.228472221875 0.535590278125
0 0.23263888906250002 0.566840278125 0.23125 0.5477430562500001 0.22152777812500002 0.542534721875 0.2125 0.5486111109375 0.21319444375000002 0.5677083328125 0.2201388890625 0.5755208328125 0.228472221875 0.5755208328125 0.23263888906250002 0.566840278125
0 0.2611111109375 0.5911458328125 0.259722221875 0.5833333328125 0.25 0.5772569437499999 0.23611111093749998 0.5763888890625 0.22916666718749998 0.5850694437499999 0.23055555625 0.5954861109375 0.23958333281250002 0.6006944437499999 0.25625 0.597222221875 0.2611111109375 0.5911458328125
0 0.36944444375 0.5911458328125 0.36875 0.5807291671875 0.3645833328125 0.5763888890625 0.3458333328125 0.5763888890625 0.340972221875 0.582465278125 0.3423611109375 0.5954861109375 0.34861111093749997 0.5998263890625 0.3604166671875 0.5998263890625 0.36944444375 0.5911458328125
0 0.4763888890625 0.5911458328125 0.4770833328125 0.5789930562500001 0.47361111093749997 0.574652778125 0.45625 0.573784721875 0.44930555625 0.5798611109375 0.44930555625 0.5920138890625 0.45416666718750004 0.598090278125 0.4701388890625 0.597222221875 0.4763888890625 0.5911458328125
0 0.546527778125 0.6171875 0.55 0.609375 0.546527778125 0.589409721875 0.5409722218749999 0.5850694437499999 0.53680555625 0.5859375 0.5305555562500001 0.5954861109375 0.527777778125 0.605902778125 0.5305555562500001 0.6189236109375 0.5395833328124999 0.620659721875 0.546527778125 0.6171875
0 0.6048611109375 0.6111111109375 0.6034722218749999 0.5989583328125 0.5979166671875 0.589409721875 0.590277778125 0.589409721875 0.5840277781250001 0.6024305562500001 0.5833333328125 0.6119791671875 0.5875 0.620659721875 0.596527778125 0.620659721875 0.6048611109375 0.6111111109375
0 0.6569444437499999 0.6145833328125 0.6583333328125 0.605034721875 0.653472221875 0.590277778125 0.6458333328125 0.5885416671875 0.6388888890625 0.6006944437499999 0.63819444375 0.6145833328125 0.6416666671875 0.6197916671875 0.647222221875 0.620659721875 0.6569444437499999 0.6145833328125
0 0.7138888890625 0.6111111109375 0.7138888890625 0.5954861109375 0.709722221875 0.5859375 0.7 0.5868055562500001 0.6958333328124999 0.5963541671875 0.6944444437499999 0.6111111109375 0.6972222218749999 0.6163194437499999 0.7076388890625 0.6171875 0.7138888890625 0.6111111109375
0 0.76944444375 0.6067708328125 0.76875 0.5954861109375 0.7625 0.5850694437499999 0.753472221875 0.5885416671875 0.7493055562500001 0.6024305562500001 0.7493055562500001 0.6111111109375 0.7548611109375 0.6171875 0.7638888890625 0.6154513890625 0.76944444375 0.6067708328125
0 0.8229166671874999 0.6102430562500001 0.82430555625 0.5946180562500001 0.81875 0.5833333328125 0.8111111109375001 0.5850694437499999 0.80625 0.597222221875 0.8055555562500001 0.6067708328125 0.8083333328125001 0.612847221875 0.8138888890624999 0.6154513890625 0.8229166671874999 0.6102430562500001
0 0.877777778125 0.6076388890625 0.877777778125 0.59375 0.8743055562500001 0.5833333328125 0.8645833328125001 0.5842013890625 0.859722221875 0.5963541671875 0.859027778125 0.6085069437499999 0.86180555625 0.613715278125 0.8701388890624999 0.6145833328125 0.877777778125 0.6076388890625
0 0.93125 0.6076388890625 0.9333333328125001 0.5954861109375 0.9298611109375001 0.582465278125 0.921527778125 0.5807291671875 0.9145833328125 0.5920138890625 0.9138888890624999 0.6067708328125 0.9159722218749999 0.6102430562500001 0.925 0.6119791671875 0.93125 0.6076388890625