1 0 0.621770121875 0.00771605 0.625482625 0.016203703125 0.624517375 0.026234567187500002 0.61872586875 0.031635803125 0.6071428578125 0.0300925921875 0.5859073359375 0.023919753125000002 0.575289575 0.016975309375 0.5704633203125 0.012731481250000001 0.5704633203125 0.001543209375 0.572393821875 0 0.5737978234375001 0 0.621770121875
1 0.07021605 0.5820463328125001 0.06327160468750001 0.572393821875 0.053240740625000005 0.56949806875 0.05169753125 0.56949806875 0.042438271875 0.5733590734375 0.037808642187500005 0.5791505796875 0.034722221875 0.5897683390624999 0.037808642187500005 0.6119691125 0.0432098765625 0.6196911203125001 0.049382715625000004 0.6225868718750001 0.0655864203125 0.6177606171875001 0.06944444375 0.6138996140625 0.0725308640625 0.6042471046875 0.07021605 0.5820463328125001
1 0.10108024687499999 0.56949806875 0.0964506171875 0.56949806875 0.08487654375 0.5704633203125 0.07638888906249999 0.584942084375 0.07638888906249999 0.6013513515625 0.079475309375 0.6129343625 0.08487654375 0.61872586875 0.0925925921875 0.6206563703125 0.1057098765625 0.61872586875 0.11419753125000001 0.6071428578125 0.1126543203125 0.58108108125 0.10108024687499999 0.56949806875
1 0.1520061734375 0.578185328125 0.1466049375 0.5704633203125 0.13966049375 0.56853281875 0.13271605 0.56853281875 0.1226851859375 0.575289575 0.11882716093750001 0.5820463328125001 0.11882716093750001 0.60617760625 0.1296296296875 0.6206563703125 0.14043209843749999 0.6225868718750001 0.1466049375 0.6206563703125 0.15277777812499999 0.6129343625 0.1574074078125 0.5984555984375 0.156635803125 0.5888030890625 0.1520061734375 0.578185328125
1 0.18827160468749998 0.56949806875 0.178240740625 0.5675675671875 0.17669753125 0.5675675671875 0.1658950625 0.574324325 0.1604938265625 0.5888030890625 0.1604938265625 0.5984555984375 0.16512345625 0.6110038609374999 0.17283950625 0.6216216218749999 0.1898148140625 0.6177606171875001 0.20061728437499998 0.6013513515625 0.20061728437499998 0.5878378375 0.1975308640625 0.5791505796875 0.18827160468749998 0.56949806875
1 0.2623456796875 0.5675675671875 0.2530864203125 0.565637065625 0.23765432031249997 0.56853281875 0.23148148124999998 0.565637065625 0.22762345625 0.565637065625 0.211419753125 0.5675675671875 0.20601851875000002 0.5733590734375 0.20370370312500002 0.58108108125 0.20910493749999998 0.5945945953125 0.2206790125 0.597490346875 0.2384259265625 0.5916988421875 0.2600308640625 0.590733590625 0.26851851875 0.5820463328125001 0.26851851875 0.574324325 0.2623456796875 0.5675675671875
1 0.3449074078125 0.5637065640625 0.3263888890625 0.5666023171875 0.3225308640625 0.575289575 0.3248456796875 0.5878378375 0.332561728125 0.5916988421875 0.375 0.590733590625 0.3873456796875 0.58108108125 0.3873456796875 0.574324325 0.38194444375000003 0.5666023171875 0.3487654328125 0.5637065640625 0.3449074078125 0.5637065640625
1 0.5208333328125 0.5617760625 0.5167824078125001 0.5617760625 0.47222222187499996 0.5617760625 0.46527777812500004 0.56853281875 0.46527777812500004 0.58108108125 0.46836419687499997 0.5868725875 0.4791666671875 0.5897683390624999 0.5246913578125 0.5878378375 0.5300925921874999 0.5820463328125001 0.5324074078125001 0.572393821875 0.5293209875 0.565637065625 0.5208333328125 0.5617760625
1 0.6072530859375 0.565637065625 0.5987654328125 0.5608108109375001 0.594135803125 0.5608108109375001 0.5817901234375 0.5627413125 0.575617284375 0.5762548265625 0.571759259375 0.6013513515625 0.57330246875 0.6071428578125 0.58101851875 0.6129343625 0.5979938265625 0.6110038609374999 0.6072530859375 0.5984555984375 0.611882715625 0.5791505796875 0.6111111109375 0.572393821875 0.6072530859375 0.565637065625
1 0.6682098765625 0.5627413125 0.6589506171874999 0.559845559375 0.6550925921874999 0.559845559375 0.63966049375 0.5627413125 0.6350308640625 0.5762548265625 0.63966049375 0.6023166015625 0.648919753125 0.6119691125 0.656635803125 0.6119691125 0.6643518515625 0.6071428578125 0.6697530859375 0.5984555984375 0.6736111109375 0.58108108125 0.67283950625 0.56853281875 0.6682098765625 0.5627413125
1 0.733024690625 0.565637065625 0.7229938265625 0.558880309375 0.7189429015625 0.558880309375 0.7052469140625 0.559845559375 0.69830246875 0.56853281875 0.696759259375 0.575289575 0.6998456796875 0.596525096875 0.703703703125 0.6052123546875 0.70987654375 0.6110038609374999 0.719135803125 0.6110038609374999 0.7283950625 0.6013513515625 0.7345679015625 0.5791505796875 0.733024690625 0.565637065625
1 0.79012345625 0.5608108109375001 0.780864196875 0.55694980625 0.7754629625 0.55694980625 0.763117284375 0.5608108109375001 0.75771605 0.5733590734375 0.76080246875 0.597490346875 0.763117284375 0.603281853125 0.770061728125 0.609073359375 0.7839506171874999 0.6052123546875 0.7878086421875 0.6003860999999999 0.79398148125 0.5820463328125001 0.79398148125 0.5666023171875 0.79012345625 0.5608108109375001
1 0.8371913578125 0.55598455625 0.8348765437500001 0.55598455625 0.8240740734375 0.558880309375 0.8171296296874999 0.572393821875 0.821759259375 0.5984555984375 0.8317901234375 0.609073359375 0.8418209875 0.6081081078125 0.8495370375 0.6003860999999999 0.85648148125 0.575289575 0.8533950625 0.5627413125 0.8495370375 0.558880309375 0.8371913578125 0.55598455625
1 0.9043209875 0.5550193046875 0.8989197531249999 0.5550193046875 0.88580246875 0.558880309375 0.880401234375 0.572393821875 0.884259259375 0.596525096875 0.8896604937499999 0.6042471046875 0.8942901234375 0.60617760625 0.9066358031249999 0.6023166015625 0.9128086421875 0.5897683390624999 0.9158950625 0.56853281875 0.9112654328125 0.5579150578125 0.9043209875 0.5550193046875
1 0.9621913578125 0.553088803125 0.9583333328125001 0.553088803125 0.9475308640625 0.55598455625 0.9405864203125001 0.56853281875 0.9444444437499999 0.596525096875 0.9513888890625 0.6052123546875 0.9606481484374999 0.6052123546875 0.9668209875 0.6013513515625 0.9753086421875 0.58108108125 0.9753086421875 0.5637065640625 0.9714506171874999 0.55694980625 0.9621913578125 0.553088803125
0 0.23495370312500002 0 0.23302469062500003 0.0048262546875 0.23302469062500003 0.0135135140625 0.23688271562500002 0.0231660234375 0.24228394999999997 0.0289575296875 0.25077160468750004 0.027992278125 0.2546296296875 0.01930501875 0.2553644921875 0 0.23495370312500002 0
0 0.215277778125 0.0173745171875 0.2137345671875 0.022200771875 0.2145061734375 0.04343629375 0.2199074078125 0.0492278 0.22839506250000002 0.0453667953125 0.23611111093749998 0.033783784375 0.23379629687499998 0.020270270312499998 0.2253086421875 0.0115830109375 0.2229938265625 0.0115830109375 0.215277778125 0.0173745171875
0 0.23456790156250001 0.0415057921875 0.22685185156249998 0.05598455625 0.23302469062500003 0.0675675671875 0.24151234531250002 0.0704633203125 0.2476851859375 0.06949806875 0.2523148140625 0.0646718140625 0.2530864203125 0.040540540624999996 0.2469135796875 0.0357142859375 0.24228394999999997 0.0357142859375 0.23456790156250001 0.0415057921875
0 0.219135803125 0.075289575 0.219135803125 0.0945945953125 0.2253086421875 0.1013513515625 0.24305555625 0.097490346875 0.2476851859375 0.08880308906249999 0.2469135796875 0.0801158296875 0.24305555625 0.075289575 0.229938271875 0.06949806875 0.22762345625 0.06949806875 0.219135803125 0.075289575
0 0.2384259265625 0.103281853125 0.2229938265625 0.1110038609375 0.2206790125 0.12065637031250001 0.2253086421875 0.1332046328125 0.23456790156250001 0.1361003859375 0.24228394999999997 0.134169884375 0.248456790625 0.128378378125 0.25077160468750004 0.12065637031250001 0.2492283953125 0.109073359375 0.23919753125 0.10424710468750001 0.2384259265625 0.103281853125
0 0.2364969140625 0.139961390625 0.22916666718749998 0.140926640625 0.222222221875 0.1486486484375 0.2229938265625 0.1669884171875 0.22762345625 0.171814671875 0.23765432031249997 0.17277992343749998 0.2469135796875 0.166023165625 0.2492283953125 0.14961390000000002 0.2469135796875 0.14382239375 0.240740740625 0.139961390625 0.2364969140625 0.139961390625
0 0.22453703749999998 0.2075289578125 0.2322530859375 0.21525096562499998 0.24151234531250002 0.2133204640625 0.248456790625 0.203667953125 0.2476851859375 0.184362934375 0.23919753125 0.1766409265625 0.23456790156250001 0.1766409265625 0.2237654328125 0.1862934359375 0.22453703749999998 0.2075289578125
0 0.22762345625 0.22586872656249998 0.2253086421875 0.2355212359375 0.22685185156249998 0.25386100312500004 0.2322530859375 0.259652509375 0.23919753125 0.259652509375 0.2469135796875 0.2509652515625 0.2469135796875 0.23069498125000001 0.23919753125 0.22007722031250002 0.23456790156250001 0.22007722031250002 0.22762345625 0.22586872656249998
0 0.22685185156249998 0.2741312734375 0.22685185156249998 0.29633204687500003 0.23379629687499998 0.30598455625 0.24228394999999997 0.3050193046875 0.2476851859375 0.2953667953125 0.2476851859375 0.2760617765625 0.2453703703125 0.26930501875 0.23996913593750002 0.26544401562500003 0.23533950625000002 0.26544401562500003 0.22685185156249998 0.2741312734375
0 0.22839506250000002 0.3166023171875 0.22685185156249998 0.32142857187499996 0.22685185156249998 0.3426640921875 0.23379629687499998 0.3513513515625 0.2438271609375 0.34942085 0.248456790625 0.3416988421875 0.2476851859375 0.31949806875000003 0.23996913593750002 0.3117760625 0.23611111093749998 0.3117760625 0.22839506250000002 0.3166023171875
0 0.23070987656250003 0.359073359375 0.22685185156249998 0.36872586875 0.22762345625 0.38899613906249997 0.23688271562500002 0.396718146875 0.2438271609375 0.3947876453125 0.248456790625 0.38899613906249997 0.2476851859375 0.3629343625 0.23996913593750002 0.35617760625 0.23688271562500002 0.35617760625 0.23070987656250003 0.359073359375
0 0.22839506250000002 0.42664092656249997 0.23379629687499998 0.43725868749999997 0.24228394999999997 0.43725868749999997 0.2492283953125 0.42953667968750003 0.248456790625 0.4111969109375 0.24228394999999997 0.40347490312499995 0.23688271562500002 0.40347490312499995 0.22762345625 0.41216216250000004 0.22839506250000002 0.42664092656249997
0 0.23765432031249997 0.44305019375 0.23302469062500003 0.4449806953125 0.22839506250000002 0.45270270312500005 0.22839506250000002 0.4729729734375 0.23302469062500003 0.47972972968749994 0.2438271609375 0.47972972968749994 0.2492283953125 0.47393822343750003 0.2492283953125 0.4546332046875 0.244598765625 0.4449806953125 0.2384259265625 0.44305019375 0.23765432031249997 0.44305019375
0 0.23765432031249997 0.48648648593750005 0.2322530859375 0.4893822390625 0.22916666718749998 0.4951737453125 0.22839506250000002 0.5106177609375 0.23302469062500003 0.5241312734375 0.24305555625 0.525096525 0.25 0.51833976875 0.25077160468750004 0.502895753125 0.248456790625 0.49227799218749996 0.23996913593750002 0.48648648593750005 0.23765432031249997 0.48648648593750005
0 0.23765432031249997 0.5308880312500001 0.23302469062500003 0.5328185328124999 0.22839506250000002 0.5415057921875001 0.22839506250000002 0.55694980625 0.2322530859375 0.5627413125 0.2438271609375 0.565637065625 0.2523148140625 0.559845559375 0.2523148140625 0.5540540546875 0.25 0.5376447875 0.24305555625 0.5308880312500001 0.23765432031249997 0.5308880312500001
0 0.29552469062500003 0.565637065625 0.2947530859375 0.5646718140625 0.2893518515625 0.5666023171875 0.28472222187499996 0.5733590734375 0.28472222187499996 0.58108108125 0.2893518515625 0.590733590625 0.3040123453125 0.5916988421875 0.3155864203125 0.583976834375 0.316358025 0.574324325 0.3125 0.56853281875 0.307098765625 0.565637065625 0.29552469062500003 0.565637065625
0 0.41705246875 0.5637065640625 0.40432098749999995 0.5637065640625 0.398919753125 0.5675675671875 0.3966049375 0.5791505796875 0.40046296249999996 0.5878378375 0.424382715625 0.5878378375 0.4290123453125 0.5801158296875 0.4290123453125 0.5714285718750001 0.42592592656250006 0.565637065625 0.42129629687500003 0.5637065640625 0.41705246875 0.5637065640625
0 0.450874228125 0.5627413125 0.4421296296875 0.5627413125 0.43518518593750005 0.5666023171875 0.4328703703125 0.578185328125 0.4375 0.5878378375 0.44907407343749994 0.5897683390624999 0.45601851875 0.5888030890625 0.45987654375 0.584942084375 0.46141975312500005 0.56949806875 0.4552469140625 0.5627413125 0.450874228125 0.5627413125
0 0.5540123453125 0.565637065625 0.549382715625 0.5762548265625 0.55169753125 0.5926640921875 0.5632716046875 0.6003860999999999 0.5686728390625 0.5945945953125 0.5740740734374999 0.5772200765625 0.57330246875 0.565637065625 0.5679012343750001 0.5617760625 0.5636574078125001 0.5617760625 0.5540123453125 0.565637065625
0 0.6242283953125 0.575289575 0.6165123453125 0.5801158296875 0.6111111109375 0.5945945953125 0.611882715625 0.6071428578125 0.6203703703125 0.615830115625 0.6280864203125 0.614864865625 0.6350308640625 0.6081081078125 0.6350308640625 0.5897683390624999 0.6311728390625 0.5801158296875 0.625 0.5762548265625 0.6242283953125 0.575289575
0 0.678240740625 0.5801158296875 0.67283950625 0.5984555984375 0.6736111109375 0.6081081078125 0.6790123453125 0.6138996140625 0.6867283953125 0.6138996140625 0.696759259375 0.603281853125 0.6936728390625 0.5830115828125 0.6851851859375 0.5762548265625 0.6844135796875 0.5762548265625 0.678240740625 0.5801158296875
0 0.7384259265625001 0.5791505796875 0.733796296875 0.5955598453125 0.7345679015625 0.6052123546875 0.7376543203125 0.610038609375 0.75 0.6081081078125 0.7561728390625 0.59942085 0.7554012343750001 0.583976834375 0.75 0.575289575 0.7430555562500001 0.575289575 0.7384259265625001 0.5791505796875
0 0.8001543203124999 0.5791505796875 0.79398148125 0.5984555984375 0.796296296875 0.6081081078125 0.8009259265625 0.6110038609374999 0.8109567906249999 0.6081081078125 0.8171296296874999 0.59942085 0.8155864203125001 0.584942084375 0.8078703703125001 0.575289575 0.8063271609375 0.575289575 0.8001543203124999 0.5791505796875
0 0.8611111109375 0.578185328125 0.8572530859375 0.5897683390624999 0.8572530859375 0.6013513515625 0.8626543203124999 0.609073359375 0.8719135796874999 0.6081081078125 0.8788580250000001 0.59942085 0.8780864203125001 0.5820463328125001 0.8719135796874999 0.5733590734375 0.86728395 0.5733590734375 0.8611111109375 0.578185328125
0 0.9220679015625001 0.5772200765625 0.9166666671874999 0.59362934375 0.9182098765625 0.6042471046875 0.9236111109375 0.6081081078125 0.932098765625 0.6052123546875 0.9375 0.5984555984375 0.9375 0.584942084375 0.932098765625 0.5733590734375 0.92669753125 0.5733590734375 0.9220679015625001 0.5772200765625
0 0.9776234562499999 0.5984555984375 0.983796296875 0.60617760625 0.9930555562500001 0.6052123546875 0.9992283953125 0.5984555984375 0.9961419749999999 0.5733590734375 0.9915123453125 0.5704633203125 0.9876543203124999 0.5704633203125 0.98148148125 0.5762548265625 0.9776234562499999 0.5984555984375