1 0 0.5748311109375 0.017543859375 0.57768924375 0.0303030296875 0.567729084375 0.0334928234375 0.55976095625 0.0334928234375 0.5428286859375 0.0263157890625 0.5258964140625 0.017543859375 0.5209163343750001 0.0055821375 0.52191235 0 0.5270252328125 0 0.5748311109375
1 0.0374800640625 0.5557768921874999 0.0470494421875 0.5727091640624999 0.059011164062499996 0.5756972109375 0.07256778281250001 0.567729084375 0.07655502343750001 0.5587649406249999 0.07655502343750001 0.5418326687499999 0.0669856453125 0.5239043828125001 0.047846890625 0.52191235 0.0374800640625 0.5358565734375 0.0374800640625 0.5557768921874999
1 0.088516746875 0.5229083671875 0.08373205781250001 0.529880478125 0.08133971250000001 0.5537848609375 0.0893141953125 0.571713146875 0.102073365625 0.5747011953125 0.11722487968749999 0.5667330671874999 0.121212121875 0.5507968125 0.11802232812499999 0.5318725093750001 0.11403508749999999 0.5258964140625 0.10765550312500001 0.5209163343750001 0.0972886765625 0.51992031875 0.088516746875 0.5229083671875
1 0.12519936250000002 0.5338645421875 0.12440191406250001 0.5547808765625 0.1307814984375 0.5697211156249999 0.13795853281249998 0.5747011953125 0.148325359375 0.5747011953125 0.16028708125 0.5667330671874999 0.164274321875 0.5537848609375 0.1634768734375 0.5418326687499999 0.1539074953125 0.5229083671875 0.13875598125 0.51992031875 0.12519936250000002 0.5338645421875
1 0.1682615625 0.5527888453124999 0.1746411484375 0.5627490046875 0.1842105265625 0.567729084375 0.208133971875 0.5527888453124999 0.21451355625000001 0.5378486062500001 0.20733652343750003 0.52191235 0.19537480000000002 0.5179282875 0.1746411484375 0.52191235 0.1674641140625 0.5358565734375 0.1682615625 0.5527888453124999
1 0.2384370015625 0.5338645421875 0.24162679374999999 0.5378486062500001 0.2551834125 0.5418326687499999 0.30063795781249997 0.5418326687499999 0.311004784375 0.5328685265625001 0.30861244062500004 0.52191235 0.29585327031249997 0.5169322703125 0.25039872343749997 0.5169322703125 0.23923445000000002 0.527888446875 0.2384370015625 0.5338645421875
1 0.362838915625 0.5239043828125001 0.3636363640625 0.5358565734375 0.370813396875 0.5428286859375 0.41945773593749996 0.5418326687499999 0.4258373203125 0.538844621875 0.4314194578125 0.529880478125 0.4298245609375 0.5209163343750001 0.4202551828125 0.5149402390625 0.3716108453125 0.5149402390625 0.365231259375 0.5179282875 0.362838915625 0.5239043828125001
1 0.49760765625000003 0.5418326687499999 0.5430622015625 0.5408366531250001 0.5534290265624999 0.527888446875 0.5518341312499999 0.5179282875 0.54066985625 0.5129482078125001 0.4952153109375 0.5129482078125001 0.48644338125 0.51992031875 0.488038278125 0.5368525890625 0.49760765625000003 0.5418326687499999
1 0.588516746875 0.5627490046875 0.5917065390625 0.5667330671874999 0.6036682609375 0.567729084375 0.618022328125 0.557768925 0.6251993625 0.5239043828125001 0.618022328125 0.5139442234375 0.6028708140625 0.511952190625 0.5925039875 0.518924303125 0.588516746875 0.5348605578125001 0.588516746875 0.5627490046875
1 0.648325359375 0.51992031875 0.6475279109375001 0.5348605578125001 0.656299840625 0.55976095625 0.6634768734375001 0.5657370515625 0.6754385968750001 0.5617529875 0.6818181812499999 0.5527888453124999 0.68740031875 0.5348605578125001 0.6866028703125 0.518924303125 0.6730462515625 0.510956175 0.6594896328125001 0.510956175 0.648325359375 0.51992031875
1 0.710526315625 0.5368525890625 0.72009569375 0.560756971875 0.73125996875 0.5647410359375 0.745614034375 0.5547808765625 0.7496012765625 0.538844621875 0.7496012765625 0.5209163343750001 0.7448165875 0.5139442234375 0.7208931421875 0.509960159375 0.7113237640625 0.51992031875 0.710526315625 0.5368525890625
1 0.778309409375 0.5428286859375 0.7846889953125 0.55976095625 0.7982456140624999 0.5617529875 0.808612440625 0.551792828125 0.8149920249999999 0.5288844625 0.8118022328125001 0.5139442234375 0.8022328546875 0.50896414375 0.7870813390625 0.50896414375 0.778309409375 0.51992031875 0.778309409375 0.5428286859375
1 0.8468899515625001 0.5567729078125 0.8596491234375 0.560756971875 0.8708133968749999 0.5527888453124999 0.87799043125 0.5249003984375 0.8708133968749999 0.50896414375 0.8484848484375 0.507968128125 0.8397129187499999 0.5179282875 0.8397129187499999 0.5378486062500001 0.8468899515625001 0.5567729078125
1 0.9043062203125001 0.518924303125 0.90510366875 0.538844621875 0.9122807015625 0.5567729078125 0.9234449765624999 0.5587649406249999 0.9330143546875 0.5507968125 0.9401913875 0.527888446875 0.9370015953124999 0.510956175 0.9290271125 0.5059760953125 0.9162679421875 0.5059760953125 0.9098883578124999 0.50896414375 0.9043062203125001 0.518924303125
1 1 0.51444223125 0.9984051031250001 0.509960159375 0.9936204140625 0.5049800796875 0.9816586921875 0.5039840640625 0.971291865625 0.507968128125 0.9665071765625 0.5159362546875 0.9665071765625 0.5358565734375 0.971291865625 0.5507968125 0.9808612437500001 0.557768925 0.99202551875 0.5547808765625 1 0.5348605578125001 1 0.51444223125
0 0.2069377984375 0 0.20653907500000002 0.00896414375 0.210526315625 0.018924303125 0.2192982453125 0.020916334375 0.23125996875000002 0.0149402390625 0.23444976093749997 0.0069721109375000005 0.23221690625 0 0.2069377984375 0
0 0.22328548593750003 0.0537848609375 0.2368421046875 0.050796812499999996 0.243221690625 0.0358565734375 0.24242424218749997 0.026892429687500004 0.23444976093749997 0.020916334375 0.2224880375 0.0239043828125 0.2137161078125 0.03087649375 0.2137161078125 0.047808765625 0.22328548593750003 0.0537848609375
0 0.21610845312500002 0.087649403125 0.2304625203125 0.089641434375 0.2400318984375 0.07868525937500001 0.2400318984375 0.06573705156250001 0.23444976093749997 0.05976095625 0.22009569375 0.058764940625 0.2113237640625 0.0667330671875 0.2113237640625 0.07868525937500001 0.21610845312500002 0.087649403125
0 0.2360446578125 0.1254980078125 0.2384370015625 0.10159362499999999 0.23444976093749997 0.09661354531250001 0.2192982453125 0.09661354531250001 0.2129186609375 0.1035856578125 0.21531100468750003 0.1274900390625 0.22408293437500001 0.13147410312500002 0.2360446578125 0.1254980078125
0 0.21770335 0.17131474062500002 0.2224880375 0.1752988046875 0.2336523125 0.17231075625 0.2384370015625 0.160358565625 0.2368421046875 0.140438246875 0.2272727265625 0.13545816718749998 0.21531100468750003 0.142430278125 0.21451355625000001 0.16135458125 0.21770335 0.17131474062500002
0 0.2336523125 0.220119521875 0.2384370015625 0.21115537812500002 0.2360446578125 0.1862549796875 0.22567783125 0.1812749 0.21690590156249998 0.1882470125 0.21690590156249998 0.2171314734375 0.2224880375 0.22211155312500003 0.2336523125 0.220119521875
0 0.23285486406250003 0.2629482078125 0.2384370015625 0.2549800796875 0.237639553125 0.23605577656249999 0.22966507187500002 0.22908366562500002 0.21770335 0.23505976093749997 0.218500796875 0.259960159375 0.22408293437500001 0.2649402390625 0.23285486406250003 0.2629482078125
0 0.22328548593750003 0.30876494062500004 0.23285486406250003 0.30876494062500004 0.2384370015625 0.301792828125 0.2384370015625 0.277888446875 0.22966507187500002 0.27091633437499996 0.22408293437500001 0.27091633437499996 0.21770335 0.2768924296875 0.21770335 0.301792828125 0.22328548593750003 0.30876494062500004
0 0.2336523125 0.35458167343749997 0.2400318984375 0.3436254984375 0.2384370015625 0.32071713125 0.22807017499999999 0.31474103593749997 0.21770335 0.32171314687499997 0.218500796875 0.34960159375 0.22328548593750003 0.3555776890625 0.2336523125 0.35458167343749997
0 0.21690590156249998 0.379482071875 0.22009569375 0.3974103578125 0.22807017499999999 0.4033864546875 0.237639553125 0.399402390625 0.24082934531250003 0.38844621562500004 0.23923445000000002 0.36752988124999997 0.2336523125 0.3625498015625 0.22647527968749998 0.3625498015625 0.218500796875 0.37151394375 0.21690590156249998 0.379482071875
0 0.22647527968749998 0.44721115468750006 0.237639553125 0.44521912343750003 0.24162679374999999 0.4312749 0.23923445000000002 0.4153386453125 0.2336523125 0.40936255 0.22647527968749998 0.40936255 0.218500796875 0.4173306765625 0.22009569375 0.4432270921875 0.22647527968749998 0.44721115468750006
0 0.21770335 0.4750996015625 0.22328548593750003 0.489043825 0.2336523125 0.490039840625 0.2400318984375 0.4850597609375 0.24162679374999999 0.4651394421875 0.237639553125 0.45617529843750004 0.22807017499999999 0.45318725156250006 0.2224880375 0.45617529843750004 0.218500796875 0.46414342656249996 0.21770335 0.4750996015625
0 0.22328548593750003 0.5288844625 0.23285486406250003 0.527888446875 0.24242424218749997 0.5159362546875 0.24242424218749997 0.5039840640625 0.237639553125 0.4960159359375 0.22567783125 0.4950199203125 0.218500796875 0.5029880484375 0.21770335 0.518924303125 0.22328548593750003 0.5288844625
0 0.3373205734375 0.5438247015625 0.35087719375000004 0.5428286859375 0.3596491234375 0.53087649375 0.3580542265625 0.5209163343750001 0.35087719375000004 0.5159362546875 0.3333333328125 0.5159362546875 0.32695374843749997 0.5229083671875 0.32854864375 0.538844621875 0.3373205734375 0.5438247015625
0 0.45933014375000003 0.5418326687499999 0.47767145156249996 0.5398406375 0.48325358906250004 0.5288844625 0.482456140625 0.518924303125 0.47767145156249996 0.5139442234375 0.45693779843750004 0.5139442234375 0.4505582140625 0.5209163343750001 0.4513556625 0.5368525890625 0.45933014375000003 0.5418326687499999
0 0.5645933015625 0.527888446875 0.5629984046875001 0.5418326687499999 0.5661881984375 0.5547808765625 0.5709728875 0.5587649406249999 0.5781499203125 0.557768925 0.5837320578125 0.5507968125 0.5861244015625 0.518924303125 0.5821371609375 0.5139442234375 0.5749601281250001 0.5139442234375 0.5677830937499999 0.51992031875 0.5645933015625 0.527888446875
0 0.6299840515625 0.567729084375 0.641148325 0.5667330671874999 0.6491228062500001 0.5557768921874999 0.6467304625 0.538844621875 0.63875598125 0.529880478125 0.6299840515625 0.5328685265625001 0.6244019140625 0.5498007968749999 0.6251993625 0.5637450203125 0.6299840515625 0.567729084375
0 0.6905901109375 0.5657370515625 0.6993620421875 0.5667330671874999 0.7097288671875 0.55976095625 0.7097288671875 0.5418326687499999 0.7041467296875 0.5318725093750001 0.6953748 0.53087649375 0.6897926640625001 0.538844621875 0.6866028703125 0.5567729078125 0.6905901109375 0.5657370515625
0 0.7559808609374999 0.557768925 0.7671451359375 0.560756971875 0.7751196171875 0.551792828125 0.7735247203125 0.5328685265625001 0.767942584375 0.5239043828125001 0.7575757578125 0.5258964140625 0.75279106875 0.5368525890625 0.75279106875 0.5527888453124999 0.7559808609374999 0.557768925
0 0.8173843703125 0.560756971875 0.8269537484375 0.5627490046875 0.835725678125 0.5567729078125 0.8373205734375 0.5398406375 0.8325358859374999 0.527888446875 0.8237639546875 0.5268924296875 0.816586921875 0.5378486062500001 0.814194578125 0.5527888453124999 0.8173843703125 0.560756971875
0 0.8827751203125 0.5587649406249999 0.8931419453125 0.55976095625 0.901116428125 0.551792828125 0.901913875 0.5418326687499999 0.8963317390625001 0.5258964140625 0.8859649125000001 0.5268924296875 0.880382775 0.538844621875 0.8795853265625 0.5507968125 0.8827751203125 0.5587649406249999
0 0.9457735250000001 0.55976095625 0.9553429031249999 0.55976095625 0.9625199359375 0.551792828125 0.963317384375 0.5408366531250001 0.957735246875 0.5239043828125001 0.9489633171875 0.5249003984375 0.9417862843749999 0.5418326687499999 0.9409888359374999 0.5507968125 0.9457735250000001 0.55976095625