0 0.203608246875 0 0.20397643593749998 0.00276243125 0.2098674515625 0.0101289140625 0.2179676 0.009208103125 0.22385861562499998 0.0018416203124999998 0.2240136421875 0 0.203608246875 0
0 0.184912453125 0 0.180412371875 0.0046040515625 0.1811487484375 0.0230202578125 0.1863033875 0.03130755 0.19293078125000002 0.03130755 0.1980854203125 0.027624309375 0.20397643593749998 0.014732965625 0.20250368124999998 0.0046040515625 0.1980036 0 0.184912453125 0
0 0.20839469843749997 0.017495395312500002 0.201030928125 0.030386740625000002 0.201030928125 0.038674032812499995 0.2098674515625 0.0524861875 0.21723122187500002 0.051565378125000005 0.2223858609375 0.0414364640625 0.2231222390625 0.024861878125 0.21723122187500002 0.0165745859375 0.2135493375 0.0165745859375 0.20839469843749997 0.017495395312500002
0 0.1833578796875 0.0681399625 0.187776140625 0.073664825 0.19293078125000002 0.073664825 0.20324005937499998 0.058011049999999995 0.20250368124999998 0.0469613265625 0.194403534375 0.0377532234375 0.1892488953125 0.0377532234375 0.1826215015625 0.046040515625 0.1833578796875 0.0681399625
0 0.21281296093750002 0.058011049999999995 0.2047128125 0.0626151015625 0.196612665625 0.07642725624999999 0.1980854203125 0.08471454843750001 0.20250368124999998 0.0902394109375 0.2098674515625 0.09300184218749999 0.2179676 0.0902394109375 0.22017673124999998 0.082872928125 0.22017673124999998 0.0635359109375 0.2135493375 0.058011049999999995 0.21281296093750002 0.058011049999999995
0 0.19587628906250001 0.088397790625 0.19293078125000002 0.088397790625 0.1892488953125 0.0902394109375 0.1870397640625 0.095764271875 0.1870397640625 0.1123388578125 0.189985271875 0.1178637203125 0.1973490421875 0.1206261515625 0.2098674515625 0.11510128906249999 0.21281296093750002 0.1095764265625 0.21281296093750002 0.10313075468749999 0.21134020625 0.098526703125 0.19587628906250001 0.088397790625
0 0.192194403125 0.1298342546875 0.19072165000000002 0.1418047875 0.1936671578125 0.1482504609375 0.20324005937499998 0.1519337015625 0.2098674515625 0.151012890625 0.215022090625 0.1464088390625 0.21870397656249999 0.1298342546875 0.21134020625 0.12154696093749999 0.20692194375 0.12154696093749999 0.192194403125 0.1298342546875
0 0.201030928125 0.1556169421875 0.1936671578125 0.1583793734375 0.189985271875 0.1666666671875 0.19072165000000002 0.17955801093749998 0.1980854203125 0.18692449375 0.2098674515625 0.18508287343750002 0.21649484531250002 0.1758747703125 0.21723122187500002 0.1666666671875 0.215022090625 0.16022099375 0.20692194375 0.1556169421875 0.201030928125 0.1556169421875
0 0.201030928125 0.190607734375 0.19587628906250001 0.193370165625 0.1914580265625 0.2007366484375 0.19293078125000002 0.21823204375 0.19587628906250001 0.22375690625 0.2002945515625 0.2255985265625 0.21207658281250003 0.2228360953125 0.215022090625 0.21546961250000002 0.215022090625 0.1998158375 0.20765832031250003 0.190607734375 0.201030928125 0.190607734375
0 0.1973490421875 0.23388581875 0.1936671578125 0.24125230156250002 0.1936671578125 0.2615101296875 0.2017673046875 0.2688766109375 0.2098674515625 0.26611418124999997 0.2142857140625 0.2578268875 0.2142857140625 0.2375690609375 0.20765832031250003 0.23112338906250002 0.20250368124999998 0.23112338906250002 0.1973490421875 0.23388581875
0 0.20397643593749998 0.2734806625 0.19587628906250001 0.2799263359375 0.1951399109375 0.30110497187499996 0.19955817343749999 0.3112338859375 0.205449190625 0.31307550625 0.2098674515625 0.3112338859375 0.2142857140625 0.303867403125 0.215022090625 0.288213628125 0.2142857140625 0.2808471453125 0.20692194375 0.2734806625 0.20397643593749998 0.2734806625
0 0.19587628906250001 0.3232044203125 0.194403534375 0.3324125234375 0.19587628906250001 0.348987109375 0.201030928125 0.35543278125 0.2098674515625 0.35543278125 0.21575846875 0.34346224687500004 0.215022090625 0.3259668515625 0.20839469843749997 0.3176795578125 0.20250368124999998 0.3176795578125 0.19587628906250001 0.3232044203125
0 0.19587628906250001 0.36556169375 0.194403534375 0.3729281765625 0.1951399109375 0.3913443828125 0.2017673046875 0.398710865625 0.2098674515625 0.3977900546875 0.21575846875 0.3913443828125 0.21575846875 0.36924493593749996 0.2098674515625 0.3609576421875 0.20581737812499998 0.3609576421875 0.19587628906250001 0.36556169375
0 0.2002945515625 0.4069981578125 0.19587628906250001 0.414364640625 0.19882179687499998 0.43554327812500004 0.20324005937499998 0.43830570937499996 0.2106038296875 0.4373848984375 0.21575846875 0.43001841562500004 0.21575846875 0.414364640625 0.209131075 0.4051565375 0.2047128125 0.4051565375 0.2002945515625 0.4069981578125
0 0.201030928125 0.44475138125 0.19587628906250001 0.4558011046875 0.196612665625 0.469613259375 0.2017673046875 0.4788213625 0.2098674515625 0.4788213625 0.21575846875 0.4732965015625 0.21649484531250002 0.4521178640625 0.2106038296875 0.44383057031249995 0.20655375625 0.44383057031249995 0.201030928125 0.44475138125
0 0.20397643593749998 0.484346225 0.19882179687499998 0.48802946562500005 0.196612665625 0.493554328125 0.1980854203125 0.5165745859374999 0.19955817343749999 0.5202578265625 0.20397643593749998 0.522099446875 0.21281296093750002 0.5211786375 0.21723122187500002 0.514732965625 0.21649484531250002 0.49079189687499997 0.2106038296875 0.484346225 0.20397643593749998 0.484346225
0 0.205449190625 0.5276243093749999 0.19882179687499998 0.53130755 0.196612665625 0.5377532234375 0.1973490421875 0.5543278078125 0.205449190625 0.564456721875 0.21281296093750002 0.5635359109375 0.2179676 0.5570902390625 0.2179676 0.5368324125 0.21649484531250002 0.5322283609375 0.2106038296875 0.5276243093749999 0.205449190625 0.5276243093749999
0 0.23343151718750002 0.569981584375 0.228645065625 0.569981584375 0.221649484375 0.57090239375 0.2179676 0.5755064453125 0.21649484531250002 0.585635359375 0.221649484375 0.5948434625 0.236377025 0.595764271875 0.2474226796875 0.5902394109375 0.24963181093750003 0.5847145484375 0.2474226796875 0.57642725625 0.24226804062500001 0.5718232046875 0.23343151718750002 0.569981584375
0 0.34315169375 0.5690607734375 0.3409425625 0.5690607734375 0.332842415625 0.569981584375 0.328424153125 0.573664825 0.326215021875 0.5810313078125 0.328424153125 0.5893186 0.33578792343749997 0.5948434625 0.351251840625 0.5939226515625 0.357879234375 0.5865561687499999 0.3586156109375 0.5782688765625 0.35346097187500003 0.57090239375 0.34315169375 0.5690607734375
0 0.3770250375 0.5681399625 0.3667157578125 0.569981584375 0.3630338734375 0.57642725625 0.3630338734375 0.585635359375 0.3674521359375 0.5930018421875001 0.3836524296875 0.5939226515625 0.38880706875 0.5902394109375 0.39101620000000004 0.5847145484375 0.3902798234375 0.573664825 0.380706921875 0.5681399625 0.3770250375 0.5681399625
0 0.4907952875 0.5662983421875001 0.48011782031249994 0.5681399625 0.4764359359375 0.5727440140625 0.4756995578125 0.582872928125 0.47938144375 0.5902394109375 0.49558173749999995 0.5939226515625 0.5036818843749999 0.5865561687499999 0.5044182625 0.5718232046875 0.5007363765624999 0.567219153125 0.4948453609375 0.5662983421875001 0.4907952875 0.5662983421875001
0 0.55228276875 0.5847145484375 0.546391753125 0.601289134375 0.548600884375 0.614180478125 0.5574374078125001 0.6187845296875001 0.5655375546875 0.6160221 0.5699558171875 0.6058931859375 0.567010309375 0.5865561687499999 0.560382915625 0.5810313078125 0.5574374078125001 0.5810313078125 0.55228276875 0.5847145484375
0 0.6097201765625 0.5865561687499999 0.6060382921875 0.6003683234375 0.6060382921875 0.6114180484375 0.61119293125 0.6178637203124999 0.6200294546875 0.616942909375 0.6288659796875 0.60773480625 0.6266568484375 0.5902394109375 0.6207658328125001 0.5819521171875001 0.614874815625 0.5819521171875001 0.6097201765625 0.5865561687499999
0 0.6671575843750001 0.5893186 0.6642120765625 0.6003683234375 0.664948453125 0.6114180484375 0.669366715625 0.616942909375 0.681885125 0.614180478125 0.6870397640625 0.6031307546875 0.6826215015625 0.5865561687499999 0.6774668625 0.582872928125 0.6730486015625 0.582872928125 0.6671575843750001 0.5893186
0 0.7253313703125001 0.588397790625 0.7209131078125 0.6031307546875 0.723858615625 0.6123388578125 0.7312223859375 0.6151012890625001 0.7400589109375 0.6095764265625 0.7437407953124999 0.6031307546875 0.7415316640625 0.5893186 0.736377025 0.5819521171875001 0.7304860093750001 0.5819521171875001 0.7253313703125001 0.588397790625
0 0.7923416796875 0.5782688765625 0.7864506625 0.5819521171875001 0.7812960234374999 0.5966850828125 0.7820324000000001 0.6068139968749999 0.7886597937500001 0.61325966875 0.7982326953125 0.6104972375 0.8026509578125 0.6031307546875 0.8026509578125 0.5893186 0.7997054484375 0.5819521171875001 0.794550809375 0.5782688765625 0.7923416796875 0.5782688765625
0 0.8446244484375001 0.5819521171875001 0.83873343125 0.5966850828125 0.83873343125 0.6040515656250001 0.8438880703124999 0.6114180484375 0.8497790875 0.6114180484375 0.8593519875 0.6022099453124999 0.8578792343750001 0.585635359375 0.8519882171875001 0.5782688765625 0.8497790875 0.5782688765625 0.8446244484375001 0.5819521171875001
0 0.9005891015625 0.582872928125 0.89764359375 0.5976058937500001 0.8991163468750001 0.6068139968749999 0.9050073640624999 0.6104972375 0.9138438875 0.60773480625 0.9175257734375 0.6022099453124999 0.91826215 0.5930018421875001 0.912371134375 0.57642725625 0.905743740625 0.57642725625 0.9005891015625 0.582872928125
0 0.9572901328125001 0.5810313078125 0.9543446250000001 0.5939226515625 0.9543446250000001 0.6022099453124999 0.9594992640625 0.6086556171875 0.9683357875 0.60773480625 0.9734904265625 0.6022099453124999 0.97275405 0.5819521171875001 0.9683357875 0.5745856359375 0.9631811484374999 0.5745856359375 0.9572901328125001 0.5810313078125
1 1 0.5570902390625 0.9948453609374999 0.5570902390625 0.983063328125 0.5598526703125 0.9764359359375 0.573664825 0.980854196875 0.598526703125 0.9882179671875001 0.6058931859375 1 0.603566928125 1 0.5570902390625
1 0.019145803125 0.5745856359375 0.017673048437499998 0.5745856359375 0.0051546390625 0.5810313078125 0.0022091312500000003 0.5966850828125 0.005891015625 0.6206261515625 0.014727540624999999 0.6270718234375 0.030927834375 0.6215469609375 0.037555228125 0.6114180484375 0.037555228125 0.5930018421875001 0.035346096874999997 0.585635359375 0.028718704687500003 0.5773480656250001 0.019145803125 0.5745856359375
1 0.0662739328125 0.5755064453125 0.057437407812499994 0.573664825 0.05670103125 0.573664825 0.0427098671875 0.5819521171875001 0.0405007359375 0.6022099453124999 0.041237114062500003 0.6095764265625 0.04786450625 0.6206261515625 0.05228276875 0.6243093921875 0.061119293750000005 0.625230203125 0.07437407968750001 0.6160221 0.07805596406250001 0.5994475140625 0.07290132499999999 0.5819521171875001 0.0662739328125 0.5755064453125
1 0.0957290125 0.573664825 0.0861561125 0.5810313078125 0.0810014734375 0.5939226515625 0.085419734375 0.6160221 0.0935198828125 0.6243093921875 0.11119293125 0.6206261515625 0.1178203234375 0.60773480625 0.1178203234375 0.5948434625 0.11487481562499999 0.582872928125 0.10235640625 0.573664825 0.0957290125 0.573664825
1 0.15684830624999999 0.5893186 0.15316642187500001 0.5810313078125 0.144329896875 0.573664825 0.1391752578125 0.573664825 0.1310751109375 0.5745856359375 0.12518409375 0.5791896875 0.121502209375 0.5874769796875 0.1207658328125 0.5966850828125 0.123711340625 0.6160221 0.135493371875 0.6243093921875 0.1450662734375 0.6243093921875 0.1516936671875 0.6206261515625 0.1583210609375 0.6040515656250001 0.15684830624999999 0.5893186
1 0.20324005937499998 0.569981584375 0.1980854203125 0.569981584375 0.17525773125 0.5718232046875 0.1664212078125 0.5755064453125 0.16126656875 0.5837937390625 0.1634757 0.601289134375 0.173784978125 0.6104972375 0.20397643593749998 0.595764271875 0.2098674515625 0.5902394109375 0.21207658281250003 0.5819521171875001 0.2098674515625 0.5755064453125 0.20324005937499998 0.569981584375
1 0.31001472812499997 0.569981584375 0.3061318109375 0.569981584375 0.263622975 0.57090239375 0.2592047125 0.57642725625 0.257731959375 0.585635359375 0.2621502203125 0.5930018421875001 0.2687776140625 0.595764271875 0.31001472812499997 0.5948434625 0.3166421203125 0.5911602203124999 0.31958762812499997 0.585635359375 0.3188512515625 0.57642725625 0.31001472812499997 0.569981584375
1 0.45213549375 0.5690607734375 0.426362296875 0.567219153125 0.4241531671875 0.567219153125 0.4005891015625 0.5681399625 0.3961708390625 0.57090239375 0.3939617078125 0.57642725625 0.39543446250000003 0.5893186 0.4027982328125 0.5939226515625 0.4381443296875 0.5939226515625 0.4499263625 0.59208103125 0.45655375625000005 0.5847145484375 0.45655375625000005 0.573664825 0.45213549375 0.5690607734375
1 0.54344624375 0.569981584375 0.5338733437500001 0.5662983421875001 0.5300073640625 0.5662983421875001 0.5125184093749999 0.5681399625 0.508100146875 0.5745856359375 0.5058910156249999 0.585635359375 0.5058910156249999 0.5939226515625 0.508836525 0.6003683234375 0.5279823265625 0.6123388578125 0.5412371140625 0.6040515656250001 0.54786450625 0.5847145484375 0.5471281296875 0.5745856359375 0.54344624375 0.569981584375
1 0.5913107515625 0.5653775328124999 0.5868924890625 0.5653775328124999 0.5743740796875 0.5690607734375 0.569219440625 0.5819521171875001 0.5743740796875 0.6068139968749999 0.5824742265625 0.6160221 0.5861561125 0.616942909375 0.5927835046875 0.6151012890625001 0.600147275 0.60773480625 0.60677466875 0.582872928125 0.6038291609375 0.57090239375 0.5913107515625 0.5653775328124999
1 0.6502209125 0.564456721875 0.6458026515624999 0.564456721875 0.6347569953125001 0.567219153125 0.6288659796875 0.5773480656250001 0.6318114875 0.6022099453124999 0.6340206187499999 0.60773480625 0.642120765625 0.6151012890625001 0.6494845359375 0.614180478125 0.6590574375 0.6040515656250001 0.664948453125 0.5837937390625 0.662739321875 0.57090239375 0.6502209125 0.564456721875
1 0.7069219437500001 0.5635359109375 0.689985271875 0.5662983421875001 0.6848306328125 0.5782688765625 0.689985271875 0.601289134375 0.7002945515625 0.6104972375 0.7069219437500001 0.6104972375 0.7164948453125 0.601289134375 0.7223858609375 0.5819521171875001 0.721649484375 0.5718232046875 0.7113402062499999 0.5635359109375 0.7069219437500001 0.5635359109375
1 0.7680412375000001 0.5626151015625 0.7643593515625 0.5626151015625 0.7503681890625 0.564456721875 0.7437407953124999 0.57642725625 0.7474226796875 0.601289134375 0.75699558125 0.6123388578125 0.76583210625 0.6114180484375 0.773932253125 0.604972375 0.77982326875 0.5874769796875 0.77982326875 0.57090239375 0.7754050078125 0.5653775328124999 0.7680412375000001 0.5626151015625
1 0.826215021875 0.56077348125 0.8225331375 0.56077348125 0.8100147281250001 0.564456721875 0.8041237109375 0.5773480656250001 0.8085419734375 0.6022099453124999 0.818114875 0.6104972375 0.826215021875 0.6086556171875 0.8321060390625 0.6031307546875 0.8379970546875001 0.5801104968749999 0.8379970546875001 0.5727440140625 0.835051546875 0.5662983421875001 0.826215021875 0.56077348125
1 0.8895434468750001 0.561694290625 0.8836524296875 0.5598526703125 0.8784977906250001 0.5598526703125 0.8674521359374999 0.5626151015625 0.8608247421874999 0.5773480656250001 0.8659793812500001 0.6022099453124999 0.8689248890625001 0.6068139968749999 0.8755522828125001 0.6095764265625 0.8814432984374999 0.6086556171875 0.88880706875 0.6022099453124999 0.8954344624999999 0.582872928125 0.89322533125 0.5662983421875001 0.8895434468750001 0.561694290625
1 0.9410898375000001 0.55801105 0.935198821875 0.55801105 0.9256259203124999 0.561694290625 0.9197349046875001 0.5727440140625 0.9219440359375 0.5939226515625 0.92488954375 0.601289134375 0.9329896906249999 0.60773480625 0.9447717234375 0.6031307546875 0.95213549375 0.5819521171875001 0.9528718703125 0.573664825 0.9491899859374999 0.561694290625 0.9410898375000001 0.55801105