0 0.24351145000000002 0.6354961828125 0.2488549625 0.64408396875 0.27099236718749997 0.6431297703125 0.2778625953125 0.6374045796875001 0.2793893125 0.6316793890625 0.27557251875 0.6202290078125 0.268702290625 0.6173664125 0.2488549625 0.6173664125 0.244274809375 0.623091603125 0.24351145000000002 0.6354961828125
0 0.37251908437500003 0.642175571875 0.3908396953125 0.6412213734375001 0.3977099234375 0.6326335875 0.39618320625000003 0.6202290078125 0.391603053125 0.6164122140625 0.37251908437500003 0.6164122140625 0.3664122140625 0.6221374046875 0.3664122140625 0.6354961828125 0.37251908437500003 0.642175571875
0 0.4908396953125 0.640267175 0.508396946875 0.640267175 0.515267175 0.6335877859375 0.516030534375 0.6202290078125 0.5129771 0.615458015625 0.49160305312499997 0.6145038171875 0.4854961828125 0.62118320625 0.4854961828125 0.6335877859375 0.4908396953125 0.640267175
0 0.5656488546875 0.6669847328125 0.576335878125 0.6669847328125 0.5854961828125 0.6574427484375 0.583969465625 0.6431297703125 0.5778625953125001 0.6326335875 0.5694656484375 0.6326335875 0.5618320609375 0.646946565625 0.56030534375 0.6603053437499999 0.5656488546875 0.6669847328125
0 0.6221374046875 0.6498091609375 0.623664121875 0.6631679390625 0.627480915625 0.6669847328125 0.6412213734375001 0.6631679390625 0.6450381671875001 0.6555343515625001 0.6412213734375001 0.6354961828125 0.6374045796875001 0.6316793890625 0.6297709921875 0.6316793890625 0.6244274812499999 0.638358778125 0.6221374046875 0.6498091609375
0 0.6870229 0.6631679390625 0.6954198468749999 0.6650763359375 0.7053435109375 0.6593511453125 0.7076335874999999 0.646946565625 0.699236640625 0.630725190625 0.6908396953125 0.630725190625 0.6862595421875 0.6374045796875001 0.68320610625 0.6536259546875 0.6870229 0.6631679390625
0 0.7496183203125 0.6631679390625 0.7610687015625001 0.6612595421874999 0.767175571875 0.650763359375 0.7656488546875 0.6374045796875001 0.76030534375 0.62881679375 0.7511450375 0.6297709921875 0.7450381671875 0.6459923671875 0.7450381671875 0.658396946875 0.7496183203125 0.6631679390625
0 0.823664121875 0.658396946875 0.828244275 0.6517175578125001 0.8251908390624999 0.6297709921875 0.815267175 0.6259541984375 0.8091603046875001 0.634541984375 0.8076335875 0.6555343515625001 0.8160305343750001 0.6612595421874999 0.823664121875 0.658396946875
0 0.8709923671875 0.6603053437499999 0.8824427484375 0.658396946875 0.8870229000000001 0.6498091609375 0.8870229000000001 0.638358778125 0.8801526718750001 0.625 0.8702290078124999 0.6297709921875 0.8664122140625 0.6431297703125 0.8664122140625 0.6545801531250001 0.8709923671875 0.6603053437499999
0 0.9305343515625 0.6574427484375 0.9381679390625 0.658396946875 0.9450381671875 0.6545801531250001 0.9480916031250001 0.6393129765625 0.944274809375 0.625 0.9335877859374999 0.6240458015625 0.9274809156250001 0.6374045796875001 0.9267175578125 0.6517175578125001 0.9305343515625 0.6574427484375
0 1 0.622232825 0.9931297703125 0.623091603125 0.9862595421875 0.638358778125 0.9854961828125001 0.6517175578125001 0.9885496187499999 0.65648855 0.999236640625 0.6574427484375 1 0.656607825 1 0.622232825
1 0.0076335875 0.6297709921875 0.0061068703125 0.6354961828125 0.0053435109375 0.6545801531250001 0.0106870234375 0.6727099234375 0.0213740453125 0.6765267171875 0.03969465625 0.6669847328125 0.04351145 0.6498091609375 0.040458015624999996 0.6326335875 0.036641221875000005 0.626908396875 0.028244275000000003 0.6221374046875 0.015267175 0.623091603125 0.0076335875 0.6297709921875
1 0.0465648859375 0.6555343515625001 0.054198473437500005 0.6708015265625 0.059541984375 0.6746183203125 0.068702290625 0.673664121875 0.0816793890625 0.6641221374999999 0.08396946562499999 0.6412213734375001 0.0740458015625 0.623091603125 0.056488550000000005 0.623091603125 0.04732824375 0.634541984375 0.0465648859375 0.6555343515625001
1 0.087786259375 0.650763359375 0.0931297703125 0.6669847328125 0.0984732828125 0.6727099234375 0.116030534375 0.6717557249999999 0.1259541984375 0.6603053437499999 0.1251908390625 0.6354961828125 0.1145038171875 0.6221374046875 0.0984732828125 0.6221374046875 0.08854961875 0.6374045796875001 0.087786259375 0.650763359375
1 0.1297709921875 0.6574427484375 0.13206106875 0.6641221374999999 0.14427480937499998 0.673664121875 0.1587786265625 0.6708015265625 0.16793893124999998 0.6517175578125001 0.1610687015625 0.626908396875 0.15419847343749998 0.62118320625 0.1458015265625 0.6202290078125 0.13129770937500002 0.6297709921875 0.1297709921875 0.6574427484375
1 0.1709923671875 0.6316793890625 0.171755725 0.6459923671875 0.18091603125 0.6574427484375 0.18931297656249998 0.6574427484375 0.204580153125 0.6479007640625001 0.22442748125 0.6431297703125 0.22977099218750002 0.63645038125 0.22595419843750003 0.626908396875 0.20610687031250002 0.6173664125 0.1793893125 0.6202290078125 0.1709923671875 0.6316793890625
0 0.21399491093749998 0 0.21145038125 0.00381679375 0.21221374062499998 0.01908396875 0.21679389375000002 0.0238549625 0.227480915625 0.024809160937499998 0.23358778593750001 0.01908396875 0.23664122187499997 0.001908396875 0.2354537734375 0 0.21399491093749998 0
0 0.1923664125 0.0458015265625 0.2015267171875 0.046755725 0.20687022968750002 0.041984732812499995 0.21221374062499998 0.025763359375 0.2076335875 0.015267175 0.199236640625 0.011450381249999999 0.187786259375 0.01908396875 0.187786259375 0.033396946875 0.1923664125 0.0458015265625
0 0.20992366406250001 0.0515267171875 0.21297709999999997 0.062022900000000006 0.21908396875 0.0677480921875 0.228244275 0.064885496875 0.23282442812499998 0.054389312499999995 0.23358778593750001 0.0391221375 0.23053435156250002 0.033396946875 0.21908396875 0.0305343515625 0.21145038125 0.041030534375 0.20992366406250001 0.0515267171875
0 0.21297709999999997 0.06679389375 0.20229007656250003 0.054389312499999995 0.1923664125 0.0591603046875 0.19160305312499998 0.08874045781249999 0.2 0.09351145 0.2076335875 0.0868320609375 0.21297709999999997 0.06679389375
0 0.21603053437500003 0.10973282499999999 0.228244275 0.10973282499999999 0.231297709375 0.0925572515625 0.231297709375 0.080152671875 0.228244275 0.07538167968750001 0.2183206109375 0.07442748125000001 0.20992366406250001 0.08874045781249999 0.2091603046875 0.09923664062500001 0.21603053437500003 0.10973282499999999
0 0.1977099234375 0.1335877859375 0.204580153125 0.134541984375 0.21679389375000002 0.1259541984375 0.2175572515625 0.115458015625 0.208396946875 0.103053434375 0.2015267171875 0.1001908390625 0.1946564890625 0.1049618328125 0.1938931296875 0.123091603125 0.1977099234375 0.1335877859375
0 0.2053435109375 0.162213740625 0.21908396875 0.16507633593749999 0.227480915625 0.1574427484375 0.2290076328125 0.1393129765625 0.21908396875 0.1316793890625 0.20610687031250002 0.1393129765625 0.200763359375 0.146946565625 0.200763359375 0.15648855 0.2053435109375 0.162213740625
0 0.2015267171875 0.19751908437500001 0.2145038171875 0.20038167968749998 0.2251908390625 0.1927480921875 0.22671755781249997 0.1822519078125 0.22213740468749998 0.1727099234375 0.20610687031250002 0.169847328125 0.199236640625 0.17557251875 0.1977099234375 0.189885496875 0.2015267171875 0.19751908437500001
0 0.2053435109375 0.2375954203125 0.215267175 0.23854961874999997 0.223664121875 0.22996183281250002 0.2251908390625 0.212786259375 0.2206106875 0.20610687031250002 0.208396946875 0.205152671875 0.2 0.212786259375 0.2 0.22996183281250002 0.2053435109375 0.2375954203125
0 0.204580153125 0.275763359375 0.215267175 0.2786259546875 0.22213740468749998 0.27290076406249997 0.22442748125 0.265267175 0.22213740468749998 0.24618320625 0.20992366406250001 0.24236641250000002 0.2015267171875 0.251908396875 0.2015267171875 0.26908396875 0.204580153125 0.275763359375
0 0.208396946875 0.3234732828125 0.21603053437500003 0.32442748125 0.223664121875 0.3129771 0.22290076406249998 0.2900763359375 0.2183206109375 0.2843511453125 0.2106870234375 0.2843511453125 0.20305343437499998 0.2919847328125 0.20305343437499998 0.3158396953125 0.208396946875 0.3234732828125
0 0.204580153125 0.357824428125 0.2091603046875 0.3645038171875 0.21908396875 0.36354961874999997 0.22442748125 0.35400763281250003 0.22442748125 0.3406488546875 0.21908396875 0.33206106874999997 0.2076335875 0.3330152671875 0.20381679375 0.337786259375 0.204580153125 0.357824428125
0 0.2183206109375 0.40744274843749995 0.22442748125 0.4017175578125 0.223664121875 0.3759541984375 0.2137404578125 0.3702290078125 0.204580153125 0.3778625953125 0.20381679375 0.3988549625 0.208396946875 0.40648855 0.2183206109375 0.40744274843749995
0 0.21221374062499998 0.451335878125 0.21984732812500002 0.45038167968750004 0.2251908390625 0.44179389375 0.22442748125 0.41889312968750003 0.21908396875 0.4131679390625 0.21221374062499998 0.4131679390625 0.204580153125 0.4208015265625 0.2053435109375 0.4446564890625 0.21221374062499998 0.451335878125
0 0.21984732812500002 0.4971374046875 0.22671755781249997 0.4837786265625 0.22442748125 0.46278625937499995 0.2145038171875 0.45706106875 0.2053435109375 0.4656488546875 0.204580153125 0.48473282500000003 0.2076335875 0.49427480937499996 0.21984732812500002 0.4971374046875
0 0.208396946875 0.5362595421874999 0.21221374062499998 0.5400763359375 0.223664121875 0.537213740625 0.22671755781249997 0.5267175578125001 0.2251908390625 0.509541984375 0.2183206109375 0.50381679375 0.2053435109375 0.509541984375 0.204580153125 0.5286259546875 0.208396946875 0.5362595421874999
0 0.2053435109375 0.568702290625 0.208396946875 0.580152671875 0.21145038125 0.5830152671875 0.22290076406249998 0.5811068703125 0.227480915625 0.572519084375 0.22595419843750003 0.5515267171875 0.2183206109375 0.5458015265625 0.2106870234375 0.5477099234375 0.20610687031250002 0.5543893125 0.2053435109375 0.568702290625
0 0.22977099218750002 0.62118320625 0.22671755781249997 0.5954198468749999 0.22290076406249998 0.5896946562500001 0.21221374062499998 0.5887404578125001 0.20687022968750002 0.5944656484374999 0.20687022968750002 0.6125954203124999 0.2206106875 0.6221374046875 0.22977099218750002 0.62118320625
1 0.28320610625 0.63645038125 0.2923664125 0.64408396875 0.335114503125 0.64408396875 0.3427480921875 0.6412213734375001 0.34885496250000003 0.6335877859375 0.34885496250000003 0.6259541984375 0.340458015625 0.6173664125 0.2900763359375 0.6173664125 0.283969465625 0.623091603125 0.28320610625 0.63645038125
1 0.40839694687500006 0.642175571875 0.45572519062500005 0.640267175 0.4656488546875 0.6297709921875 0.464885496875 0.62118320625 0.45496183281249997 0.615458015625 0.4076335875 0.615458015625 0.40076335937499996 0.6221374046875 0.4015267171875 0.6374045796875001 0.40839694687500006 0.642175571875
1 0.540458015625 0.65648855 0.5549618328125 0.65267175625 0.5641221375 0.6335877859375 0.563358778125 0.6221374046875 0.5549618328125 0.6145038171875 0.5267175578125001 0.61354961875 0.51908396875 0.62118320625 0.519847328125 0.6412213734375001 0.540458015625 0.65648855
1 0.587786259375 0.6498091609375 0.59618320625 0.6641221374999999 0.6061068703125 0.6650763359375 0.6152671749999999 0.6574427484375 0.623664121875 0.6335877859375 0.623664121875 0.625 0.6190839687499999 0.6173664125 0.5954198468749999 0.61354961875 0.584732825 0.6240458015625 0.587786259375 0.6498091609375
1 0.6511450375 0.61354961875 0.6450381671875001 0.62118320625 0.6442748093749999 0.63645038125 0.65267175625 0.6593511453125 0.663358778125 0.6641221374999999 0.676335878125 0.65648855 0.6839694656249999 0.6335877859375 0.68320610625 0.6221374046875 0.6793893125 0.6173664125 0.6740458015625 0.6125954203124999 0.6603053437499999 0.611641221875 0.6511450375 0.61354961875
1 0.7068702296875 0.623091603125 0.7076335874999999 0.6374045796875001 0.716030534375 0.6555343515625001 0.727480915625 0.658396946875 0.7389312984374999 0.650763359375 0.7450381671875 0.62881679375 0.7450381671875 0.62118320625 0.740458015625 0.6145038171875 0.7335877859375 0.6106870234375 0.71679389375 0.6106870234375 0.7068702296875 0.623091603125
1 0.76793893125 0.6202290078125 0.76793893125 0.638358778125 0.771755725 0.6517175578125001 0.7770992359375 0.658396946875 0.7862595421874999 0.6612595421874999 0.799236640625 0.6517175578125001 0.8053435109375 0.626908396875 0.803053434375 0.6164122140625 0.7946564890625 0.609732825 0.7793893125 0.609732825 0.76793893125 0.6202290078125
1 0.8305343515624999 0.62118320625 0.831297709375 0.640267175 0.8381679390624999 0.65648855 0.8488549624999999 0.658396946875 0.8587786265625 0.6517175578125001 0.8648854968749999 0.62881679375 0.8641221375000001 0.6164122140625 0.86030534375 0.6106870234375 0.8503816796875 0.607824428125 0.8381679390624999 0.609732825 0.8305343515624999 0.62118320625
1 0.8893129765625 0.6316793890625 0.8946564890625 0.650763359375 0.9030534343750001 0.658396946875 0.9145038171875 0.6545801531250001 0.923664121875 0.6316793890625 0.9221374046875 0.6125954203124999 0.9145038171875 0.6068702296875 0.9015267171874999 0.6068702296875 0.8923664125 0.61354961875 0.8893129765625 0.6316793890625
1 0.9503816796875 0.6297709921875 0.9564885500000001 0.65267175625 0.9625954203125 0.65648855 0.9748091609375 0.65267175625 0.983969465625 0.6259541984375 0.9809160312499999 0.6106870234375 0.97557251875 0.60591603125 0.96030534375 0.60591603125 0.95267175625 0.61354961875 0.9503816796875 0.6297709921875