1 0 0.697572815625 0.00777605 0.7 0.0217729390625 0.6932038828125 0.026438568750000002 0.68446601875 0.0272161734375 0.6766990296875 0.0241057546875 0.6582524265624999 0.0163297046875 0.6485436890625 0.011664075 0.6466019421875 0.0075171078125 0.6466019421875 0 0.6466019421875 0 0.697572815625
1 0.05909797812499999 0.647572815625 0.0528771390625 0.6456310671875001 0.047433903124999996 0.6456310671875001 0.03810264375 0.6495145625000001 0.034214618749999995 0.6543689328125 0.0311041984375 0.6660194171875 0.034214618749999995 0.6893203890625 0.0388802484375 0.6961165046875 0.04587869375 0.6990291265625 0.0637636078125 0.6941747578124999 0.0699844484375 0.677669903125 0.0660964234375 0.65533980625 0.05909797812499999 0.647572815625
1 0.10108864687500001 0.647572815625 0.0956454125 0.6456310671875001 0.09136858437499999 0.6456310671875001 0.07853810312500001 0.6514563109375 0.0730948671875 0.666990290625 0.07465007812499999 0.68543689375 0.07853810312500001 0.6932038828125 0.086314153125 0.6990291265625 0.1003110421875 0.6980582531249999 0.1057542765625 0.6941747578124999 0.11119751093750001 0.68446601875 0.10964230156250002 0.660194175 0.10108864687500001 0.647572815625
1 0.1562986 0.647572815625 0.14852255 0.6436893203125 0.144051321875 0.6436893203125 0.12674961093749998 0.6446601937499999 0.11819595624999998 0.6533980578125 0.1150855359375 0.662135921875 0.1150855359375 0.6718446609375001 0.12130637656250001 0.6864077671875 0.1368584765625 0.6912621359375 0.1562986 0.6757281546875 0.161741834375 0.6660194171875 0.161741834375 0.6563106796875 0.1562986 0.647572815625
1 0.24961119687500002 0.6582524265624999 0.2488335921875 0.6495145625000001 0.2441679625 0.6436893203125 0.21850699843750002 0.6417475734375 0.2139968890625 0.6417475734375 0.1959564546875 0.6417475734375 0.1874028 0.6456310671875001 0.185069984375 0.6504854375 0.1920684296875 0.6543689328125 0.188958009375 0.663106796875 0.191290825 0.666990290625 0.196734059375 0.6640776703125 0.200622084375 0.667961165625 0.23950233281250002 0.667961165625 0.24961119687500002 0.6582524265624999
1 0.3903576984375 0.642718446875 0.36625194375 0.639805825 0.3619751171875 0.639805825 0.3405909796875 0.639805825 0.330482115625 0.642718446875 0.3273716953125 0.652427184375 0.32892690468749997 0.662135921875 0.33437014062500003 0.666990290625 0.37558320312500004 0.666990290625 0.38880248906250003 0.6640776703125 0.3942457234375 0.6582524265624999 0.395023328125 0.6495145625000001 0.3903576984375 0.642718446875
1 0.5007776046875 0.639805825 0.488335925 0.637864078125 0.4844479 0.637864078125 0.45256609687499993 0.639805825 0.4479004671875 0.6456310671875001 0.4479004671875 0.6582524265624999 0.45334370156250003 0.66504854375 0.4797822703125 0.6660194171875 0.488335925 0.6699029125 0.503888025 0.666990290625 0.5085536546875 0.6563106796875 0.5069984453124999 0.6446601937499999 0.5007776046875 0.639805825
1 0.5723172625 0.6456310671875001 0.5660964234375 0.639805825 0.5575427687500001 0.637864078125 0.5528771390625 0.637864078125 0.54199066875 0.6407766984375 0.5373250390625001 0.6514563109375 0.5373250390625001 0.6766990296875 0.540435459375 0.6864077671875 0.5466562984375 0.692233009375 0.5559875578125 0.6912621359375 0.5637636078125 0.6864077671875 0.5692068421875 0.6786407765625 0.5730948671875 0.66504854375 0.5723172625 0.6456310671875001
1 0.6174183515625 0.6359223296875001 0.6119751171875001 0.6359223296875001 0.60264385625 0.639805825 0.5987558328125 0.6446601937499999 0.597200621875 0.660194175 0.6018662515625001 0.6786407765625 0.612752721875 0.6893203890625 0.6244167968750001 0.68543689375 0.6306376359375 0.6766990296875 0.6360808703124999 0.6514563109375 0.631415240625 0.6417475734375 0.6174183515625 0.6359223296875001
1 0.683514775 0.6359223296875001 0.6794323484375 0.6359223296875001 0.66407465 0.637864078125 0.6578538109375 0.6495145625000001 0.662519440625 0.6786407765625 0.6702954906249999 0.687378640625 0.6780715390625 0.687378640625 0.6874028 0.6786407765625 0.69440124375 0.663106796875 0.6959564546875 0.647572815625 0.6905132187499999 0.6388349515625 0.683514775 0.6359223296875001
1 0.742612753125 0.6339805828125 0.7379471234375 0.6339805828125 0.7247278374999999 0.636893203125 0.7185069984375 0.6504854375 0.7239502328125 0.677669903125 0.7332814937500001 0.6864077671875 0.7480559875 0.682524271875 0.7519440125 0.677669903125 0.7566096421874999 0.6611650484375 0.757387246875 0.6446601937499999 0.749611196875 0.6359223296875001 0.742612753125 0.6339805828125
1 0.8141524109375 0.6359223296875001 0.80559875625 0.633009709375 0.8005443234375 0.633009709375 0.788491446875 0.6359223296875001 0.7830482109375 0.6495145625000001 0.7869362359375 0.6757281546875 0.791601865625 0.682524271875 0.796267496875 0.68446601875 0.807153965625 0.6815533984375 0.81337480625 0.6757281546875 0.818818040625 0.6543689328125 0.8180404359375 0.6407766984375 0.8141524109375 0.6359223296875001
1 0.872472784375 0.633009709375 0.8623639187500001 0.6310679609375 0.8569206843750001 0.6310679609375 0.847589425 0.6359223296875001 0.8429237953125 0.6456310671875001 0.8468118203125 0.672815534375 0.8569206843750001 0.68446601875 0.86625194375 0.682524271875 0.8740279937500001 0.67475728125 0.879471228125 0.652427184375 0.879471228125 0.6436893203125 0.8763608093749999 0.636893203125 0.872472784375 0.633009709375
1 0.9377916015625001 0.6359223296875001 0.9307931578125 0.6300970875 0.9263864703125 0.6300970875 0.9121306375 0.633009709375 0.9059097984375001 0.6446601937499999 0.9090202171874999 0.6699029125 0.9121306375 0.677669903125 0.9167962671875 0.6815533984375 0.9222395015625 0.682524271875 0.9300155515625 0.6786407765625 0.9362363921875 0.667961165625 0.9401244171875 0.6436893203125 0.9377916015625001 0.6359223296875001
1 0.99222395 0.6291262140625 0.988335925 0.6291262140625 0.9727838265625 0.6310679609375 0.9650077765624999 0.6446601937499999 0.967340590625 0.66504854375 0.9712286156250001 0.67475728125 0.9774494562499999 0.6805825249999999 0.9914463453125 0.677669903125 0.9968895796874999 0.6660194171875 1 0.642718446875 0.996111975 0.6320388343750001 0.99222395 0.6291262140625
0 0.1438569203125 0 0.1438569203125 0.007766990625 0.1500777609375 0.017475728125 0.15940902031249998 0.0184466015625 0.16718507031250002 0.0116504859375 0.17107309531249998 0.0038834953125 0.17107309531249998 0 0.1438569203125 0
0 0.1741835140625 0.0087378640625 0.17107309531249998 0.021359223437499998 0.173405909375 0.032038834375000005 0.18118195937499998 0.037864078125 0.1897356140625 0.0359223296875 0.1959564546875 0.0233009703125 0.1951788484375 0.0087378640625 0.1874028 0.0029126218749999998 0.18118195937499998 0.0029126218749999998 0.1741835140625 0.0087378640625
0 0.160186625 0.0233009703125 0.1516329703125 0.025242718749999997 0.1461897359375 0.0339805828125 0.1477449453125 0.051456310937500006 0.15396578593750002 0.060194175 0.15940902031249998 0.060194175 0.166407465625 0.05533980625 0.17262830468749998 0.0388349515625 0.16951788437499998 0.0310679609375 0.1609642296875 0.0233009703125 0.160186625 0.0233009703125
0 0.17262830468749998 0.050485437499999994 0.16951788437499998 0.0660194171875 0.1741835140625 0.0766990296875 0.18273716874999998 0.080582525 0.1920684296875 0.072815534375 0.1936236390625 0.0592233015625 0.1920684296875 0.0485436890625 0.183514775 0.0436893203125 0.1819595640625 0.0436893203125 0.17262830468749998 0.050485437499999994
0 0.150855365625 0.072815534375 0.14930015624999998 0.080582525 0.1500777609375 0.0990291265625 0.1562986 0.1058252421875 0.166407465625 0.0990291265625 0.17262830468749998 0.08155339843750001 0.167962675 0.072815534375 0.1609642296875 0.066990290625 0.158631415625 0.066990290625 0.150855365625 0.072815534375
0 0.1780715390625 0.0864077671875 0.1718507 0.0941747578125 0.167962675 0.1116504859375 0.1741835140625 0.12135922343750001 0.18118195937499998 0.12524271874999998 0.1858475890625 0.12427184531249999 0.1897356140625 0.1184466015625 0.191290825 0.0941747578125 0.1897356140625 0.0893203890625 0.185069984375 0.0864077671875 0.1780715390625 0.0864077671875
0 0.15396578593750002 0.12135922343750001 0.1531881796875 0.142718446875 0.1609642296875 0.1495145625 0.1741835140625 0.14368932031249998 0.1788491453125 0.1359223296875 0.1788491453125 0.13009708749999999 0.175738725 0.12524271874999998 0.1632970453125 0.11456310624999999 0.15940902031249998 0.11456310624999999 0.15396578593750002 0.12135922343750001
0 0.1788491453125 0.14563106718750002 0.1632970453125 0.1563106796875 0.160186625 0.16504854375 0.16562985937500002 0.1766990296875 0.1780715390625 0.1786407765625 0.1858475890625 0.17378640781250002 0.188958009375 0.16504854375 0.188958009375 0.1514563109375 0.1858475890625 0.147572815625 0.17962675 0.1466019421875 0.1788491453125 0.14563106718750002
0 0.15940902031249998 0.18640776718750002 0.1562986 0.2 0.161741834375 0.212621359375 0.170295490625 0.21456310625000002 0.1819595640625 0.20970873750000002 0.18662519375 0.2 0.1842923796875 0.1883495140625 0.173405909375 0.182524271875 0.16951788437499998 0.182524271875 0.15940902031249998 0.18640776718750002
0 0.16407465000000002 0.22038834999999998 0.158631415625 0.22815533906250002 0.15940902031249998 0.24466019375 0.1687402796875 0.2533980578125 0.1788491453125 0.25048543749999996 0.1842923796875 0.24271844687500002 0.1858475890625 0.2262135921875 0.17729393437500002 0.2184466015625 0.1730171078125 0.2184466015625 0.16407465000000002 0.22038834999999998
0 0.173405909375 0.257281553125 0.166407465625 0.2592233015625 0.160186625 0.26893203906249996 0.161741834375 0.2864077671875 0.1687402796875 0.2941747578125 0.1788491453125 0.2932038828125 0.1842923796875 0.282524271875 0.1842923796875 0.26504854375 0.1804043546875 0.2592233015625 0.1749611203125 0.257281553125 0.173405909375 0.257281553125
0 0.173405909375 0.3 0.16562985937500002 0.3038834953125 0.16251944062499998 0.31067961093749996 0.16251944062499998 0.3310679609375 0.16951788437499998 0.34077669843749997 0.1780715390625 0.3388349515625 0.18273716874999998 0.3310679609375 0.183514775 0.3087378640625 0.1804043546875 0.302912621875 0.1749611203125 0.3 0.173405909375 0.3
0 0.1648522546875 0.352427184375 0.16251944062499998 0.363106796875 0.16407465000000002 0.37961165 0.170295490625 0.38640776718750003 0.17962675 0.38543689375 0.1842923796875 0.37766990312500004 0.1842923796875 0.3563106796875 0.1765163296875 0.3466019421875 0.1718507 0.3466019421875 0.1648522546875 0.352427184375
0 0.16251944062499998 0.4184466015625 0.170295490625 0.432038834375 0.17962675 0.4310679609375 0.185069984375 0.41941747500000004 0.1842923796875 0.3990291265625 0.17729393437500002 0.39126213593750003 0.1718507 0.39126213593750003 0.1632970453125 0.4009708734375 0.16251944062499998 0.4184466015625
0 0.1648522546875 0.46504854375000004 0.170295490625 0.472815534375 0.17962675 0.47184466093750005 0.1842923796875 0.4660194171875 0.185069984375 0.44757281562499995 0.1780715390625 0.4388349515625 0.17262830468749998 0.4388349515625 0.16407465000000002 0.4456310671875 0.1648522546875 0.46504854375000004
0 0.16407465000000002 0.5067961171875 0.1718507 0.517475728125 0.17962675 0.5165048546875 0.1858475890625 0.5087378640625 0.1858475890625 0.48834951406249993 0.1788491453125 0.47864077656250004 0.1718507 0.47864077656250004 0.16407465000000002 0.48737864062499997 0.16407465000000002 0.5067961171875
0 0.1648522546875 0.5300970875 0.16407465000000002 0.5407766984375 0.166407465625 0.55533980625 0.173405909375 0.562135921875 0.1819595640625 0.560194175 0.18662519375 0.5495145625 0.1858475890625 0.5310679609375 0.1788491453125 0.522330096875 0.17262830468749998 0.522330096875 0.1648522546875 0.5300970875
0 0.16562985937500002 0.5757281546875 0.1648522546875 0.592233009375 0.167962675 0.6038834953125 0.1741835140625 0.607766990625 0.18118195937499998 0.6067961171875 0.1874028 0.597087378125 0.18662519375 0.5757281546875 0.17962675 0.567961165625 0.173405909375 0.567961165625 0.16562985937500002 0.5757281546875
0 0.16951788437499998 0.61456310625 0.1648522546875 0.6262135921875001 0.16562985937500002 0.6407766984375 0.173405909375 0.647572815625 0.183514775 0.642718446875 0.1881804046875 0.6339805828125 0.18662519375 0.619417475 0.1804043546875 0.6135922328125 0.175738725 0.6135922328125 0.16951788437499998 0.61456310625
0 0.261275271875 0.6417475734375 0.2558320375 0.647572815625 0.2550544328125 0.6592233015625 0.261275271875 0.667961165625 0.276827371875 0.667961165625 0.2869362359375 0.6592233015625 0.28615863125 0.6485436890625 0.2752721625 0.6417475734375 0.27060653125 0.6417475734375 0.261275271875 0.6417475734375
0 0.295489890625 0.6456310671875001 0.295489890625 0.663106796875 0.30015552031250003 0.666990290625 0.3141524109375 0.667961165625 0.3234836703125 0.6611650484375 0.324261275 0.6504854375 0.3219284609375 0.6436893203125 0.3118195953125 0.6407766984375 0.30559875625 0.6407766984375 0.295489890625 0.6456310671875001
0 0.4313118203125 0.6388349515625 0.4191290828125 0.639805825 0.41446345312500005 0.6446601937499999 0.4129082421875 0.6543689328125 0.41601866249999997 0.663106796875 0.44012441718749995 0.663106796875 0.4432348359375 0.6582524265624999 0.44401244218749997 0.6466019421875 0.44090202187500005 0.6407766984375 0.4354587875 0.6388349515625 0.4313118203125 0.6388349515625
0 0.5147744953125 0.652427184375 0.5108864703125 0.6660194171875 0.511664075 0.6786407765625 0.51866251875 0.687378640625 0.5287713843749999 0.68543689375 0.53421461875 0.6737864078125 0.5334370140625 0.652427184375 0.5256609640625001 0.6446601937499999 0.5217729390625 0.6446601937499999 0.5147744953125 0.652427184375
0 0.5777604984375 0.6582524265624999 0.5738724734375 0.6737864078125 0.574650078125 0.68446601875 0.5793157078125 0.6912621359375 0.5902021765625001 0.6902912625 0.597200621875 0.6805825249999999 0.5956454124999999 0.663106796875 0.5870917578125 0.6533980578125 0.5847589421875 0.6533980578125 0.5777604984375 0.6582524265624999
0 0.639191290625 0.6582524265624999 0.6345256609375001 0.6718446609375001 0.635303265625 0.68446601875 0.6407465 0.6902912625 0.64930015625 0.6902912625 0.6578538109375 0.67961165 0.654743390625 0.660194175 0.646967340625 0.6543689328125 0.6461897359375001 0.6543689328125 0.639191290625 0.6582524265624999
0 0.707620528125 0.6514563109375 0.7013996890625 0.65533980625 0.6959564546875 0.6718446609375001 0.6975116640625 0.68446601875 0.7029548984375 0.6883495140625 0.7130637640625 0.6864077671875 0.7185069984375 0.677669903125 0.71772939375 0.663106796875 0.71384136875 0.6543689328125 0.7091757390625 0.6514563109375 0.707620528125 0.6514563109375
0 0.7690513218749999 0.6504854375 0.7643856921875 0.6533980578125 0.7589424578124999 0.6689320390625 0.7597200625 0.6805825249999999 0.7651632968750001 0.6864077671875 0.77449455625 0.68543689375 0.780715396875 0.6766990296875 0.780715396875 0.662135921875 0.7776049765625 0.6533980578125 0.7737169515625 0.6504854375 0.7690513218749999 0.6504854375
0 0.8250388796875001 0.6543689328125 0.8195956453125 0.6708737859375 0.8203732499999999 0.6815533984375 0.8258164859375 0.6864077671875 0.8367029546874999 0.6834951453125 0.8413685843750001 0.6757281546875 0.839813375 0.6592233015625 0.833592534375 0.6504854375 0.8297045093750001 0.6504854375 0.8250388796875001 0.6543689328125
0 0.8849144640625 0.65533980625 0.8825816484375 0.6699029125 0.883359253125 0.6786407765625 0.8903576984375 0.68446601875 0.898911353125 0.6815533984375 0.902799378125 0.67475728125 0.902799378125 0.6611650484375 0.8965785374999999 0.6485436890625 0.8903576984375 0.6485436890625 0.8849144640625 0.65533980625
0 0.9510108859375 0.6466019421875 0.9455676515624999 0.652427184375 0.9416796265625 0.667961165625 0.9432348359375 0.67961165 0.948678071875 0.6834951453125 0.9572317265624999 0.682524271875 0.9626749609375 0.6757281546875 0.963452565625 0.662135921875 0.9611197515625 0.6504854375 0.9572317265624999 0.6466019421875 0.9510108859375 0.6466019421875