1 0 0.62346986875 0.01055806875 0.6177024484375 0.0158371046875 0.6064030125000001 0.0135746609375 0.5828625234375 0.0082956265625 0.574387946875 0.00226244375 0.57062146875 0 0.57062146875 0 0.62346986875
1 0.048265459375 0.573446328125 0.039969834375 0.56967985 0.0361990953125 0.56967985 0.0218702859375 0.5753295671875 0.018099546875 0.580979284375 0.0173454 0.588512240625 0.0173454 0.602636534375 0.0218702859375 0.6186440671875 0.03242835625 0.6242937859375 0.0460030171875 0.6214689265625 0.0558069375 0.6064030125000001 0.053544495312499996 0.5828625234375 0.048265459375 0.573446328125
1 0.08974358906249999 0.574387946875 0.08220211093749999 0.56967985 0.078431371875 0.56967985 0.06787330312499999 0.57062146875 0.0588235296875 0.5866290015625 0.0588235296875 0.5979284375 0.0618401203125 0.608286253125 0.0663650078125 0.616760828125 0.07541478125 0.6214689265625 0.0904977375 0.615819209375 0.0965309203125 0.6045197734375 0.09426847656250001 0.580979284375 0.08974358906249999 0.574387946875
1 0.12292609375 0.5687382296875 0.11613876249999999 0.5687382296875 0.1093514328125 0.57062146875 0.10105580624999999 0.58380414375 0.10180995468750001 0.6073446328125 0.1070889890625 0.615819209375 0.1146304671875 0.62052730625 0.1297134234375 0.6177024484375 0.1372549015625 0.6064030125000001 0.1372549015625 0.5847457625 0.13122171875 0.573446328125 0.12292609375 0.5687382296875
1 0.168929109375 0.5715630890625001 0.162895928125 0.5687382296875 0.1591251890625 0.5687382296875 0.1508295625 0.57062146875 0.1447963796875 0.5781544249999999 0.141025640625 0.5941619578124999 0.1447963796875 0.6111111109375 0.15535445 0.62052730625 0.1666666671875 0.6195856875 0.1726998484375 0.615819209375 0.1794871796875 0.6035781546875 0.1764705875 0.5819209046875 0.168929109375 0.5715630890625001
1 0.2149321265625 0.566854990625 0.21116138750000002 0.566854990625 0.1938159875 0.5677966109375 0.18552036249999998 0.574387946875 0.1825037703125 0.5932203390625 0.1870286578125 0.6064030125000001 0.20211161406249997 0.61205273125 0.218702865625 0.6007532953125 0.22699849218749998 0.5903954796875001 0.22775263906249998 0.5790960453125 0.2254901953125 0.573446328125 0.2149321265625 0.566854990625
1 0.40648567187499995 0.5630885125 0.4004524890625 0.5630885125 0.3936651578125 0.5677966109375 0.3921568625 0.574387946875 0.39441930625 0.5856873828125 0.3981900453125 0.588512240625 0.442684765625 0.5894538609375 0.4524886875 0.5866290015625 0.45701357500000006 0.5790960453125 0.4562594265625 0.5687382296875 0.4509803921875 0.56403013125 0.40648567187499995 0.5630885125
1 0.560331825 0.56403013125 0.552790346875 0.5612052734375 0.548736803125 0.5612052734375 0.5128205125 0.5630885125 0.5082956265624999 0.5715630890625001 0.5090497734375 0.5800376640625 0.5158371046875 0.5875706218750001 0.533182503125 0.588512240625 0.548265459375 0.595103578125 0.5573152343750001 0.5941619578124999 0.5648567124999999 0.5847457625 0.565610859375 0.57062146875 0.560331825 0.56403013125
1 0.615384615625 0.5612052734375 0.6116138765625 0.5612052734375 0.5972850671875001 0.5630885125 0.5920060328125001 0.574387946875 0.593514328125 0.602636534375 0.5972850671875001 0.6101694921874999 0.6018099546875 0.61299435 0.6161387625 0.6101694921874999 0.6251885374999999 0.5979284375 0.6282051281250001 0.5725047078125 0.6251885374999999 0.5659133703125 0.615384615625 0.5612052734375
1 0.6840120656249999 0.56403013125 0.6726998484375 0.5593220343749999 0.6681749625 0.5593220343749999 0.6568627453125 0.5621468921874999 0.6523378578125001 0.5687382296875 0.6508295625 0.5762711859375 0.65535445 0.5998116765625 0.66138763125 0.609227871875 0.6666666671875 0.61205273125 0.67873303125 0.60546139375 0.6885369531250001 0.5800376640625 0.6877828046875 0.5687382296875 0.6840120656249999 0.56403013125
1 0.7473604828125 0.56967985 0.7413273 0.5612052734375 0.7368024125 0.5593220343749999 0.7324660640625 0.5593220343749999 0.7171945703125 0.560263653125 0.7104072390625 0.57062146875 0.7104072390625 0.5856873828125 0.715686275 0.6035781546875 0.7202111609374999 0.608286253125 0.72624434375 0.609227871875 0.7345399703125 0.6035781546875 0.7405731515625 0.5979284375 0.744343890625 0.5894538609375 0.7473604828125 0.56967985
1 0.7903469078125 0.5574387953125 0.78657616875 0.5574387953125 0.7752639515624999 0.560263653125 0.76923076875 0.57062146875 0.7730015078125 0.5969868171875 0.7820512828124999 0.608286253125 0.7948717953125 0.6064030125000001 0.8016591249999999 0.5979284375 0.806938159375 0.580979284375 0.8061840124999999 0.566854990625 0.8001508296875001 0.560263653125 0.7903469078125 0.5574387953125
1 0.861236803125 0.5593220343749999 0.8552036203125001 0.556497175 0.85143288125 0.556497175 0.837104071875 0.5583804140625 0.831070890625 0.56967985 0.8303167421875 0.57721280625 0.8340874812499999 0.5960451984375 0.8423831078124999 0.60546139375 0.853695325 0.6045197734375 0.8589743593750001 0.5998116765625 0.8634992453124999 0.588512240625 0.8657616890625001 0.5687382296875 0.861236803125 0.5593220343749999
1 0.914781296875 0.5555555562500001 0.910822021875 0.5555555562500001 0.89894419375 0.5555555562500001 0.8936651578125 0.560263653125 0.88989441875 0.5687382296875 0.8929110109374999 0.595103578125 0.8996983406249999 0.60546139375 0.9132730015625 0.6035781546875 0.921568628125 0.5903954796875001 0.9253393671874999 0.5687382296875 0.9223227749999999 0.5612052734375 0.914781296875 0.5555555562500001
1 0.9690799390624999 0.553672315625 0.9555052796875 0.5574387953125 0.9502262437500001 0.56967985 0.9539969828125001 0.595103578125 0.9615384609375001 0.6035781546875 0.9736048265624999 0.6007532953125 0.98039215625 0.5894538609375 0.9834087484375 0.5677966109375 0.98039215625 0.5574387953125 0.974358975 0.553672315625 0.9690799390624999 0.553672315625
0 0.234075878125 0 0.23303167343750003 0.0028248593749999997 0.23604826562499998 0.016949153124999998 0.24132729999999997 0.02165725 0.25037707343750004 0.0197740109375 0.255656109375 0.011299434375 0.2561884484375 0 0.234075878125 0
0 0.215686275 0.0131826734375 0.21342383125 0.020715631249999998 0.214177978125 0.039548021875 0.218702865625 0.046139359375 0.2254901953125 0.045197740624999996 0.23529411718749998 0.026365348437500002 0.23378582187500002 0.017890771875 0.2254901953125 0.0094161953125 0.2224736046875 0.0094161953125 0.215686275 0.0131826734375
0 0.23604826562499998 0.033898304687500005 0.23076923124999998 0.0470809796875 0.23227752656249998 0.055555556250000006 0.24132729999999997 0.0649717515625 0.2481146296875 0.0649717515625 0.2526395171875 0.0583804140625 0.25414781249999996 0.034839925 0.2481146296875 0.0282485875 0.24132729999999997 0.0282485875 0.23604826562499998 0.033898304687500005
0 0.2254901953125 0.056497175 0.2202111609375 0.0574387953125 0.2171945703125 0.066854990625 0.2171945703125 0.080979284375 0.2194570140625 0.0866290015625 0.22398189999999998 0.08945386093749999 0.23076923124999998 0.088512240625 0.2420814484375 0.078154425 0.24057315156249998 0.0677966109375 0.229260934375 0.056497175 0.2254901953125 0.056497175
0 0.22850678750000003 0.095103578125 0.22398189999999998 0.102636534375 0.2247360484375 0.1111111109375 0.23378582187500002 0.11864406718750001 0.244343890625 0.1177024484375 0.25113122187500003 0.11016949218750001 0.2518853703125 0.0932203390625 0.2450980390625 0.087570621875 0.24057315156249998 0.087570621875 0.22850678750000003 0.095103578125
0 0.2224736046875 0.12806026406249998 0.2202111609375 0.1384180796875 0.22322775312499998 0.1487758953125 0.23227752656249998 0.1534839921875 0.246606334375 0.147834275 0.24962292656249999 0.1384180796875 0.2458521875 0.126177025 0.23529411718749998 0.122410546875 0.23152337812499998 0.122410546875 0.2224736046875 0.12806026406249998
0 0.22624434375 0.1600753296875 0.2224736046875 0.1676082859375 0.2247360484375 0.186440678125 0.23378582187500002 0.1920903953125 0.2428355953125 0.1883239171875 0.248868778125 0.173258003125 0.2473604828125 0.16195856875 0.23906485625 0.1572504703125 0.23378582187500002 0.1572504703125 0.22624434375 0.1600753296875
0 0.23378582187500002 0.19491525468749998 0.22699849218749998 0.200564971875 0.22398189999999998 0.208097928125 0.2247360484375 0.221280603125 0.22699849218749998 0.2269303203125 0.23303167343750003 0.23163841875000002 0.2420814484375 0.2297551796875 0.2473604828125 0.21845574375000001 0.2473604828125 0.20338983124999999 0.23906485625 0.19491525468749998 0.23378582187500002 0.19491525468749998
0 0.22775263906249998 0.2419962328125 0.2254901953125 0.25329566875 0.22699849218749998 0.2693032015625 0.23303167343750003 0.2768361578125 0.24057315156249998 0.2758945390625 0.2458521875 0.26836158125 0.246606334375 0.2457627125 0.24057315156249998 0.2372881359375 0.23680241249999998 0.2372881359375 0.22775263906249998 0.2419962328125
0 0.23604826562499998 0.282485875 0.22775263906249998 0.28907721249999996 0.22624434375 0.299435028125 0.22699849218749998 0.3145009421875 0.23076923124999998 0.31920903906250003 0.23755656093750002 0.32109227812499996 0.246606334375 0.3145009421875 0.2481146296875 0.3013182671875 0.246606334375 0.28907721249999996 0.23906485625 0.282485875 0.23604826562499998 0.282485875
0 0.22775263906249998 0.33145009375 0.22624434375 0.3502824859375 0.22850678750000003 0.35969868125 0.23755656093750002 0.3653484 0.2458521875 0.3615819203125 0.2481146296875 0.3540489640625 0.2473604828125 0.3333333328125 0.24057315156249998 0.3258003765625 0.23529411718749998 0.3258003765625 0.22775263906249998 0.33145009375
0 0.22850678750000003 0.39548022656250004 0.23378582187500002 0.404896421875 0.2420814484375 0.40395480156249997 0.2473604828125 0.398305084375 0.2481146296875 0.3804143125 0.2420814484375 0.37193973593749996 0.23529411718749998 0.37193973593749996 0.22775263906249998 0.37947269375000003 0.22850678750000003 0.39548022656250004
0 0.22775263906249998 0.419020715625 0.22775263906249998 0.43691148750000003 0.23303167343750003 0.447269303125 0.23755656093750002 0.44821092343749996 0.2450980390625 0.44632768437500003 0.24962292656249999 0.4340866296875 0.2481146296875 0.4171374765625 0.2428355953125 0.4105461390625 0.23604826562499998 0.4105461390625 0.22775263906249998 0.419020715625
0 0.23152337812499998 0.4557438796875 0.22850678750000003 0.461393596875 0.22850678750000003 0.47928436874999997 0.23378582187500002 0.4905838046875 0.2420814484375 0.4905838046875 0.248868778125 0.4839924671875 0.2481146296875 0.4585687375 0.2398190046875 0.45291902031250003 0.23680241249999998 0.45291902031250003 0.23152337812499998 0.4557438796875
0 0.22850678750000003 0.5065913375 0.22850678750000003 0.5188323921875 0.23076923124999998 0.531073446875 0.23755656093750002 0.534839925 0.2481146296875 0.531073446875 0.25037707343750004 0.524482109375 0.248868778125 0.502824859375 0.2428355953125 0.497175140625 0.23680241249999998 0.497175140625 0.22850678750000003 0.5065913375
0 0.23755656093750002 0.5404896421875 0.23227752656249998 0.54237288125 0.22850678750000003 0.5508474578125 0.22850678750000003 0.5621468921874999 0.23227752656249998 0.57062146875 0.23755656093750002 0.574387946875 0.2458521875 0.5725047078125 0.2518853703125 0.56403013125 0.248868778125 0.545197740625 0.2420814484375 0.5404896421875 0.23755656093750002 0.5404896421875
0 0.3408748109375 0.5649717515625 0.32956259375 0.5649717515625 0.32428355937500003 0.5677966109375 0.32126696875 0.57721280625 0.3250377078125 0.588512240625 0.34238310781250003 0.5903954796875001 0.3506787328125 0.5866290015625 0.353695325 0.5828625234375 0.353695325 0.5725047078125 0.34464554999999997 0.5649717515625 0.3408748109375 0.5649717515625
0 0.36199095 0.566854990625 0.35972850625 0.573446328125 0.361236803125 0.5856873828125 0.37028657656249997 0.5903954796875001 0.3861236796875 0.5875706218750001 0.389140271875 0.5725047078125 0.3861236796875 0.5659133703125 0.3800904984375 0.56403013125 0.37481146249999997 0.56403013125 0.36199095 0.566854990625
0 0.49321267031250005 0.5621468921874999 0.48114630468749997 0.5630885125 0.47737556562499994 0.566854990625 0.4758672703125 0.5781544249999999 0.479638009375 0.5866290015625 0.49924585156249995 0.5875706218750001 0.5045248875 0.5828625234375 0.5060331828125 0.56967985 0.5022624437500001 0.56403013125 0.496983409375 0.5621468921874999 0.49321267031250005 0.5621468921874999
0 0.5716440421875 0.5762711859375 0.5671191546875 0.59227871875 0.5686274515624999 0.6045197734375 0.5769230765625 0.6111111109375 0.58597285 0.6073446328125 0.5897435890625 0.59887005625 0.58823529375 0.5762711859375 0.5814479640625 0.56967985 0.57993966875 0.56967985 0.5716440421875 0.5762711859375
0 0.6417797890625 0.5762711859375 0.638763196875 0.5762711859375 0.63122171875 0.5828625234375 0.6282051281250001 0.595103578125 0.6289592765625 0.6073446328125 0.63122171875 0.61205273125 0.63574660625 0.6139359703125 0.641025640625 0.6139359703125 0.6485671187500001 0.608286253125 0.6515837109375 0.59887005625 0.6485671187500001 0.58380414375 0.6417797890625 0.5762711859375
0 0.6998491703124999 0.57721280625 0.6923076921875 0.580979284375 0.6870286578125 0.5960451984375 0.6892911015625 0.608286253125 0.6953242828125 0.61299435 0.7043740578125 0.6101694921874999 0.7096530921875 0.6035781546875 0.7096530921875 0.5903954796875001 0.7051282046875 0.5800376640625 0.70060331875 0.57721280625 0.6998491703124999 0.57721280625
0 0.7526395171875 0.5781544249999999 0.746606334375 0.5960451984375 0.746606334375 0.6035781546875 0.7518853703125 0.6101694921874999 0.7594268484375 0.6101694921874999 0.768476621875 0.5998116765625 0.7677224734375 0.5866290015625 0.76093514375 0.5753295671875 0.7579185515625 0.5753295671875 0.7526395171875 0.5781544249999999
0 0.8190045250000001 0.573446328125 0.811463046875 0.5790960453125 0.8084464562499999 0.588512240625 0.8076923078125 0.59887005625 0.8129713421875 0.608286253125 0.8235294124999999 0.6073446328125 0.8295625937500001 0.59887005625 0.828808446875 0.5828625234375 0.8250377078125 0.5753295671875 0.8197586734375 0.573446328125 0.8190045250000001 0.573446328125
0 0.8717948718749999 0.57721280625 0.8665158375 0.5941619578124999 0.8680241328125 0.6045197734375 0.8740573156250001 0.608286253125 0.8815987937499999 0.6064030125000001 0.8876319765625 0.5969868171875 0.8853695328125 0.57721280625 0.8808446453125001 0.573446328125 0.87707390625 0.573446328125 0.8717948718749999 0.57721280625
0 0.9306184015625 0.57721280625 0.927601809375 0.5932203390625 0.927601809375 0.5998116765625 0.9328808453124999 0.6064030125000001 0.9419306187500001 0.60546139375 0.9479638015624999 0.5979284375 0.9464555046875001 0.580979284375 0.9411764703125 0.5715630890625001 0.9358974359375001 0.5715630890625001 0.9306184015625 0.57721280625
0 1 0.56967985 0.9947209656249999 0.56967985 0.9879336343749999 0.57721280625 0.98491704375 0.5894538609375 0.9871794875000001 0.602636534375 0.9924585218749999 0.60546139375 1 0.6037493578124999 1 0.56967985
1 0.25867270000000003 0.5649717515625 0.24962292656249999 0.57721280625 0.25113122187500003 0.5847457625 0.25867270000000003 0.5903954796875001 0.306938159375 0.5903954796875001 0.31447963749999996 0.5866290015625 0.3174962296875 0.580979284375 0.31674208125000003 0.5725047078125 0.30995475156249996 0.5659133703125 0.261689290625 0.5649717515625 0.25867270000000003 0.5649717515625