1 0.27638888906250003 0.5920138890625 0.27569444375 0.5842013890625 0.2708333328125 0.578125 0.2576388890625 0.5763888890625 0.23541666718749998 0.5763888890625 0.2125 0.5842013890625 0.2104166671875 0.5876736109375 0.2125 0.598090278125 0.2201388890625 0.6015625 0.26527777812500003 0.6006944437499999 0.27638888906250003 0.5920138890625
1 0.19375 0.613715278125 0.20069444375 0.5998263890625 0.1986111109375 0.5885416671875 0.19305555624999998 0.581597221875 0.1861111109375 0.5789930562500001 0.172222221875 0.5798611109375 0.16180555624999998 0.5928819437499999 0.16319444375 0.612847221875 0.1729166671875 0.6241319437499999 0.1770833328125 0.625 0.19375 0.613715278125
1 0.15555555625 0.620659721875 0.1583333328125 0.613715278125 0.1583333328125 0.597222221875 0.15 0.582465278125 0.13333333281249998 0.5807291671875 0.127777778125 0.5850694437499999 0.125 0.5928819437499999 0.125 0.613715278125 0.13055555624999998 0.625 0.14305555625 0.6276041671875 0.15555555625 0.620659721875
1 0.11736111093749999 0.620659721875 0.1208333328125 0.612847221875 0.1208333328125 0.597222221875 0.11388888906250001 0.5833333328125 0.10555555624999999 0.5798611109375 0.09652777812499999 0.5807291671875 0.0875 0.5920138890625 0.08680555625 0.612847221875 0.09444444375 0.6258680562500001 0.10833333281249999 0.6276041671875 0.11736111093749999 0.620659721875
1 0.0701388890625 0.628472221875 0.0791666671875 0.620659721875 0.0826388890625 0.6015625 0.07638888906249999 0.5850694437499999 0.061111110937500004 0.5807291671875 0.05208333281250001 0.5850694437499999 0.0486111109375 0.5911458328125 0.0486111109375 0.6145833328125 0.0548611109375 0.625 0.060416667187499995 0.628472221875 0.0701388890625 0.628472221875
1 0.040972221875 0.6241319437499999 0.0458333328125 0.6145833328125 0.04305555625 0.5920138890625 0.034722221875 0.582465278125 0.01805555625 0.582465278125 0.013888889062500001 0.5859375 0.010416667187500001 0.5963541671875 0.0111111109375 0.6154513890625 0.0166666671875 0.6302083328125 0.03194444375 0.6302083328125 0.040972221875 0.6241319437499999
1 0.375 0.597222221875 0.38125 0.5885416671875 0.3770833328125 0.578125 0.37013888906250003 0.5755208328125 0.33055555625 0.5755208328125 0.321527778125 0.581597221875 0.321527778125 0.59375 0.3291666671875 0.6006944437499999 0.36875 0.5998263890625 0.375 0.597222221875
1 0.4791666671875 0.597222221875 0.4875 0.5876736109375 0.48680555625000005 0.5789930562500001 0.477777778125 0.573784721875 0.43680555625000006 0.573784721875 0.4298611109375 0.5772569437499999 0.428472221875 0.590277778125 0.43194444374999996 0.5963541671875 0.43819444374999994 0.5989583328125 0.4791666671875 0.597222221875
1 0.54444444375 0.6189236109375 0.553472221875 0.6076388890625 0.5576388890625 0.582465278125 0.5479166671875 0.573784721875 0.5326388890625 0.573784721875 0.527777778125 0.5798611109375 0.5243055562500001 0.597222221875 0.5229166671875001 0.609375 0.52569444375 0.6171875 0.5333333328125 0.621527778125 0.54444444375 0.6189236109375
1 0.602777778125 0.6145833328125 0.6076388890625 0.6076388890625 0.61180555625 0.5911458328125 0.6111111109375 0.5798611109375 0.60555555625 0.573784721875 0.5868055562500001 0.5720486109375 0.58194444375 0.573784721875 0.577777778125 0.5807291671875 0.577777778125 0.5963541671875 0.5833333328125 0.613715278125 0.590972221875 0.6197916671875 0.602777778125 0.6145833328125
1 0.659027778125 0.613715278125 0.6666666671875 0.5920138890625 0.6666666671875 0.5798611109375 0.66180555625 0.573784721875 0.6416666671875 0.5711805562500001 0.6354166671875 0.574652778125 0.6319444437499999 0.581597221875 0.634027778125 0.6041666671875 0.6416666671875 0.6171875 0.647222221875 0.6189236109375 0.659027778125 0.613715278125
1 0.7173611109375 0.6076388890625 0.7229166671875 0.5842013890625 0.7194444437499999 0.574652778125 0.7048611109375 0.5694444437499999 0.696527778125 0.5711805562500001 0.690972221875 0.578125 0.690277778125 0.5989583328125 0.6972222218749999 0.6145833328125 0.70694444375 0.6163194437499999 0.7173611109375 0.6076388890625
1 0.772222221875 0.6076388890625 0.777777778125 0.5859375 0.775 0.574652778125 0.765277778125 0.5694444437499999 0.7520833328125 0.5694444437499999 0.74375 0.5798611109375 0.746527778125 0.605902778125 0.7513888890625 0.613715278125 0.76319444375 0.6154513890625 0.772222221875 0.6076388890625
1 0.8222222218749999 0.6111111109375 0.8263888890625 0.605902778125 0.83194444375 0.5833333328125 0.828472221875 0.5720486109375 0.821527778125 0.5677083328125 0.8125 0.5677083328125 0.8048611109375001 0.5711805562500001 0.80069444375 0.5772569437499999 0.8 0.590277778125 0.8041666671875 0.6067708328125 0.8125 0.613715278125 0.8222222218749999 0.6111111109375
1 0.878472221875 0.6085069437499999 0.8861111109375001 0.5859375 0.8826388890624999 0.5703125 0.8729166671874999 0.565972221875 0.8645833328125001 0.566840278125 0.85625 0.574652778125 0.8548611109375001 0.5911458328125 0.8611111109375 0.6111111109375 0.872222221875 0.612847221875 0.878472221875 0.6085069437499999
1 0.93194444375 0.6076388890625 0.9368055562500001 0.5989583328125 0.9395833328125001 0.5833333328125 0.9361111109375001 0.5677083328125 0.9208333328125 0.5651041671875 0.9104166671874999 0.574652778125 0.909722221875 0.590277778125 0.9145833328125 0.6067708328125 0.91944444375 0.6111111109375 0.93194444375 0.6076388890625
1 0.9854166671875 0.6085069437499999 0.99444444375 0.5833333328125 0.9923611109375001 0.5685763890625 0.9875 0.5642361109375 0.97430555625 0.5633680562500001 0.96875 0.565972221875 0.96319444375 0.5755208328125 0.96319444375 0.5885416671875 0.9694444437499999 0.6067708328125 0.9736111109375001 0.6102430562500001 0.9854166671875 0.6085069437499999
0 0.19305555624999998 0 0.19375 0.0173611109375 0.20138888906250002 0.02256944375 0.2125 0.019097221875 0.21805555625 0.0078125 0.2173611109375 0 0.19305555624999998 0
0 0.23680555625 0.034722221875 0.23958333281250002 0.01649305625 0.23541666718749998 0.010416667187500001 0.225 0.00868055625 0.2173611109375 0.019965278125 0.21805555625 0.03211805625 0.2208333328125 0.0364583328125 0.228472221875 0.0390625 0.23680555625 0.034722221875
0 0.2166666671875 0.0494791671875 0.21805555625 0.0407986109375 0.2138888890625 0.0295138890625 0.20347222187499997 0.027777778125000003 0.197222221875 0.0338541671875 0.196527778125 0.050347221875 0.20069444375 0.059027778125 0.20833333281250002 0.059027778125 0.2166666671875 0.0494791671875
0 0.23402777812500003 0.073784721875 0.23680555625 0.065972221875 0.23680555625 0.051215278125 0.23333333281250002 0.04600694375 0.22430555624999998 0.0451388890625 0.2166666671875 0.055555556250000006 0.21597222187499998 0.06336805625 0.2208333328125 0.07552083281250001 0.228472221875 0.078125 0.23402777812500003 0.073784721875
0 0.2166666671875 0.089409721875 0.21805555625 0.074652778125 0.20833333281250002 0.06510416718749999 0.19930555625 0.07204861093750001 0.1986111109375 0.09548611093750001 0.20208333281250002 0.10069444375 0.2076388890625 0.10069444375 0.2166666671875 0.089409721875
0 0.23333333281250002 0.1145833328125 0.23541666718749998 0.09114583281250001 0.23263888906250002 0.08506944375 0.22152777812500002 0.0859375 0.215277778125 0.097222221875 0.21458333281250003 0.105902778125 0.2208333328125 0.1154513890625 0.228472221875 0.11805555625 0.23333333281250002 0.1145833328125
0 0.22430555624999998 0.1302083328125 0.2236111109375 0.1232638890625 0.2138888890625 0.1111111109375 0.20833333281250002 0.109375 0.20208333281250002 0.1145833328125 0.20138888906250002 0.13107638906250002 0.20486111093749998 0.13888888906250002 0.21597222187499998 0.13888888906250002 0.22430555624999998 0.1302083328125
0 0.23263888906250002 0.15972222187500001 0.23263888906250002 0.1458333328125 0.22638888906250001 0.13975694375 0.21458333281250003 0.1432291671875 0.2076388890625 0.15017361093749998 0.20694444375 0.16232638906250002 0.21458333281250003 0.16840277812499999 0.22430555624999998 0.16840277812499999 0.23263888906250002 0.15972222187500001
0 0.22638888906250001 0.230902778125 0.2298611109375 0.21875 0.2298611109375 0.21180555625 0.22638888906250001 0.206597221875 0.215277778125 0.20399305625 0.20694444375 0.21180555625 0.20625 0.22395833281250002 0.20972222187499998 0.23263888906250002 0.2173611109375 0.23524305625 0.22638888906250001 0.230902778125
0 0.23055555625 0.1927083328125 0.23125 0.18142361093749998 0.22430555624999998 0.17274305625 0.21180555625 0.17274305625 0.20555555625 0.18055555625 0.20555555625 0.1927083328125 0.21180555625 0.19965277812499999 0.2201388890625 0.20052083281250002 0.23055555625 0.1927083328125
0 0.22916666718749998 0.24739583281250002 0.22569444375 0.24131944375 0.21597222187499998 0.23958333281250002 0.20833333281250002 0.24826388906250002 0.2104166671875 0.26909722187499996 0.2173611109375 0.27256944375000003 0.22638888906250001 0.2682291671875 0.22916666718749998 0.24739583281250002
0 0.22569444375 0.31163194375000003 0.22916666718749998 0.3029513890625 0.2270833328125 0.28211805624999997 0.22152777812500002 0.27777777812500004 0.215277778125 0.2786458328125 0.20972222187499998 0.28819444375000003 0.209027778125 0.30121527812500004 0.21180555625 0.3107638890625 0.215277778125 0.31336805624999997 0.22569444375 0.31163194375000003
0 0.22916666718749998 0.34288194375000003 0.22916666718749998 0.32899305624999997 0.22638888906250001 0.3229166671875 0.21944444375 0.31944444375000003 0.21111111093749999 0.3263888890625 0.21111111093749999 0.3454861109375 0.215277778125 0.3498263890625 0.225 0.3489583328125 0.22916666718749998 0.34288194375000003
0 0.2298611109375 0.3810763890625 0.228472221875 0.3611111109375 0.22430555624999998 0.35590277812500004 0.2173611109375 0.35590277812500004 0.2104166671875 0.3645833328125 0.21111111093749999 0.38368055624999997 0.2166666671875 0.38975694375000003 0.225 0.3888888890625 0.2298611109375 0.3810763890625
0 0.22777777812500002 0.42621527812500004 0.23055555625 0.41493055625 0.22916666718749998 0.4001736109375 0.22430555624999998 0.39496527812500004 0.2173611109375 0.39496527812500004 0.21111111093749999 0.40190972187499996 0.2104166671875 0.4166666671875 0.21319444375000002 0.42621527812500004 0.215277778125 0.42881944375 0.22777777812500002 0.42621527812500004
0 0.23125 0.4609375 0.22916666718749998 0.4401041671875 0.2201388890625 0.4348958328125 0.21111111093749999 0.44444444375 0.21180555625 0.46527777812500004 0.2173611109375 0.4704861109375 0.228472221875 0.46788194375 0.23125 0.4609375
0 0.228472221875 0.5069444437499999 0.23125 0.5017361109375 0.22916666718749998 0.48090277812500004 0.22430555624999998 0.4765625 0.21458333281250003 0.4791666671875 0.21111111093749999 0.48524305625 0.21319444375000002 0.5052083328125 0.2173611109375 0.5095486109375 0.228472221875 0.5069444437499999
0 0.23194444375 0.5407986109375 0.2298611109375 0.519965278125 0.2201388890625 0.5147569437499999 0.2125 0.5225694437499999 0.21319444375000002 0.5442708328125 0.2166666671875 0.546875 0.22916666718749998 0.5451388890625 0.23194444375 0.5407986109375
0 0.23333333281250002 0.5729166671875 0.23194444375 0.5598958328125 0.22638888906250001 0.5529513890625 0.215277778125 0.5546875 0.21180555625 0.5625 0.21111111093749999 0.5772569437499999 0.21458333281250003 0.5807291671875 0.2298611109375 0.5772569437499999 0.23333333281250002 0.5729166671875
0 0.31805555625 0.589409721875 0.3138888890625 0.5772569437499999 0.2958333328125 0.5763888890625 0.2888888890625 0.5833333328125 0.28958333281250004 0.5954861109375 0.2979166671875 0.6006944437499999 0.31180555625 0.5998263890625 0.31805555625 0.589409721875
0 0.425 0.5911458328125 0.425 0.5798611109375 0.41944444374999995 0.574652778125 0.40277777812500004 0.5755208328125 0.397222221875 0.5798611109375 0.396527778125 0.590277778125 0.40277777812500004 0.598090278125 0.41944444374999995 0.598090278125 0.425 0.5911458328125
0 0.5229166671875001 0.598090278125 0.5236111109375 0.5772569437499999 0.5125 0.573784721875 0.503472221875 0.5842013890625 0.503472221875 0.6015625 0.5097222218749999 0.6076388890625 0.5166666671875 0.6085069437499999 0.5229166671875001 0.598090278125
0 0.577777778125 0.6154513890625 0.5770833328125 0.598090278125 0.5722222218749999 0.590277778125 0.5638888890625 0.589409721875 0.5583333328125 0.598090278125 0.55625 0.612847221875 0.5604166671875 0.620659721875 0.571527778125 0.621527778125 0.577777778125 0.6154513890625
0 0.6319444437499999 0.609375 0.6298611109375 0.5954861109375 0.6229166671875 0.5885416671875 0.6145833328125 0.59375 0.6111111109375 0.605902778125 0.6125 0.6189236109375 0.61875 0.621527778125 0.6291666671875 0.6163194437499999 0.6319444437499999 0.609375
0 0.6875 0.6076388890625 0.6861111109375 0.5911458328125 0.68194444375 0.5850694437499999 0.6729166671875 0.5859375 0.6673611109375 0.5989583328125 0.6666666671875 0.6076388890625 0.6701388890625 0.6163194437499999 0.6805555562500001 0.6154513890625 0.6875 0.6076388890625
0 0.740972221875 0.6111111109375 0.7423611109375 0.5998263890625 0.73819444375 0.5876736109375 0.7291666671875 0.5868055562500001 0.72430555625 0.5954861109375 0.722222221875 0.605902778125 0.72430555625 0.6163194437499999 0.7326388890625 0.6180555562500001 0.740972221875 0.6111111109375
0 0.7986111109375 0.6076388890625 0.7986111109375 0.597222221875 0.79375 0.5850694437499999 0.784722221875 0.5859375 0.7798611109375 0.5954861109375 0.7791666671875 0.6085069437499999 0.7819444437499999 0.6145833328125 0.7916666671875 0.6154513890625 0.7986111109375 0.6076388890625
0 0.84930555625 0.6111111109375 0.8520833328125 0.5998263890625 0.8479166671874999 0.5842013890625 0.8395833328125001 0.5842013890625 0.8340277781250001 0.5954861109375 0.8326388890624999 0.6085069437499999 0.8361111109375001 0.613715278125 0.84375 0.6145833328125 0.84930555625 0.6111111109375
0 0.9055555562500001 0.6085069437499999 0.9076388890624999 0.598090278125 0.9041666671874999 0.582465278125 0.89375 0.582465278125 0.88819444375 0.5946180562500001 0.8875 0.6067708328125 0.8923611109375 0.613715278125 0.8986111109375001 0.613715278125 0.9055555562500001 0.6085069437499999
0 0.9590277781250001 0.6076388890625 0.959722221875 0.589409721875 0.95625 0.5807291671875 0.9479166671874999 0.581597221875 0.9416666671874999 0.5954861109375 0.9416666671874999 0.6076388890625 0.9451388890624999 0.6111111109375 0.952777778125 0.6119791671875 0.9590277781250001 0.6076388890625