1 0.0059612515625000004 0.6480446921875 0.0126676609375 0.6592178765625001 0.0245901640625 0.662942271875 0.0387481375 0.6536312843750001 0.0417287625 0.631284915625 0.0342771984375 0.6154562390625 0.01788375625 0.61173184375 0.008941878125 0.6173184359375 0.0052160953125 0.6238361265625 0.0059612515625000004 0.6480446921875
1 0.0461997015625 0.6266294234374999 0.0454545453125 0.6396648046875 0.052906110937499994 0.658286778125 0.06706408281250001 0.6620111734374999 0.0774962734375 0.6573556796875 0.0819672125 0.6489757921875 0.0819672125 0.6256983234375 0.07377049218750001 0.613594040625 0.06706408281250001 0.6108007453125001 0.054396423437499994 0.6126629421875001 0.0461997015625 0.6266294234374999
1 0.0871833078125 0.622905028125 0.0864381515625 0.6461824953125 0.091654246875 0.6573556796875 0.100596125 0.6620111734374999 0.110283159375 0.6620111734374999 0.11922503749999999 0.6554934828125 0.1236959765625 0.6350093109375 0.1222056625 0.6266294234374999 0.11400894218749999 0.6126629421875001 0.0991058125 0.6108007453125001 0.0871833078125 0.622905028125
1 0.13859910625 0.6480446921875 0.169150521875 0.6340782125 0.17809239999999998 0.624767225 0.1758569296875 0.6154562390625 0.1631892703125 0.60707635 0.13859910625 0.6089385468749999 0.1266766015625 0.62104283125 0.128912071875 0.6396648046875 0.13859910625 0.6480446921875
1 0.23695976093749999 0.6331471140625 0.28166915000000003 0.632216015625 0.291356184375 0.6219739296875 0.289865871875 0.6126629421875001 0.28092399375 0.60707635 0.2339791359375 0.60707635 0.2272727265625 0.6126629421875001 0.22652757031249998 0.624767225 0.23695976093749999 0.6331471140625
1 0.34128166875 0.624767225 0.3472429203125 0.631284915625 0.39195230937500003 0.6303538171875 0.399403875 0.6266294234374999 0.40461997031249997 0.6182495343750001 0.4031296578125 0.6108007453125001 0.3949329359375 0.605214153125 0.34947839062499997 0.605214153125 0.34128166875 0.61173184375 0.34128166875 0.624767225
1 0.4560357671875 0.62011173125 0.45976154999999996 0.6284916203125 0.4858420265625 0.6433892 0.4985096875 0.63873370625 0.5059612515625 0.622905028125 0.5044709390625 0.609869646875 0.4955290609375 0.6042830546875 0.46497764531249997 0.6033519546874999 0.4567809234375 0.609869646875 0.4560357671875 0.62011173125
1 0.529061103125 0.6145251390625 0.531296571875 0.6396648046875 0.5365126671875 0.6489757921875 0.5424739187500001 0.6545623843749999 0.5558867359375 0.649906890625 0.5655737703125 0.6238361265625 0.5633383015625 0.6089385468749999 0.5536512671875 0.6033519546874999 0.5387481375000001 0.6033519546874999 0.5335320421875 0.6061452515625 0.529061103125 0.6145251390625
1 0.587928465625 0.6108007453125001 0.5871833078125 0.627560521875 0.5931445609375 0.64711359375 0.600596125 0.6517690875000001 0.6117734718750001 0.6489757921875 0.62146050625 0.632216015625 0.6222056625 0.609869646875 0.6132637859375001 0.6033519546874999 0.5968703421875 0.60242085625 0.591654246875 0.6042830546875 0.587928465625 0.6108007453125001
1 0.6445603578125 0.627560521875 0.6527570796875 0.6461824953125 0.6676602093749999 0.6480446921875 0.6773472421875 0.6396648046875 0.6840536515625 0.6154562390625 0.67883755625 0.605214153125 0.657973175 0.6005586593750001 0.652011921875 0.60242085625 0.6445603578125 0.61173184375 0.6445603578125 0.627560521875
1 0.712369596875 0.6443202984374999 0.7250372578125 0.6489757921875 0.7354694484375 0.640595903125 0.74217585625 0.6154562390625 0.7369597609375 0.60242085625 0.7160953796875 0.6005586593750001 0.7071535015625 0.6108007453125001 0.7071535015625 0.6284916203125 0.712369596875 0.6443202984374999
1 0.7652757078125 0.6284916203125 0.769001490625 0.640595903125 0.7749627421875 0.6480446921875 0.7831594640625 0.6489757921875 0.7950819671875 0.6396648046875 0.80104321875 0.6145251390625 0.7950819671875 0.6014897578125 0.7757078984375 0.5986964625 0.7645305515625 0.6108007453125001 0.7652757078125 0.6284916203125
1 0.8263785390624999 0.6061452515625 0.8248882265624999 0.62011173125 0.828614009375 0.63873370625 0.8368107296874999 0.6461824953125 0.849478390625 0.6424581 0.8554396421874999 0.631284915625 0.85842026875 0.6154562390625 0.8561847984375 0.60242085625 0.850968703125 0.5977653625 0.8353204171874999 0.5977653625 0.8263785390624999 0.6061452515625
1 0.8852459015624999 0.6042830546875 0.8830104328124999 0.62011173125 0.8882265281249999 0.640595903125 0.8964232484375 0.6461824953125 0.9053651265625 0.6443202984374999 0.9150521609375 0.6238361265625 0.9165424734375 0.609869646875 0.9135618484375 0.6005586593750001 0.9068554390625 0.595903165625 0.8934426234374999 0.595903165625 0.8852459015624999 0.6042830546875
1 0.94187779375 0.62011173125 0.9463487328125 0.6378026078125 0.9545454546875 0.6433892 0.9664679578125 0.640595903125 0.9746646796875 0.62104283125 0.972429209375 0.5977653625 0.9649776453125 0.59404096875 0.9508196718749999 0.5949720671875001 0.9426229515625 0.605214153125 0.94187779375 0.62011173125
0 0.9940387484375 0.6415270015625001 0.9970193734375 0.6266294234374999 0.991803278125 0.6108007453125001 0.9828614015625 0.6126629421875001 0.97764530625 0.622905028125 0.9769001484375 0.63873370625 0.98062593125 0.645251396875 0.9940387484375 0.6415270015625001
0 0.1715006296875 0 0.1751117734375 0.006517690625 0.1840536515625 0.006517690625 0.1912257828125 0 0.1715006296875 0
0 0.1453055140625 0 0.1430700453125 0.011173184375 0.14605067031250002 0.0232774671875 0.15126676562500002 0.0279329609375 0.1631892703125 0.024208565625 0.169150521875 0.0121042828125 0.168405365625 0.0027932953125 0.1653315953125 0 0.1453055140625 0
0 0.17287630468749998 0.0446927375 0.1825633390625 0.046554934375 0.188524590625 0.0409683421875 0.191505215625 0.0260707640625 0.189269746875 0.015828678125000002 0.1773472421875 0.01303538125 0.168405365625 0.024208565625 0.168405365625 0.0363128484375 0.17287630468749998 0.0446927375
0 0.150521609375 0.06703910625000001 0.15871833125 0.06797020468750001 0.16616989531249998 0.060521415625 0.169150521875 0.0437616390625 0.1631892703125 0.035381750000000003 0.15275707968750002 0.034450651562500004 0.1467958265625 0.0409683421875 0.1467958265625 0.0595903171875 0.150521609375 0.06703910625000001
0 0.170640834375 0.08472998125 0.1766020859375 0.091247671875 0.18330849531249999 0.0903165734375 0.189269746875 0.0707635015625 0.1870342765625 0.0567970203125 0.17809239999999998 0.053072625 0.169895678125 0.0595903171875 0.1669150515625 0.07541899375 0.170640834375 0.08472998125
0 0.149031296875 0.105214153125 0.15275707968750002 0.11173184375 0.1594634875 0.11266294218749999 0.168405365625 0.10242085625 0.17138599062499998 0.0949720671875 0.169895678125 0.086592178125 0.16020864375 0.07541899375 0.15499254843750002 0.07541899375 0.149031296875 0.0819366859375 0.149031296875 0.105214153125
0 0.1669150515625 0.12942271875 0.1795827125 0.13221601562500002 0.1855439640625 0.1256983234375 0.1862891203125 0.10242085625 0.18330849531249999 0.0986964625 0.1751117734375 0.0986964625 0.16393442656249999 0.113594040625 0.1624441125 0.12197392968750001 0.1669150515625 0.12942271875
0 0.15275707968750002 0.13594040937500002 0.15275707968750002 0.1517690875 0.1564828609375 0.1592178765625 0.1654247390625 0.1620111734375 0.17809239999999998 0.1554934828125 0.18032786875 0.1443202984375 0.1766020859375 0.1378026078125 0.1631892703125 0.1303538171875 0.15573770468749998 0.13221601562500002 0.15275707968750002 0.13594040937500002
0 0.16393442656249999 0.19553072656249998 0.18032786875 0.19087523281250002 0.1840536515625 0.17783985156249998 0.1825633390625 0.1694599625 0.1766020859375 0.16480446875000002 0.1654247390625 0.16573556875 0.15573770468749998 0.1750465546875 0.1564828609375 0.18901303593750002 0.16393442656249999 0.19553072656249998
0 0.1594634875 0.22905027968749997 0.168405365625 0.231843575 0.18032786875 0.22532588437499998 0.1825633390625 0.20763500937499998 0.1758569296875 0.2001862203125 0.16766020937499998 0.19925512031249998 0.15722801718749999 0.2067039109375 0.1564828609375 0.21880819375 0.1594634875 0.22905027968749997
0 0.1654247390625 0.27188081875000003 0.1736214609375 0.27188081875000003 0.181073025 0.260707634375 0.18032786875 0.2420856609375 0.1743666171875 0.23649906875 0.16393442656249999 0.2374301671875 0.1594634875 0.2420856609375 0.1594634875 0.2644320296875 0.1654247390625 0.27188081875000003
0 0.1669150515625 0.3156424578125 0.1758569296875 0.3137802609375 0.18032786875 0.305400371875 0.1795827125 0.283054003125 0.1758569296875 0.2783985109375 0.16766020937499998 0.2774674109375 0.16020864375 0.2849162015625 0.16095379999999998 0.3109869640625 0.1669150515625 0.3156424578125
0 0.1766020859375 0.3575419 0.181073025 0.3491620109375 0.18032786875 0.32588454375000003 0.17138599062499998 0.3202979515625 0.16169895625 0.32681564218750003 0.1624441125 0.354748603125 0.17138599062499998 0.35940409687499997 0.1766020859375 0.3575419
0 0.1624441125 0.39292365 0.1669150515625 0.39851024218750003 0.17809239999999998 0.3966480453125 0.181073025 0.3919925515625 0.18032786875 0.3715083796875 0.1743666171875 0.3659217875 0.1654247390625 0.36778398437500004 0.16169895625 0.372439478125 0.1624441125 0.39292365
0 0.1773472421875 0.43947858437500004 0.1825633390625 0.4292364984375 0.181073025 0.40968342656249995 0.17138599062499998 0.40409683437500005 0.1624441125 0.410614525 0.1624441125 0.434823090625 0.16766020937499998 0.4404096828125 0.1773472421875 0.43947858437500004
0 0.18032786875 0.480446928125 0.1825633390625 0.46927374374999997 0.181073025 0.4515828671875 0.17138599062499998 0.445996275 0.1624441125 0.45251396718750003 0.16393442656249999 0.479515828125 0.16766020937499998 0.48324022343750006 0.18032786875 0.480446928125
0 0.169895678125 0.5279329609375 0.181073025 0.524208565625 0.1840536515625 0.511173184375 0.18181818125 0.49534450625000004 0.1758569296875 0.4897579140625 0.170640834375 0.4897579140625 0.1624441125 0.498137803125 0.1631892703125 0.52234636875 0.169895678125 0.5279329609375
0 0.1624441125 0.542830540625 0.1646795828125 0.565176909375 0.16766020937499998 0.568901303125 0.1773472421875 0.568901303125 0.18330849531249999 0.5623836125 0.18330849531249999 0.542830540625 0.1773472421875 0.5344506515624999 0.169150521875 0.5344506515624999 0.1654247390625 0.538175046875 0.1624441125 0.542830540625
0 0.168405365625 0.6042830546875 0.1751117734375 0.6089385468749999 0.1847988078125 0.6061452515625 0.1847988078125 0.586592178125 0.18032786875 0.57635009375 0.17138599062499998 0.5744878953125 0.1631892703125 0.5828677843750001 0.1631892703125 0.595903165625 0.168405365625 0.6042830546875
0 0.192250371875 0.632216015625 0.2146050671875 0.632216015625 0.22056631875 0.627560521875 0.22131147499999998 0.6173184359375 0.2168405359375 0.609869646875 0.1929955296875 0.60707635 0.187779434375 0.6126629421875001 0.187779434375 0.627560521875 0.192250371875 0.632216015625
0 0.3144560359375 0.631284915625 0.330849478125 0.631284915625 0.3375558875 0.622905028125 0.3375558875 0.6145251390625 0.33233979062499996 0.60707635 0.31594634843749997 0.6061452515625 0.307749628125 0.613594040625 0.3070044703125 0.622905028125 0.3144560359375 0.631284915625
0 0.42771982187499996 0.62942271875 0.447839046875 0.6284916203125 0.4530551421875 0.62104283125 0.4530551421875 0.6108007453125001 0.44858420312499997 0.605214153125 0.430700446875 0.6042830546875 0.4239940390625 0.6089385468749999 0.42250372656249996 0.62104283125 0.42771982187499996 0.62942271875
0 0.509687034375 0.6545623843749999 0.51937406875 0.6545623843749999 0.528315946875 0.645251396875 0.5268256328125 0.627560521875 0.52086438125 0.6182495343750001 0.5126676609375 0.62011173125 0.5052160953125 0.6359404093750001 0.5052160953125 0.6480446921875 0.509687034375 0.6545623843749999
0 0.5700447093750001 0.6545623843749999 0.57824143125 0.6554934828125 0.5871833078125 0.6461824953125 0.5849478390625 0.6284916203125 0.57824143125 0.62011173125 0.570789865625 0.6219739296875 0.5648286140625001 0.6350093109375 0.5640834578125 0.645251396875 0.5700447093750001 0.6545623843749999
0 0.6266766015624999 0.6536312843750001 0.6371087921874999 0.6536312843750001 0.6453055140624999 0.6433892 0.6430700453125 0.627560521875 0.6371087921874999 0.62011173125 0.628912071875 0.6219739296875 0.6229508203125 0.6368715078125 0.6222056625 0.6461824953125 0.6266766015624999 0.6536312843750001
0 0.690014903125 0.6517690875000001 0.6997019375 0.649906890625 0.7049180328125 0.6433892 0.7041728765624999 0.6266294234374999 0.6997019375 0.6173184359375 0.690760059375 0.6173184359375 0.6833084953124999 0.6340782125 0.6833084953124999 0.6433892 0.690014903125 0.6517690875000001
0 0.7533532046875 0.6508379890625 0.7630402390625 0.640595903125 0.7630402390625 0.627560521875 0.75782414375 0.6173184359375 0.751862890625 0.6163873375 0.7466467953125 0.62011173125 0.74217585625 0.6359404093750001 0.7436661703125 0.6480446921875 0.7533532046875 0.6508379890625
0 0.8084947843749999 0.6489757921875 0.8166915046875 0.6480446921875 0.8226527578124999 0.640595903125 0.8219076 0.6238361265625 0.8166915046875 0.6145251390625 0.8084947843749999 0.6163873375 0.8032786890624999 0.62942271875 0.8025335328125 0.640595903125 0.8084947843749999 0.6489757921875
0 0.8636363640625 0.64711359375 0.8725782421874999 0.6480446921875 0.8800298062499999 0.6396648046875 0.87853949375 0.6191806328125 0.8755588671875 0.613594040625 0.8673621453125 0.6145251390625 0.8606557374999999 0.6303538171875 0.85991058125 0.640595903125 0.8636363640625 0.64711359375
0 0.932190759375 0.645251396875 0.93889716875 0.6331471140625 0.9366616984375 0.6145251390625 0.9254843515625 0.6126629421875001 0.91877794375 0.62942271875 0.9180327875 0.6359404093750001 0.92175856875 0.6443202984374999 0.932190759375 0.645251396875