1 0 0.648007590625 0.007163323437499999 0.6469534046875001 0.014326646874999998 0.6415770609375 0.018624642187500002 0.6326164875 0.0171919765625 0.610215053125 0.01217765 0.6021505375 0.005730659375000001 0.5976702515625 0.001671203125 0.5976702515625 0 0.59779824375 0 0.648007590625
1 0.043696275 0.59677419375 0.0386819484375 0.59677419375 0.027220629687499998 0.6012544796875 0.022206303125 0.6111111109375 0.02363896875 0.635304659375 0.027936962500000002 0.643369175 0.035100285937499996 0.6469534046875001 0.05157593125 0.6415770609375 0.057306590625 0.6308243734375 0.0565902578125 0.61200716875 0.05157593125 0.6021505375 0.043696275 0.59677419375
1 0.088825215625 0.6003584234375 0.0823782234375 0.59677419375 0.07879656093750001 0.59677419375 0.0687679078125 0.5985663078125001 0.060888251562499995 0.6111111109375 0.060888251562499995 0.629928315625 0.0723495703125 0.6460573484375 0.081661890625 0.645161290625 0.0902578796875 0.640681003125 0.0959885390625 0.629928315625 0.0967048703125 0.6218638000000001 0.0938395421875 0.60752688125 0.088825215625 0.6003584234375
1 0.1124641828125 0.5958781359375 0.1038681953125 0.6021505375 0.0995702 0.6218638000000001 0.10458452656249999 0.639784946875 0.11532951250000001 0.645161290625 0.12607449843750002 0.643369175 0.1346704875 0.6326164875 0.133237821875 0.606630825 0.12679083124999999 0.5985663078125001 0.118911175 0.5958781359375 0.1124641828125 0.5958781359375
1 0.1747851 0.6173835125 0.1676217765625 0.6003584234375 0.15687679062499998 0.5949820781249999 0.1532951296875 0.5949820781249999 0.1461318046875 0.5985663078125001 0.13896848125 0.60752688125 0.1382521484375 0.6263440859375 0.140401146875 0.635304659375 0.1454154734375 0.6415770609375 0.15114613125 0.645161290625 0.15974212031249999 0.645161290625 0.16690544375 0.6415770609375 0.1740687671875 0.6317204296875001 0.1747851 0.6173835125
1 0.20952722031249998 0.59229390625 0.18481375312499998 0.5958781359375 0.1790830953125 0.610215053125 0.1819484234375 0.62275985625 0.18624641875 0.62724014375 0.1934097421875 0.6281361999999999 0.22851002812500001 0.6137992828125001 0.23137535781250002 0.60752688125 0.22994269374999998 0.599462365625 0.21418338124999997 0.59229390625 0.20952722031249998 0.59229390625
1 0.31948424062499997 0.59139785 0.3166189109375 0.59139785 0.2843839546875 0.5931899640625 0.28008595937499997 0.6003584234375 0.28008595937499997 0.6084229390625 0.283667621875 0.614695340625 0.2886819484375 0.6173835125 0.3259312328125 0.6173835125 0.338825215625 0.609318996875 0.339541546875 0.6003584234375 0.33595988593750004 0.5949820781249999 0.31948424062499997 0.59139785
1 0.46561604531249995 0.5905017921875 0.456303725 0.589605734375 0.452363896875 0.589605734375 0.4154727796875 0.59139785 0.41189111718750004 0.5976702515625 0.41260745 0.610215053125 0.41475644687499996 0.6137992828125001 0.42191977031250005 0.6155913984375 0.462034384375 0.614695340625 0.470630371875 0.6111111109375 0.474212034375 0.6039426515625 0.4727793703125 0.5949820781249999 0.46561604531249995 0.5905017921875
1 0.540293696875 0.5887096781250001 0.5279369625 0.5887096781250001 0.5207736390625 0.59677419375 0.517908309375 0.624551971875 0.531518625 0.635304659375 0.5451289390625 0.6317204296875001 0.5522922640625 0.6218638000000001 0.555873925 0.5985663078125001 0.5530085953125 0.5931899640625 0.5444126078125 0.5887096781250001 0.540293696875 0.5887096781250001
1 0.6131805156250001 0.59677419375 0.6002865328125 0.5878136203125 0.5964663328124999 0.5878136203125 0.5830945562500001 0.5905017921875 0.5787965609375 0.5958781359375 0.577363896875 0.6030465953124999 0.5816618906250001 0.625448028125 0.585243553125 0.6326164875 0.59169054375 0.63799283125 0.5995701999999999 0.6362007171874999 0.6060171921874999 0.629928315625 0.6138968484375 0.60752688125 0.6131805156250001 0.59677419375
1 0.65830945625 0.5869175624999999 0.653772921875 0.5869175624999999 0.6396848140625 0.589605734375 0.6346704875 0.6021505375 0.6389684812499999 0.6263440859375 0.6475644703125 0.635304659375 0.6561604578125 0.6344086015625 0.66260745 0.6281361999999999 0.6697707734375 0.606630825 0.6697707734375 0.5958781359375 0.664756446875 0.589605734375 0.65830945625 0.5869175624999999
1 0.720630371875 0.5887096781250001 0.71418338125 0.5860215046875 0.7096468484375 0.5860215046875 0.6955587390625 0.5887096781250001 0.6905444125 0.5985663078125001 0.6905444125 0.60752688125 0.69484240625 0.624551971875 0.704154728125 0.6335125453125 0.7148997140625 0.6308243734375 0.7191977078125 0.625448028125 0.7256446984375 0.60752688125 0.7256446984375 0.5949820781249999 0.720630371875 0.5887096781250001
1 0.7729226359375 0.5851254484374999 0.7688037249999999 0.5851254484374999 0.7535816625 0.5860215046875 0.7471346703124999 0.5958781359375 0.747851003125 0.6129032265625 0.752148996875 0.6263440859375 0.7571633234374999 0.6317204296875001 0.7693409734375 0.6317204296875001 0.7779369625 0.62275985625 0.7822349562500001 0.5949820781249999 0.7772206296874999 0.5869175624999999 0.7729226359375 0.5851254484374999
1 0.8266475640625 0.5833333328125 0.8223495703125 0.5833333328125 0.8116045843749999 0.5860215046875 0.805873925 0.5985663078125001 0.8087392546875 0.6209677421875 0.8166189109375 0.6317204296875001 0.8244985671875 0.6308243734375 0.8302292265625001 0.6263440859375 0.8381088828125 0.604838709375 0.8381088828125 0.59229390625 0.8330945562500001 0.5860215046875 0.8266475640625 0.5833333328125
1 0.8839541546874999 0.5824372765625 0.8794176218749999 0.5824372765625 0.8703438390624999 0.5824372765625 0.8660458453125001 0.5851254484374999 0.86103151875 0.5949820781249999 0.86461318125 0.6209677421875 0.8724928359374999 0.629928315625 0.88538681875 0.6263440859375 0.8911174781250001 0.6164874546875 0.894699140625 0.5958781359375 0.8911174781250001 0.5869175624999999 0.8839541546874999 0.5824372765625
1 0.9351719203125001 0.5806451609375001 0.9255014328125 0.5824372765625 0.918338109375 0.5958781359375 0.9219197703124999 0.6209677421875 0.9290830953125001 0.6290322578125 0.9405444125000001 0.6263440859375 0.94842406875 0.60752688125 0.94842406875 0.5887096781250001 0.9455587390625 0.5833333328125 0.9391117484375 0.5806451609375001 0.9351719203125001 0.5806451609375001
1 1 0.581093190625 0.9971346703125 0.5797491046875 0.9925981374999999 0.5797491046875 0.9792263609375 0.58154121875 0.9727793703125001 0.5949820781249999 0.9749283671875 0.6129032265625 0.977793696875 0.6209677421875 0.9828080234375 0.6263440859375 0.9957020062499999 0.6263440859375 1 0.619990225 1 0.581093190625
0 0.21389684843749998 0 0.21776504375 0.008064515625000001 0.227793696875 0.0116487453125 0.2349570203125 0.007168459375 0.23704089687500002 0 0.21389684843749998 0
0 0.1989016234375 0 0.194126075 0.0017921140624999998 0.18982807968749998 0.013440860937499998 0.191977078125 0.026881720312500003 0.1977077359375 0.031362007812499995 0.208452721875 0.028673834375000002 0.21418338124999997 0.0188172046875 0.2134670484375 0.007168459375 0.2058261703125 0 0.1989016234375 0
0 0.2234957015625 0.017025089062500002 0.216332378125 0.023297490625 0.21418338124999997 0.03584229375 0.21704871093749997 0.045698925 0.22421203437499998 0.05107526875 0.22994269374999998 0.049283154687500004 0.2349570203125 0.043010753125 0.235673353125 0.0367383515625 0.2349570203125 0.0215053765625 0.22707736406249998 0.017025089062500002 0.2234957015625 0.017025089062500002
0 0.200573065625 0.0367383515625 0.19555873906250001 0.0394265234375 0.19269340937499999 0.046594982812500005 0.19269340937499999 0.059139784375000004 0.19484240625 0.0681003578125 0.2012893984375 0.0716845875 0.21203438437500002 0.0645161296875 0.216332378125 0.051971326562499996 0.21418338124999997 0.0448028671875 0.206303725 0.0367383515625 0.200573065625 0.0367383515625
0 0.22421203437499998 0.056451612500000005 0.21704871093749997 0.060931900000000004 0.212750715625 0.0707885296875 0.2156160453125 0.0860215046875 0.220630371875 0.09229390625 0.22851002812500001 0.09139785 0.23352435468750002 0.0806451609375 0.2342406875 0.0645161296875 0.2306590265625 0.058243728125000005 0.22636103125 0.056451612500000005 0.22421203437499998 0.056451612500000005
0 0.19555873906250001 0.10663082500000001 0.1998567328125 0.11200716875000001 0.206303725 0.1111111109375 0.2156160453125 0.09498207812500001 0.21418338124999997 0.0869175625 0.2055873921875 0.07706093124999999 0.200573065625 0.07706093124999999 0.19484240625 0.0860215046875 0.19555873906250001 0.10663082500000001
0 0.21489971406250002 0.1030465953125 0.2077363890625 0.11559139843749999 0.208452721875 0.12275985625000001 0.220630371875 0.1317204296875 0.22851002812500001 0.1290322578125 0.23137535781250002 0.12186380000000001 0.23137535781250002 0.1030465953125 0.22636103125 0.0985663078125 0.220630371875 0.0985663078125 0.21489971406250002 0.1030465953125
0 0.19914040156249999 0.135304659375 0.1998567328125 0.1523297484375 0.20487106093750002 0.15860215 0.21919770781249998 0.1568100359375 0.2256446984375 0.145161290625 0.2227793703125 0.13709677343749999 0.21060171875 0.1290322578125 0.206303725 0.1290322578125 0.2055873921875 0.12813619999999998 0.19914040156249999 0.135304659375
0 0.21991404062500003 0.160394265625 0.21203438437500002 0.1621863796875 0.2034383953125 0.16935483906249998 0.2027220625 0.181003584375 0.20702005781250002 0.18817204375000002 0.2134670484375 0.190860215625 0.2213467046875 0.1899641578125 0.22707736406249998 0.18369175625 0.22922636093749998 0.1675627234375 0.2213467046875 0.160394265625 0.21991404062500003 0.160394265625
0 0.216332378125 0.19444444375 0.20916905468749997 0.1953405015625 0.2027220625 0.2025089609375 0.2027220625 0.2150537640625 0.20702005781250002 0.22311827968750003 0.21704871093749997 0.22491039375000002 0.2256446984375 0.2186379921875 0.22851002812500001 0.20878136249999998 0.227793696875 0.20071684531249998 0.2213467046875 0.19444444375 0.216332378125 0.19444444375
0 0.208452721875 0.2311827953125 0.2034383953125 0.2392473125 0.20487106093750002 0.258064515625 0.212750715625 0.26344086093749997 0.22206303749999998 0.2607526875 0.22636103125 0.2517921140625 0.22636103125 0.2356630828125 0.21776504375 0.2284946234375 0.21489971406250002 0.2284946234375 0.208452721875 0.2311827953125
0 0.20702005781250002 0.2759856625 0.2055873921875 0.287634409375 0.2077363890625 0.3001792109375 0.212750715625 0.3046594984375 0.2213467046875 0.303763440625 0.2256446984375 0.2948028671875 0.2256446984375 0.27688172031249997 0.21919770781249998 0.26881720468750003 0.212750715625 0.26881720468750003 0.20702005781250002 0.2759856625
0 0.20988538750000002 0.3127240140625 0.20702005781250002 0.3181003578125 0.20702005781250002 0.33960573437499997 0.212750715625 0.3476702515625 0.220630371875 0.34677419375 0.22636103125 0.33960573437499997 0.22636103125 0.3172043015625 0.218481375 0.3100358421875 0.2156160453125 0.3100358421875 0.20988538750000002 0.3127240140625
0 0.20702005781250002 0.3611111109375 0.20702005781250002 0.3790322578125 0.212750715625 0.389784946875 0.21704871093749997 0.390681003125 0.2256446984375 0.3844086015625 0.22707736406249998 0.375448028125 0.22636103125 0.3611111109375 0.21919770781249998 0.3530465953125 0.21418338124999997 0.3530465953125 0.20702005781250002 0.3611111109375
0 0.2077363890625 0.423835125 0.2134670484375 0.4318996421875 0.2213467046875 0.4318996421875 0.22707736406249998 0.423835125 0.22707736406249998 0.40143369218749997 0.21919770781249998 0.3942652328125 0.216332378125 0.3942652328125 0.20702005781250002 0.4023297484375 0.2077363890625 0.423835125
0 0.2077363890625 0.4453405015625 0.208452721875 0.4605734765625 0.21203438437500002 0.4677419359375 0.216332378125 0.4704301078125 0.22206303749999998 0.46953405000000004 0.227793696875 0.4587813625 0.22707736406249998 0.4453405015625 0.21991404062500003 0.43817204375 0.216332378125 0.43817204375 0.2077363890625 0.4453405015625
0 0.216332378125 0.47491039375 0.20988538750000002 0.48028673906249997 0.2077363890625 0.48745519687499994 0.208452721875 0.5017921140625 0.2113180515625 0.508064515625 0.2156160453125 0.5107526874999999 0.2227793703125 0.5089605734375 0.22851002812500001 0.4991039421875 0.227793696875 0.482078853125 0.2213467046875 0.47491039375 0.216332378125 0.47491039375
0 0.21060171875 0.5197132609375 0.208452721875 0.527777778125 0.20916905468749997 0.543010753125 0.21489971406250002 0.55107526875 0.2256446984375 0.5492831546875 0.22922636093749998 0.5412186375 0.22851002812500001 0.523297490625 0.2213467046875 0.515232975 0.216332378125 0.515232975 0.21060171875 0.5197132609375
0 0.20916905468749997 0.563620071875 0.20916905468749997 0.5806451609375001 0.21418338124999997 0.5878136203125 0.22492836718749998 0.5905017921875 0.22994269374999998 0.5869175624999999 0.22994269374999998 0.5716845875 0.22851002812500001 0.5627240140625 0.2227793703125 0.5573476703125 0.216332378125 0.5573476703125 0.20916905468749997 0.563620071875
0 0.25429799375 0.59229390625 0.244269340625 0.5931899640625 0.2406876796875 0.5976702515625 0.239971346875 0.6084229390625 0.24570200625 0.6164874546875 0.2628939828125 0.6173835125 0.2729226359375 0.609318996875 0.27363896875 0.6039426515625 0.26934097343749996 0.5949820781249999 0.25787965625 0.59229390625 0.25429799375 0.59229390625
0 0.36282234999999996 0.59139785 0.3524355296875 0.59229390625 0.3495702 0.5949820781249999 0.347421203125 0.604838709375 0.3502865328125 0.6137992828125001 0.3638968484375 0.6164874546875 0.3760744984375 0.6111111109375 0.3782234953125 0.599462365625 0.375358165625 0.594086021875 0.366762178125 0.59139785 0.36282234999999996 0.59139785
0 0.40114613125 0.5905017921875 0.39684813750000003 0.5905017921875 0.38538681874999997 0.59229390625 0.383237821875 0.5949820781249999 0.3818051578125 0.6084229390625 0.3846704875 0.6137992828125001 0.394699140625 0.6164874546875 0.406876790625 0.6129032265625 0.40902578749999996 0.6084229390625 0.40902578749999996 0.5976702515625 0.4075931234375 0.5931899640625 0.40114613125 0.5905017921875
0 0.49355300937499996 0.5931899640625 0.49212034375 0.6057347671875 0.49570200625 0.6129032265625 0.5093123203125 0.6182795703124999 0.5164756453125 0.609318996875 0.517908309375 0.5949820781249999 0.5150429796875 0.5905017921875 0.5042979937500001 0.5887096781250001 0.5028653296875001 0.5887096781250001 0.49355300937499996 0.5931899640625
0 0.5587392546875 0.609318996875 0.55515759375 0.6209677421875 0.55515759375 0.6317204296875001 0.5608882515625 0.6388888890625 0.569484240625 0.6388888890625 0.577363896875 0.629928315625 0.5766475640625 0.6137992828125001 0.569484240625 0.6030465953124999 0.565186246875 0.6030465953124999 0.5587392546875 0.609318996875
0 0.6224928359375 0.6039426515625 0.6153295125 0.6111111109375 0.6124641828125 0.62275985625 0.6153295125 0.6362007171874999 0.6196275078125 0.6388888890625 0.62679083125 0.63799283125 0.6346704875 0.629928315625 0.6339541546875 0.614695340625 0.631088825 0.60752688125 0.625358165625 0.6039426515625 0.6224928359375 0.6039426515625
0 0.6740687671875001 0.606630825 0.6697707734375 0.6182795703124999 0.669054440625 0.629928315625 0.672636103125 0.6370967734375 0.680515759375 0.6370967734375 0.6905444125 0.624551971875 0.6891117484375 0.6111111109375 0.6812320921875 0.6030465953124999 0.6797994265625 0.6030465953124999 0.6740687671875001 0.606630825
0 0.7349570203125 0.6030465953124999 0.7306590265625 0.606630825 0.7249283671875 0.62275985625 0.7270773640625 0.6308243734375 0.732091690625 0.635304659375 0.74212034375 0.6326164875 0.7464183375 0.625448028125 0.7464183375 0.6155913984375 0.7428366765625001 0.606630825 0.73853868125 0.6030465953124999 0.7349570203125 0.6030465953124999
0 0.787249284375 0.604838709375 0.7829512890625 0.620071684375 0.7843839546875 0.629928315625 0.7886819484375 0.6335125453125 0.7972779375 0.6326164875 0.8037249281250001 0.624551971875 0.8022922640625 0.606630825 0.795845271875 0.6003584234375 0.7929799421875 0.6003584234375 0.787249284375 0.604838709375
0 0.8445558734375 0.6030465953124999 0.8388252156249999 0.6209677421875 0.8402578796875 0.6281361999999999 0.84527220625 0.6326164875 0.8531518625000001 0.6317204296875001 0.8595988531250001 0.624551971875 0.8567335249999999 0.604838709375 0.851002865625 0.6003584234375 0.8495701999999999 0.6003584234375 0.8445558734375 0.6030465953124999
0 0.9061604578125 0.5976702515625 0.9004298000000001 0.6021505375 0.8961318046875 0.6209677421875 0.8975644703125001 0.6281361999999999 0.9018624640624999 0.6308243734375 0.9111747843750001 0.6281361999999999 0.9154727796875 0.620071684375 0.9140401140625001 0.6039426515625 0.9111747843750001 0.5985663078125001 0.9075931234375 0.5976702515625 0.9061604578125 0.5976702515625
0 0.9627507156249999 0.5958781359375 0.9577363890624999 0.5976702515625 0.954154728125 0.6030465953124999 0.9512893984374999 0.6155913984375 0.9512893984374999 0.6236559140625 0.9570200578125 0.629928315625 0.9656160453125 0.6290322578125 0.9713467046875 0.620071684375 0.968481375 0.6003584234375 0.9634670484375001 0.59677419375 0.9627507156249999 0.5958781359375