1 0.0354166671875 0.6232638890625 0.0388888890625 0.6145833328125 0.03819444375 0.5998263890625 0.030555556249999997 0.5842013890625 0.015972221875 0.581597221875 0.00555555625 0.5911458328125 0.0048611109375000005 0.6111111109375 0.0125 0.628472221875 0.026388889062499997 0.6302083328125 0.0354166671875 0.6232638890625
1 0.06875 0.625 0.0770833328125 0.6145833328125 0.07638888906249999 0.5954861109375 0.0673611109375 0.582465278125 0.0513888890625 0.581597221875 0.0458333328125 0.5859375 0.0423611109375 0.5946180562500001 0.0416666671875 0.6076388890625 0.0458333328125 0.621527778125 0.05069444375 0.6267361109375 0.06875 0.625
1 0.1076388890625 0.625 0.1125 0.6180555562500001 0.11388888906250001 0.5946180562500001 0.10486111093749999 0.581597221875 0.09097222187500001 0.5807291671875 0.08055555625000001 0.5920138890625 0.08055555625000001 0.612847221875 0.08680555625 0.6232638890625 0.10069444375 0.6276041671875 0.1076388890625 0.625
1 0.147222221875 0.6232638890625 0.1513888890625 0.6163194437499999 0.1520833328125 0.5954861109375 0.14375 0.582465278125 0.127777778125 0.5807291671875 0.11875 0.5946180562500001 0.11944444375 0.6145833328125 0.1270833328125 0.6267361109375 0.13888888906250002 0.6276041671875 0.147222221875 0.6232638890625
1 0.1916666671875 0.609375 0.19305555624999998 0.5946180562500001 0.1826388890625 0.5807291671875 0.165277778125 0.5798611109375 0.15694444375 0.590277778125 0.15694444375 0.613715278125 0.165277778125 0.625 0.178472221875 0.625 0.1916666671875 0.609375
1 0.252777778125 0.5876736109375 0.2486111109375 0.5789930562500001 0.22430555624999998 0.573784721875 0.20625 0.5772569437499999 0.2 0.5850694437499999 0.2 0.5954861109375 0.2076388890625 0.6024305562500001 0.246527778125 0.5998263890625 0.252777778125 0.5876736109375
1 0.38055555625 0.5963541671875 0.3854166671875 0.5876736109375 0.38125 0.578125 0.37430555625 0.5755208328125 0.3333333328125 0.5755208328125 0.325 0.5807291671875 0.32569444375 0.5946180562500001 0.334722221875 0.6006944437499999 0.375 0.5989583328125 0.38055555625 0.5963541671875
1 0.490277778125 0.5876736109375 0.4895833328125 0.5798611109375 0.4826388890625 0.573784721875 0.43819444374999994 0.573784721875 0.43125 0.5807291671875 0.43125 0.5911458328125 0.4388888890625 0.5989583328125 0.48333333281249996 0.597222221875 0.490277778125 0.5876736109375
1 0.53680555625 0.621527778125 0.5451388890625 0.6197916671875 0.553472221875 0.6119791671875 0.5604166671875 0.5850694437499999 0.5527777781250001 0.574652778125 0.53680555625 0.5729166671875 0.53125 0.5772569437499999 0.527777778125 0.5885416671875 0.525 0.605902778125 0.5263888890625 0.6154513890625 0.5305555562500001 0.620659721875 0.53680555625 0.621527778125
1 0.60555555625 0.6154513890625 0.6111111109375 0.6067708328125 0.6152777781250001 0.590277778125 0.6138888890625 0.5789930562500001 0.6076388890625 0.5729166671875 0.590277778125 0.5720486109375 0.5854166671875001 0.573784721875 0.58125 0.5807291671875 0.58055555625 0.5928819437499999 0.584722221875 0.609375 0.59375 0.6189236109375 0.60555555625 0.6154513890625
1 0.6583333328125 0.6154513890625 0.6645833328124999 0.6067708328125 0.66875 0.5876736109375 0.6673611109375 0.5772569437499999 0.6569444437499999 0.5711805562500001 0.64305555625 0.5711805562500001 0.6375 0.5763888890625 0.6347222218749999 0.590277778125 0.640972221875 0.612847221875 0.6458333328125 0.6180555562500001 0.6583333328125 0.6154513890625
1 0.7201388890625 0.6067708328125 0.72430555625 0.5798611109375 0.7173611109375 0.5711805562500001 0.696527778125 0.5711805562500001 0.690277778125 0.581597221875 0.6923611109375 0.605902778125 0.6972222218749999 0.6145833328125 0.7076388890625 0.6171875 0.7201388890625 0.6067708328125
1 0.7736111109375 0.6067708328125 0.7791666671875 0.5876736109375 0.7791666671875 0.5798611109375 0.775 0.5720486109375 0.7548611109375 0.5694444437499999 0.747222221875 0.5798611109375 0.7486111109375 0.6006944437499999 0.7541666671875 0.612847221875 0.76319444375 0.6154513890625 0.7736111109375 0.6067708328125
1 0.828472221875 0.6067708328125 0.8333333328125001 0.5789930562500001 0.827777778125 0.5694444437499999 0.8111111109375001 0.5677083328125 0.8048611109375001 0.5711805562500001 0.80069444375 0.5789930562500001 0.8013888890624999 0.5954861109375 0.809722221875 0.612847221875 0.8208333328125 0.613715278125 0.828472221875 0.6067708328125
1 0.8791666671874999 0.609375 0.8875 0.5868055562500001 0.8854166671874999 0.5711805562500001 0.88055555625 0.566840278125 0.86875 0.565972221875 0.859722221875 0.5720486109375 0.85694444375 0.5885416671875 0.8611111109375 0.6067708328125 0.8680555562500001 0.612847221875 0.8791666671874999 0.609375
1 0.93194444375 0.609375 0.9375 0.6015625 0.940972221875 0.5876736109375 0.9388888890624999 0.5703125 0.9354166671874999 0.565972221875 0.921527778125 0.5651041671875 0.9125 0.5720486109375 0.9104166671874999 0.589409721875 0.915277778125 0.6067708328125 0.922222221875 0.6119791671875 0.93194444375 0.609375
1 0.98680555625 0.6085069437499999 0.9930555562500001 0.5989583328125 0.99444444375 0.574652778125 0.9923611109375001 0.566840278125 0.9861111109375 0.5633680562500001 0.97430555625 0.5642361109375 0.965972221875 0.5755208328125 0.965972221875 0.589409721875 0.9708333328125001 0.605034721875 0.97430555625 0.609375 0.98680555625 0.6085069437499999
0 0.2104166671875 0.011284721875 0.2166666671875 0 0.1916666671875 0.0017361109374999999 0.19513888906250001 0.010416667187500001 0.20555555625 0.013888889062500001 0.2104166671875 0.011284721875
0 0.222222221875 0 0.21805555625 0.0095486109375 0.2173611109375 0.0208333328125 0.22291666718749997 0.0295138890625 0.23194444375 0.03038194375 0.2375 0.0251736109375 0.240277778125 0.006944443749999999 0.23611111093749998 0 0.222222221875 0
0 0.2173611109375 0.0373263890625 0.21597222187499998 0.02430555625 0.20972222187499998 0.019097221875 0.20277777812500003 0.019097221875 0.19583333281249998 0.0251736109375 0.196527778125 0.0451388890625 0.20069444375 0.050347221875 0.20972222187499998 0.0494791671875 0.2173611109375 0.0373263890625
0 0.23611111093749998 0.061631943749999994 0.2375 0.043402778125 0.23333333281250002 0.0373263890625 0.225 0.0364583328125 0.2166666671875 0.04774305625 0.21597222187499998 0.0564236109375 0.222222221875 0.06770833281250001 0.23125 0.06770833281250001 0.23611111093749998 0.061631943749999994
0 0.21805555625 0.066840278125 0.209027778125 0.0564236109375 0.20277777812500003 0.05729166718749999 0.1979166671875 0.06336805625 0.19930555625 0.08767361093750001 0.209027778125 0.089409721875 0.215277778125 0.081597221875 0.21805555625 0.066840278125
0 0.23194444375 0.109375 0.23541666718749998 0.09982638906249999 0.23472222187499997 0.078125 0.23125 0.074652778125 0.2236111109375 0.074652778125 0.21805555625 0.08072916718749999 0.21597222187499998 0.09461805625 0.21875 0.1032986109375 0.22430555624999998 0.109375 0.23194444375 0.109375
0 0.21597222187499998 0.12586805625 0.222222221875 0.1171875 0.22152777812500002 0.109375 0.2125 0.098090278125 0.20555555625 0.097222221875 0.20069444375 0.105034721875 0.2 0.120659721875 0.20416666718749998 0.12934027812499999 0.209027778125 0.1302083328125 0.21597222187499998 0.12586805625
0 0.23263888906250002 0.1458333328125 0.23333333281250002 0.12847222187500001 0.228472221875 0.1232638890625 0.22152777812500002 0.12413194375 0.20972222187499998 0.13715277812499999 0.20833333281250002 0.14409722187500001 0.21319444375000002 0.1510416671875 0.22430555624999998 0.15277777812499999 0.23263888906250002 0.1458333328125
0 0.2298611109375 0.17621527812499999 0.23055555625 0.16493055625 0.22430555624999998 0.15711805625 0.21180555625 0.15625 0.20555555625 0.1640625 0.20486111093749998 0.17621527812499999 0.21180555625 0.18402777812499999 0.22430555624999998 0.1822916671875 0.2298611109375 0.17621527812499999
0 0.2298611109375 0.21006944375 0.23125 0.19704861093749998 0.225 0.18836805625 0.21319444375000002 0.18836805625 0.20625 0.1953125 0.20625 0.21006944375 0.21180555625 0.21701388906250002 0.222222221875 0.21788194375 0.2298611109375 0.21006944375
0 0.228472221875 0.24739583281250002 0.2298611109375 0.23177083281250002 0.225 0.223090278125 0.215277778125 0.222222221875 0.2076388890625 0.230034721875 0.2076388890625 0.24479166718749998 0.2104166671875 0.2517361109375 0.21875 0.25434027812500004 0.228472221875 0.24739583281250002
0 0.228472221875 0.2838541671875 0.2270833328125 0.2638888890625 0.22291666718749997 0.25868055624999997 0.21597222187499998 0.25868055624999997 0.20972222187499998 0.26649305624999997 0.21111111093749999 0.2907986109375 0.2166666671875 0.2951388890625 0.222222221875 0.2942708328125 0.228472221875 0.2838541671875
0 0.22916666718749998 0.3255208328125 0.22777777812500002 0.3046875 0.22430555624999998 0.30034722187499996 0.21597222187499998 0.30034722187499996 0.2104166671875 0.3072916671875 0.2104166671875 0.3298611109375 0.215277778125 0.33506944375000003 0.225 0.3333333328125 0.22916666718749998 0.3255208328125
0 0.22916666718749998 0.3689236109375 0.22777777812500002 0.34461805624999997 0.22430555624999998 0.34027777812500004 0.21597222187499998 0.34027777812500004 0.21111111093749999 0.3454861109375 0.21180555625 0.3723958328125 0.2166666671875 0.37586805624999997 0.225 0.375 0.22916666718749998 0.3689236109375
0 0.2270833328125 0.41059027812500004 0.2298611109375 0.40277777812500004 0.22916666718749998 0.3888888890625 0.22430555624999998 0.3828125 0.2173611109375 0.3828125 0.21180555625 0.3880208328125 0.21111111093749999 0.4010416671875 0.2138888890625 0.4114583328125 0.2208333328125 0.41319444375 0.2270833328125 0.41059027812500004
0 0.23055555625 0.4427083328125 0.22916666718749998 0.4236111109375 0.22430555624999998 0.41840277812500004 0.21875 0.41840277812500004 0.21180555625 0.4244791671875 0.2125 0.4470486109375 0.21805555625 0.45225694375 0.22569444375 0.4513888890625 0.23055555625 0.4427083328125
0 0.22777777812500002 0.4895833328125 0.23055555625 0.48003472187499996 0.2298611109375 0.4626736109375 0.225 0.45746527812500004 0.21805555625 0.45746527812500004 0.21180555625 0.46440972187499996 0.21111111093749999 0.4791666671875 0.2138888890625 0.4895833328125 0.2166666671875 0.4921875 0.22777777812500002 0.4895833328125
0 0.23194444375 0.5225694437499999 0.2298611109375 0.5017361109375 0.2201388890625 0.4973958328125 0.21180555625 0.5060763890625 0.21319444375000002 0.5286458328125 0.21944444375 0.5329861109375 0.22916666718749998 0.5303819437499999 0.23194444375 0.5225694437499999
0 0.2298611109375 0.566840278125 0.23263888906250002 0.5564236109375 0.23055555625 0.5442708328125 0.225 0.5390625 0.215277778125 0.5416666671875 0.21180555625 0.5477430562500001 0.2138888890625 0.565972221875 0.2201388890625 0.5694444437499999 0.2298611109375 0.566840278125
0 0.28680555625 0.5920138890625 0.28680555625 0.5859375 0.28194444375 0.578125 0.26527777812500003 0.5763888890625 0.25833333281250004 0.581597221875 0.2576388890625 0.5920138890625 0.2645833328125 0.6006944437499999 0.278472221875 0.6006944437499999 0.28680555625 0.5920138890625
0 0.321527778125 0.5911458328125 0.3201388890625 0.5807291671875 0.3138888890625 0.5763888890625 0.3013888890625 0.5763888890625 0.2951388890625 0.5833333328125 0.29444444375 0.5920138890625 0.3013888890625 0.6006944437499999 0.3138888890625 0.5998263890625 0.321527778125 0.5911458328125
0 0.428472221875 0.5911458328125 0.428472221875 0.581597221875 0.42430555625000005 0.5755208328125 0.40694444374999994 0.574652778125 0.40208333281249997 0.5789930562500001 0.40069444374999996 0.5911458328125 0.40625 0.5989583328125 0.42152777812500003 0.598090278125 0.428472221875 0.5911458328125
0 0.51805555625 0.609375 0.52569444375 0.59375 0.5270833328125 0.5798611109375 0.5243055562500001 0.5755208328125 0.5173611109375 0.573784721875 0.5076388890625 0.5807291671875 0.5048611109375 0.5885416671875 0.50555555625 0.5998263890625 0.51180555625 0.6085069437499999 0.51805555625 0.609375
0 0.57569444375 0.620659721875 0.58125 0.6119791671875 0.5770833328125 0.590277778125 0.56805555625 0.5876736109375 0.5611111109375 0.597222221875 0.559722221875 0.6111111109375 0.5618055562500001 0.6189236109375 0.5638888890625 0.621527778125 0.57569444375 0.620659721875
0 0.6347222218749999 0.6119791671875 0.634027778125 0.5989583328125 0.628472221875 0.589409721875 0.61944444375 0.5911458328125 0.6145833328125 0.6024305562500001 0.6138888890625 0.612847221875 0.61944444375 0.620659721875 0.63055555625 0.6180555562500001 0.6347222218749999 0.6119791671875
0 0.6888888890625 0.6067708328125 0.6868055562500001 0.5911458328125 0.68125 0.5850694437499999 0.675 0.5868055562500001 0.66875 0.6006944437499999 0.66875 0.6119791671875 0.6729166671875 0.6171875 0.6861111109375 0.612847221875 0.6888888890625 0.6067708328125
0 0.74375 0.6119791671875 0.7451388890625 0.598090278125 0.7402777781250001 0.5859375 0.73194444375 0.5859375 0.7263888890625 0.5963541671875 0.725 0.6085069437499999 0.7284722218749999 0.6154513890625 0.734722221875 0.6171875 0.74375 0.6119791671875
0 0.8 0.6041666671875 0.7979166671875 0.5920138890625 0.79375 0.5850694437499999 0.7861111109375 0.5859375 0.7798611109375 0.6015625 0.7798611109375 0.6102430562500001 0.784027778125 0.6163194437499999 0.79375 0.6154513890625 0.8 0.6041666671875
0 0.8541666671874999 0.6067708328125 0.8548611109375001 0.5963541671875 0.85 0.5833333328125 0.8416666671874999 0.5842013890625 0.8368055562500001 0.597222221875 0.8361111109375001 0.6076388890625 0.8388888890624999 0.612847221875 0.8458333328125001 0.6145833328125 0.8541666671874999 0.6067708328125
0 0.9076388890624999 0.6076388890625 0.9083333328125001 0.5963541671875 0.9041666671874999 0.582465278125 0.89444444375 0.5833333328125 0.8895833328125 0.5954861109375 0.8888888890625 0.605034721875 0.8916666671875 0.612847221875 0.902777778125 0.612847221875 0.9076388890624999 0.6076388890625
0 0.9618055562500001 0.6067708328125 0.9638888890624999 0.5954861109375 0.9618055562500001 0.5842013890625 0.9576388890624999 0.5789930562500001 0.95 0.5798611109375 0.94375 0.5928819437499999 0.94305555625 0.6041666671875 0.9458333328125 0.609375 0.952777778125 0.6111111109375 0.9618055562500001 0.6067708328125