0 0.2166666671875 0.03211805625 0.21805555625 0.0208333328125 0.2138888890625 0.013888889062500001 0.20277777812500003 0.011284721875 0.19513888906250001 0.01649305625 0.19444444375 0.0329861109375 0.19930555625 0.0407986109375 0.2076388890625 0.0416666671875 0.2166666671875 0.03211805625
0 0.21875 0 0.21875 0.0173611109375 0.2236111109375 0.0217013890625 0.23263888906250002 0.0217013890625 0.240277778125 0.012152778125 0.24097222187499998 0 0.21875 0
0 0.23680555625 0.0529513890625 0.23819444375 0.034722221875 0.23402777812500003 0.0286458328125 0.22430555624999998 0.027777778125000003 0.2173611109375 0.0390625 0.21805555625 0.05208333281250001 0.22291666718749997 0.059027778125 0.2298611109375 0.05989583281250001 0.23680555625 0.0529513890625
0 0.2166666671875 0.0703125 0.21875 0.05989583281250001 0.209027778125 0.04774305625 0.20486111093749998 0.04774305625 0.1979166671875 0.0546875 0.1979166671875 0.074652778125 0.20208333281250002 0.07986111093750001 0.20833333281250002 0.08072916718749999 0.2166666671875 0.0703125
0 0.23263888906250002 0.10069444375 0.23611111093749998 0.07118055625 0.23125 0.066840278125 0.2236111109375 0.066840278125 0.2173611109375 0.07552083281250001 0.21597222187499998 0.08680555625 0.21875 0.09461805625 0.22430555624999998 0.10069444375 0.23263888906250002 0.10069444375
0 0.209027778125 0.120659721875 0.2173611109375 0.112847221875 0.2201388890625 0.09895833281250001 0.21111111093749999 0.08680555625 0.20208333281250002 0.08854166718749999 0.19930555625 0.09201388906249999 0.19930555625 0.112847221875 0.20277777812500003 0.1197916671875 0.209027778125 0.120659721875
0 0.23333333281250002 0.13368055625 0.23402777812500003 0.11631944375 0.22916666718749998 0.11024305625 0.2236111109375 0.11024305625 0.2104166671875 0.12847222187500001 0.215277778125 0.13888888906250002 0.22430555624999998 0.14149305625 0.23333333281250002 0.13368055625
0 0.2298611109375 0.15972222187500001 0.228472221875 0.15017361093749998 0.22291666718749997 0.14496527812499999 0.20972222187499998 0.14149305625 0.20416666718749998 0.14670138906250002 0.20416666718749998 0.16059027812499999 0.21111111093749999 0.17013888906250002 0.2208333328125 0.17013888906250002 0.2298611109375 0.15972222187500001
0 0.23125 0.19097222187500001 0.23125 0.18142361093749998 0.225 0.1744791671875 0.21111111093749999 0.17534722187500001 0.20555555625 0.18315972187500001 0.20625 0.1953125 0.2125 0.20225694375 0.2236111109375 0.20225694375 0.23125 0.19097222187500001
0 0.22777777812500002 0.23177083281250002 0.2298611109375 0.21267361093749998 0.2270833328125 0.20920138906250002 0.21597222187499998 0.206597221875 0.20694444375 0.214409721875 0.20694444375 0.22916666718749998 0.21111111093749999 0.23611111093749998 0.21944444375 0.237847221875 0.22777777812500002 0.23177083281250002
0 0.22430555624999998 0.27430555624999997 0.228472221875 0.2673611109375 0.228472221875 0.24739583281250002 0.2208333328125 0.24131944375 0.2104166671875 0.246527778125 0.20833333281250002 0.25 0.2104166671875 0.2717013890625 0.2166666671875 0.27690972187499996 0.22430555624999998 0.27430555624999997
0 0.22916666718749998 0.3046875 0.22777777812500002 0.2873263890625 0.21875 0.28125 0.20972222187499998 0.28993055624999997 0.21111111093749999 0.3125 0.21597222187499998 0.31684027812500004 0.225 0.31597222187499996 0.22916666718749998 0.3046875
0 0.22916666718749998 0.3489583328125 0.22777777812500002 0.3255208328125 0.21944444375 0.32118055624999997 0.2104166671875 0.3298611109375 0.21180555625 0.3532986109375 0.2173611109375 0.35850694375000003 0.2236111109375 0.3576388890625 0.22916666718749998 0.3489583328125
0 0.22916666718749998 0.3880208328125 0.228472221875 0.3689236109375 0.22430555624999998 0.3645833328125 0.2173611109375 0.3645833328125 0.21111111093749999 0.3689236109375 0.2125 0.38975694375000003 0.2166666671875 0.39496527812500004 0.22569444375 0.3932291671875 0.22916666718749998 0.3880208328125
0 0.2298611109375 0.4270833328125 0.22916666718749998 0.40538194375 0.22430555624999998 0.4001736109375 0.2173611109375 0.4001736109375 0.21111111093749999 0.40711805625 0.21111111093749999 0.4270833328125 0.21805555625 0.43402777812500004 0.22569444375 0.4322916671875 0.2298611109375 0.4270833328125
0 0.22777777812500002 0.47222222187499996 0.23125 0.4626736109375 0.22916666718749998 0.4435763890625 0.2201388890625 0.43836805625 0.21180555625 0.4453125 0.21111111093749999 0.4635416671875 0.21319444375000002 0.46875 0.21805555625 0.4739583328125 0.22777777812500002 0.47222222187499996
0 0.228472221875 0.512152778125 0.23125 0.5052083328125 0.22916666718749998 0.4826388890625 0.2208333328125 0.4791666671875 0.2125 0.4861111109375 0.21180555625 0.504340278125 0.21458333281250003 0.5130208328125 0.225 0.5147569437499999 0.228472221875 0.512152778125
0 0.22777777812500002 0.551215278125 0.23194444375 0.542534721875 0.2298611109375 0.5251736109375 0.21875 0.5217013890625 0.2125 0.5286458328125 0.21180555625 0.5442708328125 0.21458333281250003 0.550347221875 0.2173611109375 0.5529513890625 0.22777777812500002 0.551215278125
0 0.24444444375000002 0.5920138890625 0.2486111109375 0.5876736109375 0.24583333281250003 0.5789930562500001 0.23541666718749998 0.574652778125 0.22916666718749998 0.559027778125 0.2201388890625 0.5564236109375 0.21319444375000002 0.5633680562500001 0.2125 0.5677083328125 0.2166666671875 0.573784721875 0.23611111093749998 0.5911458328125 0.24444444375000002 0.5920138890625
0 0.278472221875 0.6006944437499999 0.28680555625 0.5946180562500001 0.2875 0.5842013890625 0.28472222187499996 0.5789930562500001 0.27430555624999997 0.5763888890625 0.26319444375 0.5789930562500001 0.259722221875 0.5833333328125 0.259722221875 0.5911458328125 0.2638888890625 0.5989583328125 0.278472221875 0.6006944437499999
0 0.3951388890625 0.5911458328125 0.39375 0.578125 0.38819444375 0.574652778125 0.372222221875 0.5755208328125 0.3673611109375 0.581597221875 0.3673611109375 0.5920138890625 0.37430555625 0.5989583328125 0.38819444375 0.5989583328125 0.3951388890625 0.5911458328125
0 0.5020833328125 0.5920138890625 0.503472221875 0.5789930562500001 0.49930555625000006 0.573784721875 0.48472222187499997 0.5729166671875 0.475 0.5789930562500001 0.47430555625000004 0.5876736109375 0.478472221875 0.5963541671875 0.49375 0.5989583328125 0.5020833328125 0.5920138890625
0 0.5625 0.6163194437499999 0.5638888890625 0.6067708328125 0.5583333328125 0.590277778125 0.5479166671875 0.590277778125 0.54305555625 0.6006944437499999 0.5416666671875 0.6145833328125 0.54444444375 0.6197916671875 0.55625 0.621527778125 0.5625 0.6163194437499999
0 0.6173611109375 0.613715278125 0.6166666671875001 0.598090278125 0.61180555625 0.589409721875 0.602777778125 0.590277778125 0.597222221875 0.6032986109375 0.596527778125 0.613715278125 0.6 0.620659721875 0.60694444375 0.6223958328125 0.6173611109375 0.613715278125
0 0.6708333328125 0.6145833328125 0.671527778125 0.5998263890625 0.665277778125 0.589409721875 0.6576388890625 0.590277778125 0.652777778125 0.5998263890625 0.6513888890625 0.613715278125 0.653472221875 0.6180555562500001 0.659027778125 0.620659721875 0.6708333328125 0.6145833328125
0 0.727777778125 0.598090278125 0.72430555625 0.5876736109375 0.715972221875 0.5859375 0.7090277781250001 0.5963541671875 0.7090277781250001 0.6145833328125 0.7166666671875 0.6180555562500001 0.7263888890625 0.6119791671875 0.727777778125 0.598090278125
0 0.7770833328125 0.6154513890625 0.7826388890625 0.6067708328125 0.7791666671875 0.5876736109375 0.7715277781250001 0.5850694437499999 0.765972221875 0.590277778125 0.76180555625 0.605902778125 0.76319444375 0.6119791671875 0.76875 0.6171875 0.7770833328125 0.6154513890625
0 0.8375 0.6076388890625 0.8368055562500001 0.5920138890625 0.83125 0.5833333328125 0.82569444375 0.5842013890625 0.8194444437499999 0.597222221875 0.81875 0.6067708328125 0.821527778125 0.613715278125 0.8298611109375 0.6145833328125 0.8375 0.6076388890625
0 0.8888888890625 0.6111111109375 0.8916666671875 0.5989583328125 0.8875 0.5833333328125 0.878472221875 0.5833333328125 0.8729166671874999 0.5954861109375 0.872222221875 0.6076388890625 0.875 0.612847221875 0.884027778125 0.6145833328125 0.8888888890625 0.6111111109375
0 0.946527778125 0.5998263890625 0.9423611109375001 0.581597221875 0.9354166671874999 0.5798611109375 0.928472221875 0.5885416671875 0.9270833328125001 0.6076388890625 0.9333333328125001 0.612847221875 0.9416666671874999 0.609375 0.946527778125 0.5998263890625
1 0.9784722218749999 0.5876736109375 0.9763888890624999 0.5677083328125 0.971527778125 0.5642361109375 0.9576388890624999 0.5642361109375 0.94930555625 0.5755208328125 0.94930555625 0.5928819437499999 0.9548611109375 0.6076388890625 0.9708333328125001 0.6076388890625 0.9784722218749999 0.5876736109375
0 0.9993055562500001 0.581597221875 0.9902777781250001 0.5789930562500001 0.9826388890625 0.5876736109375 0.98194444375 0.609375 0.99444444375 0.6119791671875 0.9993055562500001 0.6067708328125 0.9993055562500001 0.581597221875
1 0 0.6241319437499999 0.00625 0.6302083328125 0.013888889062500001 0.6310763890625 0.0270833328125 0.620659721875 0.028472221875 0.5989583328125 0.022222221875 0.5850694437499999 0.015277778124999999 0.581597221875 0.0048611109375000005 0.582465278125 0 0.5859375 0 0.6241319437499999
1 0.060416667187499995 0.625 0.0645833328125 0.6197916671875 0.0673611109375 0.6006944437499999 0.059027778125 0.5833333328125 0.053472221875 0.5807291671875 0.040972221875 0.582465278125 0.034027778125000005 0.5885416671875 0.03194444375 0.5954861109375 0.03194444375 0.6119791671875 0.03819444375 0.6258680562500001 0.05 0.629340278125 0.060416667187499995 0.625
1 0.09930555625000001 0.6232638890625 0.103472221875 0.6163194437499999 0.1041666671875 0.5963541671875 0.09652777812499999 0.582465278125 0.07986111093750001 0.581597221875 0.07083333281250001 0.5946180562500001 0.071527778125 0.6145833328125 0.07986111093750001 0.6267361109375 0.0923611109375 0.6267361109375 0.09930555625000001 0.6232638890625
1 0.1395833328125 0.620659721875 0.14236111093749998 0.612847221875 0.14236111093749998 0.598090278125 0.1361111109375 0.5842013890625 0.13194444375 0.5807291671875 0.1201388890625 0.5798611109375 0.109722221875 0.590277778125 0.10833333281249999 0.6111111109375 0.1145833328125 0.6241319437499999 0.13125 0.6267361109375 0.1395833328125 0.620659721875
1 0.17916666718750002 0.6163194437499999 0.18125 0.5998263890625 0.171527778125 0.581597221875 0.1576388890625 0.5798611109375 0.146527778125 0.5928819437499999 0.146527778125 0.613715278125 0.15625 0.6267361109375 0.16944444375 0.6267361109375 0.17916666718750002 0.6163194437499999
1 0.21875 0.6015625 0.23333333281250002 0.6006944437499999 0.23680555625 0.5963541671875 0.23263888906250002 0.5868055562500001 0.21597222187499998 0.5755208328125 0.19305555624999998 0.578125 0.1861111109375 0.5868055562500001 0.1861111109375 0.6024305562500001 0.1923611109375 0.609375 0.20277777812500003 0.609375 0.21875 0.6015625
1 0.3513888890625 0.5920138890625 0.35069444375000003 0.582465278125 0.3423611109375 0.5763888890625 0.2979166671875 0.5763888890625 0.2916666671875 0.5833333328125 0.2923611109375 0.5946180562500001 0.3 0.6006944437499999 0.3416666671875 0.5998263890625 0.3513888890625 0.5920138890625
1 0.45208333281249996 0.5963541671875 0.45694444375 0.5885416671875 0.45555555625000005 0.578125 0.45069444374999995 0.574652778125 0.40416666718750005 0.574652778125 0.3986111109375 0.5789930562500001 0.3986111109375 0.5928819437499999 0.40625 0.5989583328125 0.447222221875 0.598090278125 0.45208333281249996 0.5963541671875
1 0.54375 0.589409721875 0.5423611109375 0.5798611109375 0.5305555562500001 0.5729166671875 0.5104166671875 0.574652778125 0.5048611109375 0.5868055562500001 0.5041666671875 0.6024305562500001 0.525 0.6171875 0.53680555625 0.6085069437499999 0.54375 0.589409721875
1 0.5833333328125 0.6197916671875 0.5888888890625 0.6154513890625 0.597222221875 0.5920138890625 0.596527778125 0.5789930562500001 0.590972221875 0.573784721875 0.5791666671875 0.5720486109375 0.56805555625 0.5755208328125 0.5638888890625 0.582465278125 0.5631944437499999 0.5946180562500001 0.5673611109375 0.6102430562500001 0.5763888890625 0.6197916671875 0.5833333328125 0.6197916671875
1 0.647222221875 0.6076388890625 0.6520833328125 0.590277778125 0.6513888890625 0.5798611109375 0.647222221875 0.574652778125 0.6291666671875 0.5711805562500001 0.6229166671875 0.573784721875 0.6173611109375 0.5833333328125 0.6208333328125 0.6067708328125 0.6263888890625 0.6163194437499999 0.6375 0.6180555562500001 0.647222221875 0.6076388890625
1 0.69375 0.6154513890625 0.7013888890625 0.609375 0.7076388890625 0.5868055562500001 0.70694444375 0.5789930562500001 0.7013888890625 0.5720486109375 0.6777777781250001 0.5711805562500001 0.671527778125 0.5798611109375 0.672222221875 0.5963541671875 0.6777777781250001 0.609375 0.6868055562500001 0.6154513890625 0.69375 0.6154513890625
1 0.7569444437499999 0.6067708328125 0.7625 0.5876736109375 0.7597222218749999 0.573784721875 0.7513888890625 0.5694444437499999 0.7388888890625 0.5694444437499999 0.73055555625 0.5789930562500001 0.7298611109375 0.5928819437499999 0.7361111109375 0.612847221875 0.7486111109375 0.6154513890625 0.7569444437499999 0.6067708328125
1 0.8118055562500001 0.6067708328125 0.8166666671874999 0.5868055562500001 0.8166666671874999 0.5789930562500001 0.8118055562500001 0.5703125 0.8055555562500001 0.5677083328125 0.7916666671875 0.5694444437499999 0.784027778125 0.5789930562500001 0.7861111109375 0.6032986109375 0.7916666671875 0.6119791671875 0.8020833328125001 0.6145833328125 0.8118055562500001 0.6067708328125
1 0.86180555625 0.609375 0.8708333328125001 0.5876736109375 0.86875 0.5720486109375 0.8645833328125001 0.5677083328125 0.8506944437499999 0.566840278125 0.8444444437499999 0.5703125 0.840277778125 0.5789930562500001 0.840277778125 0.5928819437499999 0.8451388890624999 0.6085069437499999 0.8506944437499999 0.612847221875 0.86180555625 0.609375
1 0.9159722218749999 0.609375 0.922222221875 0.5998263890625 0.92430555625 0.590277778125 0.925 0.5789930562500001 0.921527778125 0.5685763890625 0.9138888890624999 0.5651041671875 0.902777778125 0.565972221875 0.89375 0.5763888890625 0.89375 0.5928819437499999 0.8979166671875 0.6067708328125 0.9041666671874999 0.6119791671875 0.9159722218749999 0.609375