0 0.1805128203125 0 0.180740740625 0.003703703125 0.1851851859375 0.0111111109375 0.19555555625 0.0129629625 0.20370370312500002 0.004629629687499999 0.2042328046875 0 0.1805128203125 0
0 0.160740740625 0.0324074078125 0.16814814843749998 0.0333333328125 0.17629629687499998 0.027777778125000003 0.180740740625 0.0175925921875 0.17629629687499998 0.003703703125 0.1629629625 0.0009259265625 0.156296296875 0.00648148125 0.156296296875 0.0268518515625 0.160740740625 0.0324074078125
0 0.183703703125 0.0490740734375 0.1918518515625 0.052777778124999994 0.2 0.047222221875 0.202222221875 0.025 0.199259259375 0.0203703703125 0.1874074078125 0.018518518749999997 0.18 0.0296296296875 0.179259259375 0.0388888890625 0.183703703125 0.0490740734375
0 0.16148148125 0.0731481484375 0.1703703703125 0.0740740734375 0.179259259375 0.0638888890625 0.180740740625 0.0509259265625 0.17555555625000002 0.0416666671875 0.1651851859375 0.039814814062499995 0.15851851875 0.048148148437499996 0.157777778125 0.060185185937499996 0.16148148125 0.0731481484375
0 0.17851851875 0.07962962968750001 0.18222222187499998 0.09074074062500001 0.1896296296875 0.09629629687499999 0.19555555625 0.0953703703125 0.199259259375 0.0861111109375 0.199259259375 0.0638888890625 0.1933333328125 0.059259259375 0.1866666671875 0.059259259375 0.18 0.06944444375 0.17851851875 0.07962962968750001
0 0.18 0.10833333281249999 0.1829629625 0.09629629687499999 0.17555555625000002 0.0824074078125 0.1666666671875 0.08055555625000001 0.162222221875 0.08518518593749999 0.16148148125 0.11388888906250001 0.1703703703125 0.1175925921875 0.18 0.10833333281249999
0 0.17333333281250002 0.12870370312499999 0.177777778125 0.1351851859375 0.1874074078125 0.13888888906250002 0.1918518515625 0.13703703750000001 0.19703703749999998 0.13055555624999998 0.197777778125 0.1111111109375 0.1933333328125 0.10555555624999999 0.1866666671875 0.10555555624999999 0.1740740734375 0.12129629687500001 0.17333333281250002 0.12870370312499999
0 0.1711111109375 0.1675925921875 0.1829629625 0.1675925921875 0.1918518515625 0.1583333328125 0.1911111109375 0.147222221875 0.183703703125 0.140740740625 0.1711111109375 0.1379629625 0.1651851859375 0.14351851875 0.16444444375 0.15648148125 0.1711111109375 0.1675925921875
0 0.1740740734375 0.2018518515625 0.1866666671875 0.2018518515625 0.1940740734375 0.19351851874999998 0.1948148140625 0.17962962968750001 0.1888888890625 0.172222221875 0.17555555625000002 0.17314814843749998 0.16740740781250002 0.18055555625 0.16740740781250002 0.19444444375 0.1740740734375 0.2018518515625
0 0.1748148140625 0.2388888890625 0.18444444375 0.2398148140625 0.1925925921875 0.2296296296875 0.1940740734375 0.2166666671875 0.1896296296875 0.20833333281250002 0.1770370375 0.20740740781250003 0.1688888890625 0.2148148140625 0.16814814843749998 0.22870370312500002 0.1748148140625 0.2388888890625
0 0.1881481484375 0.27777777812500004 0.1925925921875 0.2638888890625 0.19037037031249998 0.24722222187499998 0.17851851875 0.24351851875000002 0.1703703703125 0.2518518515625 0.1725925921875 0.2759259265625 0.17851851875 0.28055555625 0.1881481484375 0.27777777812500004
0 0.1859259265625 0.3231481484375 0.1918518515625 0.3138888890625 0.19037037031249998 0.2888888890625 0.18222222187499998 0.284259259375 0.1718518515625 0.2925925921875 0.17333333281250002 0.31944444375000003 0.179259259375 0.3240740734375 0.1859259265625 0.3231481484375
0 0.17851851875 0.36666666718749996 0.1874074078125 0.365740740625 0.1925925921875 0.3574074078125 0.1918518515625 0.334259259375 0.1874074078125 0.328703703125 0.179259259375 0.328703703125 0.1725925921875 0.3351851859375 0.1725925921875 0.3611111109375 0.17851851875 0.36666666718749996
0 0.1888888890625 0.4046296296875 0.1933333328125 0.3953703703125 0.1918518515625 0.3796296296875 0.18444444375 0.3731481484375 0.1740740734375 0.378703703125 0.1748148140625 0.4018518515625 0.1829629625 0.4074074078125 0.1888888890625 0.4046296296875
0 0.17333333281250002 0.4388888890625 0.17851851875 0.447222221875 0.1866666671875 0.447222221875 0.1925925921875 0.440740740625 0.1933333328125 0.41944444374999995 0.1874074078125 0.41203703750000004 0.177777778125 0.4129629625 0.17333333281250002 0.41851851875 0.17333333281250002 0.4388888890625
0 0.17333333281250002 0.4796296296875 0.17629629687499998 0.4879629625 0.17851851875 0.490740740625 0.1896296296875 0.48981481406249994 0.1948148140625 0.4768518515625 0.1933333328125 0.459259259375 0.1874074078125 0.45277777812500003 0.179259259375 0.45370370312499997 0.1748148140625 0.4583333328125 0.17333333281250002 0.4796296296875
0 0.17629629687499998 0.5305555562500001 0.179259259375 0.534259259375 0.1918518515625 0.5314814812499999 0.1948148140625 0.525 0.1933333328125 0.5009259265625 0.1829629625 0.49629629687500004 0.1740740734375 0.5046296296875 0.17333333281250002 0.521296296875 0.17629629687499998 0.5305555562500001
0 0.19555555625 0.5648148140625 0.1933333328125 0.5453703703125 0.1881481484375 0.540740740625 0.18222222187499998 0.540740740625 0.1748148140625 0.5481481484375 0.17629629687499998 0.5722222218749999 0.1911111109375 0.5740740734374999 0.19555555625 0.5648148140625
0 0.19555555625 0.6166666671875001 0.200740740625 0.6138888890625 0.1933333328125 0.584259259375 0.1829629625 0.58055555625 0.17629629687499998 0.5851851859375 0.1748148140625 0.6009259265625 0.17851851875 0.60555555625 0.19555555625 0.6166666671875001
0 0.21259259218749998 0.622222221875 0.2170370375 0.63148148125 0.23481481406250002 0.6324074078125 0.24148148125 0.6296296296875 0.2451851859375 0.6231481484375 0.24444444375000002 0.6138888890625 0.24 0.6074074078125 0.21925925937500002 0.60648148125 0.2133333328125 0.6129629624999999 0.21259259218749998 0.622222221875
0 0.3333333328125 0.6296296296875 0.35037037031249996 0.63055555625 0.35925925937500003 0.6231481484375 0.35925925937500003 0.6120370375 0.3548148140625 0.60648148125 0.337777778125 0.60555555625 0.3303703703125 0.6101851859375 0.3296296296875 0.622222221875 0.3333333328125 0.6296296296875
0 0.45185185156249996 0.6296296296875 0.4703703703125 0.627777778125 0.47555555624999996 0.6148148140624999 0.4718518515625 0.6046296296875 0.46370370312500003 0.602777778125 0.4511111109375 0.603703703125 0.44444444375 0.6101851859375 0.44444444375 0.622222221875 0.45185185156249996 0.6296296296875
0 0.523703703125 0.6537037031249999 0.5370370375 0.6537037031249999 0.54444444375 0.64351851875 0.542222221875 0.628703703125 0.5355555562500001 0.61944444375 0.5266666671875 0.621296296875 0.520740740625 0.6361111109375 0.52 0.647222221875 0.523703703125 0.6537037031249999
0 0.59555555625 0.6537037031249999 0.602222221875 0.64351851875 0.597777778125 0.6231481484375 0.5874074078125 0.6203703703125 0.58148148125 0.6296296296875 0.58 0.647222221875 0.5829629625 0.6537037031249999 0.59555555625 0.6537037031249999
0 0.64148148125 0.652777778125 0.6533333328125 0.6518518515625 0.6599999999999999 0.64351851875 0.6599999999999999 0.6351851859375001 0.6511111109375001 0.6203703703125 0.64444444375 0.621296296875 0.637777778125 0.6361111109375 0.637777778125 0.6481481484375 0.64148148125 0.652777778125
0 0.70148148125 0.65 0.7125925921875 0.65 0.7185185187500001 0.6425925921875 0.7185185187500001 0.6259259265625 0.7148148140624999 0.6175925921875 0.703703703125 0.61851851875 0.699259259375 0.628703703125 0.6977777781250001 0.6425925921875 0.70148148125 0.65
0 0.7725925921875 0.647222221875 0.777777778125 0.6361111109375 0.7740740734375 0.61851851875 0.7651851859375001 0.615740740625 0.759259259375 0.6231481484375 0.756296296875 0.6361111109375 0.75851851875 0.647222221875 0.7725925921875 0.647222221875
0 0.8325925921874999 0.6166666671875001 0.8251851859375 0.6138888890625 0.8177777781250001 0.6231481484375 0.8177777781250001 0.6453703703125 0.8296296296874999 0.6481481484375 0.8362962968750001 0.6370370375000001 0.8325925921874999 0.6166666671875001
0 0.8770370375000001 0.6453703703125 0.8874074078125 0.6453703703125 0.8925925921875001 0.6398148140625 0.8933333328125 0.6268518515625 0.8874074078125 0.6129629624999999 0.8800000000000001 0.6138888890625 0.8740740734375001 0.628703703125 0.8733333328124999 0.6398148140625 0.8770370375000001 0.6453703703125
0 0.9503703703124999 0.6388888890625 0.9518518515625001 0.6259259265625 0.9481481484375 0.6120370375 0.937777778125 0.6120370375 0.9318518515624999 0.625 0.9333333328125001 0.64351851875 0.9444444437499999 0.6453703703125 0.9503703703124999 0.6388888890625
0 1 0.6111111109375 0.9970370375 0.6111111109375 0.9896296296875 0.625 0.9911111109374999 0.6416666671875 0.9985185187500001 0.64351851875 1 0.6425925921875 1 0.6111111109375
1 0 0.6629629625 0.008888889062499999 0.659259259375 0.017037037499999998 0.6481481484375 0.017037037499999998 0.628703703125 0.013333332812500001 0.61944444375 0.0059259265625 0.6120370375 0 0.6120370375 0 0.6629629625
1 0.0296296296875 0.6601851859375001 0.0451851859375 0.6601851859375001 0.056296296875 0.6481481484375 0.0570370375 0.6296296296875 0.048148148437499996 0.6129629624999999 0.032592592187500005 0.6111111109375 0.020740740625 0.6259259265625 0.020740740625 0.64444444375 0.0296296296875 0.6601851859375001
1 0.0688888890625 0.6583333328125 0.08814814843749999 0.659259259375 0.09629629687499999 0.6509259265625 0.0970370375 0.6259259265625 0.0896296296875 0.6129629624999999 0.0703703703125 0.6111111109375 0.061481481250000004 0.6259259265625 0.060740740625 0.6388888890625 0.0688888890625 0.6583333328125
1 0.10148148125 0.646296296875 0.1118518515625 0.6601851859375001 0.1288888890625 0.659259259375 0.137777778125 0.647222221875 0.137777778125 0.6268518515625 0.1288888890625 0.6120370375 0.11629629687500001 0.609259259375 0.10444444374999999 0.6166666671875001 0.10148148125 0.622222221875 0.10148148125 0.646296296875
1 0.143703703125 0.6351851859375001 0.1518518515625 0.64444444375 0.163703703125 0.6425925921875 0.19703703749999998 0.627777778125 0.19703703749999998 0.621296296875 0.1925925921875 0.615740740625 0.17555555625000002 0.60648148125 0.1503703703125 0.609259259375 0.1429629625 0.621296296875 0.143703703125 0.6351851859375001
1 0.24962962968750002 0.6268518515625 0.2570370375 0.6324074078125 0.30222222187500003 0.63148148125 0.3103703703125 0.6268518515625 0.3140740734375 0.61851851875 0.30962962968749996 0.609259259375 0.303703703125 0.60648148125 0.2548148140625 0.60648148125 0.2488888890625 0.6138888890625 0.24962962968750002 0.6268518515625
1 0.3674074078125 0.63055555625 0.41629629687499997 0.628703703125 0.42592592656250006 0.61944444375 0.4251851859375 0.6101851859375 0.41555555625 0.6046296296875 0.3696296296875 0.6046296296875 0.36296296250000004 0.6101851859375 0.36296296250000004 0.6231481484375 0.3674074078125 0.63055555625
1 0.5029629625 0.646296296875 0.51555555625 0.6398148140625 0.522222221875 0.6231481484375 0.52148148125 0.6111111109375 0.5133333328125 0.603703703125 0.48444444375 0.602777778125 0.477777778125 0.6129629624999999 0.479259259375 0.63055555625 0.5029629625 0.646296296875
1 0.543703703125 0.6240740734375 0.5518518515624999 0.6490740734375 0.5629629625 0.652777778125 0.5711111109375 0.6481481484375 0.580740740625 0.6231481484375 0.58 0.6111111109375 0.5674074078125 0.602777778125 0.5540740734375 0.602777778125 0.5451851859375 0.6111111109375 0.543703703125 0.6240740734375
1 0.6059259265625 0.6046296296875 0.60148148125 0.6129629624999999 0.6044444437500001 0.6370370375000001 0.6118518515625 0.6490740734375 0.620740740625 0.6509259265625 0.6303703703125 0.64444444375 0.63851851875 0.61851851875 0.637777778125 0.6111111109375 0.6333333328124999 0.60555555625 0.6288888890625 0.6018518515625 0.61555555625 0.6009259265625 0.6059259265625 0.6046296296875
1 0.65851851875 0.6129629624999999 0.65851851875 0.622222221875 0.6651851859375 0.640740740625 0.6770370375 0.647222221875 0.6874074078125 0.64444444375 0.6925925921875 0.6388888890625 0.69851851875 0.6148148140624999 0.6940740734374999 0.6046296296875 0.680740740625 0.6 0.6666666671875 0.6009259265625 0.65851851875 0.6129629624999999
1 0.72148148125 0.6101851859375 0.72148148125 0.627777778125 0.7244444437500001 0.6388888890625 0.7303703703125 0.646296296875 0.74148148125 0.6481481484375 0.7511111109375 0.6388888890625 0.756296296875 0.6138888890625 0.7511111109375 0.602777778125 0.7459259265625 0.5990740734375 0.7318518515625 0.5990740734375 0.72148148125 0.6101851859375
1 0.78 0.6268518515625 0.7874074078125 0.6453703703125 0.7992592593750001 0.646296296875 0.8081481484375 0.6398148140625 0.8148148140625 0.6148148140624999 0.8103703703124999 0.6009259265625 0.8051851859375001 0.5981481484375 0.7859259265625 0.5990740734375 0.7792592593750001 0.609259259375 0.78 0.6268518515625
1 0.8392592593750001 0.6074074078125 0.8385185187499999 0.621296296875 0.8429629625 0.6388888890625 0.8503703703125 0.646296296875 0.86148148125 0.64351851875 0.8703703703125001 0.6240740734375 0.8718518515625 0.609259259375 0.8696296296874999 0.602777778125 0.8629629624999999 0.5962962968750001 0.8496296296875 0.5962962968750001 0.8392592593750001 0.6074074078125
1 0.896296296875 0.6203703703125 0.902222221875 0.640740740625 0.9066666671875 0.64444444375 0.9207407406250001 0.6416666671875 0.9303703703125 0.6138888890625 0.9259259265625 0.5981481484375 0.9103703703124999 0.5944444437499999 0.902222221875 0.597222221875 0.8985185187500001 0.602777778125 0.896296296875 0.6203703703125
1 0.9540740734375 0.6203703703125 0.959259259375 0.6370370375000001 0.9651851859375 0.6425925921875 0.9792592593749999 0.6398148140625 0.9874074078125 0.6138888890625 0.98444444375 0.5981481484375 0.97851851875 0.5935185187500001 0.9651851859375 0.5935185187500001 0.9570370374999999 0.6009259265625 0.9540740734375 0.6203703703125