0 0.135888934375 0 0.136220471875 0.007874015625 0.1417322828125 0.01574803125 0.1503937015625 0.01574803125 0.15984252031249999 0.00295275625 0.1602720125 0 0.135888934375 0
0 0.16850393749999998 0 0.16141732343749998 0.008858267187500001 0.15905511875 0.02165354375 0.162204725 0.0305118109375 0.16850393749999998 0.036417323437499996 0.1787401578125 0.03444881875 0.182677165625 0.026574803125 0.182677165625 0.004921259375 0.1771653546875 0 0.16850393749999998 0
0 0.1433070859375 0.06003937031249999 0.1519685046875 0.05905511875 0.16141732343749998 0.0433070859375 0.160629921875 0.032480315625 0.151181103125 0.0226377953125 0.1433070859375 0.023622046875 0.1385826765625 0.029527559375 0.139370078125 0.0561023625 0.1433070859375 0.06003937031249999
0 0.1692913390625 0.0836614171875 0.1755905515625 0.0836614171875 0.1803149609375 0.07480315 0.1818897640625 0.05314960625 0.179527559375 0.0462598421875 0.1677165359375 0.0433070859375 0.15905511875 0.058070865625 0.162204725 0.07480315 0.1692913390625 0.0836614171875
0 0.1464566921875 0.1053149609375 0.1582677171875 0.101377953125 0.16535433125000001 0.09055118125 0.16141732343749998 0.07677165312499999 0.1503937015625 0.066929134375 0.145669290625 0.0679133859375 0.1417322828125 0.07480315 0.142519684375 0.101377953125 0.1464566921875 0.1053149609375
0 0.1787401578125 0.101377953125 0.16850393749999998 0.0964566921875 0.1519685046875 0.1131889765625 0.1535433078125 0.12598425156249998 0.16850393749999998 0.1309055125 0.1787401578125 0.12106299218750001 0.1787401578125 0.101377953125
0 0.151181103125 0.16437007812499999 0.162204725 0.1663385828125 0.17480315 0.1564960625 0.17480315 0.1427165359375 0.16850393749999998 0.135826771875 0.1551181109375 0.1338582671875 0.1464566921875 0.14468503906250002 0.1464566921875 0.157480315625 0.151181103125 0.16437007812499999
0 0.1535433078125 0.20275590625 0.1645669296875 0.2037401578125 0.1740157484375 0.19685039375 0.176377953125 0.18208661406249999 0.17165354375 0.17224409375 0.1551181109375 0.1712598421875 0.14803149531249998 0.17814960625 0.14803149531249998 0.19685039375 0.1535433078125 0.20275590625
0 0.15433070937499999 0.2431102359375 0.1645669296875 0.24507874062499999 0.17086614218750001 0.2411417328125 0.17480315 0.22736220468749999 0.1692913390625 0.20964566874999999 0.1582677171875 0.2086614171875 0.1496062984375 0.21751968437500002 0.1496062984375 0.23523622031250002 0.15433070937499999 0.2431102359375
0 0.1535433078125 0.2864173234375 0.15905511875 0.29035433125 0.1677165359375 0.2883858265625 0.1724409453125 0.2814960625 0.17165354375 0.254921259375 0.160629921875 0.25 0.1519685046875 0.2598425203125 0.151181103125 0.2814960625 0.1535433078125 0.2864173234375
0 0.1519685046875 0.3208661421875 0.15433070937499999 0.3316929140625 0.15905511875 0.3366141734375 0.16850393749999998 0.33562992187499996 0.1740157484375 0.3257874015625 0.173228346875 0.30314960625 0.1661417328125 0.2962598421875 0.1582677171875 0.29724409375 0.1535433078125 0.30314960625 0.1519685046875 0.3208661421875
0 0.1582677171875 0.382874015625 0.1661417328125 0.382874015625 0.1740157484375 0.3740157484375 0.1740157484375 0.3494094484375 0.1677165359375 0.3415354328125 0.15984252031249999 0.3415354328125 0.1535433078125 0.348425196875 0.15275590625 0.3740157484375 0.1582677171875 0.382874015625
0 0.15905511875 0.4242125984375 0.16850393749999998 0.4242125984375 0.1740157484375 0.41830708593750004 0.17480315 0.3996062984375 0.1692913390625 0.39074803125 0.162204725 0.3897637796875 0.1535433078125 0.39665354375 0.15433070937499999 0.41830708593750004 0.15905511875 0.4242125984375
0 0.15433070937499999 0.46259842500000004 0.15984252031249999 0.46850393749999997 0.170078740625 0.467519684375 0.1755905515625 0.45866141718750003 0.1740157484375 0.436023621875 0.1645669296875 0.4301181109375 0.1559055125 0.436023621875 0.1535433078125 0.43996062968749994 0.15433070937499999 0.46259842500000004
0 0.1535433078125 0.49704724375 0.15669291406250002 0.5098425203125 0.162204725 0.5147637796875 0.1740157484375 0.5098425203125 0.176377953125 0.495078740625 0.1740157484375 0.479330709375 0.16850393749999998 0.4744094484375 0.16141732343749998 0.4744094484375 0.15433070937499999 0.48228346406249994 0.1535433078125 0.49704724375
0 0.15433070937499999 0.529527559375 0.15669291406250002 0.5561023625 0.160629921875 0.561023621875 0.17086614218750001 0.561023621875 0.176377953125 0.5521653546875 0.176377953125 0.529527559375 0.16850393749999998 0.520669290625 0.162204725 0.520669290625 0.15669291406250002 0.5255905515625 0.15433070937499999 0.529527559375
0 0.15905511875 0.601377953125 0.1692913390625 0.6033464562499999 0.176377953125 0.5974409453125 0.1771653546875 0.5787401578125 0.173228346875 0.5698818890624999 0.16377952812500002 0.566929134375 0.1551181109375 0.5757874015625 0.15433070937499999 0.5915354328125 0.15905511875 0.601377953125
0 0.1976377953125 0.6417322828125 0.217322834375 0.6417322828125 0.226771653125 0.632874015625 0.2259842515625 0.62204724375 0.21889763750000002 0.6151574796875 0.195275590625 0.6141732281250001 0.19291338593750001 0.617125984375 0.192125984375 0.6318897640625 0.1976377953125 0.6417322828125
0 0.24488188906250002 0.6417322828125 0.25826771718749997 0.64074803125 0.266929134375 0.6309055125 0.26614173281250003 0.6210629921875 0.260629921875 0.6151574796875 0.2433070859375 0.6141732281250001 0.2354330703125 0.62204724375 0.236220471875 0.6358267718749999 0.24488188906250002 0.6417322828125
0 0.3629921265625 0.6397637796875 0.3787401578125 0.6397637796875 0.3881889765625 0.629921259375 0.387401575 0.6181102359375 0.38110236249999996 0.612204725 0.3645669296875 0.612204725 0.35669291406250003 0.6181102359375 0.35669291406250003 0.632874015625 0.3629921265625 0.6397637796875
0 0.47952755937499997 0.64074803125 0.488976378125 0.6476377953125 0.49606299218750005 0.6466535437500001 0.5039370078125 0.6269685046875 0.5031496062499999 0.6151574796875 0.49685039375000006 0.6102362203125 0.4897637796875 0.6102362203125 0.4818897640625 0.6141732281250001 0.4787401578125 0.620078740625 0.47952755937499997 0.64074803125
0 0.5480314953125001 0.6643700781249999 0.5598425203125 0.6643700781249999 0.566929134375 0.6555118109375 0.566929134375 0.6437007875 0.55905511875 0.62795275625 0.5488188968750001 0.6289370078125 0.542519684375 0.6437007875 0.5417322828125 0.654527559375 0.5480314953125001 0.6643700781249999
0 0.60944881875 0.6643700781249999 0.6204724406250001 0.6643700781249999 0.62834645625 0.6525590546875 0.62519685 0.6338582671874999 0.6181102359375 0.62795275625 0.6102362203125 0.6309055125 0.6047244093749999 0.6437007875 0.6047244093749999 0.657480315625 0.60944881875 0.6643700781249999
0 0.6708661421875 0.6614173234375 0.6818897640625 0.657480315625 0.688976378125 0.648622046875 0.6881889765625 0.6358267718749999 0.6818897640625 0.6259842515625 0.6724409453125 0.62795275625 0.6661417328125 0.6437007875 0.6661417328125 0.6555118109375 0.6708661421875 0.6614173234375
0 0.73464566875 0.6604330703125 0.7448818890625 0.6604330703125 0.7535433078125 0.648622046875 0.751181103125 0.6318897640625 0.745669290625 0.6240157484375 0.7370078734375001 0.6259842515625 0.7307086609375 0.6397637796875 0.729921259375 0.6525590546875 0.73464566875 0.6604330703125
0 0.7929133859374999 0.654527559375 0.8007874015625 0.6594488187499999 0.811023621875 0.6555118109375 0.814173228125 0.648622046875 0.811023621875 0.6269685046875 0.8015748031250001 0.6240157484375 0.7960629921875 0.629921259375 0.7921259843749999 0.6437007875 0.7929133859374999 0.654527559375
0 0.873228346875 0.6240157484375 0.863779528125 0.62204724375 0.857480315625 0.6309055125 0.8566929140624999 0.654527559375 0.8692913390625 0.657480315625 0.8771653546874999 0.6446850390625001 0.873228346875 0.6240157484375
0 0.9196850390625 0.654527559375 0.9259842515625 0.6564960625 0.936220471875 0.6496062984375001 0.937795275 0.637795275 0.9338582671875001 0.62204724375 0.9251968500000001 0.620078740625 0.9181102359375 0.6318897640625 0.9165354328124999 0.6496062984375001 0.9196850390625 0.654527559375
0 0.9818897640625 0.654527559375 0.9913385828125 0.654527559375 0.9976377953125001 0.6496062984375001 1 0.6338582671874999 0.9937007875000001 0.617125984375 0.98425196875 0.6190944875 0.9787401578124999 0.6318897640625 0.97795275625 0.6496062984375001 0.9818897640625 0.654527559375
1 0.001574803125 0.6555118109375 0.00944881875 0.6692913390624999 0.024409448437500002 0.6712598421875 0.0370078734375 0.662401575 0.039370078125 0.6397637796875 0.036220471875 0.62795275625 0.029133857812500004 0.620078740625 0.00944881875 0.620078740625 0.001574803125 0.6338582671874999 0.001574803125 0.6555118109375
1 0.0551181109375 0.6712598421875 0.07086614218750001 0.6712598421875 0.0811023625 0.6594488187499999 0.08188976406250001 0.6368110234375 0.073228346875 0.6210629921875 0.057480315625 0.6181102359375 0.0440944875 0.6318897640625 0.0448818890625 0.6584645671875 0.0551181109375 0.6712598421875
1 0.0866141734375 0.648622046875 0.0913385828125 0.6633858265625 0.0976377953125 0.6712598421875 0.114173228125 0.6692913390624999 0.12598425156249998 0.6555118109375 0.12598425156249998 0.6318897640625 0.11574803125 0.6190944875 0.0960629921875 0.6190944875 0.087401575 0.6348425203125 0.0866141734375 0.648622046875
1 0.1417322828125 0.6466535437500001 0.1803149609375 0.64074803125 0.1881889765625 0.6309055125 0.1866141734375 0.6190944875 0.17165354375 0.60925196875 0.15984252031249999 0.60925196875 0.1338582671875 0.62204724375 0.1322834640625 0.6368110234375 0.1417322828125 0.6466535437500001
1 0.27244094531249996 0.6161417328125001 0.270078740625 0.6318897640625 0.2740157484375 0.6387795281249999 0.2811023625 0.6417322828125 0.323622046875 0.64074803125 0.333070865625 0.637795275 0.3385826765625 0.629921259375 0.3354330703125 0.617125984375 0.3275590546875 0.6131889765625 0.2787401578125 0.6131889765625 0.27244094531249996 0.6161417328125001
1 0.40157480312500005 0.6397637796875 0.4519685046875 0.6368110234375 0.4582677171875 0.6269685046875 0.45669291406249996 0.6161417328125001 0.4519685046875 0.612204725 0.398425196875 0.6112204718750001 0.3913385828125 0.617125984375 0.39291338593749997 0.6358267718749999 0.40157480312500005 0.6397637796875
1 0.5086614171875 0.6161417328125001 0.5039370078125 0.6348425203125 0.5023622046875 0.654527559375 0.5094488187499999 0.6614173234375 0.5228346453125 0.6633858265625 0.5322834640624999 0.6594488187499999 0.5370078734375 0.651574803125 0.542519684375 0.632874015625 0.542519684375 0.6210629921875 0.5314960625 0.6102362203125 0.51574803125 0.6102362203125 0.5086614171875 0.6161417328125001
1 0.5677165359375 0.620078740625 0.566929134375 0.6318897640625 0.573228346875 0.6564960625 0.5803149609375 0.662401575 0.595275590625 0.657480315625 0.6039370078124999 0.6397637796875 0.6039370078124999 0.617125984375 0.595275590625 0.6102362203125 0.5771653546875 0.60925196875 0.5724409453125 0.6112204718750001 0.5677165359375 0.620078740625
1 0.62834645625 0.6190944875 0.6275590546875 0.632874015625 0.63464566875 0.654527559375 0.6425196843750001 0.6614173234375 0.6559055125000001 0.6564960625 0.66535433125 0.6348425203125 0.6661417328125 0.617125984375 0.6559055125000001 0.6082677171875 0.639370078125 0.6082677171875 0.6330708656249999 0.6112204718750001 0.62834645625 0.6190944875
1 0.692125984375 0.6446850390625001 0.6992125984374999 0.6584645671875 0.70944881875 0.6604330703125 0.723622046875 0.6496062984375001 0.729921259375 0.6259842515625 0.7291338578125 0.617125984375 0.7244094484375 0.6102362203125 0.6992125984374999 0.6072834640625 0.69055118125 0.6190944875 0.692125984375 0.6446850390625001
1 0.7614173234375 0.6082677171875 0.7551181109375 0.617125984375 0.754330709375 0.629921259375 0.75905511875 0.6496062984375001 0.766929134375 0.6584645671875 0.7803149609375 0.6555118109375 0.7858267718749999 0.648622046875 0.79055118125 0.6318897640625 0.788976378125 0.612204725 0.7811023625 0.6062992125 0.7708661421875 0.6053149609374999 0.7614173234375 0.6082677171875
1 0.8173228343750001 0.6368110234375 0.8244094484375 0.654527559375 0.836220471875 0.6564960625 0.8464566921875001 0.6496062984375001 0.85275590625 0.6259842515625 0.8496062984374999 0.6082677171875 0.82834645625 0.604330709375 0.8212598421875 0.6072834640625 0.8165354328125 0.617125984375 0.8173228343750001 0.6368110234375
1 0.879527559375 0.62795275625 0.8850393703125 0.6496062984375001 0.89055118125 0.6555118109375 0.9047244093750001 0.651574803125 0.914173228125 0.6259842515625 0.9118110234374999 0.6082677171875 0.9055118109375 0.6033464562499999 0.8897637796875 0.6033464562499999 0.8818897640625 0.612204725 0.879527559375 0.62795275625
1 0.9417322828125 0.6131889765625 0.9401574796875 0.6269685046875 0.9464566921875001 0.6496062984375001 0.95275590625 0.654527559375 0.9677165359375 0.6496062984375001 0.9755905515625001 0.6259842515625 0.9732283468749999 0.6062992125 0.9661417328124999 0.601377953125 0.95275590625 0.601377953125 0.94724409375 0.6033464562499999 0.9417322828125 0.6131889765625