1 0 0.595161290625 0.0022761765625 0.5948766609375 0.011380879687500001 0.584440228125 0.0106221546875 0.5588235296875 0.005311078125 0.5502846296875 0 0.5472658265625 0 0.595161290625
1 0.0447647953125 0.5474383296875 0.0371775421875 0.5445920296875 0.030349014062500002 0.5445920296875 0.016691957812499998 0.5559772296875 0.016691957812499998 0.581593928125 0.0235204859375 0.5929791265625 0.030349014062500002 0.59677419375 0.0386949921875 0.59677419375 0.049317146875 0.5891840609375001 0.0538695 0.573055028125 0.0531107734375 0.5635673625 0.048558421875 0.5521821625000001 0.0447647953125 0.5474383296875
1 0.0743550828125 0.5445920296875 0.0735963578125 0.5436432640625 0.0660091046875 0.5464895640625 0.062215478125 0.5512333968750001 0.05614567499999999 0.5692599625 0.061456753125 0.58823529375 0.06828528125 0.5958254265625 0.08649468906249999 0.59392789375 0.09559939375 0.5796963953125001 0.09180576562500001 0.5550284624999999 0.08194233749999999 0.545540796875 0.0743550828125 0.5445920296875
1 0.146433990625 0.556925996875 0.1433990890625 0.5493358640625 0.1358118359375 0.54174573125 0.132018209375 0.54174573125 0.11305007656249999 0.542694496875 0.10318664687500001 0.5474383296875 0.0993930203125 0.5521821625000001 0.09787556875 0.5597722953125001 0.1001517453125 0.575901328125 0.10773899843750001 0.5834914609374999 0.118361153125 0.58538899375 0.1418816390625 0.5683111953125 0.145675265625 0.5635673625 0.146433990625 0.556925996875
1 0.242033384375 0.5474383296875 0.23672230625 0.542694496875 0.2253414265625 0.5407969640625 0.22154780000000002 0.5407969640625 0.188922609375 0.54174573125 0.1843702578125 0.5464895640625 0.18057663125 0.542694496875 0.1760242796875 0.5502846296875 0.17981790625 0.5616698296875 0.1957511375 0.5664136625 0.22837632812500003 0.5664136625 0.23899848281249997 0.5626185953125 0.242792109375 0.5578747625 0.242033384375 0.5474383296875
1 0.37177541718749996 0.5388994312500001 0.36798179062499997 0.5388994312500001 0.324734446875 0.539848196875 0.31942336875 0.5445920296875 0.31866464375 0.5559772296875 0.32245827031249996 0.5635673625 0.327010621875 0.5654648953125 0.37556904375 0.5635673625 0.383156296875 0.556925996875 0.3846737484375 0.5493358640625 0.381638846875 0.54174573125 0.37177541718749996 0.5388994312500001
1 0.48330804218749995 0.539848196875 0.4711684375 0.537001896875 0.46737481093750005 0.537001896875 0.4408194234375 0.5379506640625 0.43626707187499997 0.548387096875 0.437784521875 0.5588235296875 0.4408194234375 0.5635673625 0.450682853125 0.5654648953125 0.47040971093749995 0.5768500953125 0.48027314062500004 0.573055028125 0.48786039531250003 0.5607210625 0.4893778453125 0.548387096875 0.48330804218749995 0.539848196875
1 0.5394537171875 0.537001896875 0.5303490140625 0.53605313125 0.5288315625 0.53605313125 0.5174506828125 0.539848196875 0.5121396046875 0.5493358640625 0.5151745062499999 0.5749525609374999 0.5250379359374999 0.5891840609375001 0.54021244375 0.58538899375 0.5462822453125 0.5749525609374999 0.5500758718750001 0.5578747625 0.5500758718750001 0.548387096875 0.5462822453125 0.54174573125 0.5394537171875 0.537001896875
1 0.591805765625 0.5351043640625 0.5880121390624999 0.5351043640625 0.5789074359375 0.5379506640625 0.5728376328125 0.5531309296875 0.5796661609375 0.581593928125 0.589529590625 0.587286528125 0.59863429375 0.5834914609374999 0.603945371875 0.5768500953125 0.610015175 0.5578747625 0.6092564484375 0.5436432640625 0.6024279203125 0.537001896875 0.591805765625 0.5351043640625
1 0.6555386953125 0.5341555984374999 0.6502276171875 0.5341555984374999 0.6380880125 0.537001896875 0.631259484375 0.5502846296875 0.6358118359375 0.5740037953125 0.6403641875 0.5806451609375001 0.6449165406249999 0.58254269375 0.6547799703125 0.581593928125 0.6600910468750001 0.5777988609375 0.6691957515625 0.556925996875 0.6684370265624999 0.54174573125 0.6555386953125 0.5341555984374999
1 0.7253414265625 0.537001896875 0.716995446875 0.53320683125 0.7124430953124999 0.53320683125 0.6980273140625 0.5351043640625 0.6919575109375 0.5464895640625 0.6949924125 0.570208728125 0.6987860390625 0.5796963953125001 0.7056145671875 0.584440228125 0.7185128984375 0.5806451609375001 0.7245827015625 0.5740037953125 0.727617603125 0.5654648953125 0.729893778125 0.545540796875 0.7253414265625 0.537001896875
1 0.7784522 0.5322580640625 0.7741525031250001 0.5322580640625 0.7602427921875 0.5351043640625 0.7534142640625 0.548387096875 0.757966615625 0.5740037953125 0.76555386875 0.58254269375 0.7784522 0.5796963953125001 0.783004553125 0.5749525609374999 0.7867981796875 0.5635673625 0.7890743546875 0.542694496875 0.7852807281249999 0.53605313125 0.7784522 0.5322580640625
1 0.8349772375000001 0.5313092984375001 0.81866464375 0.53320683125 0.812594840625 0.545540796875 0.8171471921875 0.573055028125 0.8239757203125 0.5806451609375001 0.8376327765625 0.578747628125 0.8444613046875 0.5683111953125 0.84825493125 0.5436432640625 0.8459787562500001 0.53605313125 0.8391502281250001 0.5313092984375001 0.8349772375000001 0.5313092984375001
1 0.8983308046875 0.5294117640625 0.8937784515624999 0.5294117640625 0.8823975718750001 0.53036053125 0.87405159375 0.542694496875 0.8770864953125 0.5692599625 0.880880121875 0.5768500953125 0.8869499234375 0.5806451609375001 0.8975720796875001 0.5768500953125 0.9051593328124999 0.5607210625 0.9066767828125 0.539848196875 0.9036418812499999 0.53320683125 0.8983308046875 0.5294117640625
1 0.95751138125 0.52751423125 0.9537177546875 0.52751423125 0.9393019734375001 0.5294117640625 0.93171471875 0.5436432640625 0.9339908953125 0.5635673625 0.937784521875 0.573055028125 0.9430956 0.5777988609375 0.95827010625 0.5749525609374999 0.9658573593750001 0.5588235296875 0.9666160843749999 0.539848196875 0.9650986343750001 0.5341555984374999 0.95751138125 0.52751423125
0 0.1262645421875 0 0.1274658578125 0.018026565624999998 0.132018209375 0.02182163125 0.1380880125 0.020872865625 0.14871016718750002 0.0018975328125 0.14833080468749998 0 0.1262645421875 0
0 0.1373292875 0.0322580640625 0.130500759375 0.039848196875000005 0.130500759375 0.0597722953125 0.132018209375 0.0635673625 0.1388467375 0.067362428125 0.15174506875 0.0616698296875 0.1562974203125 0.054079696875000006 0.1562974203125 0.048387096875 0.14871016718750002 0.03889943125 0.1380880125 0.0322580640625 0.1373292875 0.0322580640625
0 0.1403641875 0.1385199234375 0.1350531109375 0.1470588234375 0.1365705609375 0.16318785625 0.14415781562500002 0.1707779890625 0.15402124374999998 0.1688804546875 0.158573596875 0.164136621875 0.160849771875 0.1432637578125 0.15402124374999998 0.13662239062499998 0.1490895296875 0.13662239062499998 0.1403641875 0.1385199234375
0 0.1479514421875 0.0104364328125 0.1426403640625 0.02182163125 0.14415781562500002 0.03036053125 0.1555386953125 0.0407969640625 0.1623672234375 0.03889943125 0.165402125 0.034155598437500004 0.16691957500000001 0.0104364328125 0.160849771875 0.0037950671875 0.1555386953125 0.0037950671875 0.1479514421875 0.0104364328125
0 0.1411229140625 0.07210626249999999 0.1358118359375 0.0796963953125 0.1373292875 0.09108159375 0.145675265625 0.097722959375 0.1562974203125 0.09582542656250001 0.1638846734375 0.08538899375 0.1638846734375 0.0711574953125 0.1562974203125 0.0645161296875 0.15402124374999998 0.0645161296875 0.1411229140625 0.07210626249999999
0 0.1426403640625 0.10056925937500001 0.1342943859375 0.109108159375 0.1342943859375 0.12239089218750002 0.1403641875 0.13092979062500001 0.15174506875 0.1318785578125 0.158573596875 0.127134725 0.1623672234375 0.11574952499999999 0.1616084984375 0.109108159375 0.1570561453125 0.103415559375 0.14871016718750002 0.10056925937500001 0.1426403640625 0.10056925937500001
0 0.1426403640625 0.1774193546875 0.1373292875 0.18500948749999999 0.1380880125 0.20493358593750002 0.145675265625 0.21347248593749998 0.1547799703125 0.2106261859375 0.159332321875 0.20208728593749997 0.160091046875 0.1840607203125 0.15250379375 0.175521821875 0.147192715625 0.175521821875 0.1426403640625 0.1774193546875
0 0.1411229140625 0.22296015156250001 0.1388467375 0.2286527515625 0.1403641875 0.2533206828125 0.145675265625 0.258064515625 0.1547799703125 0.25711575 0.159332321875 0.2495256171875 0.159332321875 0.227703984375 0.1509863421875 0.21821631875 0.14946889218749998 0.21821631875 0.1411229140625 0.22296015156250001
0 0.14415781562500002 0.26565464843750003 0.1396054625 0.27324478124999996 0.1403641875 0.296963946875 0.1479514421875 0.3036053125 0.1547799703125 0.302656546875 0.160091046875 0.2931688796875 0.159332321875 0.27039848125 0.1509863421875 0.263757115625 0.14946889218749998 0.263757115625 0.14415781562500002 0.26565464843750003
0 0.14415781562500002 0.3092979125 0.1396054625 0.3159392796875 0.1403641875 0.33965844375 0.146433990625 0.3472485765625 0.15402124374999998 0.3462998109375 0.160091046875 0.33965844375 0.160091046875 0.3140417453125 0.1547799703125 0.30834914687500004 0.1502276171875 0.30834914687500004 0.14415781562500002 0.3092979125
0 0.1403641875 0.36148007656250003 0.1411229140625 0.378557875 0.1433990890625 0.385199240625 0.1479514421875 0.38804554062499996 0.1547799703125 0.38709677343750004 0.160849771875 0.378557875 0.160091046875 0.360531309375 0.15402124374999998 0.35388994375 0.14871016718750002 0.35388994375 0.1403641875 0.36148007656250003
0 0.1418816390625 0.399430740625 0.1403641875 0.4051233390625 0.1411229140625 0.4222011390625 0.147192715625 0.429791271875 0.1547799703125 0.429791271875 0.160849771875 0.42504743906250003 0.160849771875 0.399430740625 0.1547799703125 0.393738140625 0.14871016718750002 0.393738140625 0.1418816390625 0.399430740625
0 0.1502276171875 0.4354838703125 0.1411229140625 0.443074003125 0.1403641875 0.4497153703125 0.1418816390625 0.46679316875000004 0.14491654062499998 0.47248576875000003 0.14946889218749998 0.4743833015625 0.1570561453125 0.47343453437500005 0.1623672234375 0.46204933593749997 0.160849771875 0.44117647031249996 0.1547799703125 0.4354838703125 0.1502276171875 0.4354838703125
0 0.14491654062499998 0.4829222015625 0.1411229140625 0.49051233437499997 0.1411229140625 0.5037950671875 0.146433990625 0.5170777984375 0.15781487031250002 0.5161290328125 0.1631259484375 0.5075901328125 0.1623672234375 0.487666034375 0.1555386953125 0.48102466718750003 0.14871016718750002 0.48102466718750003 0.14491654062499998 0.4829222015625
0 0.14415781562500002 0.526565465625 0.1418816390625 0.5379506640625 0.1509863421875 0.5540796968749999 0.1631259484375 0.5578747625 0.1691957515625 0.5521821625000001 0.1699544765625 0.5464895640625 0.1623672234375 0.5284629984375 0.1570561453125 0.523719165625 0.15326251875000002 0.523719165625 0.14415781562500002 0.526565465625
0 0.2549317140625 0.5407969640625 0.25037936250000004 0.5445920296875 0.2488619125 0.5578747625 0.2534142640625 0.5654648953125 0.2678300453125 0.5664136625 0.2799696515625 0.5588235296875 0.2799696515625 0.5464895640625 0.271623671875 0.5407969640625 0.2674506828125 0.5407969640625 0.2549317140625 0.5407969640625
0 0.2890743546875 0.542694496875 0.286039453125 0.5540796968749999 0.29059180625000003 0.5645161296875 0.3034901359375 0.5664136625 0.314112290625 0.5616698296875 0.3163884671875 0.5559772296875 0.3156297421875 0.545540796875 0.3088012140625 0.539848196875 0.3042488625 0.539848196875 0.2890743546875 0.542694496875
0 0.41122913437499997 0.5379506640625 0.40364188125 0.5436432640625 0.40288315625 0.5540796968749999 0.4066767828125 0.5626185953125 0.4286798171875 0.5626185953125 0.43323217031250005 0.5550284624999999 0.43323217031250005 0.5445920296875 0.4279210921875 0.5379506640625 0.423748103125 0.5379506640625 0.41122913437499997 0.5379506640625
0 0.49393019687499995 0.5540796968749999 0.4886191203125 0.5692599625 0.4901365703125 0.58538899375 0.5 0.5901328265625 0.5098634296875 0.58254269375 0.5121396046875 0.5740037953125 0.5106221546875 0.5597722953125001 0.5045523515625 0.5493358640625 0.5007587250000001 0.5493358640625 0.49393019687499995 0.5540796968749999
0 0.554628225 0.5559772296875 0.5500758718750001 0.570208728125 0.5508345984374999 0.5834914609374999 0.5591805765625 0.5901328265625 0.5652503796875 0.5891840609375001 0.5735963578125001 0.578747628125 0.5713201828125001 0.5616698296875 0.5637329281250001 0.5521821625000001 0.5599393015625 0.5521821625000001 0.554628225 0.5559772296875
0 0.6138088015625 0.5578747625 0.6092564484375 0.570208728125 0.610015175 0.5834914609374999 0.6160849765624999 0.5891840609375001 0.62594840625 0.587286528125 0.632776934375 0.5777988609375 0.630500759375 0.5616698296875 0.62443095625 0.5540796968749999 0.6183611531250001 0.5540796968749999 0.6138088015625 0.5578747625
0 0.673748103125 0.556925996875 0.6691957515625 0.5711574953125 0.6707132015624999 0.58254269375 0.6775417296875 0.5863377609375 0.686646434375 0.5834914609374999 0.6911987859375001 0.575901328125 0.6896813359375 0.5607210625 0.6843702578124999 0.5521821625000001 0.6783004546875 0.5521821625000001 0.673748103125 0.556925996875
0 0.7412746578125 0.5493358640625 0.73520485625 0.5531309296875 0.730652503125 0.5683111953125 0.730652503125 0.578747628125 0.73444613125 0.584440228125 0.7389984828125 0.58538899375 0.7473444609375 0.58254269375 0.7526555390625 0.5711574953125 0.7496206375 0.5540796968749999 0.7450682859375 0.5493358640625 0.7412746578125 0.5493358640625
0 0.7959028828125 0.5521821625000001 0.7898330796875 0.570208728125 0.7905918062499999 0.5777988609375 0.7966616078125 0.5834914609374999 0.8042488625 0.58254269375 0.8103186640625 0.5749525609374999 0.8095599390625001 0.556925996875 0.8042488625 0.5493358640625 0.8012139609375 0.5493358640625 0.7959028828125 0.5521821625000001
0 0.852807284375 0.5550284624999999 0.8505311078125001 0.573055028125 0.8512898328125 0.578747628125 0.8566009109375001 0.58254269375 0.8657056140625 0.5806451609375001 0.8717754171875001 0.5692599625 0.868740515625 0.5502846296875 0.8657056140625 0.5474383296875 0.8588770859375 0.5474383296875 0.852807284375 0.5550284624999999
0 0.9127465859375 0.5512333968750001 0.9089529593749999 0.5654648953125 0.9089529593749999 0.5740037953125 0.9165402125 0.5806451609375001 0.9248861906249999 0.578747628125 0.9294385437500001 0.570208728125 0.9271623671875 0.5502846296875 0.922610015625 0.545540796875 0.9172989375 0.545540796875 0.9127465859375 0.5512333968750001
0 0.9810318671875 0.5436432640625 0.9772382390625 0.5436432640625 0.9696509859375 0.556925996875 0.9696509859375 0.5740037953125 0.9734446125 0.578747628125 0.9840667671875 0.5777988609375 0.9878603953124999 0.5740037953125 0.9901365703125 0.5616698296875 0.9886191203125 0.548387096875 0.9848254937500001 0.5436432640625 0.9810318671875 0.5436432640625