0 0.1923611109375 0 0.1923611109375 0.0034722218749999997 0.196527778125 0.014756943750000001 0.20555555625 0.0182291671875 0.2138888890625 0.011284721875 0.2173611109375 0 0.1923611109375 0
0 0.22152777812500002 0.0329861109375 0.23055555625 0.034722221875 0.23680555625 0.03038194375 0.240277778125 0.0173611109375 0.2375 0.0078125 0.22777777812500002 0.004340278125 0.21944444375 0.010416667187500001 0.2173611109375 0.0251736109375 0.22152777812500002 0.0329861109375
0 0.19930555625 0.053819443749999994 0.2076388890625 0.0546875 0.21458333281250003 0.04774305625 0.21805555625 0.035590278125 0.2125 0.0251736109375 0.20347222187499997 0.0234375 0.19583333281249998 0.03038194375 0.19583333281249998 0.043402778125 0.19930555625 0.053819443749999994
0 0.22291666718749997 0.07204861093750001 0.22916666718749998 0.07291666718749999 0.23472222187499997 0.06857638906249999 0.2375 0.04774305625 0.23402777812500003 0.0416666671875 0.2236111109375 0.0407986109375 0.21597222187499998 0.0529513890625 0.21597222187499998 0.0607638890625 0.22291666718749997 0.07204861093750001
0 0.20347222187499997 0.097222221875 0.209027778125 0.09635416718749999 0.2173611109375 0.08420138906249999 0.2173611109375 0.06944444375 0.20972222187499998 0.061631943749999994 0.20416666718749998 0.061631943749999994 0.1986111109375 0.06770833281250001 0.1986111109375 0.09114583281250001 0.20347222187499997 0.097222221875
0 0.222222221875 0.1119791671875 0.22777777812500002 0.1145833328125 0.23263888906250002 0.1119791671875 0.23541666718749998 0.09201388906249999 0.23263888906250002 0.08072916718749999 0.22430555624999998 0.07899305625 0.21597222187499998 0.09461805625 0.21597222187499998 0.1015625 0.222222221875 0.1119791671875
0 0.20277777812500003 0.13107638906250002 0.20694444375 0.13368055625 0.2166666671875 0.13107638906250002 0.222222221875 0.1232638890625 0.22152777812500002 0.1145833328125 0.21180555625 0.1032986109375 0.20277777812500003 0.105034721875 0.20069444375 0.11024305625 0.20277777812500003 0.13107638906250002
0 0.2104166671875 0.15711805625 0.22430555624999998 0.16059027812499999 0.23125 0.15451388906250002 0.23402777812500003 0.1380208328125 0.23263888906250002 0.13368055625 0.22430555624999998 0.1302083328125 0.209027778125 0.14236111093749998 0.2076388890625 0.15190972187500001 0.2104166671875 0.15711805625
0 0.21180555625 0.19184027812499999 0.225 0.1901041671875 0.23055555625 0.1822916671875 0.23125 0.1744791671875 0.2236111109375 0.16493055625 0.2138888890625 0.1640625 0.20555555625 0.17013888906250002 0.20555555625 0.1848958328125 0.21180555625 0.19184027812499999
0 0.209027778125 0.22395833281250002 0.2208333328125 0.22569444375 0.228472221875 0.21961805625 0.23055555625 0.20399305625 0.225 0.19704861093749998 0.215277778125 0.19618055625 0.20694444375 0.20225694375 0.20625 0.215277778125 0.209027778125 0.22395833281250002
0 0.2104166671875 0.2595486109375 0.215277778125 0.2630208328125 0.2236111109375 0.26128472187499996 0.22916666718749998 0.2526041671875 0.22916666718749998 0.23611111093749998 0.2208333328125 0.230034721875 0.209027778125 0.23524305625 0.2076388890625 0.25347222187499996 0.2104166671875 0.2595486109375
0 0.21597222187499998 0.30381944375000003 0.22430555624999998 0.3020833328125 0.228472221875 0.2951388890625 0.2270833328125 0.2717013890625 0.22430555624999998 0.2682291671875 0.2166666671875 0.2673611109375 0.20972222187499998 0.27430555624999997 0.2104166671875 0.2986111109375 0.21597222187499998 0.30381944375000003
0 0.2166666671875 0.3411458328125 0.22430555624999998 0.33940972187499996 0.22916666718749998 0.33246527812500004 0.22916666718749998 0.3185763890625 0.22638888906250001 0.3125 0.21875 0.3098958328125 0.21111111093749999 0.31597222187499996 0.21180555625 0.33680555624999997 0.2166666671875 0.3411458328125
0 0.225 0.37847222187499996 0.22916666718749998 0.3723958328125 0.22916666718749998 0.3532986109375 0.2208333328125 0.3454861109375 0.21111111093749999 0.3515625 0.21180555625 0.37413194375000003 0.2166666671875 0.37934027812500004 0.225 0.37847222187499996
0 0.22430555624999998 0.4192708328125 0.2298611109375 0.4123263890625 0.228472221875 0.3888888890625 0.21875 0.3845486109375 0.21111111093749999 0.39149305624999997 0.2125 0.41493055625 0.2166666671875 0.4201388890625 0.22430555624999998 0.4192708328125
0 0.21111111093749999 0.44878472187499996 0.2138888890625 0.4583333328125 0.2166666671875 0.4609375 0.228472221875 0.4583333328125 0.23055555625 0.45225694375 0.2298611109375 0.4314236109375 0.225 0.42621527812500004 0.21805555625 0.42621527812500004 0.2125 0.4322916671875 0.21111111093749999 0.44878472187499996
0 0.2166666671875 0.5 0.228472221875 0.4982638890625 0.23125 0.4904513890625 0.2298611109375 0.47222222187499996 0.22430555624999998 0.4670138890625 0.21944444375 0.4670138890625 0.21180555625 0.4739583328125 0.21319444375000002 0.49652777812500004 0.2166666671875 0.5
0 0.228472221875 0.5364583328125 0.23194444375 0.5295138890625 0.2298611109375 0.5095486109375 0.225 0.5060763890625 0.2138888890625 0.5095486109375 0.21180555625 0.527777778125 0.215277778125 0.5364583328125 0.228472221875 0.5364583328125
0 0.22291666718749997 0.5772569437499999 0.22916666718749998 0.5763888890625 0.23263888906250002 0.5720486109375 0.23055555625 0.5494791671875 0.22638888906250001 0.5451388890625 0.21944444375 0.5442708328125 0.2125 0.551215278125 0.21319444375000002 0.5685763890625 0.22291666718749997 0.5772569437499999
0 0.23819444375 0.5998263890625 0.2604166671875 0.5998263890625 0.2666666671875 0.5920138890625 0.26597222187499997 0.5833333328125 0.2576388890625 0.5772569437499999 0.23958333281250002 0.5763888890625 0.23402777812500003 0.582465278125 0.23402777812500003 0.5946180562500001 0.23819444375 0.5998263890625
0 0.35069444375000003 0.598090278125 0.36875 0.5989583328125 0.375 0.5920138890625 0.37569444375 0.5833333328125 0.3729166671875 0.5772569437499999 0.3548611109375 0.5755208328125 0.3479166671875 0.5798611109375 0.346527778125 0.5911458328125 0.35069444375000003 0.598090278125
0 0.4611111109375 0.597222221875 0.475 0.597222221875 0.4826388890625 0.5911458328125 0.4826388890625 0.5789930562500001 0.4770833328125 0.573784721875 0.46180555625 0.573784721875 0.45555555625000005 0.5807291671875 0.45555555625000005 0.590277778125 0.4611111109375 0.597222221875
0 0.5513888890625 0.6111111109375 0.55 0.5946180562500001 0.54444444375 0.5876736109375 0.5361111109375 0.590277778125 0.5305555562500001 0.6024305562500001 0.5326388890625 0.620659721875 0.54444444375 0.620659721875 0.5513888890625 0.6111111109375
0 0.590277778125 0.620659721875 0.5986111109375 0.620659721875 0.60625 0.6111111109375 0.6041666671875 0.5954861109375 0.596527778125 0.5885416671875 0.590277778125 0.590277778125 0.5854166671875001 0.605034721875 0.5854166671875001 0.6145833328125 0.590277778125 0.620659721875
0 0.6458333328125 0.6197916671875 0.6548611109375 0.6197916671875 0.6625 0.6111111109375 0.6604166671875 0.5963541671875 0.653472221875 0.5868055562500001 0.6458333328125 0.590277778125 0.6416666671875 0.6006944437499999 0.640972221875 0.6119791671875 0.6458333328125 0.6197916671875
0 0.7020833328125 0.6180555562500001 0.709722221875 0.6171875 0.7173611109375 0.6067708328125 0.7145833328125 0.5920138890625 0.7090277781250001 0.5859375 0.703472221875 0.5868055562500001 0.6972222218749999 0.6006944437499999 0.696527778125 0.6119791671875 0.7020833328125 0.6180555562500001
1 0.7548611109375 0.6145833328125 0.76319444375 0.6163194437499999 0.7708333328125 0.6111111109375 0.7729166671875001 0.6006944437499999 0.76875 0.5859375 0.7611111109375 0.5842013890625 0.7548611109375 0.59375 0.752777778125 0.6015625 0.7548611109375 0.6145833328125
1 0.8131944437499999 0.6154513890625 0.8208333328125 0.6145833328125 0.8270833328125 0.6067708328125 0.825 0.5885416671875 0.8222222218749999 0.5842013890625 0.8125 0.5859375 0.8076388890624999 0.5998263890625 0.80694444375 0.6067708328125 0.8131944437499999 0.6154513890625
1 0.8645833328125001 0.612847221875 0.8729166671874999 0.6145833328125 0.878472221875 0.6102430562500001 0.88125 0.5946180562500001 0.8770833328125001 0.581597221875 0.86944444375 0.582465278125 0.86319444375 0.59375 0.8625 0.6085069437499999 0.8645833328125001 0.612847221875
1 0.91944444375 0.6111111109375 0.9305555562500001 0.6111111109375 0.9354166671874999 0.6024305562500001 0.9326388890624999 0.5842013890625 0.928472221875 0.5807291671875 0.9229166671875 0.581597221875 0.9166666671874999 0.5989583328125 0.9159722218749999 0.6067708328125 0.91944444375 0.6111111109375
0 0.9381944437499999 0.5928819437499999 0.9416666671874999 0.605034721875 0.95069444375 0.6111111109375 0.9604166671875 0.6085069437499999 0.96875 0.5885416671875 0.9666666671874999 0.5677083328125 0.959722221875 0.5642361109375 0.9458333328125 0.5651041671875 0.9381944437499999 0.5755208328125 0.9381944437499999 0.5928819437499999
1 0.9875 0.6067708328125 0.9875 0.5859375 0.984722221875 0.5798611109375 0.9770833328125 0.5807291671875 0.971527778125 0.5911458328125 0.9708333328125001 0.6032986109375 0.97430555625 0.6119791671875 0.9875 0.6067708328125
1 0 0.6310763890625 0.013888889062500001 0.629340278125 0.0229166671875 0.6154513890625 0.0208333328125 0.5928819437499999 0.015972221875 0.5850694437499999 0.007638889062499999 0.581597221875 0 0.581597221875 0 0.6310763890625
1 0.034722221875 0.582465278125 0.02569444375 0.597222221875 0.027777778125000003 0.6189236109375 0.0298611109375 0.625 0.0354166671875 0.629340278125 0.04305555625 0.6302083328125 0.052777778124999994 0.6258680562500001 0.061111110937500004 0.6154513890625 0.061111110937500004 0.598090278125 0.058333332812500006 0.590277778125 0.05069444375 0.582465278125 0.034722221875 0.582465278125
1 0.0638888890625 0.6119791671875 0.071527778125 0.625 0.0826388890625 0.628472221875 0.0958333328125 0.6197916671875 0.0986111109375 0.5989583328125 0.0916666671875 0.5842013890625 0.0861111109375 0.5807291671875 0.075 0.5807291671875 0.0645833328125 0.590277778125 0.0638888890625 0.6119791671875
1 0.103472221875 0.613715278125 0.109722221875 0.6241319437499999 0.12361111093749999 0.6267361109375 0.13125 0.6232638890625 0.1354166671875 0.6163194437499999 0.1361111109375 0.5954861109375 0.127777778125 0.581597221875 0.11041666718750001 0.581597221875 0.102777778125 0.5946180562500001 0.103472221875 0.613715278125
1 0.140277778125 0.59375 0.140277778125 0.612847221875 0.1458333328125 0.6241319437499999 0.16180555624999998 0.6276041671875 0.1708333328125 0.620659721875 0.17430555625 0.6076388890625 0.17361111093749998 0.5989583328125 0.1708333328125 0.589409721875 0.16458333281249998 0.581597221875 0.14930555625 0.5807291671875 0.140277778125 0.59375
1 0.1888888890625 0.6154513890625 0.21875 0.6006944437499999 0.22638888906250001 0.5920138890625 0.22152777812500002 0.5807291671875 0.2125 0.5763888890625 0.1854166671875 0.5789930562500001 0.1763888890625 0.5876736109375 0.178472221875 0.6067708328125 0.1888888890625 0.6154513890625
1 0.28125 0.6006944437499999 0.3229166671875 0.5998263890625 0.33125 0.5911458328125 0.3291666671875 0.5798611109375 0.322222221875 0.5763888890625 0.2791666671875 0.5763888890625 0.272222221875 0.5833333328125 0.27291666718749996 0.5946180562500001 0.28125 0.6006944437499999
1 0.3888888890625 0.5989583328125 0.4291666671875 0.597222221875 0.43680555625000006 0.590277778125 0.43819444374999994 0.5842013890625 0.4291666671875 0.574652778125 0.3861111109375 0.574652778125 0.3791666671875 0.5798611109375 0.37986111093749997 0.5946180562500001 0.3888888890625 0.5989583328125
1 0.4861111109375 0.5911458328125 0.4895833328125 0.5963541671875 0.51319444375 0.6102430562500001 0.5215277781250001 0.6085069437499999 0.53125 0.5920138890625 0.5305555562500001 0.5798611109375 0.5229166671875001 0.573784721875 0.49375 0.5729166671875 0.4861111109375 0.5798611109375 0.4861111109375 0.5911458328125
1 0.55069444375 0.5920138890625 0.5548611109375 0.6085069437499999 0.5638888890625 0.620659721875 0.5763888890625 0.6171875 0.5861111109375 0.5928819437499999 0.584722221875 0.5789930562500001 0.5763888890625 0.5729166671875 0.5604166671875 0.5729166671875 0.5520833328125 0.5798611109375 0.55069444375 0.5920138890625
1 0.60625 0.5807291671875 0.60625 0.5954861109375 0.6145833328125 0.6171875 0.6291666671875 0.6163194437499999 0.6361111109375 0.609375 0.640972221875 0.5911458328125 0.640972221875 0.581597221875 0.63819444375 0.5763888890625 0.63055555625 0.5720486109375 0.6152777781250001 0.5711805562500001 0.60625 0.5807291671875
1 0.6625 0.581597221875 0.665277778125 0.605034721875 0.66944444375 0.6119791671875 0.67569444375 0.6145833328125 0.6854166671875 0.612847221875 0.690972221875 0.6067708328125 0.6972222218749999 0.5859375 0.6972222218749999 0.5798611109375 0.6868055562500001 0.5711805562500001 0.671527778125 0.5711805562500001 0.6625 0.581597221875
0 0.7180555562500001 0.5946180562500001 0.72430555625 0.612847221875 0.7326388890625 0.6163194437499999 0.7458333328125 0.6085069437499999 0.7520833328125 0.5842013890625 0.7479166671875 0.5729166671875 0.7284722218749999 0.5694444437499999 0.7236111109375 0.5711805562500001 0.7180555562500001 0.5798611109375 0.7180555562500001 0.5946180562500001
0 0.7770833328125 0.6041666671875 0.7826388890625 0.613715278125 0.79375 0.613715278125 0.80069444375 0.6067708328125 0.80694444375 0.5842013890625 0.8020833328125001 0.5711805562500001 0.7854166671875 0.5685763890625 0.7798611109375 0.5711805562500001 0.7743055562500001 0.5798611109375 0.7770833328125 0.6041666671875
0 0.83055555625 0.573784721875 0.828472221875 0.5885416671875 0.8333333328125001 0.6085069437499999 0.8388888890624999 0.612847221875 0.8534722218749999 0.6085069437499999 0.8583333328125 0.5989583328125 0.8604166671875 0.5842013890625 0.8576388890625 0.5711805562500001 0.8534722218749999 0.5677083328125 0.8416666671874999 0.566840278125 0.83055555625 0.573784721875
0 0.88819444375 0.605902778125 0.89375 0.6119791671875 0.903472221875 0.6111111109375 0.9069444437499999 0.6076388890625 0.9145833328125 0.5833333328125 0.91180555625 0.5703125 0.9055555562500001 0.565972221875 0.8916666671875 0.566840278125 0.8847222218749999 0.578125 0.88819444375 0.605902778125