1 0.041984732812499995 0.5543893125 0.035114503125 0.55057251875 0.031297709374999996 0.55057251875 0.0206106875 0.552480915625 0.012213740625 0.5658396953125 0.012213740625 0.5858778625000001 0.02442748125 0.603053434375 0.0343511453125 0.6020992359374999 0.04351145 0.59732824375 0.049618320312500006 0.5858778625000001 0.0503816796875 0.5772900765625 0.04732824375 0.5620229 0.041984732812499995 0.5543893125
1 0.06717557187499999 0.5496183203125 0.0580152671875 0.556297709375 0.0534351140625 0.5772900765625 0.058778626562500005 0.5963740453125 0.0702290078125 0.6020992359374999 0.0816793890625 0.6001908390625 0.0908396953125 0.5887404578125001 0.08931297656250001 0.5610687015625 0.0824427484375 0.552480915625 0.0740458015625 0.5496183203125 0.06717557187499999 0.5496183203125
1 0.1335877859375 0.572519084375 0.1259541984375 0.5543893125 0.1145038171875 0.548664121875 0.1106870234375 0.548664121875 0.103053434375 0.552480915625 0.095419846875 0.5620229 0.0946564890625 0.5820610687500001 0.09694656562500001 0.591603053125 0.1022900765625 0.5982824421874999 0.10839694687500001 0.6020992359374999 0.1175572515625 0.6020992359374999 0.1251908390625 0.5982824421874999 0.132824428125 0.587786259375 0.1335877859375 0.572519084375
1 0.1706106875 0.5458015265625 0.14427480937499998 0.5496183203125 0.1381679390625 0.564885496875 0.14122137343750002 0.5782442750000001 0.1458015265625 0.5830152671875 0.15343511406250002 0.583969465625 0.1908396953125 0.568702290625 0.1938931296875 0.5620229 0.1923664125 0.5534351140625 0.17557251875 0.5458015265625 0.1706106875 0.5458015265625
1 0.287786259375 0.544847328125 0.28473282499999997 0.544847328125 0.25038167968749997 0.5467557249999999 0.24580152656249998 0.5543893125 0.24580152656249998 0.5629771 0.24961832031250003 0.5696564890625 0.2549618328125 0.572519084375 0.29465648906249997 0.572519084375 0.30839694687499997 0.5639312984375 0.3091603046875 0.5543893125 0.3053435109375 0.548664121875 0.287786259375 0.544847328125
1 0.44351145000000003 0.5438931296875 0.43358778593749997 0.5429389312499999 0.4293893125 0.5429389312499999 0.3900763359375 0.544847328125 0.3862595421875 0.5515267171875 0.3870229 0.564885496875 0.38931297656249997 0.568702290625 0.396946565625 0.5706106875 0.43969465625000004 0.5696564890625 0.4488549625 0.5658396953125 0.45267175625 0.55820610625 0.4511450375 0.548664121875 0.44351145000000003 0.5438931296875
1 0.5230916031249999 0.5419847328125 0.5099236640625 0.5419847328125 0.5022900765625 0.55057251875 0.49923664062500006 0.580152671875 0.5137404578125 0.591603053125 0.528244275 0.587786259375 0.5358778625 0.5772900765625 0.53969465625 0.552480915625 0.536641221875 0.5467557249999999 0.527480915625 0.5419847328125 0.5230916031249999 0.5419847328125
1 0.6007633593749999 0.55057251875 0.5870229 0.541030534375 0.5829519078125001 0.541030534375 0.568702290625 0.5438931296875 0.5641221375 0.5496183203125 0.5625954203125 0.5572519078125 0.567175571875 0.5811068703125 0.5709923671875 0.5887404578125001 0.5778625953125001 0.5944656484374999 0.5862595421875 0.5925572515625 0.5931297703125 0.5858778625000001 0.6015267171875001 0.5620229 0.6007633593749999 0.55057251875
1 0.6488549625 0.5400763359375 0.6440206109375 0.5400763359375 0.6290076328125 0.5429389312499999 0.623664121875 0.556297709375 0.628244275 0.5820610687500001 0.6374045796875001 0.591603053125 0.6465648859375001 0.5906488546875 0.6534351140625 0.583969465625 0.6610687015625001 0.5610687015625 0.6610687015625001 0.5496183203125 0.655725190625 0.5429389312499999 0.6488549625 0.5400763359375
1 0.7152671749999999 0.5419847328125 0.708396946875 0.5391221374999999 0.7035625953125 0.5391221374999999 0.68854961875 0.5419847328125 0.68320610625 0.552480915625 0.68320610625 0.5620229 0.6877862593749999 0.580152671875 0.6977099234375 0.5896946562500001 0.7091603046875 0.5868320609375 0.7137404578125001 0.5811068703125 0.7206106875 0.5620229 0.7206106875 0.548664121875 0.7152671749999999 0.5419847328125
1 0.7709923671875 0.5381679390625 0.766603053125 0.5381679390625 0.7503816796875 0.5391221374999999 0.74351145 0.5496183203125 0.744274809375 0.5677480921875 0.7488549625 0.5820610687500001 0.7541984734375 0.587786259375 0.767175571875 0.587786259375 0.776335878125 0.5782442750000001 0.7809160312500001 0.548664121875 0.77557251875 0.5400763359375 0.7709923671875 0.5381679390625
1 0.828244275 0.5362595421874999 0.823664121875 0.5362595421874999 0.812213740625 0.5391221374999999 0.8061068703125001 0.552480915625 0.8091603046875001 0.576335878125 0.8175572515624999 0.587786259375 0.8259541984375 0.5868320609375 0.8320610687500001 0.5820610687500001 0.8404580156250001 0.5591603046875 0.8404580156250001 0.5458015265625 0.835114503125 0.5391221374999999 0.828244275 0.5362595421874999
1 0.8893129765625 0.5353053437499999 0.8844786265625 0.5353053437499999 0.8748091609375 0.5353053437499999 0.8702290078124999 0.5381679390625 0.8648854968749999 0.548664121875 0.868702290625 0.576335878125 0.8770992359375 0.5858778625000001 0.8908396953125 0.5820610687500001 0.896946565625 0.5715648859375 0.9007633593750001 0.5496183203125 0.896946565625 0.5400763359375 0.8893129765625 0.5353053437499999
1 0.9438931296874999 0.533396946875 0.9335877859374999 0.5353053437499999 0.9259541984374999 0.5496183203125 0.9297709921875 0.576335878125 0.9374045796875 0.5849236640625 0.9496183203124999 0.5820610687500001 0.9580152671875 0.5620229 0.9580152671875 0.5419847328125 0.9549618328125 0.5362595421874999 0.9480916031250001 0.533396946875 0.9438931296874999 0.533396946875
1 1 0.5331243406249999 0.9908396953124999 0.5343511453125 0.983969465625 0.548664121875 0.9862595421875 0.5677480921875 0.9893129765625 0.576335878125 0.9946564890625 0.5820610687500001 1 0.5820610687500001 1 0.5331243406249999
0 0.1758419390625 0 0.17709923593750002 0.006679389062500001 0.1824427484375 0.013358778125000002 0.1908396953125 0.0124045796875 0.19618320625000002 0.0009541984375 0.19622561562500002 0 0.1758419390625 0
0 0.159236640625 0 0.1549618328125 0.006679389062500001 0.155725190625 0.0286259546875 0.16030534375 0.0343511453125 0.167175571875 0.033396946875 0.17709923593750002 0.0162213734375 0.17557251875 0.0076335875 0.16891047812499999 0 0.159236640625 0
0 0.176335878125 0.024809160937499998 0.168702290625 0.0381679390625 0.1694656484375 0.0458015265625 0.1824427484375 0.05534351093749999 0.1908396953125 0.052480915625 0.1938931296875 0.044847328125 0.1938931296875 0.024809160937499998 0.18854961875 0.0200381671875 0.1824427484375 0.0200381671875 0.176335878125 0.024809160937499998
0 0.159541984375 0.0591603046875 0.16030534375 0.0772900765625 0.16564885468749999 0.08396946562499999 0.18091603125 0.08206106875 0.187786259375 0.06965648906250001 0.184732825 0.06106870156250001 0.171755725 0.052480915625 0.167175571875 0.052480915625 0.1664122140625 0.0515267171875 0.159541984375 0.0591603046875
0 0.1816793890625 0.0858778625 0.1732824421875 0.087786259375 0.1641221375 0.095419846875 0.163358778125 0.107824428125 0.16793893124999998 0.115458015625 0.1748091609375 0.11832061093749999 0.18320610625 0.11736641249999999 0.18931297656249998 0.1106870234375 0.19160305312499998 0.09351145 0.18320610625 0.0858778625 0.1816793890625 0.0858778625
0 0.17786259531249998 0.1221374046875 0.1702290078125 0.123091603125 0.163358778125 0.13072519062500002 0.163358778125 0.14408396875 0.16793893124999998 0.15267175625 0.1786259546875 0.154580153125 0.187786259375 0.1479007640625 0.1908396953125 0.1374045796875 0.1900763359375 0.12881679375 0.18320610625 0.1221374046875 0.17786259531249998 0.1221374046875
0 0.1694656484375 0.1612595421875 0.1641221375 0.169847328125 0.16564885468749999 0.189885496875 0.1740458015625 0.1956106875 0.183969465625 0.1927480921875 0.18854961875 0.18320610625 0.18854961875 0.16603053437499998 0.1793893125 0.158396946875 0.176335878125 0.158396946875 0.1694656484375 0.1612595421875
0 0.16793893124999998 0.208969465625 0.1664122140625 0.2213740453125 0.168702290625 0.23473282499999998 0.1740458015625 0.2395038171875 0.18320610625 0.23854961874999997 0.187786259375 0.2290076328125 0.187786259375 0.20992366406250001 0.18091603125 0.201335878125 0.1740458015625 0.201335878125 0.16793893124999998 0.208969465625
0 0.1709923671875 0.248091603125 0.16793893124999998 0.25381679375 0.16793893124999998 0.27671755781249996 0.1740458015625 0.28530534375 0.1824427484375 0.2843511453125 0.18854961875 0.27671755781249996 0.18854961875 0.2528625953125 0.180152671875 0.24522900781249998 0.17709923593750002 0.24522900781249998 0.1709923671875 0.248091603125
0 0.16793893124999998 0.2996183203125 0.16793893124999998 0.318702290625 0.1740458015625 0.33015267187499997 0.1786259546875 0.3311068703125 0.187786259375 0.32442748125 0.18931297656249998 0.314885496875 0.18854961875 0.2996183203125 0.18091603125 0.29103053437500004 0.17557251875 0.29103053437500004 0.16793893124999998 0.2996183203125
0 0.168702290625 0.3664122140625 0.1748091609375 0.375 0.18320610625 0.375 0.18931297656249998 0.3664122140625 0.18931297656249998 0.3425572515625 0.18091603125 0.3349236640625 0.17786259531249998 0.3349236640625 0.16793893124999998 0.34351145 0.168702290625 0.3664122140625
0 0.168702290625 0.38931297656249997 0.1694656484375 0.4055343515625 0.1732824421875 0.4131679390625 0.17786259531249998 0.41603053437500004 0.183969465625 0.41507633593750004 0.1900763359375 0.40362595468749995 0.18931297656249998 0.38931297656249997 0.1816793890625 0.3816793890625 0.17786259531249998 0.3816793890625 0.168702290625 0.38931297656249997
0 0.17786259531249998 0.4208015265625 0.1709923671875 0.4265267171875 0.168702290625 0.4341603046875 0.1694656484375 0.44942748125 0.17251908437500002 0.45610687031249997 0.17709923593750002 0.45896946562499996 0.184732825 0.45706106875 0.1908396953125 0.44656488593750004 0.1900763359375 0.42843511406249996 0.18320610625 0.4208015265625 0.17786259531249998 0.4208015265625
0 0.171755725 0.46851145 0.1694656484375 0.4770992359375 0.1702290078125 0.4933206109375 0.176335878125 0.501908396875 0.187786259375 0.5 0.19160305312499998 0.4914122140625 0.1908396953125 0.47232824375 0.18320610625 0.46374045781250006 0.17786259531249998 0.46374045781250006 0.171755725 0.46851145
0 0.1702290078125 0.515267175 0.1702290078125 0.533396946875 0.17557251875 0.541030534375 0.1870229 0.5438931296875 0.1923664125 0.5400763359375 0.1923664125 0.5238549625 0.1908396953125 0.5143129765625 0.184732825 0.5085877859375 0.17786259531249998 0.5085877859375 0.1702290078125 0.515267175
0 0.2183206109375 0.5458015265625 0.2076335875 0.5467557249999999 0.20381679375 0.5515267171875 0.20305343437499998 0.5629771 0.2091603046875 0.5715648859375 0.227480915625 0.572519084375 0.2381679390625 0.5639312984375 0.2389312984375 0.55820610625 0.2343511453125 0.548664121875 0.22213740468749998 0.5458015265625 0.2183206109375 0.5458015265625
0 0.33396946562499996 0.544847328125 0.3229007640625 0.5458015265625 0.319847328125 0.548664121875 0.3175572515625 0.5591603046875 0.3206106875 0.568702290625 0.335114503125 0.5715648859375 0.348091603125 0.5658396953125 0.3503816796875 0.5534351140625 0.34732824375 0.5477099234375 0.3381679390625 0.544847328125 0.33396946562499996 0.544847328125
0 0.3748091609375 0.5438931296875 0.3702290078125 0.5438931296875 0.3580152671875 0.5458015265625 0.35572519062499997 0.548664121875 0.3541984734375 0.5629771 0.3572519078125 0.568702290625 0.36793893125 0.5715648859375 0.38091603125 0.5677480921875 0.38320610624999996 0.5629771 0.38320610624999996 0.5515267171875 0.3816793890625 0.5467557249999999 0.3748091609375 0.5438931296875
0 0.4732824421875 0.5467557249999999 0.47175572499999996 0.560114503125 0.47557251875000006 0.5677480921875 0.49007633593750005 0.5734732828125 0.49770992343750003 0.5639312984375 0.49923664062500006 0.548664121875 0.49618320625 0.5438931296875 0.48473282500000003 0.5419847328125 0.48320610625000004 0.5419847328125 0.4732824421875 0.5467557249999999
0 0.5427480921875001 0.5639312984375 0.5389312984375 0.576335878125 0.5389312984375 0.587786259375 0.5450381671875 0.5954198468749999 0.5541984734375001 0.5954198468749999 0.5625954203125 0.5858778625000001 0.5618320609375 0.568702290625 0.5541984734375001 0.5572519078125 0.5496183203125 0.5572519078125 0.5427480921875001 0.5639312984375
0 0.6106870234375 0.55820610625 0.603053434375 0.5658396953125 0.6 0.5782442750000001 0.603053434375 0.5925572515625 0.6076335875 0.5954198468749999 0.6152671749999999 0.5944656484374999 0.623664121875 0.5858778625000001 0.6229007640625001 0.5696564890625 0.619847328125 0.5620229 0.6137404578125001 0.55820610625 0.6106870234375 0.55820610625
0 0.6656488546875 0.5610687015625 0.6610687015625001 0.5734732828125 0.6603053437499999 0.5858778625000001 0.6641221374999999 0.59351145 0.672519084375 0.59351145 0.68320610625 0.580152671875 0.6816793890625 0.5658396953125 0.6732824421875 0.5572519078125 0.6717557249999999 0.5572519078125 0.6656488546875 0.5610687015625
0 0.7305343515625 0.5572519078125 0.7259541984375 0.5610687015625 0.719847328125 0.5782442750000001 0.7221374046875 0.5868320609375 0.727480915625 0.591603053125 0.7381679390625 0.5887404578125001 0.7427480921875 0.5811068703125 0.7427480921875 0.5706106875 0.7389312984374999 0.5610687015625 0.7343511453125 0.5572519078125 0.7305343515625 0.5572519078125
0 0.7862595421874999 0.5591603046875 0.7816793890625 0.5753816796875 0.78320610625 0.5858778625000001 0.787786259375 0.5896946562500001 0.796946565625 0.5887404578125001 0.80381679375 0.580152671875 0.8022900765625 0.5610687015625 0.795419846875 0.5543893125 0.7923664125000001 0.5543893125 0.7862595421874999 0.5591603046875
0 0.84732824375 0.5572519078125 0.8412213734374999 0.576335878125 0.8427480921875 0.583969465625 0.8480916031250001 0.5887404578125001 0.8564885500000001 0.587786259375 0.8633587781250001 0.580152671875 0.86030534375 0.5591603046875 0.8541984734374999 0.5543893125 0.85267175625 0.5543893125 0.84732824375 0.5572519078125
0 0.9129771 0.5515267171875 0.9068702296875 0.556297709375 0.9022900765624999 0.576335878125 0.9038167937500001 0.583969465625 0.908396946875 0.5868320609375 0.9183206109375 0.583969465625 0.9229007640625 0.5753816796875 0.9213740453125 0.55820610625 0.9183206109375 0.552480915625 0.9145038171875 0.5515267171875 0.9129771 0.5515267171875
0 0.9732824421874999 0.5496183203125 0.96793893125 0.5515267171875 0.9641221375000001 0.5572519078125 0.9610687015625 0.5706106875 0.9610687015625 0.5791984734375 0.9671755718749999 0.5858778625000001 0.976335878125 0.5849236640625 0.9824427484375 0.5753816796875 0.9793893125 0.5543893125 0.9740458015625 0.55057251875 0.9732824421874999 0.5496183203125