0 0.20138888906250002 0 0.19444444375 0.0095486109375 0.19444444375 0.0217013890625 0.19930555625 0.03038194375 0.209027778125 0.03038194375 0.2166666671875 0.0208333328125 0.2166666671875 0.00868055625 0.2104166671875 0 0.20138888906250002 0
0 0.23680555625 0.043402778125 0.2388888890625 0.02430555625 0.23611111093749998 0.019965278125 0.22430555624999998 0.0182291671875 0.21805555625 0.027777778125000003 0.2173611109375 0.03819444375 0.2236111109375 0.0486111109375 0.23194444375 0.0486111109375 0.23680555625 0.043402778125
0 0.21805555625 0.0546875 0.2166666671875 0.042534721875 0.2125 0.03819444375 0.20416666718749998 0.0373263890625 0.197222221875 0.0442708328125 0.1979166671875 0.065972221875 0.20069444375 0.06944444375 0.2125 0.066840278125 0.21805555625 0.0546875
0 0.23194444375 0.08767361093750001 0.23611111093749998 0.07725694375 0.23541666718749998 0.059027778125 0.23263888906250002 0.055555556250000006 0.22430555624999998 0.0546875 0.2173611109375 0.06336805625 0.21597222187499998 0.07552083281250001 0.21875 0.082465278125 0.22638888906250001 0.089409721875 0.23194444375 0.08767361093750001
0 0.21805555625 0.08506944375 0.20972222187499998 0.07552083281250001 0.20277777812500003 0.07638888906249999 0.19930555625 0.082465278125 0.2 0.1067708328125 0.209027778125 0.11024305625 0.21805555625 0.098090278125 0.21805555625 0.08506944375
0 0.23194444375 0.12586805625 0.23402777812500003 0.1189236109375 0.23263888906250002 0.098090278125 0.22430555624999998 0.09635416718749999 0.21458333281250003 0.10850694375 0.21319444375000002 0.1189236109375 0.21597222187499998 0.12413194375 0.222222221875 0.12847222187500001 0.23194444375 0.12586805625
0 0.22638888906250001 0.1458333328125 0.225 0.13368055625 0.21597222187499998 0.12586805625 0.20833333281250002 0.12413194375 0.20277777812500003 0.12847222187500001 0.20277777812500003 0.14496527812499999 0.20625 0.15190972187500001 0.21805555625 0.15277777812499999 0.22638888906250001 0.1458333328125
0 0.23194444375 0.1744791671875 0.23194444375 0.1614583328125 0.225 0.15538194375 0.21111111093749999 0.1588541671875 0.20625 0.16579861093749998 0.20625 0.17795138906250002 0.21458333281250003 0.18576388906250002 0.22569444375 0.18402777812499999 0.23194444375 0.1744791671875
0 0.23055555625 0.20833333281250002 0.23055555625 0.19618055625 0.22430555624999998 0.18836805625 0.2125 0.18923611093749998 0.20625 0.19618055625 0.20625 0.20920138906250002 0.21180555625 0.21701388906250002 0.2236111109375 0.21701388906250002 0.23055555625 0.20833333281250002
0 0.228472221875 0.245659721875 0.228472221875 0.22743055625 0.2236111109375 0.222222221875 0.2166666671875 0.22135416718749998 0.2076388890625 0.22916666718749998 0.20972222187499998 0.25 0.2166666671875 0.25434027812500004 0.22430555624999998 0.2526041671875 0.228472221875 0.245659721875
0 0.2236111109375 0.29253472187499996 0.228472221875 0.2829861109375 0.22777777812500002 0.2638888890625 0.2201388890625 0.2578125 0.20972222187499998 0.265625 0.209027778125 0.28559027812500004 0.21111111093749999 0.2907986109375 0.21597222187499998 0.2942708328125 0.2236111109375 0.29253472187499996
0 0.22916666718749998 0.3229166671875 0.22777777812500002 0.3029513890625 0.22291666718749997 0.2986111109375 0.2173611109375 0.2986111109375 0.2104166671875 0.30555555624999997 0.21111111093749999 0.3298611109375 0.215277778125 0.3342013890625 0.22430555624999998 0.3333333328125 0.22916666718749998 0.3229166671875
0 0.22916666718749998 0.3645833328125 0.22777777812500002 0.3454861109375 0.2208333328125 0.34027777812500004 0.21111111093749999 0.3454861109375 0.21180555625 0.3671875 0.2166666671875 0.3723958328125 0.22430555624999998 0.37065972187499996 0.22916666718749998 0.3645833328125
0 0.2298611109375 0.40190972187499996 0.22916666718749998 0.3828125 0.21875 0.3767361109375 0.21111111093749999 0.38368055624999997 0.21180555625 0.4045138890625 0.21875 0.4114583328125 0.22569444375 0.40972222187499996 0.2298611109375 0.40190972187499996
0 0.22152777812500002 0.4513888890625 0.23055555625 0.4427083328125 0.2298611109375 0.421875 0.225 0.4157986109375 0.2166666671875 0.4157986109375 0.21111111093749999 0.42274305625 0.21111111093749999 0.4392361109375 0.2166666671875 0.4505208328125 0.22152777812500002 0.4513888890625
0 0.22777777812500002 0.4895833328125 0.23125 0.48003472187499996 0.23055555625 0.46180555625 0.225 0.45659722187499996 0.21805555625 0.45659722187499996 0.21180555625 0.4626736109375 0.21111111093749999 0.4791666671875 0.21458333281250003 0.4895833328125 0.2201388890625 0.4921875 0.22777777812500002 0.4895833328125
0 0.23194444375 0.5208333328125 0.2298611109375 0.5017361109375 0.22430555624999998 0.4973958328125 0.21319444375000002 0.5017361109375 0.21180555625 0.5182291671875 0.2138888890625 0.527777778125 0.2270833328125 0.5303819437499999 0.23194444375 0.5208333328125
0 0.228472221875 0.565972221875 0.23263888906250002 0.5572916671875 0.23125 0.5407986109375 0.22569444375 0.5364583328125 0.21805555625 0.5364583328125 0.2125 0.542534721875 0.21180555625 0.558159721875 0.215277778125 0.565972221875 0.21944444375 0.5685763890625 0.228472221875 0.565972221875
0 0.2486111109375 0.5885416671875 0.24722222187499998 0.581597221875 0.23194444375 0.5720486109375 0.2236111109375 0.5720486109375 0.2201388890625 0.5763888890625 0.2208333328125 0.5911458328125 0.228472221875 0.598090278125 0.2416666671875 0.597222221875 0.2486111109375 0.5885416671875
0 0.3583333328125 0.5911458328125 0.35694444375 0.5807291671875 0.35208333281250004 0.5763888890625 0.334722221875 0.5763888890625 0.3291666671875 0.582465278125 0.33055555625 0.5963541671875 0.33680555624999997 0.5998263890625 0.35 0.5998263890625 0.3583333328125 0.5911458328125
0 0.46527777812500004 0.589409721875 0.46527777812500004 0.5798611109375 0.4604166671875 0.574652778125 0.446527778125 0.573784721875 0.4375 0.5789930562500001 0.43680555625000006 0.589409721875 0.44166666718750003 0.597222221875 0.459027778125 0.597222221875 0.46527777812500004 0.589409721875
0 0.5423611109375 0.6111111109375 0.5423611109375 0.589409721875 0.53680555625 0.581597221875 0.527777778125 0.5850694437499999 0.5229166671875001 0.598090278125 0.5229166671875001 0.609375 0.5270833328125 0.6163194437499999 0.5354166671875 0.6171875 0.5423611109375 0.6111111109375
0 0.5986111109375 0.6111111109375 0.596527778125 0.5946180562500001 0.590972221875 0.5885416671875 0.5833333328125 0.590277778125 0.578472221875 0.6006944437499999 0.577777778125 0.613715278125 0.58194444375 0.620659721875 0.5916666671875 0.620659721875 0.5986111109375 0.6111111109375
0 0.6513888890625 0.613715278125 0.6520833328125 0.6032986109375 0.6486111109375 0.5911458328125 0.63819444375 0.589409721875 0.634027778125 0.598090278125 0.6319444437499999 0.612847221875 0.6354166671875 0.6189236109375 0.64444444375 0.6197916671875 0.6513888890625 0.613715278125
0 0.7083333328125 0.609375 0.7076388890625 0.5946180562500001 0.702777778125 0.5850694437499999 0.69375 0.5868055562500001 0.6888888890625 0.5989583328125 0.6881944437499999 0.6111111109375 0.69305555625 0.6180555562500001 0.7013888890625 0.6171875 0.7083333328125 0.609375
0 0.76319444375 0.5998263890625 0.759027778125 0.5868055562500001 0.7513888890625 0.5850694437499999 0.7458333328125 0.5928819437499999 0.74375 0.6119791671875 0.7479166671875 0.6163194437499999 0.7597222218749999 0.613715278125 0.76319444375 0.5998263890625
0 0.81805555625 0.6067708328125 0.81805555625 0.5946180562500001 0.8125 0.5833333328125 0.8041666671875 0.5859375 0.8 0.597222221875 0.79930555625 0.6067708328125 0.8020833328125001 0.613715278125 0.8104166671874999 0.6154513890625 0.81805555625 0.6067708328125
0 0.872222221875 0.6032986109375 0.86944444375 0.5859375 0.86180555625 0.582465278125 0.8548611109375001 0.5920138890625 0.8548611109375001 0.6102430562500001 0.8604166671875 0.6145833328125 0.8673611109375001 0.612847221875 0.872222221875 0.6032986109375
0 0.92430555625 0.6085069437499999 0.9270833328125001 0.598090278125 0.9236111109375 0.581597221875 0.9138888890624999 0.581597221875 0.9083333328125001 0.5928819437499999 0.9076388890624999 0.605902778125 0.9111111109375001 0.612847221875 0.91944444375 0.612847221875 0.92430555625 0.6085069437499999
0 0.9798611109375001 0.6067708328125 0.98125 0.5963541671875 0.9770833328125 0.5798611109375 0.9701388890624999 0.5789930562500001 0.9618055562500001 0.5946180562500001 0.9618055562500001 0.6041666671875 0.965277778125 0.6102430562500001 0.9729166671874999 0.6119791671875 0.9798611109375001 0.6067708328125
1 0 0.6319444437499999 0.010416667187500001 0.6302083328125 0.01805555625 0.621527778125 0.019444443750000002 0.612847221875 0.01805555625 0.59375 0.00625 0.581597221875 0 0.581597221875 0 0.6319444437499999
1 0.053472221875 0.6223958328125 0.05694444375 0.6145833328125 0.05625 0.5963541671875 0.0486111109375 0.5833333328125 0.03194444375 0.581597221875 0.022222221875 0.5928819437499999 0.0208333328125 0.613715278125 0.028472221875 0.629340278125 0.04444444375 0.6302083328125 0.053472221875 0.6223958328125
1 0.0923611109375 0.6189236109375 0.09444444375 0.5989583328125 0.0923611109375 0.590277778125 0.08541666718749999 0.582465278125 0.0701388890625 0.581597221875 0.06319444375 0.5876736109375 0.061111110937500004 0.59375 0.061805556250000004 0.6154513890625 0.06805555625000001 0.6267361109375 0.084027778125 0.6267361109375 0.0923611109375 0.6189236109375
1 0.12847222187500001 0.621527778125 0.13194444375 0.6145833328125 0.13263888906250001 0.6024305562500001 0.13125 0.5920138890625 0.125 0.582465278125 0.1111111109375 0.5798611109375 0.09930555625000001 0.5911458328125 0.0986111109375 0.6111111109375 0.1041666671875 0.6232638890625 0.11736111093749999 0.6276041671875 0.12847222187500001 0.621527778125
1 0.1708333328125 0.6154513890625 0.16875 0.5911458328125 0.159027778125 0.5807291671875 0.14305555625 0.582465278125 0.1361111109375 0.5954861109375 0.13888888906250002 0.6189236109375 0.1458333328125 0.6267361109375 0.16180555624999998 0.6258680562500001 0.1708333328125 0.6154513890625
1 0.2173611109375 0.5928819437499999 0.21597222187499998 0.5850694437499999 0.209027778125 0.5772569437499999 0.1826388890625 0.5789930562500001 0.17361111093749998 0.589409721875 0.175 0.6076388890625 0.18819444375 0.6171875 0.20416666718749998 0.609375 0.2173611109375 0.5928819437499999
1 0.315277778125 0.5885416671875 0.31180555625 0.5798611109375 0.302777778125 0.5763888890625 0.2604166671875 0.5772569437499999 0.25347222187499996 0.5833333328125 0.25347222187499996 0.5928819437499999 0.2638888890625 0.6006944437499999 0.30625 0.5998263890625 0.315277778125 0.5885416671875
1 0.42083333281249996 0.5885416671875 0.41875 0.5798611109375 0.41319444375 0.5755208328125 0.37013888906250003 0.574652778125 0.36180555625 0.5789930562500001 0.3604166671875 0.5911458328125 0.36666666718749996 0.5989583328125 0.40833333281249995 0.5989583328125 0.42083333281249996 0.5885416671875
1 0.5215277781250001 0.590277778125 0.5201388890625 0.5798611109375 0.5125 0.573784721875 0.4791666671875 0.5729166671875 0.46875 0.5789930562500001 0.46875 0.5911458328125 0.47430555625000004 0.597222221875 0.51319444375 0.6024305562500001 0.5215277781250001 0.590277778125
1 0.56805555625 0.6171875 0.5770833328125 0.6006944437499999 0.577777778125 0.5807291671875 0.5694444437499999 0.573784721875 0.55625 0.5729166671875 0.55 0.5755208328125 0.5458333328125 0.5833333328125 0.5458333328125 0.605034721875 0.54930555625 0.6163194437499999 0.5548611109375 0.620659721875 0.56805555625 0.6171875
1 0.6229166671875 0.6154513890625 0.6319444437499999 0.59375 0.6319444437499999 0.5798611109375 0.6229166671875 0.5720486109375 0.6145833328125 0.5711805562500001 0.6041666671875 0.573784721875 0.5986111109375 0.5798611109375 0.5979166671875 0.59375 0.60555555625 0.6145833328125 0.6111111109375 0.6189236109375 0.6229166671875 0.6154513890625
1 0.6826388890625 0.6076388890625 0.6881944437499999 0.5842013890625 0.684722221875 0.5755208328125 0.6770833328125 0.5711805562500001 0.6604166671875 0.5711805562500001 0.652777778125 0.5807291671875 0.6541666671875 0.6024305562500001 0.66180555625 0.6171875 0.6708333328125 0.6171875 0.6826388890625 0.6076388890625
1 0.73194444375 0.6145833328125 0.7375 0.6076388890625 0.740972221875 0.5963541671875 0.7430555562500001 0.5850694437499999 0.740972221875 0.5763888890625 0.7333333328125 0.5703125 0.7194444437499999 0.5703125 0.7104166671875001 0.5798611109375 0.7104166671875001 0.5963541671875 0.7145833328125 0.609375 0.721527778125 0.6163194437499999 0.73194444375 0.6145833328125
1 0.7923611109375 0.6076388890625 0.7979166671875 0.5833333328125 0.79305555625 0.5711805562500001 0.7715277781250001 0.5694444437499999 0.7645833328125 0.5789930562500001 0.7645833328125 0.5928819437499999 0.7708333328125 0.6119791671875 0.7826388890625 0.6145833328125 0.7923611109375 0.6076388890625
1 0.8423611109375001 0.6111111109375 0.8506944437499999 0.5920138890625 0.8520833328125 0.581597221875 0.84930555625 0.5720486109375 0.8430555562500001 0.5677083328125 0.8298611109375 0.5677083328125 0.821527778125 0.5772569437499999 0.8208333328125 0.590277778125 0.825 0.6085069437499999 0.8298611109375 0.613715278125 0.8423611109375001 0.6111111109375
1 0.8965277781250001 0.6102430562500001 0.902777778125 0.5998263890625 0.90625 0.5842013890625 0.9041666671874999 0.5711805562500001 0.8993055562500001 0.566840278125 0.8875 0.565972221875 0.8798611109375001 0.5685763890625 0.8763888890624999 0.573784721875 0.8743055562500001 0.5876736109375 0.8798611109375001 0.6085069437499999 0.884027778125 0.6119791671875 0.8965277781250001 0.6102430562500001
1 0.95069444375 0.609375 0.9590277781250001 0.590277778125 0.959722221875 0.578125 0.95555555625 0.5677083328125 0.9388888890624999 0.5651041671875 0.9298611109375001 0.5755208328125 0.9291666671875 0.5885416671875 0.934722221875 0.6067708328125 0.9395833328125001 0.6111111109375 0.95069444375 0.609375
1 0.9993055562500001 0.5642361109375 0.990972221875 0.5642361109375 0.984027778125 0.5729166671875 0.984722221875 0.59375 0.9895833328125001 0.6067708328125 0.9993055562500001 0.6085069437499999 0.9993055562500001 0.5642361109375