0 0.1570972890625 0 0.1570972890625 0.0149402390625 0.161881978125 0.020916334375 0.1690590109375 0.02191235 0.1786283890625 0.009960159375 0.180622009375 0 0.1570972890625 0
0 0.181020734375 0.03784860625 0.18740031875000002 0.0448207171875 0.19696969687500002 0.0448207171875 0.2009569375 0.010956175 0.19537480000000002 0.0059760953125000005 0.1866028703125 0.0059760953125000005 0.17942583750000002 0.015936254687500002 0.177830940625 0.028884462500000003 0.181020734375 0.03784860625
0 0.158692184375 0.058764940625 0.1626794265625 0.0667330671875 0.169856459375 0.067729084375 0.17942583750000002 0.058764940625 0.1826156296875 0.0428286859375 0.172248803125 0.028884462500000003 0.161881978125 0.03087649375 0.158692184375 0.0348605578125 0.158692184375 0.058764940625
0 0.18740031875000002 0.091633465625 0.1977671453125 0.0826693234375 0.19856459375 0.0627490046875 0.19298245625 0.0557768921875 0.1866028703125 0.0557768921875 0.17145135625000002 0.07669322656250001 0.1770334921875 0.08864541875000001 0.18740031875000002 0.091633465625
0 0.172248803125 0.1245019921875 0.18341307812500002 0.1245019921875 0.1937799046875 0.11254980156250001 0.1921850078125 0.10159362499999999 0.185805421875 0.09561752968750001 0.1706539078125 0.091633465625 0.164274321875 0.0976095625 0.164274321875 0.11354581718750001 0.172248803125 0.1245019921875
0 0.1738437 0.16135458125 0.1866028703125 0.16135458125 0.19537480000000002 0.148406375 0.19537480000000002 0.1374501984375 0.1881977671875 0.129482071875 0.172248803125 0.1304780875 0.16586921875 0.13944223125 0.1666666671875 0.1533864546875 0.1738437 0.16135458125
0 0.172248803125 0.200199203125 0.18181818125 0.202191234375 0.19138755937500002 0.1952191234375 0.1937799046875 0.1733067734375 0.1905901109375 0.169322709375 0.177830940625 0.1663346609375 0.1674641140625 0.1752988046875 0.1674641140625 0.192231075 0.172248803125 0.200199203125
0 0.17145135625000002 0.24103585624999999 0.1786283890625 0.2470119515625 0.18740031875000002 0.2440239046875 0.1921850078125 0.23605577656249999 0.1921850078125 0.2131474109375 0.18341307812500002 0.2061752984375 0.17145135625000002 0.21215139375 0.1690590109375 0.21613545781250001 0.17145135625000002 0.24103585624999999
0 0.1881977671875 0.29183266875 0.19298245625 0.2788844625 0.19138755937500002 0.25896414375 0.181020734375 0.25199203125 0.1706539078125 0.261952190625 0.172248803125 0.28784860624999997 0.177830940625 0.2928286859375 0.1881977671875 0.29183266875
0 0.1866028703125 0.339641434375 0.19298245625 0.329681275 0.19138755937500002 0.3027888453125 0.18181818125 0.297808765625 0.17145135625000002 0.307768925 0.1730462515625 0.3346613546875 0.17942583750000002 0.34063745 0.1866028703125 0.339641434375
0 0.1786283890625 0.38247011875000003 0.188995215625 0.3804780875 0.19298245625 0.3745019921875 0.1921850078125 0.3525896421875 0.18740031875000002 0.3476095625 0.17942583750000002 0.3476095625 0.172248803125 0.3525896421875 0.1738437 0.3764940234375 0.1786283890625 0.38247011875000003
0 0.1802232859375 0.4272908359375 0.188995215625 0.42529880468750003 0.1937799046875 0.419322709375 0.19298245625 0.3944223109375 0.18740031875000002 0.38844621562500004 0.17942583750000002 0.38844621562500004 0.172248803125 0.3964143421875 0.172248803125 0.419322709375 0.1802232859375 0.4272908359375
0 0.1746411484375 0.46713147343749994 0.1802232859375 0.47310757031249995 0.19138755937500002 0.47111553749999996 0.19537480000000002 0.46015936249999995 0.19298245625 0.43824701250000003 0.1826156296875 0.43227091562500003 0.1730462515625 0.44023904375 0.172248803125 0.46115537812499996 0.1746411484375 0.46713147343749994
0 0.17623604531249998 0.5179282875 0.1881977671875 0.51992031875 0.1921850078125 0.5169322703125 0.19537480000000002 0.50896414375 0.19298245625 0.4830677296875 0.18341307812500002 0.479083665625 0.1738437 0.4870517921875 0.1730462515625 0.507968128125 0.17623604531249998 0.5179282875
0 0.17623604531249998 0.560756971875 0.17942583750000002 0.5637450203125 0.19138755937500002 0.5617529875 0.1961722484375 0.551792828125 0.1937799046875 0.5318725093750001 0.181020734375 0.527888446875 0.1738437 0.5358565734375 0.1730462515625 0.5537848609375 0.17623604531249998 0.560756971875
0 0.1746411484375 0.5756972109375 0.1738437 0.580677290625 0.1786283890625 0.587649403125 0.2009569375 0.607569721875 0.210526315625 0.6085657375 0.21531100468750003 0.6035856578125001 0.2121212125 0.5936254984375 0.20015948906249997 0.58864541875 0.19298245625 0.57071713125 0.1826156296875 0.567729084375 0.1746411484375 0.5756972109375
0 0.22807017499999999 0.598605578125 0.22807017499999999 0.607569721875 0.23285486406250003 0.6165338640625 0.24960127656250003 0.618525896875 0.2591706546875 0.6115537843750001 0.2599681015625 0.59960159375 0.256778309375 0.5936254984375 0.2448165875 0.59063745 0.232057415625 0.5936254984375 0.22807017499999999 0.598605578125
0 0.3596491234375 0.6165338640625 0.3755980859375 0.6165338640625 0.3835725671875 0.607569721875 0.381977671875 0.5926294828125 0.3755980859375 0.58864541875 0.357256778125 0.589641434375 0.351674640625 0.5966135453125 0.351674640625 0.6085657375 0.3596491234375 0.6165338640625
0 0.4792663484375 0.6135458171875 0.49681020781249996 0.6165338640625 0.5063795859375 0.6085657375 0.50797448125 0.5936254984375 0.5031897921875 0.587649403125 0.48644338125 0.5866533859375 0.47527910625 0.5936254984375 0.47448165937500003 0.6035856578125001 0.4792663484375 0.6135458171875
0 0.5550239234375 0.640438246875 0.5685805421875 0.642430278125 0.575757575 0.6364541828125 0.577352471875 0.6254980078125 0.5709728875 0.6065737046875 0.5590111640625001 0.6065737046875 0.5534290265624999 0.618525896875 0.5518341312499999 0.6344621515625 0.5550239234375 0.640438246875
0 0.6188197765625 0.6414342625 0.6267942578125 0.6434262953125 0.63875598125 0.6334661359375 0.6379585328124999 0.6155378484375 0.6323763953125 0.6055776890625 0.62200956875 0.6065737046875 0.615629984375 0.62151394375 0.6148325359375 0.6334661359375 0.6188197765625 0.6414342625
0 0.6802232859374999 0.6384462156249999 0.6866028703125 0.6414342625 0.7001594890625 0.6344621515625 0.7009569375 0.6175298812500001 0.6937799046875 0.6055776890625 0.685007975 0.6065737046875 0.6794258375 0.6175298812500001 0.677830940625 0.6334661359375 0.6802232859374999 0.6384462156249999
0 0.7639553421875 0.631474103125 0.7655502390625 0.6155378484375 0.7615629984375001 0.6035856578125001 0.7519936203124999 0.601593625 0.7440191390625001 0.6135458171875 0.7440191390625001 0.6344621515625 0.75279106875 0.6384462156249999 0.7639553421875 0.631474103125
0 0.8062200953125 0.631474103125 0.81259968125 0.6374501984375 0.8221690593750001 0.6354581671874999 0.8285486437499999 0.6254980078125 0.8245614031249999 0.6035856578125001 0.8157894734375001 0.6005976093750001 0.8094098890625 0.6065737046875 0.8046252 0.6245019921875 0.8062200953125 0.631474103125
0 0.8732057421875 0.6334661359375 0.8827751203125 0.6344621515625 0.89154705 0.6264940234374999 0.8907496015625 0.6085657375 0.884370015625 0.598605578125 0.87799043125 0.59960159375 0.8708133968749999 0.6145418328125001 0.8700159484375 0.6254980078125 0.8732057421875 0.6334661359375
0 0.93460925 0.6324701187499999 0.9449760765624999 0.6344621515625 0.9505582140625 0.6304780875 0.95374800625 0.6165338640625 0.9489633171875 0.598605578125 0.9385964906250001 0.598605578125 0.9322169062500001 0.6125498015625 0.9314194578125001 0.6264940234374999 0.93460925 0.6324701187499999
0 1 0.59960159375 0.996012759375 0.6045816734375 0.9944178625 0.6264940234374999 1 0.6311420984375 1 0.59960159375
1 0.011961721875000001 0.6344621515625 0.0215311 0.648406375 0.0358851671875 0.648406375 0.043859648437499996 0.6444223109375 0.0486443375 0.6364541828125 0.049441785937499996 0.6135458171875 0.040669856250000004 0.5976095625 0.0215311 0.5966135453125 0.011164275 0.6115537843750001 0.011961721875000001 0.6344621515625
1 0.055821371875000005 0.6065737046875 0.054226474999999996 0.6304780875 0.061403509375 0.6454183265625 0.08054226406250001 0.648406375 0.0901116421875 0.6414342625 0.0933014359375 0.6324701187499999 0.0933014359375 0.6155378484375 0.0861244015625 0.59960159375 0.08133971250000001 0.5956175296875 0.06778309375 0.5946215140625 0.055821371875000005 0.6065737046875
1 0.1092503984375 0.648406375 0.12440191406250001 0.648406375 0.1355661875 0.6364541828125 0.13795853281249998 0.6175298812500001 0.1267942578125 0.5966135453125 0.11084529531250001 0.5946215140625 0.098086125 0.609561753125 0.098086125 0.6334661359375 0.1092503984375 0.648406375
1 0.1435406703125 0.6025896421875 0.1435406703125 0.6205179281250001 0.150717703125 0.62848605625 0.1626794265625 0.62848605625 0.181020734375 0.6195219125 0.1977671453125 0.618525896875 0.2017543859375 0.6135458171875 0.19696969687500002 0.6025896421875 0.177830940625 0.589641434375 0.1515151515625 0.5926294828125 0.1435406703125 0.6025896421875
1 0.27432216875000004 0.618525896875 0.322169059375 0.6175298812500001 0.3333333328125 0.6085657375 0.3325358859375 0.5976095625 0.3229665078125 0.59063745 0.271929825 0.59063745 0.264752790625 0.598605578125 0.2655502390625 0.6115537843750001 0.27432216875000004 0.618525896875
1 0.387559809375 0.609561753125 0.39633173906249997 0.6165338640625 0.4433811796875 0.6155378484375 0.4489633171875 0.6135458171875 0.45454545468749996 0.6045816734375 0.4529505578125 0.5926294828125 0.4473684203125 0.58864541875 0.39393939375000003 0.58864541875 0.387559809375 0.5936254984375 0.387559809375 0.609561753125
1 0.5326953750000001 0.6374501984375 0.54625199375 0.6274900390625 0.554226475 0.6055776890625 0.5526315796875 0.5946215140625 0.5390749593749999 0.5866533859375 0.5159489640625 0.58864541875 0.5095693781249999 0.6025896421875 0.5087719296875 0.6205179281250001 0.5326953750000001 0.6374501984375
1 0.5821371609375 0.589641434375 0.577352471875 0.5976095625 0.5765550234375 0.6115537843750001 0.5813397124999999 0.6294820718749999 0.5917065390625 0.640438246875 0.5996810203125 0.640438246875 0.60606060625 0.6354581671874999 0.615629984375 0.6085657375 0.6148325359375 0.5936254984375 0.60845295 0.587649403125 0.59489633125 0.5856573703125 0.5821371609375 0.589641434375
1 0.63875598125 0.598605578125 0.642743221875 0.6254980078125 0.6491228062500001 0.6364541828125 0.661881978125 0.6384462156249999 0.6730462515625 0.6264940234374999 0.6786283890625 0.6065737046875 0.677830940625 0.5946215140625 0.6730462515625 0.58864541875 0.6523126 0.5846613546875 0.645135565625 0.587649403125 0.63875598125 0.598605578125
1 0.7009569375 0.5946215140625 0.7017543859375001 0.6135458171875 0.7081339718749999 0.62848605625 0.718500796875 0.6354581671874999 0.7264752796875 0.6354581671874999 0.735247209375 0.62848605625 0.7424242421875 0.6025896421875 0.74162679375 0.5936254984375 0.735247209375 0.5856573703125 0.7081339718749999 0.5846613546875 0.7009569375 0.5946215140625
1 0.767942584375 0.609561753125 0.7751196171875 0.6324701187499999 0.789473684375 0.6354581671874999 0.7990430625 0.6254980078125 0.8054226468750001 0.6035856578125001 0.8022328546875 0.587649403125 0.7926634765625 0.5826693234375 0.778309409375 0.5826693234375 0.76874003125 0.5936254984375 0.767942584375 0.609561753125
1 0.8301435406250001 0.5936254984375 0.8325358859374999 0.62151394375 0.8389154703124999 0.631474103125 0.85087719375 0.6344621515625 0.8620414671875001 0.6254980078125 0.8676236046874999 0.6025896421875 0.8676236046874999 0.5936254984375 0.8620414671875001 0.5836653390625 0.854864434375 0.580677290625 0.8389154703124999 0.5826693234375 0.8301435406250001 0.5936254984375
1 0.8947368421874999 0.5936254984375 0.8947368421874999 0.609561753125 0.9003189796875001 0.6274900390625 0.9066985640624999 0.6324701187499999 0.9194577359375 0.62848605625 0.9298245609375 0.6035856578125001 0.9274322171874999 0.5856573703125 0.922647528125 0.580677290625 0.9066985640624999 0.579681275 0.8995215312499999 0.5836653390625 0.8947368421874999 0.5936254984375
1 0.9665071765625 0.578685259375 0.9561403515625001 0.59063745 0.9561403515625001 0.609561753125 0.9609250406250001 0.6254980078125 0.9681020734375 0.631474103125 0.9816586921875 0.62848605625 0.988835725 0.6175298812500001 0.9912280703125 0.6065737046875 0.99202551875 0.5936254984375 0.9880382781250001 0.58167330625 0.9792663484374999 0.57768924375 0.9665071765625 0.578685259375