0 0.1990150328125 0 0.19984447968750002 0.007766990625 0.20606531874999998 0.01456310625 0.21384136874999998 0.01456310625 0.2208398140625 0.0058252421875 0.22106198593749998 0 0.1990150328125 0
0 0.183514775 0 0.1788491453125 0.0029126218749999998 0.1749611203125 0.01553398125 0.1765163296875 0.0300970875 0.18273716874999998 0.036893203125 0.192846034375 0.033009709375 0.19984447968750002 0.019417475 0.19984447968750002 0.0116504859375 0.1897356140625 0 0.183514775 0
0 0.1990668734375 0.0310679609375 0.196734059375 0.0436893203125 0.2013996890625 0.05533980625 0.207620528125 0.0611650484375 0.21539657812500002 0.0592233015625 0.21928460312500003 0.050485437499999994 0.21928460312500003 0.0291262140625 0.2130637640625 0.022330096875 0.20606531874999998 0.022330096875 0.1990668734375 0.0310679609375
0 0.1780715390625 0.0737864078125 0.183514775 0.080582525 0.19051321875 0.0786407765625 0.200622084375 0.06504854374999999 0.1975116640625 0.051456310937500006 0.188958009375 0.0436893203125 0.185069984375 0.0436893203125 0.17729393437500002 0.05436893281250001 0.1780715390625 0.0737864078125
0 0.1920684296875 0.097087378125 0.203732503125 0.10291262187500001 0.21384136874999998 0.1 0.21695178906249998 0.0932038828125 0.21695178906249998 0.072815534375 0.212286159375 0.067961165625 0.20528771406250002 0.067961165625 0.1897356140625 0.0864077671875 0.1920684296875 0.097087378125
0 0.1842923796875 0.10776699062499999 0.1819595640625 0.11553398125 0.183514775 0.1291262140625 0.191290825 0.13495145625 0.203732503125 0.133009709375 0.212286159375 0.122330096875 0.2107309484375 0.1116504859375 0.1975116640625 0.10291262187500001 0.1936236390625 0.10291262187500001 0.1842923796875 0.10776699062499999
0 0.188958009375 0.1417475734375 0.1858475890625 0.14563106718750002 0.1842923796875 0.1563106796875 0.188958009375 0.16699029062499998 0.20295489843749998 0.1689320390625 0.212286159375 0.162135921875 0.2146189734375 0.147572815625 0.20606531874999998 0.13786407812499998 0.2017884921875 0.13786407812499998 0.188958009375 0.1417475734375
0 0.1897356140625 0.177669903125 0.1858475890625 0.18446601875 0.18662519375 0.20097087343750003 0.19440124375 0.2067961171875 0.20606531874999998 0.20485436875000002 0.211508553125 0.1990291265625 0.2130637640625 0.1815533984375 0.20528771406250002 0.17378640781250002 0.2010108859375 0.17378640781250002 0.1897356140625 0.177669903125
0 0.200622084375 0.2116504859375 0.19051321875 0.21553398124999998 0.1874028 0.2213592234375 0.1881804046875 0.2407766984375 0.1959564546875 0.2495145625 0.20528771406250002 0.2485436890625 0.211508553125 0.23883495156249998 0.211508553125 0.21941747500000003 0.20839813437500002 0.21456310625000002 0.2013996890625 0.2116504859375 0.200622084375 0.2116504859375
0 0.1951788484375 0.257281553125 0.1897356140625 0.26504854375 0.1897356140625 0.28737864062499996 0.1975116640625 0.29514563125 0.20606531874999998 0.2932038828125 0.2107309484375 0.2834951453125 0.2107309484375 0.26407767031249996 0.204510109375 0.2563106796875 0.200622084375 0.2563106796875 0.1951788484375 0.257281553125
0 0.1951788484375 0.302912621875 0.19051321875 0.3116504859375 0.191290825 0.3339805828125 0.196734059375 0.34077669843749997 0.20606531874999998 0.339805825 0.211508553125 0.3310679609375 0.2107309484375 0.3087378640625 0.20217729375000001 0.3009708734375 0.200622084375 0.3009708734375 0.1951788484375 0.302912621875
0 0.20217729375000001 0.34757281562500003 0.2013996890625 0.3466019421875 0.1959564546875 0.3485436890625 0.19051321875 0.357281553125 0.191290825 0.3786407765625 0.1951788484375 0.38543689375 0.200622084375 0.3883495140625 0.2068429234375 0.38640776718750003 0.212286159375 0.3786407765625 0.211508553125 0.35533980625 0.2068429234375 0.3485436890625 0.20217729375000001 0.34757281562500003
0 0.19440124375 0.39514563125 0.19051321875 0.407766990625 0.191290825 0.4233009703125 0.196734059375 0.432038834375 0.2068429234375 0.4310679609375 0.212286159375 0.4233009703125 0.212286159375 0.4009708734375 0.20295489843749998 0.392233009375 0.200622084375 0.392233009375 0.19440124375 0.39514563125
0 0.1920684296875 0.44757281562499995 0.1920684296875 0.462135921875 0.1951788484375 0.47087378593749996 0.200622084375 0.47475728124999994 0.207620528125 0.472815534375 0.21384136874999998 0.462135921875 0.212286159375 0.4466019421875 0.2068429234375 0.439805825 0.19984447968750002 0.439805825 0.1920684296875 0.44757281562499995
0 0.1920684296875 0.48737864062499997 0.191290825 0.49805825312499996 0.192846034375 0.5106796109375 0.2013996890625 0.517475728125 0.20917573906250003 0.51553398125 0.21384136874999998 0.5067961171875 0.2130637640625 0.48834951406249993 0.20528771406250002 0.47961165 0.200622084375 0.47961165 0.1920684296875 0.48737864062499997
0 0.1975116640625 0.5242718453124999 0.1920684296875 0.536893203125 0.1936236390625 0.5543689328125 0.200622084375 0.5611650484374999 0.20995334375 0.5592233015625 0.2146189734375 0.5514563109374999 0.21384136874999998 0.532038834375 0.2068429234375 0.5233009703125 0.20295489843749998 0.5233009703125 0.1975116640625 0.5242718453124999
0 0.191290825 0.5941747578125 0.19440124375 0.6 0.2068429234375 0.5990291265625001 0.21539657812500002 0.592233009375 0.2146189734375 0.5757281546875 0.2068429234375 0.5660194171875 0.2013996890625 0.5660194171875 0.192846034375 0.5747572812499999 0.191290825 0.5941747578125
0 0.2927682734375 0.5980582531249999 0.2830482109375 0.6 0.2791601859375 0.6067961171875 0.27993779218750003 0.6184466015625001 0.2853810265625 0.6242718453125 0.303265940625 0.6242718453125 0.31104199062500004 0.61553398125 0.31104199062500004 0.6067961171875 0.30793157031249996 0.6009708734375 0.2970451015625 0.5980582531249999 0.2927682734375 0.5980582531249999
0 0.4097978234375 0.5961165046875 0.3981337484375 0.597087378125 0.395023328125 0.6 0.39269051250000003 0.61456310625 0.3958009328125 0.6213592234374999 0.41213063749999995 0.6233009703125 0.4199066875 0.62038835 0.4237947125 0.61553398125 0.4237947125 0.601941746875 0.413685846875 0.5961165046875 0.4097978234375 0.5961165046875
0 0.4339035765625 0.5961165046875 0.429237946875 0.6009708734375 0.42846034218750007 0.6135922328125 0.43234836718749997 0.6213592234374999 0.45256609687499993 0.62038835 0.4572317265625 0.6106796109375 0.45645412187499995 0.6009708734375 0.45256609687499993 0.5961165046875 0.4479004671875 0.5961165046875 0.4339035765625 0.5961165046875
0 0.5357698296875 0.6038834953125 0.5311041984375 0.6184466015625001 0.532659409375 0.6359223296875001 0.5373250390625001 0.6407766984375 0.54587869375 0.639805825 0.5528771390625 0.6320388343750001 0.5544323484375 0.60485436875 0.5482115078125 0.5980582531249999 0.54199066875 0.5980582531249999 0.5357698296875 0.6038834953125
0 0.5964230171875 0.6165048546875 0.5933125968749999 0.633009709375 0.597200621875 0.6456310671875001 0.6034214625 0.6485436890625 0.6111975109375 0.6456310671875001 0.6174183515625 0.636893203125 0.6158631421874999 0.62038835 0.608864696875 0.6087378640625001 0.60264385625 0.6087378640625001 0.5964230171875 0.6165048546875
0 0.6594090203125 0.61553398125 0.654743390625 0.636893203125 0.6578538109375 0.6446601937499999 0.6632970453125 0.647572815625 0.6702954906249999 0.6466019421875 0.6788491453125001 0.636893203125 0.677293934375 0.6184466015625001 0.6702954906249999 0.6097087375 0.6664074656250001 0.6097087375 0.6594090203125 0.61553398125
0 0.72161741875 0.6106796109375 0.71772939375 0.6262135921875001 0.7200622078125 0.6388349515625 0.7262830484375 0.6436893203125 0.7356143078125 0.6407766984375 0.7395023328125 0.633009709375 0.7371695171875 0.6126213593750001 0.7309486781250001 0.6058252421875 0.7301710734375 0.6058252421875 0.72161741875 0.6106796109375
0 0.78227060625 0.61456310625 0.7776049765625 0.6281553390625 0.77838258125 0.6388349515625 0.7830482109375 0.6436893203125 0.791601865625 0.6436893203125 0.7993779156249999 0.6349514562499999 0.7993779156249999 0.62038835 0.792379471875 0.6087378640625001 0.787713840625 0.6087378640625001 0.78227060625 0.61456310625
0 0.8444790046874999 0.6116504859375 0.8405909796875 0.6233009703125 0.8421461890625 0.636893203125 0.8491446343750001 0.642718446875 0.8576982890625 0.639805825 0.8623639187500001 0.6310679609375 0.8600311046875 0.6106796109375 0.8538102640625 0.6058252421875 0.8522550546875 0.6058252421875 0.8444790046874999 0.6116504859375
0 0.9059097984375001 0.6106796109375 0.9004665624999999 0.627184465625 0.9020217734375 0.637864078125 0.9082426124999999 0.6417475734375 0.9167962671875 0.6388349515625 0.9222395015625 0.6281553390625 0.9206842921874999 0.61553398125 0.9152410578125 0.6058252421875 0.9129082421874999 0.6058252421875 0.9059097984375001 0.6106796109375
0 0.9657853812500001 0.6097087375 0.9626749609375 0.6262135921875001 0.9650077765624999 0.636893203125 0.9712286156250001 0.639805825 0.9782270609375001 0.637864078125 0.9844478999999999 0.62524271875 0.98133748125 0.6067961171875 0.9774494562499999 0.602912621875 0.9712286156250001 0.602912621875 0.9657853812500001 0.6097087375
1 0.0466562984375 0.6165048546875 0.039657853124999996 0.6058252421875 0.0334370140625 0.602912621875 0.02838258125 0.602912621875 0.02332815 0.602912621875 0.0139968890625 0.6087378640625001 0.0101088640625 0.6223300968750001 0.0101088640625 0.633009709375 0.0139968890625 0.6456310671875001 0.0272161734375 0.6563106796875 0.036547434375 0.65533980625 0.0427682734375 0.6504854375 0.0489891140625 0.6349514562499999 0.0466562984375 0.6165048546875
1 0.07465007812499999 0.601941746875 0.0676516328125 0.601941746875 0.05909797812499999 0.6067961171875 0.0520995328125 0.62524271875 0.0567651640625 0.6446601937499999 0.0660964234375 0.65533980625 0.0762052875 0.65533980625 0.0839813375 0.6514563109375 0.0917573875 0.636893203125 0.089424571875 0.61456310625 0.0839813375 0.6067961171875 0.07465007812499999 0.601941746875
1 0.1290824265625 0.6106796109375 0.11819595624999998 0.601941746875 0.1139191296875 0.601941746875 0.10264385625000001 0.60485436875 0.0956454125 0.6165048546875 0.0964230171875 0.642718446875 0.1018662515625 0.6514563109375 0.10964230156250002 0.65533980625 0.11975116718750001 0.65533980625 0.128304821875 0.6504854375 0.1329704515625 0.639805825 0.1329704515625 0.62038835 0.1290824265625 0.6106796109375
1 0.17262830468749998 0.602912621875 0.167962675 0.6009708734375 0.163491446875 0.6009708734375 0.146967340625 0.602912621875 0.1368584765625 0.6184466015625001 0.1384136859375 0.636893203125 0.14852255 0.6504854375 0.1570762046875 0.6514563109375 0.16562985937500002 0.6466019421875 0.1780715390625 0.6349514562499999 0.18118195937499998 0.6281553390625 0.18118195937499998 0.6135922328125 0.17262830468749998 0.602912621875
1 0.2410575421875 0.6067961171875 0.2325038875 0.601941746875 0.22706065312499998 0.6038834953125 0.223172628125 0.6 0.21850699843750002 0.602912621875 0.21695178906249998 0.6 0.21384136874999998 0.6 0.196734059375 0.6058252421875 0.192846034375 0.6126213593750001 0.19440124375 0.62038835 0.200622084375 0.62524271875 0.25427682812499997 0.62524271875 0.26438569218749997 0.617475728125 0.26360808750000003 0.6058252421875 0.2581648515625 0.6009708734375 0.24961119687500002 0.6009708734375 0.2410575421875 0.6067961171875
1 0.356920684375 0.597087378125 0.353032659375 0.597087378125 0.322706065625 0.5980582531249999 0.316485225 0.6058252421875 0.316485225 0.61553398125 0.3234836703125 0.6242718453125 0.3312597203125 0.62524271875 0.3693623640625 0.6233009703125 0.3802488328125 0.61553398125 0.3810264390625 0.6058252421875 0.3771384140625 0.6 0.356920684375 0.597087378125
1 0.47744945625 0.5941747578125 0.47667184999999995 0.5941747578125 0.46656298593749995 0.5951456312500001 0.46034214687499997 0.6009708734375 0.46034214687499997 0.61553398125 0.46345256562500003 0.6213592234374999 0.5147744953125 0.6233009703125 0.5202177296875 0.62038835 0.5256609640625001 0.6116504859375 0.5241057546875 0.6009708734375 0.5171073093749999 0.5961165046875 0.47744945625 0.5941747578125
1 0.5777604984375 0.5941747578125 0.5637636078125 0.5961165046875 0.559097978125 0.6038834953125 0.5559875578125 0.6388349515625 0.5606531875 0.6466019421875 0.5777604984375 0.6466019421875 0.5832037328124999 0.6436893203125 0.589424571875 0.633009709375 0.5933125968749999 0.6067961171875 0.582426128125 0.5941747578125 0.5777604984375 0.5941747578125
1 0.650855365625 0.597087378125 0.64152410625 0.5932038828125 0.6373771390625 0.5932038828125 0.623639190625 0.5951456312500001 0.6189735609375 0.601941746875 0.6174183515625 0.6097087375 0.6220839812500001 0.636893203125 0.6267496109375 0.6436893203125 0.631415240625 0.6456310671875001 0.6461897359375001 0.6407766984375 0.6539657859375 0.6242718453125 0.6562986000000001 0.6058252421875 0.650855365625 0.597087378125
1 0.7052877140625 0.592233009375 0.7013996890625 0.592233009375 0.6897356140625 0.592233009375 0.685069984375 0.5951456312500001 0.67962675 0.60485436875 0.68273716875 0.6320388343750001 0.6920684296874999 0.6446601937499999 0.70606531875 0.6417475734375 0.711508553125 0.6339805828125 0.7146189734374999 0.6233009703125 0.715396578125 0.6009708734375 0.7052877140625 0.592233009375
1 0.7776049765625 0.601941746875 0.772939346875 0.5941747578125 0.7674961125 0.5912621359375 0.7632192843750001 0.5912621359375 0.7480559875 0.592233009375 0.7418351484375 0.601941746875 0.7433903578125001 0.6281553390625 0.7465007781249999 0.636893203125 0.7519440125 0.6417475734375 0.7581648515625 0.642718446875 0.7667185062499999 0.6388349515625 0.7713841375 0.6339805828125 0.7752721625000001 0.6223300968750001 0.7776049765625 0.601941746875
1 0.8258164859375 0.5893203890625001 0.8216695171874999 0.5893203890625001 0.807153965625 0.592233009375 0.8009331265625 0.60485436875 0.80559875625 0.6320388343750001 0.81337480625 0.6417475734375 0.8172628312500001 0.642718446875 0.8281493 0.6388349515625 0.833592534375 0.6320388343750001 0.838258165625 0.61553398125 0.8374805593750001 0.597087378125 0.8258164859375 0.5893203890625001
1 0.8996889578125 0.6087378640625001 0.898911353125 0.597087378125 0.8965785374999999 0.592233009375 0.88958009375 0.5883495140624999 0.8851734062500001 0.5883495140624999 0.8709175734375 0.5912621359375 0.8654743390625 0.6009708734375 0.8654743390625 0.619417475 0.8693623640625001 0.633009709375 0.8748055984375 0.6388349515625 0.8802488328125 0.639805825 0.88958009375 0.6359223296875001 0.8934681187500001 0.6320388343750001 0.8965785374999999 0.6223300968750001 0.8996889578125 0.6087378640625001
1 0.945308709375 0.5864077671875 0.9307931578125 0.5893203890625001 0.9237947125 0.601941746875 0.9269051328125 0.6242718453125 0.9362363921875 0.6388349515625 0.9494556765625 0.636893203125 0.9587869359375001 0.6165048546875 0.959564540625 0.597087378125 0.9548989109375 0.5893203890625001 0.9494556765625 0.5864077671875 0.945308709375 0.5864077671875
1 1 0.5864466203124999 0.9937791609375 0.587378640625 0.986780715625 0.6 0.9906687406250001 0.6281553390625 0.9937791609375 0.6339805828125 1 0.6365695796875 1 0.5864466203124999