1 0 0.6617782328125 0.0101088640625 0.663106796875 0.020217729687499998 0.657281553125 0.0272161734375 0.6466019421875 0.025660964062500003 0.6213592234374999 0.0155521 0.6097087375 0 0.6097087375 0 0.6617782328125
1 0.0357698296875 0.6126213593750001 0.0311041984375 0.62038835 0.030326593750000002 0.6417475734375 0.03810264375 0.657281553125 0.051321928125000006 0.6611650484375 0.06531881875 0.652427184375 0.06842923749999999 0.6456310671875001 0.06920684218749999 0.6281553390625 0.0622083984375 0.6126213593750001 0.055209953125 0.607766990625 0.044323484375 0.607766990625 0.0357698296875 0.6126213593750001
1 0.0738724734375 0.642718446875 0.082426128125 0.657281553125 0.0917573875 0.660194175 0.1073094875 0.6543689328125 0.1119751171875 0.6436893203125 0.1119751171875 0.6300970875 0.10342146249999999 0.6097087375 0.0839813375 0.607766990625 0.0738724734375 0.6223300968750001 0.0738724734375 0.642718446875
1 0.1158631421875 0.642718446875 0.12130637656250001 0.65533980625 0.1399688953125 0.660194175 0.150855365625 0.652427184375 0.154743390625 0.636893203125 0.1477449453125 0.6126213593750001 0.1384136859375 0.6067961171875 0.128304821875 0.6067961171875 0.1174183515625 0.617475728125 0.1158631421875 0.642718446875
1 0.15940902031249998 0.636893203125 0.17107309531249998 0.6466019421875 0.1780715390625 0.6456310671875001 0.20295489843749998 0.6300970875 0.20995334375 0.619417475 0.20839813437500002 0.6116504859375 0.19828926875 0.6038834953125 0.167962675 0.6058252421875 0.1570762046875 0.6165048546875 0.15940902031249998 0.636893203125
1 0.2659409015625 0.6300970875 0.3141524109375 0.6291262140625 0.3258164859375 0.619417475 0.3219284609375 0.6067961171875 0.3118195953125 0.602912621875 0.265163296875 0.602912621875 0.2581648515625 0.6087378640625001 0.2581648515625 0.6242718453125 0.2659409015625 0.6300970875
1 0.376360809375 0.619417475 0.38335925312499997 0.6281553390625 0.42612752656249997 0.6281553390625 0.43779160156249997 0.6242718453125 0.44245723124999997 0.61553398125 0.4416796265625 0.6067961171875 0.43079315781250005 0.6009708734375 0.3849144640625 0.6009708734375 0.3771384140625 0.6067961171875 0.376360809375 0.619417475
1 0.49688957968749997 0.617475728125 0.5 0.6242718453125 0.5334370140625 0.6388349515625 0.543545878125 0.6339805828125 0.5528771390625 0.61553398125 0.5482115078125 0.6038834953125 0.5357698296875 0.5990291265625001 0.5031104203125001 0.5990291265625001 0.497667184375 0.6058252421875 0.49688957968749997 0.617475728125
1 0.5762052875 0.6097087375 0.5762052875 0.6281553390625 0.5816485218749999 0.6446601937499999 0.5909797828125 0.652427184375 0.6057542765624999 0.6466019421875 0.61430793125 0.62038835 0.612752721875 0.6067961171875 0.6041990671875 0.5990291265625001 0.5870917578125 0.5990291265625001 0.5808709171875 0.601941746875 0.5762052875 0.6097087375
1 0.6384136859375 0.60485436875 0.6360808703124999 0.619417475 0.643079315625 0.6446601937499999 0.6477449453124999 0.6495145625000001 0.6570762046875 0.6495145625000001 0.6648522546875 0.6436893203125 0.6749611203125 0.6184466015625001 0.673405909375 0.6058252421875 0.6601866249999999 0.5980582531249999 0.6461897359375001 0.5980582531249999 0.6384136859375 0.60485436875
1 0.7052877140625 0.6456310671875001 0.7223950234375 0.6446601937499999 0.7317262828125 0.636893203125 0.7371695171875 0.607766990625 0.7286158625 0.5980582531249999 0.7045101093749999 0.5980582531249999 0.696734059375 0.6097087375 0.6975116640625 0.62524271875 0.7052877140625 0.6456310671875001
1 0.7620528765625 0.6067961171875 0.7636080875 0.6320388343750001 0.77060653125 0.6456310671875001 0.7799377921875 0.647572815625 0.792379471875 0.636893203125 0.7986003109375 0.6135922328125 0.7947122859375 0.6 0.7892690515624999 0.5961165046875 0.77449455625 0.5951456312500001 0.7682737171875 0.597087378125 0.7620528765625 0.6067961171875
1 0.822706065625 0.6038834953125 0.8211508546875 0.617475728125 0.826594090625 0.637864078125 0.8367029546874999 0.6466019421875 0.8491446343750001 0.642718446875 0.8538102640625 0.636893203125 0.85847589375 0.619417475 0.85847589375 0.6038834953125 0.847589425 0.5941747578125 0.8312597203125 0.5951456312500001 0.822706065625 0.6038834953125
1 0.8864696734375 0.62524271875 0.8926905125 0.6417475734375 0.902799378125 0.6436893203125 0.9136858468750001 0.636893203125 0.9206842921874999 0.6106796109375 0.9152410578125 0.5951456312500001 0.8958009328125 0.5932038828125 0.891135303125 0.5951456312500001 0.8856920687500001 0.6058252421875 0.8864696734375 0.62524271875
1 0.9455676515624999 0.617475728125 0.9502332812500001 0.6359223296875001 0.9587869359375001 0.6436893203125 0.9712286156250001 0.639805825 0.9797822703125 0.61553398125 0.97667185 0.5961165046875 0.9720062203125 0.5912621359375 0.9572317265624999 0.5912621359375 0.9479004671875 0.5990291265625001 0.9455676515624999 0.617475728125
0 0.203265940625 0 0.203732503125 0.0087378640625 0.20995334375 0.0165048546875 0.21850699843750002 0.0165048546875 0.2247278375 0.0097087375 0.226023846875 0 0.203265940625 0
0 0.18118195937499998 0.0339805828125 0.185069984375 0.0388349515625 0.1936236390625 0.0388349515625 0.2013996890625 0.0300970875 0.204510109375 0.01553398125 0.19440124375 0.0029126218749999998 0.1819595640625 0.007766990625 0.17962675 0.013592232812499999 0.18118195937499998 0.0339805828125
0 0.207620528125 0.060194175 0.21850699843750002 0.062135921875 0.2247278375 0.0436893203125 0.2223950234375 0.027184465624999998 0.21695178906249998 0.0233009703125 0.20995334375 0.024271845312500002 0.2013996890625 0.037864078125 0.2013996890625 0.0456310671875 0.207620528125 0.060194175
0 0.1881804046875 0.08543689374999999 0.19440124375 0.08446601875000001 0.204510109375 0.0708737859375 0.20528771406250002 0.0611650484375 0.19984447968750002 0.050485437499999994 0.192846034375 0.0456310671875 0.18273716874999998 0.052427184375000005 0.183514775 0.08155339843750001 0.1881804046875 0.08543689374999999
0 0.21539657812500002 0.1058252421875 0.2208398140625 0.1 0.22161741875000002 0.0737864078125 0.20917573906250003 0.0718446609375 0.19828926875 0.0864077671875 0.1975116640625 0.09514563125 0.20295489843749998 0.10291262187500001 0.21539657812500002 0.1058252421875
0 0.18662519375 0.1262135921875 0.192846034375 0.1359223296875 0.20217729375000001 0.1359223296875 0.212286159375 0.13009708749999999 0.21539657812500002 0.12038835 0.211508553125 0.1116504859375 0.1990668734375 0.1038834953125 0.1920684296875 0.1038834953125 0.18662519375 0.1087378640625 0.18662519375 0.1262135921875
0 0.19984447968750002 0.1708737859375 0.21384136874999998 0.16796116562500002 0.21928460312500003 0.1563106796875 0.21850699843750002 0.14368932031249998 0.212286159375 0.1388349515625 0.1975116640625 0.14077669843750001 0.1897356140625 0.1514563109375 0.1920684296875 0.16699029062499998 0.19984447968750002 0.1708737859375
0 0.192846034375 0.20582524218749998 0.20528771406250002 0.2087378640625 0.21539657812500002 0.201941746875 0.21850699843750002 0.18640776718750002 0.21384136874999998 0.177669903125 0.20606531874999998 0.17475728125 0.1920684296875 0.180582525 0.19051321875 0.197087378125 0.192846034375 0.20582524218749998
0 0.200622084375 0.25048543749999996 0.2107309484375 0.2485436890625 0.21617418281249998 0.2407766984375 0.21539657812500002 0.2184466015625 0.20917573906250003 0.212621359375 0.2013996890625 0.212621359375 0.192846034375 0.22038834999999998 0.192846034375 0.24271844687500002 0.200622084375 0.25048543749999996
0 0.20217729375000001 0.29514563125 0.2107309484375 0.2932038828125 0.21539657812500002 0.282524271875 0.2146189734375 0.2611650484375 0.20606531874999998 0.2543689328125 0.19984447968750002 0.2563106796875 0.19440124375 0.26504854375 0.1959564546875 0.2902912625 0.20217729375000001 0.29514563125
0 0.2013996890625 0.34077669843749997 0.20917573906250003 0.34077669843749997 0.21617418281249998 0.3310679609375 0.21539657812500002 0.30485436875 0.2107309484375 0.3 0.203732503125 0.3 0.1951788484375 0.3087378640625 0.196734059375 0.3359223296875 0.2013996890625 0.34077669843749997
0 0.211508553125 0.380582525 0.21617418281249998 0.3737864078125 0.21539657812500002 0.3533980578125 0.20839813437500002 0.34757281562500003 0.1959564546875 0.3533980578125 0.19828926875 0.3786407765625 0.20217729375000001 0.38252427187500004 0.211508553125 0.380582525
0 0.20917573906250003 0.42524271875 0.21695178906249998 0.4184466015625 0.21539657812500002 0.392233009375 0.204510109375 0.387378640625 0.1959564546875 0.39611650468750004 0.1951788484375 0.41553398125 0.200622084375 0.42427184531249995 0.20917573906250003 0.42524271875
0 0.203732503125 0.47087378593749996 0.2146189734375 0.46796116562499995 0.21772939375 0.46116504843749995 0.21617418281249998 0.436893203125 0.2107309484375 0.4310679609375 0.203732503125 0.4310679609375 0.196734059375 0.43786407812499994 0.1975116640625 0.463106796875 0.203732503125 0.47087378593749996
0 0.21384136874999998 0.51553398125 0.21850699843750002 0.5058252421875 0.21772939375 0.482524271875 0.20606531874999998 0.4757281546875 0.196734059375 0.48446601874999995 0.1959564546875 0.501941746875 0.19984447968750002 0.51553398125 0.21384136874999998 0.51553398125
0 0.196734059375 0.5475728156249999 0.19984447968750002 0.55533980625 0.20295489843749998 0.5592233015625 0.21539657812500002 0.5572815531249999 0.21928460312500003 0.5485436890625001 0.21772939375 0.5281553390625 0.211508553125 0.5233009703125 0.204510109375 0.5233009703125 0.19828926875 0.5281553390625 0.196734059375 0.5475728156249999
0 0.21539657812500002 0.601941746875 0.2200622078125 0.592233009375 0.21850699843750002 0.5708737859374999 0.207620528125 0.56504854375 0.1975116640625 0.5718446609375001 0.19828926875 0.5932038828125 0.20606531874999998 0.601941746875 0.21539657812500002 0.601941746875
0 0.2278382578125 0.6300970875 0.24650077812500001 0.6262135921875001 0.2519440125 0.619417475 0.250388803125 0.6106796109375 0.23950233281250002 0.6038834953125 0.22395023281249998 0.602912621875 0.21617418281249998 0.6126213593750001 0.21772939375 0.6242718453125 0.2278382578125 0.6300970875
0 0.3499222390625 0.6291262140625 0.3631415234375 0.6291262140625 0.37325038906249997 0.619417475 0.37247278437500003 0.607766990625 0.3678071546875 0.602912621875 0.3468118203125 0.602912621875 0.341368584375 0.6097087375 0.3429237953125 0.6242718453125 0.3499222390625 0.6291262140625
0 0.4681181953125 0.627184465625 0.4860031109375 0.6262135921875001 0.49300155468750007 0.619417475 0.4937791609375 0.6058252421875 0.4898911359375 0.6009708734375 0.47045101093749997 0.6 0.46267496093749994 0.6067961171875 0.46267496093749994 0.62038835 0.4681181953125 0.627184465625
0 0.5505443234375 0.6359223296875001 0.55365474375 0.6504854375 0.5637636078125 0.652427184375 0.5715396578124999 0.6485436890625 0.5754276828125 0.639805825 0.5715396578124999 0.617475728125 0.56531881875 0.6126213593750001 0.5606531875 0.6135922328125 0.55365474375 0.6242718453125 0.5505443234375 0.6359223296875001
0 0.6174183515625 0.652427184375 0.627527215625 0.652427184375 0.6368584765625 0.6417475734375 0.635303265625 0.6281553390625 0.6290824265625 0.617475728125 0.620528771875 0.617475728125 0.6135303265625 0.6320388343750001 0.612752721875 0.642718446875 0.6174183515625 0.652427184375
0 0.6780715390625 0.6514563109375 0.6842923796875 0.652427184375 0.6951788484375 0.6456310671875001 0.696734059375 0.6349514562499999 0.691290825 0.6184466015625001 0.68273716875 0.6165048546875 0.6749611203125 0.6300970875 0.6741835140625 0.6456310671875001 0.6780715390625 0.6514563109375
0 0.7402799375 0.647572815625 0.7519440125 0.6485436890625 0.7589424578124999 0.6417475734375 0.7589424578124999 0.6242718453125 0.754276828125 0.6135922328125 0.7433903578125001 0.61456310625 0.738724728125 0.62524271875 0.7371695171875 0.6417475734375 0.7402799375 0.647572815625
0 0.8048211515625001 0.6485436890625 0.814930015625 0.6466019421875 0.8211508546875 0.636893203125 0.8203732499999999 0.6242718453125 0.81337480625 0.6126213593750001 0.803265940625 0.6165048546875 0.7986003109375 0.6320388343750001 0.7986003109375 0.6417475734375 0.8048211515625001 0.6485436890625
0 0.8646967343749999 0.6436893203125 0.8709175734375 0.6466019421875 0.8810264390625001 0.6407766984375 0.8825816484375 0.6233009703125 0.8763608093749999 0.6106796109375 0.8678071546874999 0.6126213593750001 0.8623639187500001 0.6262135921875001 0.8615863140625001 0.636893203125 0.8646967343749999 0.6436893203125
0 0.9245723171875 0.6446601937499999 0.9339035765625001 0.6456310671875001 0.94245723125 0.637864078125 0.94245723125 0.6223300968750001 0.9385692062500001 0.6106796109375 0.9276827375 0.6116504859375 0.9222395015625 0.62524271875 0.9214618968750001 0.6388349515625 0.9245723171875 0.6446601937499999
0 1 0.609546925 0.9914463453125 0.607766990625 0.9836702953125 0.62038835 0.9828926906250001 0.636893203125 0.9852255046874999 0.6407766984375 0.9953343703125 0.642718446875 1 0.6394822015625 1 0.609546925