1 0.0479166671875 0.621527778125 0.05069444375 0.6145833328125 0.05069444375 0.5998263890625 0.04444444375 0.5850694437499999 0.036805556249999996 0.5807291671875 0.026388889062499997 0.581597221875 0.015972221875 0.5911458328125 0.015277778124999999 0.612847221875 0.0208333328125 0.6276041671875 0.036805556249999996 0.6302083328125 0.0479166671875 0.621527778125
1 0.084722221875 0.621527778125 0.08819444374999999 0.613715278125 0.08819444374999999 0.5989583328125 0.07986111093750001 0.5833333328125 0.06319444375 0.581597221875 0.054166667187499996 0.59375 0.054166667187499996 0.6111111109375 0.0625 0.6258680562500001 0.07291666718749999 0.628472221875 0.084722221875 0.621527778125
1 0.12361111093749999 0.620659721875 0.1270833328125 0.6067708328125 0.12430555624999999 0.590277778125 0.1208333328125 0.5850694437499999 0.115277778125 0.5807291671875 0.10625 0.5798611109375 0.0986111109375 0.582465278125 0.09444444375 0.5885416671875 0.0923611109375 0.609375 0.09930555625000001 0.625 0.11041666718750001 0.6276041671875 0.12361111093749999 0.620659721875
1 0.15069444375000002 0.6276041671875 0.1611111109375 0.620659721875 0.16458333281249998 0.609375 0.16388888906250001 0.5989583328125 0.15555555625 0.582465278125 0.14236111093749998 0.5798611109375 0.13055555624999998 0.5920138890625 0.1298611109375 0.6102430562500001 0.1354166671875 0.6232638890625 0.1416666671875 0.6276041671875 0.15069444375000002 0.6276041671875
1 0.20277777812500003 0.6085069437499999 0.20833333281250002 0.5954861109375 0.20208333281250002 0.581597221875 0.1916666671875 0.578125 0.17361111093749998 0.581597221875 0.1673611109375 0.59375 0.16805555625 0.6085069437499999 0.17361111093749998 0.6171875 0.18194444375000002 0.621527778125 0.20277777812500003 0.6085069437499999
1 0.2833333328125 0.5989583328125 0.2923611109375 0.5911458328125 0.290277778125 0.581597221875 0.2791666671875 0.5772569437499999 0.23958333281250002 0.5772569437499999 0.2298611109375 0.5868055562500001 0.22916666718749998 0.5920138890625 0.23194444375 0.5954861109375 0.24375 0.5989583328125 0.2833333328125 0.5989583328125
1 0.3923611109375 0.5963541671875 0.397222221875 0.5885416671875 0.3958333328125 0.5807291671875 0.3875 0.5755208328125 0.3451388890625 0.5755208328125 0.3395833328125 0.578125 0.3375 0.5833333328125 0.33819444375 0.59375 0.34444444375 0.5998263890625 0.38680555625 0.5989583328125 0.3923611109375 0.5963541671875
1 0.503472221875 0.5868055562500001 0.5020833328125 0.578125 0.4923611109375 0.573784721875 0.45277777812500003 0.573784721875 0.4451388890625 0.5798611109375 0.446527778125 0.5946180562500001 0.4548611109375 0.5989583328125 0.49444444374999996 0.598090278125 0.503472221875 0.5868055562500001
1 0.559722221875 0.612847221875 0.565972221875 0.5833333328125 0.559722221875 0.574652778125 0.546527778125 0.5729166671875 0.5375 0.5789930562500001 0.534027778125 0.5928819437499999 0.534027778125 0.6171875 0.53680555625 0.620659721875 0.547222221875 0.621527778125 0.559722221875 0.612847221875
1 0.609722221875 0.6163194437499999 0.6152777781250001 0.6085069437499999 0.6201388890625 0.5928819437499999 0.61944444375 0.5789930562500001 0.6076388890625 0.5720486109375 0.5958333328125 0.5720486109375 0.5861111109375 0.5798611109375 0.5854166671875001 0.5928819437499999 0.5930555562500001 0.6145833328125 0.59930555625 0.6197916671875 0.609722221875 0.6163194437499999
1 0.6708333328125 0.6102430562500001 0.67430555625 0.5963541671875 0.67430555625 0.5807291671875 0.6701388890625 0.574652778125 0.6493055562500001 0.5711805562500001 0.640972221875 0.5798611109375 0.640277778125 0.5946180562500001 0.6486111109375 0.6154513890625 0.6583333328125 0.6189236109375 0.6708333328125 0.6102430562500001
1 0.7256944437499999 0.6076388890625 0.73125 0.5876736109375 0.7284722218749999 0.574652778125 0.7201388890625 0.5703125 0.70694444375 0.5703125 0.69930555625 0.5798611109375 0.69930555625 0.5998263890625 0.7048611109375 0.6145833328125 0.7166666671875 0.6163194437499999 0.7256944437499999 0.6076388890625
1 0.7798611109375 0.6085069437499999 0.7861111109375 0.5842013890625 0.7798611109375 0.5703125 0.7604166671875 0.5694444437499999 0.752777778125 0.578125 0.752777778125 0.5954861109375 0.759027778125 0.6119791671875 0.7701388890625 0.6154513890625 0.7798611109375 0.6085069437499999
1 0.8340277781250001 0.6067708328125 0.840277778125 0.5868055562500001 0.8375 0.5720486109375 0.83055555625 0.5677083328125 0.8194444437499999 0.5677083328125 0.8138888890624999 0.5703125 0.809027778125 0.5789930562500001 0.809722221875 0.5963541671875 0.815972221875 0.6119791671875 0.82569444375 0.613715278125 0.8340277781250001 0.6067708328125
1 0.8854166671874999 0.6102430562500001 0.89305555625 0.5911458328125 0.89375 0.5789930562500001 0.890972221875 0.5711805562500001 0.88680555625 0.566840278125 0.8763888890624999 0.565972221875 0.8673611109375001 0.5694444437499999 0.86319444375 0.5763888890625 0.86319444375 0.59375 0.8673611109375001 0.6067708328125 0.8756944437499999 0.612847221875 0.8854166671874999 0.6102430562500001
1 0.9354166671874999 0.6111111109375 0.9444444437499999 0.5989583328125 0.9479166671874999 0.5842013890625 0.9472222218749999 0.574652778125 0.94305555625 0.566840278125 0.9375 0.5651041671875 0.9263888890624999 0.565972221875 0.9208333328125 0.5711805562500001 0.91805555625 0.578125 0.9208333328125 0.6024305562500001 0.9263888890624999 0.6111111109375 0.9354166671874999 0.6111111109375
1 0.99444444375 0.6067708328125 0.9993055562500001 0.5998263890625 0.9993055562500001 0.5677083328125 0.9854166671875 0.5633680562500001 0.9784722218749999 0.5651041671875 0.9729166671874999 0.5711805562500001 0.972222221875 0.5911458328125 0.9770833328125 0.605902778125 0.984722221875 0.6102430562500001 0.99444444375 0.6067708328125
0 0.19444444375 0 0.19375 0.0182291671875 0.1979166671875 0.0234375 0.209027778125 0.02430555625 0.21597222187499998 0.0173611109375 0.21805555625 0.0078125 0.21597222187499998 0 0.19444444375 0
0 0.23680555625 0.0373263890625 0.23958333281250002 0.026909721874999997 0.2375 0.014756943750000001 0.225 0.012152778125 0.21805555625 0.0208333328125 0.2173611109375 0.03211805625 0.22152777812500002 0.03993055625 0.228472221875 0.042534721875 0.23680555625 0.0373263890625
0 0.2166666671875 0.051215278125 0.2166666671875 0.0373263890625 0.20972222187499998 0.03038194375 0.20416666718749998 0.03038194375 0.197222221875 0.0364583328125 0.19583333281249998 0.0442708328125 0.1986111109375 0.05989583281250001 0.209027778125 0.061631943749999994 0.2166666671875 0.051215278125
0 0.23194444375 0.08072916718749999 0.23680555625 0.066840278125 0.23541666718749998 0.05208333281250001 0.22430555624999998 0.04774305625 0.2173611109375 0.05729166718749999 0.21597222187499998 0.06857638906249999 0.21875 0.07552083281250001 0.22430555624999998 0.081597221875 0.23194444375 0.08072916718749999
0 0.21875 0.08854166718749999 0.21805555625 0.078125 0.209027778125 0.06857638906249999 0.2 0.07204861093750001 0.19930555625 0.09982638906249999 0.20416666718749998 0.1041666671875 0.209027778125 0.1032986109375 0.21875 0.08854166718749999
0 0.23055555625 0.1197916671875 0.23472222187499997 0.109375 0.23402777812500003 0.089409721875 0.2236111109375 0.08767361093750001 0.21597222187499998 0.098090278125 0.2138888890625 0.10850694375 0.2173611109375 0.11631944375 0.2236111109375 0.120659721875 0.23055555625 0.1197916671875
0 0.22291666718749997 0.13975694375 0.22569444375 0.1328125 0.22291666718749997 0.12413194375 0.2104166671875 0.1145833328125 0.20208333281250002 0.1189236109375 0.20138888906250002 0.13454861093749998 0.20486111093749998 0.1432291671875 0.2125 0.14496527812499999 0.22291666718749997 0.13975694375
0 0.23333333281250002 0.15798611093749998 0.23263888906250002 0.15017361093749998 0.22569444375 0.14496527812499999 0.215277778125 0.14756944375 0.2076388890625 0.1536458328125 0.2076388890625 0.16840277812499999 0.21597222187499998 0.17361111093749998 0.22777777812500002 0.17100694375 0.23333333281250002 0.15798611093749998
0 0.23055555625 0.1953125 0.23055555625 0.18402777812499999 0.22569444375 0.17881944375 0.21319444375000002 0.17795138906250002 0.20555555625 0.1848958328125 0.20555555625 0.1953125 0.20972222187499998 0.203125 0.222222221875 0.20486111093749998 0.23055555625 0.1953125
0 0.22916666718749998 0.215277778125 0.22569444375 0.2109375 0.2125 0.2109375 0.20694444375 0.21701388906250002 0.209027778125 0.237847221875 0.2166666671875 0.24131944375 0.2270833328125 0.23611111093749998 0.22916666718749998 0.215277778125
0 0.225 0.27690972187499996 0.22916666718749998 0.26649305624999997 0.22777777812500002 0.24913194375 0.21944444375 0.24479166718749998 0.209027778125 0.25086805624999997 0.20833333281250002 0.2673611109375 0.21111111093749999 0.2760416671875 0.215277778125 0.2795138890625 0.225 0.27690972187499996
0 0.22916666718749998 0.3107638890625 0.2270833328125 0.2890625 0.21805555625 0.28472222187499996 0.2104166671875 0.2907986109375 0.2104166671875 0.31597222187499996 0.215277778125 0.3203125 0.225 0.3185763890625 0.22916666718749998 0.3107638890625
0 0.22916666718749998 0.3489583328125 0.228472221875 0.33246527812500004 0.22152777812500002 0.3263888890625 0.21111111093749999 0.33159722187499996 0.21180555625 0.3532986109375 0.2166666671875 0.3576388890625 0.22430555624999998 0.35590277812500004 0.22916666718749998 0.3489583328125
0 0.22916666718749998 0.38975694375000003 0.22916666718749998 0.3689236109375 0.22152777812500002 0.36284722187499996 0.2166666671875 0.36284722187499996 0.21111111093749999 0.36805555624999997 0.21111111093749999 0.38975694375000003 0.21597222187499998 0.3958333328125 0.22430555624999998 0.3958333328125 0.22916666718749998 0.38975694375000003
0 0.23055555625 0.42621527812500004 0.22916666718749998 0.40625 0.2201388890625 0.4010416671875 0.21111111093749999 0.40711805625 0.21180555625 0.4314236109375 0.21597222187499998 0.43663194375 0.225 0.4357638890625 0.23055555625 0.42621527812500004
0 0.228472221875 0.4748263890625 0.23125 0.46527777812500004 0.2298611109375 0.4470486109375 0.225 0.4427083328125 0.21875 0.4427083328125 0.21180555625 0.4505208328125 0.2104166671875 0.45746527812500004 0.21319444375000002 0.47309027812500004 0.2201388890625 0.4782986109375 0.228472221875 0.4748263890625
0 0.23194444375 0.5026041671875 0.2298611109375 0.48871527812500004 0.225 0.48350694375 0.21875 0.48350694375 0.21180555625 0.4904513890625 0.21319444375000002 0.5130208328125 0.21875 0.5164930562500001 0.228472221875 0.5147569437499999 0.23194444375 0.5026041671875
0 0.23055555625 0.5494791671875 0.23194444375 0.5321180562500001 0.228472221875 0.5243055562500001 0.2201388890625 0.5217013890625 0.215277778125 0.5243055562500001 0.21180555625 0.53125 0.21111111093749999 0.5407986109375 0.21597222187499998 0.5529513890625 0.225 0.5538194437499999 0.23055555625 0.5494791671875
0 0.23263888906250002 0.5763888890625 0.23263888906250002 0.565972221875 0.228472221875 0.559027778125 0.21805555625 0.558159721875 0.21180555625 0.5651041671875 0.21111111093749999 0.5789930562500001 0.21597222187499998 0.5876736109375 0.22430555624999998 0.5868055562500001 0.23263888906250002 0.5763888890625
0 0.334722221875 0.589409721875 0.3333333328125 0.5807291671875 0.3270833328125 0.5763888890625 0.31180555625 0.5763888890625 0.30625 0.582465278125 0.30763888906250003 0.5963541671875 0.315277778125 0.6006944437499999 0.3270833328125 0.5998263890625 0.334722221875 0.589409721875
0 0.44236111093749997 0.5876736109375 0.44166666718750003 0.5789930562500001 0.4375 0.574652778125 0.41944444374999995 0.574652778125 0.4138888890625 0.5807291671875 0.4145833328125 0.5946180562500001 0.42152777812500003 0.5989583328125 0.4375 0.597222221875 0.44236111093749997 0.5876736109375
0 0.525 0.612847221875 0.5298611109375 0.6067708328125 0.5319444437499999 0.5789930562500001 0.528472221875 0.574652778125 0.522222221875 0.574652778125 0.515972221875 0.5798611109375 0.51319444375 0.5868055562500001 0.51180555625 0.5989583328125 0.5145833328125 0.6102430562500001 0.51875 0.613715278125 0.525 0.612847221875
0 0.5868055562500001 0.6111111109375 0.584722221875 0.5963541671875 0.577777778125 0.5885416671875 0.5701388890625 0.5911458328125 0.565277778125 0.605902778125 0.565972221875 0.6180555562500001 0.5701388890625 0.621527778125 0.5798611109375 0.620659721875 0.5868055562500001 0.6111111109375
0 0.6395833328125 0.6145833328125 0.6395833328125 0.5989583328125 0.6347222218749999 0.590277778125 0.6270833328125 0.589409721875 0.622222221875 0.5963541671875 0.61944444375 0.6119791671875 0.6229166671875 0.6197916671875 0.63055555625 0.620659721875 0.6395833328125 0.6145833328125
0 0.696527778125 0.6076388890625 0.6951388890625 0.5911458328125 0.690277778125 0.5833333328125 0.68125 0.5850694437499999 0.6770833328125 0.5946180562500001 0.6770833328125 0.6085069437499999 0.6798611109375 0.612847221875 0.6895833328125 0.6154513890625 0.696527778125 0.6076388890625
0 0.7493055562500001 0.6119791671875 0.7506944437499999 0.597222221875 0.746527778125 0.5868055562500001 0.7388888890625 0.5859375 0.7326388890625 0.5954861109375 0.73055555625 0.6085069437499999 0.7333333328125 0.6154513890625 0.7416666671875001 0.6171875 0.7493055562500001 0.6119791671875
0 0.80625 0.6076388890625 0.80694444375 0.5989583328125 0.8020833328125001 0.5850694437499999 0.79305555625 0.5859375 0.7881944437499999 0.5963541671875 0.7875 0.6067708328125 0.790277778125 0.613715278125 0.79930555625 0.6145833328125 0.80625 0.6076388890625
0 0.859722221875 0.6076388890625 0.8604166671875 0.598090278125 0.85555555625 0.5833333328125 0.8479166671874999 0.5842013890625 0.8416666671874999 0.5989583328125 0.840972221875 0.6067708328125 0.8451388890624999 0.6145833328125 0.8534722218749999 0.6145833328125 0.859722221875 0.6076388890625
0 0.9138888890624999 0.6067708328125 0.915277778125 0.5963541671875 0.9111111109375001 0.581597221875 0.9020833328125001 0.582465278125 0.8965277781250001 0.5928819437499999 0.8958333328125001 0.6067708328125 0.8993055562500001 0.6119791671875 0.9055555562500001 0.612847221875 0.9138888890624999 0.6067708328125
0 0.95555555625 0.612847221875 0.9673611109375001 0.6111111109375 0.9694444437499999 0.5946180562500001 0.9666666671874999 0.5859375 0.9576388890624999 0.5833333328125 0.953472221875 0.5911458328125 0.953472221875 0.597222221875 0.95069444375 0.5998263890625 0.952777778125 0.6102430562500001 0.95555555625 0.612847221875
1 0.0125 0.5911458328125 0.0013888890625 0.581597221875 0 0.6310763890625 0.00625 0.6276041671875 0.013194443750000001 0.6145833328125 0.0125 0.5911458328125