1 0 0.60660660625 0.001440921875 0.6306306312500001 0.00936599375 0.6360360359375 0.018731989062500003 0.6360360359375 0.0309798265625 0.628828828125 0.03530259375 0.61891891875 0.03530259375 0.609909909375 0.0295389046875 0.5900900906250001 0.018731989062500003 0.583783784375 0.001440921875 0.5900900906250001 0 0.5930930921875001 0 0.60660660625
1 0.0389048984375 0.5981981984375 0.0381844375 0.6135135140625 0.0425072046875 0.6270270265625 0.0475504328125 0.6324324328125 0.0662824203125 0.6297297296875 0.0727665703125 0.6216216218749999 0.07348703125 0.6 0.0648414984375 0.5864864859375001 0.059077809375 0.583783784375 0.04827089375 0.5855855859375 0.0389048984375 0.5981981984375
1 0.078530259375 0.5945945953125 0.0778097984375 0.616216215625 0.0835734875 0.627927928125 0.0987031703125 0.6324324328125 0.1095100859375 0.6261261265625 0.1131123921875 0.61891891875 0.113832853125 0.6045045046874999 0.108789625 0.5891891890625 0.094380403125 0.5828828828125 0.085014409375 0.5855855859375 0.078530259375 0.5945945953125
1 0.1181556203125 0.6180180187500001 0.126801153125 0.6315315312500001 0.139769453125 0.6324324328125 0.149135446875 0.6261261265625 0.1527377515625 0.6171171171875 0.1527377515625 0.6027027031250001 0.1433717578125 0.5855855859375 0.126801153125 0.583783784375 0.1174351578125 0.597297296875 0.1181556203125 0.6180180187500001
1 0.1642651296875 0.6297297296875 0.1801152734375 0.6297297296875 0.190922190625 0.6198198203125 0.193804034375 0.5990990984375 0.184438040625 0.584684684375 0.1671469734375 0.5828828828125 0.158501440625 0.5918918921875 0.1577809796875 0.6180180187500001 0.1642651296875 0.6297297296875
1 0.1988472625 0.5900900906250001 0.200288184375 0.6018018015625 0.2074927953125 0.6072072078125 0.2543227671875 0.6045045046874999 0.2665706046875 0.5954954953125 0.2629683 0.583783784375 0.2543227671875 0.5801801796875 0.2233429390625 0.5864864859375001 0.21469740625 0.58108108125 0.2074927953125 0.58108108125 0.1988472625 0.5900900906250001
1 0.315561959375 0.5981981984375 0.3270893375 0.6045045046874999 0.3659942359375 0.603603603125 0.3760806921875 0.5945945953125 0.37463976875 0.583783784375 0.366714696875 0.5792792796875 0.3263688765625 0.578378378125 0.3184438046875 0.5801801796875 0.3148414984375 0.5855855859375 0.315561959375 0.5981981984375
1 0.42651296875 0.597297296875 0.434438040625 0.6027027031250001 0.476224784375 0.6018018015625 0.4848703171875 0.5954954953125 0.4870317 0.5864864859375001 0.48414985625 0.5801801796875 0.472622478125 0.5765765765624999 0.434438040625 0.5765765765624999 0.4257925078125 0.5828828828125 0.42651296875 0.597297296875
1 0.5309798265625 0.615315315625 0.5446685875 0.6234234234375 0.556195965625 0.61891891875 0.562680115625 0.6108108109375 0.56700288125 0.584684684375 0.56051873125 0.5765765765624999 0.540345821875 0.575675675 0.5360230546875 0.578378378125 0.5317002875 0.590990990625 0.5309798265625 0.615315315625
1 0.5907780984375 0.6108108109375 0.600864553125 0.624324325 0.610230546875 0.622522521875 0.615273775 0.6171171171875 0.6239193078125 0.5945945953125 0.6224783859375 0.58198198125 0.610230546875 0.5747747750000001 0.5951008640625 0.575675675 0.5871757921875 0.5873873875 0.5907780984375 0.6108108109375
1 0.64409221875 0.5855855859375 0.64409221875 0.6 0.652017290625 0.6198198203125 0.66354466875 0.622522521875 0.675072046875 0.6135135140625 0.680835734375 0.5945945953125 0.680835734375 0.583783784375 0.675072046875 0.5765765765624999 0.654178675 0.5738738734375 0.6484149859375 0.5765765765624999 0.64409221875 0.5855855859375
1 0.7046109515625 0.58198198125 0.703170028125 0.5945945953125 0.706772334375 0.6117117109375 0.7139769453125 0.6207207203125 0.7247838609375 0.6198198203125 0.7334293953125 0.609009009375 0.738472621875 0.5828828828125 0.73414985625 0.5765765765624999 0.726224784375 0.5729729734375 0.713256484375 0.5729729734375 0.7046109515625 0.58198198125
1 0.768011528125 0.6171171171875 0.77881844375 0.6198198203125 0.7896253609375 0.6117117109375 0.7953890484375 0.583783784375 0.7881844375 0.5729729734375 0.7687319890625 0.572072071875 0.7600864546875 0.5828828828125 0.7608069171875 0.6 0.768011528125 0.6171171171875
1 0.8198847265625 0.58108108125 0.819164265625 0.5954954953125 0.824927953125 0.6144144140625001 0.8328530265625 0.61891891875 0.84293948125 0.6135135140625 0.8515850140625 0.590990990625 0.84942363125 0.575675675 0.8393371765625 0.5702702703125 0.831412103125 0.5702702703125 0.825648415625 0.572072071875 0.8198847265625 0.58108108125
1 0.87463976875 0.590990990625 0.879682996875 0.6108108109375 0.8883285296875 0.6171171171875 0.899135446875 0.6135135140625 0.9048991359375 0.603603603125 0.908501440625 0.5873873875 0.9034582125 0.572072071875 0.8854466859375 0.56936936875 0.87536023125 0.5792792796875 0.87463976875 0.590990990625
1 0.937319884375 0.6108108109375 0.9423631125 0.616216215625 0.9553314125 0.6117117109375 0.9639769453125 0.5864864859375001 0.9603746390625 0.571171171875 0.94524495625 0.5675675671875 0.934438040625 0.575675675 0.9322766578125 0.5945945953125 0.937319884375 0.6108108109375
1 1 0.5664092671875001 0.99711815625 0.5666666671875 0.9877521609375 0.578378378125 0.988472621875 0.5990990984375 0.99351585 0.609909909375 1 0.6139639640625 1 0.5664092671875001
0 0.22301041875 0 0.2219020171875 0.0018018015625000001 0.222622478125 0.0144144140625 0.2283861671875 0.0207207203125 0.2377521609375 0.0207207203125 0.24351585 0.0135135140625 0.2448667140625 0 0.22301041875 0
0 0.2024495671875 0.040540540624999996 0.2074927953125 0.04324324375 0.213256484375 0.0414414421875 0.22118155625 0.03153153125 0.2219020171875 0.01801801875 0.213256484375 0.009009009375 0.2010086453125 0.015315315625000001 0.1995677234375 0.0297297296875 0.2024495671875 0.040540540624999996
0 0.2204610953125 0.04954955 0.226224784375 0.0603603609375 0.23414985625 0.06216216249999999 0.2391930828125 0.0585585578125 0.242074928125 0.05045045 0.242074928125 0.035135134375 0.238472621875 0.028828828125 0.229106628125 0.027927928125 0.22118155625 0.0387387390625 0.2204610953125 0.04954955
0 0.222622478125 0.07027027031250001 0.222622478125 0.059459459375 0.2139769453125 0.04954955 0.2089337171875 0.04954955 0.203170028125 0.0549549546875 0.203170028125 0.0828828828125 0.2125360234375 0.0855855859375 0.222622478125 0.07027027031250001
0 0.2190201734375 0.0918918921875 0.2283861671875 0.102702703125 0.2370317 0.1018018015625 0.2399135453125 0.096396396875 0.2399135453125 0.072072071875 0.2334293953125 0.0675675671875 0.2240634 0.072072071875 0.2190201734375 0.083783784375 0.2190201734375 0.0918918921875
0 0.2089337171875 0.125225225 0.21757925 0.1261261265625 0.2283861671875 0.116216215625 0.22766570625 0.109009009375 0.21757925 0.0954954953125 0.2089337171875 0.0954954953125 0.2053314125 0.1018018015625 0.2053314125 0.1198198203125 0.2089337171875 0.125225225
0 0.2103746390625 0.1459459453125 0.21469740625 0.153153153125 0.2269452453125 0.15585585625 0.2370317 0.1486486484375 0.238472621875 0.13423423437499998 0.235590778125 0.127927928125 0.229106628125 0.125225225 0.2168587890625 0.13063063125000002 0.2110951015625 0.1387387390625 0.2103746390625 0.1459459453125
0 0.2168587890625 0.1882882890625 0.229106628125 0.1873873875 0.2363112390625 0.178378378125 0.2363112390625 0.16936936875 0.229106628125 0.1603603609375 0.2154178671875 0.1603603609375 0.209654178125 0.16846846875000002 0.209654178125 0.18108108125 0.2168587890625 0.1882882890625
0 0.21469740625 0.222522521875 0.2269452453125 0.224324325 0.2312680109375 0.22072072031249998 0.2348703171875 0.20090090156249998 0.2298270890625 0.19369369375 0.219740634375 0.1927927921875 0.2110951015625 0.2018018015625 0.2103746390625 0.21351351406250002 0.21469740625 0.222522521875
0 0.231988471875 0.2576576578125 0.23414985625 0.23693693750000003 0.2298270890625 0.23063063125 0.219740634375 0.2297297296875 0.2125360234375 0.23873873906249998 0.21469740625 0.2603603609375 0.226224784375 0.2630630625 0.231988471875 0.2576576578125
0 0.2154178671875 0.3018018015625 0.22118155625 0.30630630625 0.229106628125 0.3054054046875 0.23414985625 0.2954954953125 0.2312680109375 0.271171171875 0.2219020171875 0.26846846874999997 0.21469740625 0.275675675 0.213256484375 0.2927927921875 0.2154178671875 0.3018018015625
0 0.2298270890625 0.34324324375000004 0.23414985625 0.33693693750000003 0.2334293953125 0.3198198203125 0.2240634 0.3126126125 0.2154178671875 0.3207207203125 0.21469740625 0.3396396390625 0.219740634375 0.34414414375 0.2298270890625 0.34324324375000004
0 0.21469740625 0.3765765765625 0.2168587890625 0.38198198125 0.22118155625 0.38558558593750003 0.2298270890625 0.384684684375 0.2348703171875 0.3765765765625 0.2334293953125 0.35585585625 0.2298270890625 0.3513513515625 0.222622478125 0.35045044999999997 0.2154178671875 0.35765765781250003 0.21469740625 0.3765765765625
0 0.2182997125 0.424324325 0.2283861671875 0.42612612656250004 0.2334293953125 0.42252252187500006 0.2334293953125 0.3954954953125 0.229106628125 0.390990990625 0.22118155625 0.390990990625 0.2154178671875 0.3981981984375 0.21469740625 0.4126126125 0.2182997125 0.424324325
0 0.2334293953125 0.46666666718750005 0.2363112390625 0.45855855781250004 0.23414985625 0.43693693749999996 0.2240634 0.4324324328125 0.2154178671875 0.4423423421875 0.216138328125 0.4639639640625 0.222622478125 0.46936936874999996 0.2334293953125 0.46666666718750005
0 0.22118155625 0.5099099093749999 0.2298270890625 0.5099099093749999 0.235590778125 0.5045045046875 0.2363112390625 0.48558558593749995 0.2334293953125 0.4792792796875 0.222622478125 0.475675675 0.216138328125 0.483783784375 0.216138328125 0.5018018015625 0.22118155625 0.5099099093749999
0 0.21757925 0.5459459453125 0.22766570625 0.5495495499999999 0.2334293953125 0.5477477484375 0.2370317 0.5414414421875 0.2348703171875 0.5207207203124999 0.2269452453125 0.515315315625 0.2182997125 0.5207207203124999 0.216138328125 0.5261261265625 0.21757925 0.5459459453125
0 0.21757925 0.58108108125 0.2312680109375 0.584684684375 0.238472621875 0.5801801796875 0.2377521609375 0.5657657656249999 0.23414985625 0.5576576578125 0.2233429390625 0.5549549546875 0.216138328125 0.5648648656249999 0.2154178671875 0.578378378125 0.21757925 0.58108108125
0 0.2889048984375 0.6045045046874999 0.3018731984375 0.6045045046874999 0.31051873125 0.5954954953125 0.309077809375 0.584684684375 0.3033141203125 0.5801801796875 0.2881844375 0.5792792796875 0.280259365625 0.5873873875 0.2809798265625 0.5990990984375 0.2889048984375 0.6045045046874999
0 0.40057636875 0.6027027031250001 0.4164265125 0.6018018015625 0.4229106625 0.5927927921875 0.421469740625 0.58108108125 0.4164265125 0.5774774781249999 0.3998559078125 0.5774774781249999 0.392651296875 0.5855855859375 0.39409221875 0.5990990984375 0.40057636875 0.6027027031250001
0 0.5216138328125 0.60630630625 0.52881844375 0.5990990984375 0.5295389046875 0.578378378125 0.51585014375 0.575675675 0.50648415 0.5828828828125 0.50648415 0.596396396875 0.5129683 0.6045045046874999 0.5216138328125 0.60630630625
0 0.5684438046875 0.625225225 0.5770893375 0.6270270265625 0.58645533125 0.6207207203125 0.587896253125 0.609009009375 0.581412103125 0.5936936937499999 0.572046109375 0.5945945953125 0.5677233421875 0.6027027031250001 0.5648414984375 0.61891891875 0.5684438046875 0.625225225
0 0.62463976875 0.622522521875 0.634726225 0.6261261265625 0.641210375 0.6216216218749999 0.64409221875 0.609009009375 0.6404899140625 0.596396396875 0.6304034578125 0.5927927921875 0.62536023125 0.5990990984375 0.6224783859375 0.609909909375 0.62463976875 0.622522521875
0 0.68299711875 0.622522521875 0.690922190625 0.624324325 0.70172910625 0.6126126125 0.700288184375 0.5954954953125 0.697406340625 0.590990990625 0.68876080625 0.5900900906250001 0.6822766578125 0.5990990984375 0.6801152734375 0.6144144140625001 0.68299711875 0.622522521875
0 0.742074928125 0.6216216218749999 0.75288184375 0.6207207203125 0.75936599375 0.6117117109375 0.7572046109375 0.5954954953125 0.75288184375 0.5900900906250001 0.74351585 0.5918918921875 0.7391930828125 0.6027027031250001 0.7377521609375 0.6117117109375 0.742074928125 0.6216216218749999
0 0.8004322765625 0.61891891875 0.809077809375 0.61891891875 0.81700288125 0.6117117109375 0.81700288125 0.6 0.81051873125 0.5873873875 0.8033141203125 0.5891891890625 0.7975504328125 0.6 0.796109509375 0.6108108109375 0.8004322765625 0.61891891875
0 0.857348703125 0.6198198203125 0.8645533140625 0.6198198203125 0.871757925 0.6126126125 0.8724783859375 0.6018018015625 0.86887608125 0.5882882890625 0.8595100859375 0.5882882890625 0.8537463984375 0.6 0.852305475 0.6117117109375 0.857348703125 0.6198198203125
0 0.91354466875 0.6171171171875 0.9207492796875 0.6171171171875 0.927953890625 0.6108108109375 0.9286743515625 0.5945945953125 0.9236311234375 0.584684684375 0.9164265125 0.5855855859375 0.9099423625 0.6 0.9092219015625 0.609009009375 0.91354466875 0.6171171171875
0 0.9690201734375 0.616216215625 0.9783861671875 0.616216215625 0.98414985625 0.6108108109375 0.985590778125 0.6018018015625 0.9812680109375 0.584684684375 0.9719020171875 0.584684684375 0.966138328125 0.5981981984375 0.9654178671875 0.6108108109375 0.9690201734375 0.616216215625