1 0.2274167984375 0.5772277234375001 0.22979397812500002 0.5891089109375 0.2385103015625 0.59306930625 0.2900158484375 0.5920792078125 0.3026941359375 0.5821782171875001 0.30190174375 0.5732673265625 0.2963549921875 0.566336634375 0.281299525 0.5643564359375 0.2559429484375 0.5643564359375 0.22979397812500002 0.5732673265625 0.2274167984375 0.5772277234375001
1 0.1719492875 0.5831683171875001 0.1735340734375 0.60594059375 0.184627575 0.61881188125 0.1893819328125 0.6198019796875001 0.208399365625 0.6069306937500001 0.21632329687500002 0.591089109375 0.21394611718749998 0.578217821875 0.20760697343749998 0.5702970296875 0.1996830421875 0.5673267328125 0.1838351828125 0.56831683125 0.1719492875 0.5831683171875001
1 0.12995245625000001 0.5831683171875001 0.12995245625000001 0.6069306937500001 0.1362916 0.6198019796875001 0.150554675 0.6227722765625 0.16481775 0.614851484375 0.167987321875 0.6069306937500001 0.167987321875 0.5881188125000001 0.1584786046875 0.571287128125 0.1394611734375 0.56930693125 0.133122028125 0.574257425 0.12995245625000001 0.5831683171875001
1 0.0871632328125 0.5821782171875001 0.086370840625 0.60594059375 0.0950871625 0.6207920796875 0.11093502343749999 0.6227722765625 0.12123613281250001 0.614851484375 0.12519809843750002 0.60594059375 0.12519809843750002 0.5881188125000001 0.11727416875 0.572277228125 0.10776545156249999 0.56831683125 0.0974643421875 0.56930693125 0.0871632328125 0.5821782171875001
1 0.0427892234375 0.58118811875 0.0427892234375 0.6079207921875 0.0499207609375 0.6198019796875001 0.056259904687499994 0.6237623765625 0.0673534078125 0.6237623765625 0.07765451718750001 0.614851484375 0.08161648125 0.59306930625 0.0744849453125 0.574257425 0.0570522984375 0.56930693125 0.0467511890625 0.574257425 0.0427892234375 0.58118811875
1 0 0.608910890625 0.00633914375 0.6257425750000001 0.023771790625 0.6257425750000001 0.0340729 0.61881188125 0.039619651562500004 0.6079207921875 0.0364500796875 0.5821782171875001 0.0269413625 0.571287128125 0.007923929687500001 0.571287128125 0.003169571875 0.575247525 0 0.5847524749999999 0 0.608910890625
1 0.35419968281249997 0.5841584156249999 0.36291600625 0.5920792078125 0.40808240937500007 0.591089109375 0.41521394687499996 0.5881188125000001 0.4223454828125 0.578217821875 0.41759112500000006 0.566336634375 0.4096671953125 0.5633663359375001 0.3645007921875 0.5633663359375001 0.35419968281249997 0.5702970296875 0.35419968281249997 0.5841584156249999
1 0.476228209375 0.5801980203125 0.480190175 0.5871287125 0.4873217109375 0.590099009375 0.5340729 0.5881188125000001 0.5435816171875001 0.5772277234375001 0.5427892234375 0.5673267328125 0.5324881140625 0.5613861390625 0.485736925 0.5613861390625 0.4778129953125 0.5653465343749999 0.476228209375 0.5801980203125
1 0.5855784468749999 0.5881188125000001 0.5839936609375 0.6019801984375001 0.5871632328125 0.6108910890625 0.59587955625 0.615841584375 0.6085578453125 0.6128712875 0.6188589546875 0.6 0.6236133125000001 0.571287128125 0.612519809375 0.5613861390625 0.5950871625 0.5613861390625 0.5895404125 0.56831683125 0.5855784468749999 0.5881188125000001
1 0.65134706875 0.5613861390625 0.646592709375 0.56930693125 0.646592709375 0.5871287125 0.6529318546875 0.6069306937500001 0.661648178125 0.6138613859375 0.675118859375 0.6079207921875 0.680665609375 0.6 0.68541996875 0.58118811875 0.684627575 0.56831683125 0.67828843125 0.5613861390625 0.65689381875 0.559405940625 0.65134706875 0.5613861390625
1 0.7083993656249999 0.5702970296875 0.7107765453125 0.5960396046875001 0.71949286875 0.6108910890625 0.7258320125 0.6128712875 0.73930269375 0.6069306937500001 0.7480190171875 0.5821782171875001 0.7480190171875 0.56831683125 0.742472265625 0.5613861390625 0.71949286875 0.5584158421875001 0.71236133125 0.5623762375 0.7083993656249999 0.5702970296875
1 0.7749603796875 0.590099009375 0.7828843109375 0.6079207921875 0.7939778125 0.609900990625 0.8058637078125 0.6 0.8122028531250001 0.5732673265625 0.8082408875 0.5623762375 0.7916006343750001 0.55643564375 0.7820919171875 0.5584158421875001 0.7757527734375 0.566336634375 0.7749603796875 0.590099009375
1 0.839144215625 0.5980198015625 0.8446909671875 0.6069306937500001 0.8581616484374999 0.608910890625 0.8684627578124999 0.6 0.8748019015624999 0.575247525 0.8716323296875 0.5623762375 0.8605388265625 0.55643564375 0.845483359375 0.55643564375 0.83597464375 0.56831683125 0.839144215625 0.5980198015625
1 0.9057052296875 0.5584158421875001 0.900950871875 0.5653465343749999 0.9001584781249999 0.5801980203125 0.9049128375000001 0.5990099015625 0.914421553125 0.6069306937500001 0.9255150546875001 0.6039603953125 0.9302694140625001 0.5980198015625 0.9366085578125001 0.572277228125 0.9326465921875 0.559405940625 0.9247226625 0.5544554453125 0.914421553125 0.5544554453125 0.9057052296875 0.5584158421875001
1 0.9627575281249999 0.58118811875 0.9698890656250001 0.6039603953125 0.9825673531250001 0.60594059375 0.9896988906249999 0.6009900984375001 0.9984152140625 0.575247525 0.9944532484374999 0.5574257421875 0.9833597468749999 0.552475246875 0.9738510296875 0.553465346875 0.9643423140625 0.5623762375 0.9627575281249999 0.58118811875
0 0.21441568437499997 0 0.21394611718749998 0.015841584375000002 0.21790808281250001 0.021782178125000003 0.2242472265625 0.021782178125000003 0.23454833593750002 0.008910890624999999 0.235387340625 0 0.21441568437499997 0
0 0.23930269375000002 0.0386138609375 0.2480190171875 0.0415841578125 0.25356576875000003 0.037623762500000005 0.2559429484375 0.010891089062500001 0.25277337499999997 0.0039603953125 0.2400950875 0.0049504953125 0.23296355000000002 0.0178217828125 0.23217115625 0.027722771875000003 0.23930269375000002 0.0386138609375
0 0.2210776546875 0.065346534375 0.2337559421875 0.065346534375 0.243264659375 0.0554455453125 0.24247226562500002 0.047524753125 0.23137876406250002 0.033663365625000004 0.22503962031250002 0.031683168750000004 0.21790808281250001 0.037623762500000005 0.21711568906249998 0.05643564375 0.2210776546875 0.065346534375
0 0.23217115625 0.0990099015625 0.243264659375 0.0990099015625 0.25277337499999997 0.0891089109375 0.25277337499999997 0.0732673265625 0.2456418390625 0.06633663437500001 0.23217115625 0.0702970296875 0.2242472265625 0.07821782187500001 0.22345483437500002 0.0920792078125 0.23217115625 0.0990099015625
0 0.222662440625 0.16237623750000002 0.22662440625000002 0.172277228125 0.2353407296875 0.17524752500000002 0.2456418390625 0.1702970296875 0.249603803125 0.15643564375000002 0.249603803125 0.1485148515625 0.2456418390625 0.1425742578125 0.23296355000000002 0.1396039609375 0.22345483437500002 0.1485148515625 0.222662440625 0.16237623750000002
0 0.229001584375 0.134653465625 0.2385103015625 0.1356435640625 0.25039619687500003 0.1267326734375 0.25118858906249997 0.11386138593749999 0.243264659375 0.10396039531250001 0.229001584375 0.10396039531250001 0.22187004687499998 0.1128712875 0.22187004687499998 0.1267326734375 0.229001584375 0.134653465625
0 0.2456418390625 0.2128712875 0.2488114109375 0.18910891093749999 0.2448494453125 0.1821782171875 0.2337559421875 0.1801980203125 0.22503962031250002 0.190099009375 0.2274167984375 0.21386138593749998 0.2353407296875 0.21782178281250003 0.2456418390625 0.2128712875
0 0.2258320125 0.25049505 0.229001584375 0.26138613906249997 0.23296355000000002 0.2643564359375 0.2448494453125 0.2623762375 0.2488114109375 0.252475246875 0.24643423125 0.228712871875 0.2400950875 0.2237623765625 0.23296355000000002 0.224752475 0.22662440625000002 0.2356435640625 0.2258320125 0.25049505
0 0.23296355000000002 0.30594059375 0.24405705156250002 0.3049504953125 0.2488114109375 0.2980198015625 0.2488114109375 0.28217821718749997 0.2456418390625 0.275247525 0.23771790781250002 0.271287128125 0.22820919218750002 0.2792079203125 0.22820919218750002 0.3009900984375 0.23296355000000002 0.30594059375
0 0.23454833593750002 0.3514851484375 0.24405705156250002 0.35049505000000003 0.249603803125 0.3415841578125 0.2480190171875 0.31881188125 0.243264659375 0.31287128750000004 0.2353407296875 0.31287128750000004 0.2274167984375 0.32277227656249996 0.22820919218750002 0.3445544546875 0.23454833593750002 0.3514851484375
0 0.2274167984375 0.3821782171875 0.2305863703125 0.39306930625000003 0.23296355000000002 0.3960396046875 0.247226625 0.39306930625000003 0.25039619687500003 0.3801980203125 0.2488114109375 0.3633663359375 0.243264659375 0.3574257421875 0.2353407296875 0.3574257421875 0.22820919218750002 0.36534653437500003 0.2274167984375 0.3821782171875
0 0.2480190171875 0.44059405937499996 0.25118858906249997 0.4326732671875 0.2488114109375 0.40891089062499997 0.2385103015625 0.40297029687499997 0.22820919218750002 0.4138613859375 0.229001584375 0.4376237625 0.2353407296875 0.44356435625 0.2480190171875 0.44059405937499996
0 0.2305863703125 0.48316831718750003 0.2353407296875 0.48811881250000005 0.2480190171875 0.485148515625 0.25118858906249997 0.4792079203125 0.2488114109375 0.4554455453125 0.243264659375 0.45049504999999995 0.23217115625 0.453465346875 0.22820919218750002 0.4603960390625 0.2305863703125 0.48316831718750003
0 0.2488114109375 0.528712871875 0.25198098281250003 0.5237623765625 0.249603803125 0.5 0.2385103015625 0.49405940625 0.22979397812500002 0.502970296875 0.2305863703125 0.5277227718749999 0.23454833593750002 0.53069306875 0.2488114109375 0.528712871875
0 0.23217115625 0.56930693125 0.249603803125 0.5653465343749999 0.25356576875000003 0.5603960390625 0.25198098281250003 0.5455445546875 0.2456418390625 0.5376237625 0.23296355000000002 0.5396039609375001 0.229001584375 0.5485148515625 0.22820919218750002 0.5653465343749999 0.23217115625 0.56930693125
0 0.34310618125 0.591089109375 0.3502377171875 0.5792079203125 0.345483359375 0.5653465343749999 0.324881140625 0.5643564359375 0.31695721093749996 0.572277228125 0.317749603125 0.5861386140625 0.3272583203125 0.5920792078125 0.34310618125 0.591089109375
0 0.44690966718749997 0.5891089109375 0.46592710000000004 0.5891089109375 0.47226624375000004 0.58118811875 0.47226624375000004 0.56831683125 0.46592710000000004 0.5623762375 0.44690966718749997 0.5633663359375001 0.4405705234375 0.56831683125 0.4397781296875 0.5801980203125 0.44690966718749997 0.5891089109375
0 0.5768621234375 0.6009900984375001 0.5839936609375 0.5891089109375 0.584786053125 0.5653465343749999 0.572107765625 0.5613861390625 0.56180665625 0.5732673265625 0.56180665625 0.59306930625 0.56893819375 0.6 0.5768621234375 0.6009900984375001
0 0.6267828843750001 0.614851484375 0.6394611734375 0.615841584375 0.646592709375 0.608910890625 0.6458003171875 0.5891089109375 0.640253565625 0.5801980203125 0.6307448499999999 0.5792079203125 0.6244057046875 0.5891089109375 0.6220285265625 0.60594059375 0.6267828843750001 0.614851484375
0 0.6933438984375 0.615841584375 0.70522979375 0.609900990625 0.7083993656249999 0.6019801984375001 0.7060221875 0.5861386140625 0.69809825625 0.578217821875 0.688589540625 0.5841584156249999 0.684627575 0.5980198015625 0.6862123609374999 0.6128712875 0.6933438984375 0.615841584375
0 0.7519809828125 0.609900990625 0.763866878125 0.608910890625 0.7717908078125 0.6 0.770206021875 0.58118811875 0.7654516640625 0.574257425 0.7551505546875 0.575247525 0.7488114109375 0.590099009375 0.7480190171875 0.6 0.7519809828125 0.609900990625
0 0.8137876390625 0.609900990625 0.8232963546875001 0.6118811875 0.832805071875 0.6039603953125 0.8343898578125 0.591089109375 0.8296354984375001 0.5772277234375001 0.819334390625 0.5762376234375 0.8137876390625 0.5861386140625 0.811410459375 0.5980198015625 0.8137876390625 0.609900990625
0 0.879556259375 0.6079207921875 0.8906497625 0.608910890625 0.8985736921875 0.6 0.8985736921875 0.5881188125000001 0.893026940625 0.574257425 0.8827258312499999 0.575247525 0.8771790812500001 0.5861386140625 0.8763866874999999 0.6009900984375001 0.879556259375 0.6079207921875
0 0.941362915625 0.6069306937500001 0.9500792390624999 0.6079207921875 0.9564183828124999 0.6039603953125 0.95958795625 0.591089109375 0.9548335968749999 0.5732673265625 0.94532488125 0.5732673265625 0.9389857375 0.5861386140625 0.9374009515624999 0.6009900984375001 0.941362915625 0.6069306937500001