0 0.215277778125 0 0.215277778125 0.0135135140625 0.219135803125 0.020270270312499998 0.22685185156249998 0.022200771875 0.23611111093749998 0.009652509375 0.237213403125 0 0.215277778125 0
0 0.23533950625000002 0.020270270312499998 0.23688271562500002 0.034749034375 0.244598765625 0.04440154375 0.2530864203125 0.04343629375 0.2561728390625 0.038610039062500004 0.25771605000000003 0.012548262499999999 0.2530864203125 0.00675675625 0.246141975 0.00579150625 0.23765432031249997 0.0144787640625 0.23533950625000002 0.020270270312499998
0 0.2206790125 0.0646718140625 0.22685185156249998 0.06660231718750001 0.23765432031249997 0.057915057812500004 0.240740740625 0.04440154375 0.23148148124999998 0.0299227796875 0.222222221875 0.0289575296875 0.2175925921875 0.034749034375 0.2175925921875 0.057915057812500004 0.2206790125 0.0646718140625
0 0.255401234375 0.0608108109375 0.244598765625 0.05598455625 0.229938271875 0.071428571875 0.23070987656250003 0.083976834375 0.2469135796875 0.08976833906250001 0.253858025 0.0830115828125 0.255401234375 0.0608108109375
0 0.22762345625 0.121621621875 0.244598765625 0.12065637031250001 0.25077160468750004 0.1110038609375 0.25 0.1013513515625 0.23765432031249997 0.09169884218749999 0.22762345625 0.09169884218749999 0.222222221875 0.097490346875 0.222222221875 0.11003860937500001 0.22762345625 0.121621621875
0 0.22762345625 0.1554054046875 0.240740740625 0.1583011578125 0.2492283953125 0.153474903125 0.2523148140625 0.1380308875 0.2469135796875 0.128378378125 0.23533950625000002 0.1264478765625 0.22453703749999998 0.134169884375 0.2237654328125 0.1447876453125 0.22762345625 0.1554054046875
0 0.226080246875 0.1920849421875 0.23456790156250001 0.19787644843750002 0.244598765625 0.1959459453125 0.25 0.1862934359375 0.25 0.1698841703125 0.240740740625 0.1631274125 0.22839506250000002 0.1669884171875 0.2253086421875 0.1708494203125 0.226080246875 0.1920849421875
0 0.23533950625000002 0.2422779921875 0.2438271609375 0.24131274062500002 0.2492283953125 0.23069498125000001 0.248456790625 0.2084942078125 0.244598765625 0.203667953125 0.23456790156250001 0.203667953125 0.22762345625 0.2104247109375 0.229938271875 0.23745173749999998 0.23533950625000002 0.2422779921875
0 0.244598765625 0.28571428593750003 0.25 0.277992278125 0.248456790625 0.25386100312500004 0.24151234531250002 0.24806949843749998 0.229938271875 0.252895753125 0.22916666718749998 0.28185328125 0.23533950625000002 0.2876447875 0.244598765625 0.28571428593750003
0 0.23070987656250003 0.3272200765625 0.23611111093749998 0.3330115828125 0.244598765625 0.33204633281249996 0.25 0.322393821875 0.2492283953125 0.2982625484375 0.2453703703125 0.29343629375 0.2384259265625 0.2924710421875 0.2322530859375 0.2953667953125 0.22916666718749998 0.303088803125 0.23070987656250003 0.3272200765625
0 0.244598765625 0.372586871875 0.25 0.365830115625 0.2492283953125 0.3445945953125 0.2438271609375 0.33976833906250004 0.23148148124999998 0.3445945953125 0.229938271875 0.359073359375 0.2322530859375 0.3696911203125 0.244598765625 0.372586871875
0 0.2469135796875 0.415057915625 0.25077160468750004 0.40830115781250004 0.2492283953125 0.384169884375 0.23996913593750002 0.3793436296875 0.229938271875 0.3870656375 0.23148148124999998 0.41216216250000004 0.23919753125 0.4169884171875 0.2469135796875 0.415057915625
0 0.25 0.42664092656249997 0.23919753125 0.42277992343750004 0.23070987656250003 0.43146718125000005 0.2322530859375 0.45656370625 0.23996913593750002 0.4623552125 0.25 0.4575289578125 0.25 0.42664092656249997
0 0.23919753125 0.5077220078125 0.246141975 0.5067567562499999 0.2523148140625 0.49710424687500004 0.25154320937499997 0.47490347499999996 0.2453703703125 0.46814671875 0.23611111093749998 0.46911196874999994 0.23148148124999998 0.47490347499999996 0.2322530859375 0.5009652515624999 0.23919753125 0.5077220078125
0 0.23148148124999998 0.5424710421875 0.23533950625000002 0.5482625484375 0.24305555625 0.5492277999999999 0.2523148140625 0.540540540625 0.2523148140625 0.5222007718749999 0.244598765625 0.5135135140625 0.23611111093749998 0.515444015625 0.23070987656250003 0.5222007718749999 0.23148148124999998 0.5424710421875
0 0.23919753125 0.565637065625 0.2600308640625 0.59362934375 0.2692901234375 0.5955598453125 0.2762345671875 0.5897683390624999 0.27777777812500004 0.5791505796875 0.2746913578125 0.5733590734375 0.2546296296875 0.565637065625 0.2492283953125 0.5521235515625 0.23996913593750002 0.55694980625 0.23919753125 0.565637065625
0 0.2916666671875 0.5916988421875 0.296296296875 0.596525096875 0.31095679062500003 0.596525096875 0.317901234375 0.59362934375 0.3209876546875 0.5878378375 0.32021605000000003 0.578185328125 0.3155864203125 0.572393821875 0.3001543203125 0.5704633203125 0.2916666671875 0.5762548265625 0.2916666671875 0.5916988421875
0 0.4158950625 0.5955598453125 0.43132716093749995 0.5955598453125 0.44058642031249995 0.5868725875 0.44058642031249995 0.5762548265625 0.43441357968750005 0.56949806875 0.41743827187500004 0.56853281875 0.4089506171875 0.5762548265625 0.4089506171875 0.5868725875 0.4158950625 0.5955598453125
0 0.534722221875 0.59362934375 0.5509259265625001 0.596525096875 0.5578703703125 0.5888030890625 0.5594135796875 0.5714285718750001 0.5563271609375 0.56853281875 0.534722221875 0.5675675671875 0.5293209875 0.574324325 0.5293209875 0.5859073359375 0.534722221875 0.59362934375
0 0.6057098765625 0.6206563703125 0.61728395 0.6196911203125001 0.625 0.609073359375 0.6226851859375 0.5916988421875 0.6165123453125 0.583976834375 0.608024690625 0.584942084375 0.601080246875 0.6013513515625 0.601080246875 0.6138996140625 0.6057098765625 0.6206563703125
0 0.6658950625 0.6196911203125001 0.674382715625 0.6206563703125 0.6844135796875 0.6119691125 0.683641975 0.5945945953125 0.6774691359375 0.584942084375 0.66898148125 0.584942084375 0.6620370375 0.6003860999999999 0.6612654328125 0.6129343625 0.6658950625 0.6196911203125001
0 0.7268518515625 0.61872586875 0.73919753125 0.6167953671874999 0.7453703703125 0.60617760625 0.7430555562500001 0.5916988421875 0.7361111109375 0.583976834375 0.72762345625 0.5878378375 0.722222221875 0.6023166015625 0.722222221875 0.6129343625 0.7268518515625 0.61872586875
0 0.7870370375 0.6129343625 0.79783950625 0.615830115625 0.8055555562500001 0.6110038609374999 0.807098765625 0.5916988421875 0.80169753125 0.58108108125 0.7908950625 0.5830115828125 0.7862654328125 0.5926640921875 0.784722221875 0.6052123546875 0.7870370375 0.6129343625
0 0.847222221875 0.6129343625 0.8518518515625001 0.615830115625 0.861882715625 0.6138996140625 0.8680555562500001 0.603281853125 0.8634259265625 0.5820463328125001 0.8549382718749999 0.5801158296875 0.8487654328125 0.5878378375 0.8456790125 0.59942085 0.847222221875 0.6129343625
0 0.9120370375 0.6110038609374999 0.9174382718749999 0.6138996140625 0.9274691359375 0.6081081078125 0.9290123453125 0.5916988421875 0.9236111109375 0.5791505796875 0.9143518515625001 0.5801158296875 0.9089506171874999 0.5955598453125 0.9081790125 0.6042471046875 0.9120370375 0.6110038609374999
0 0.972222221875 0.6119691125 0.983024690625 0.6110038609374999 0.9876543203124999 0.6042471046875 0.9884259265625 0.5916988421875 0.983024690625 0.5772200765625 0.9729938265625 0.5791505796875 0.9675925921875 0.5945945953125 0.9668209875 0.6042471046875 0.972222221875 0.6119691125
1 0 0.6257584109375001 0.006172839062499999 0.63127413125 0.018518518749999997 0.6274131281249999 0.0293209875 0.6129343625 0.024691357812500002 0.584942084375 0.013117284375 0.5762548265625 0 0.5797094078125 0 0.6257584109375001
1 0.031635803125 0.609073359375 0.04012345625 0.625482625 0.0501543203125 0.6293436296875 0.0671296296875 0.6206563703125 0.0709876546875 0.5984555984375 0.06327160468750001 0.5791505796875 0.047839506250000004 0.575289575 0.037037037499999995 0.5801158296875 0.0324074078125 0.5878378375 0.031635803125 0.609073359375
1 0.08719135781250001 0.6274131281249999 0.1057098765625 0.6235521234375 0.111882715625 0.6129343625 0.111882715625 0.5916988421875 0.1033950625 0.5772200765625 0.0856481484375 0.5762548265625 0.0748456796875 0.5916988421875 0.07561728437500001 0.6119691125 0.08719135781250001 0.6274131281249999
1 0.11728395 0.5888030890625 0.11728395 0.6119691125 0.1226851859375 0.6225868718750001 0.13271605 0.6274131281249999 0.1496913578125 0.6225868718750001 0.1550925921875 0.609073359375 0.1550925921875 0.5945945953125 0.1466049375 0.5772200765625 0.1280864203125 0.575289575 0.12114197499999999 0.5801158296875 0.11728395 0.5888030890625
1 0.1589506171875 0.610038609375 0.171296296875 0.6274131281249999 0.1844135796875 0.6264478765625 0.1936728390625 0.6177606171875001 0.19830246875 0.6081081078125 0.1975308640625 0.5926640921875 0.18595679062499998 0.575289575 0.170524690625 0.574324325 0.1589506171875 0.5897683390624999 0.1589506171875 0.610038609375
1 0.20293209843749999 0.5820463328125001 0.20293209843749999 0.597490346875 0.20987654375 0.60617760625 0.222222221875 0.60617760625 0.23379629687499998 0.59942085 0.25077160468750004 0.597490346875 0.255401234375 0.5926640921875 0.246141975 0.5733590734375 0.23688271562500002 0.5646718140625 0.20910493749999998 0.5733590734375 0.20293209843749999 0.5820463328125001
1 0.3263888890625 0.5926640921875 0.33487654375 0.597490346875 0.380401234375 0.596525096875 0.3888888890625 0.5926640921875 0.3927469140625 0.584942084375 0.391203703125 0.5772200765625 0.3834876546875 0.5704633203125 0.33101851875 0.5704633203125 0.325617284375 0.5762548265625 0.3263888890625 0.5926640921875
1 0.44367283906250005 0.574324325 0.44367283906250005 0.5878378375 0.44830246875 0.5945945953125 0.45447530937499997 0.5955598453125 0.49228395 0.5955598453125 0.5046296296875 0.590733590625 0.509259259375 0.5820463328125001 0.5084876546875 0.574324325 0.49768518593750005 0.5675675671875 0.450617284375 0.56853281875 0.44367283906250005 0.574324325
1 0.5686728390625 0.6110038609374999 0.582561728125 0.6167953671874999 0.5964506171874999 0.6052123546875 0.60262345625 0.578185328125 0.5925925921874999 0.5675675671875 0.5694444437499999 0.5666023171875 0.5609567906249999 0.5830115828125 0.5609567906249999 0.603281853125 0.5686728390625 0.6110038609374999
1 0.625 0.5772200765625 0.6265432093750001 0.6003860999999999 0.6334876546875 0.6138996140625 0.641975309375 0.6196911203125001 0.6535493828125001 0.6138996140625 0.6620370375 0.590733590625 0.6620370375 0.574324325 0.652777778125 0.5666023171875 0.6388888890625 0.565637065625 0.6296296296875 0.56949806875 0.625 0.5772200765625
1 0.6851851859375 0.5772200765625 0.6875 0.6003860999999999 0.6944444437499999 0.614864865625 0.704475309375 0.6167953671874999 0.7168209875 0.60617760625 0.7229938265625 0.5859073359375 0.722222221875 0.574324325 0.7175925921874999 0.56853281875 0.69830246875 0.5646718140625 0.6898148140625 0.56853281875 0.6851851859375 0.5772200765625
1 0.7438271609375 0.5830115828125 0.75 0.6052123546875 0.7615740734374999 0.614864865625 0.7754629625 0.610038609375 0.7839506171874999 0.5868725875 0.7839506171874999 0.5733590734375 0.7731481484375 0.5637065640625 0.7523148140625 0.5646718140625 0.7453703703125 0.572393821875 0.7438271609375 0.5830115828125
1 0.8109567906249999 0.597490346875 0.817901234375 0.6119691125 0.8279320984374999 0.6138996140625 0.8395061734375 0.6042471046875 0.8456790125 0.5801158296875 0.8418209875 0.5666023171875 0.8356481484374999 0.5627413125 0.8186728390625 0.5627413125 0.8094135796874999 0.574324325 0.8109567906249999 0.597490346875
1 0.8703703703125001 0.5714285718750001 0.869598765625 0.5897683390624999 0.8734567906249999 0.6042471046875 0.8780864203125001 0.610038609375 0.8888888890625 0.6129343625 0.9004629625 0.6042471046875 0.9058641968750001 0.5733590734375 0.8996913578125 0.5637065640625 0.88271605 0.5608108109375001 0.8734567906249999 0.565637065625 0.8703703703125001 0.5714285718750001
1 0.932098765625 0.5733590734375 0.9328703703125001 0.5926640921875 0.9405864203125001 0.609073359375 0.9475308640625 0.6110038609374999 0.9591049375 0.6042471046875 0.9660493828125001 0.5801158296875 0.965277778125 0.56949806875 0.9614197531249999 0.5627413125 0.9567901234375 0.559845559375 0.9398148140625 0.5608108109375001 0.932098765625 0.5733590734375
1 1 0.5613899609375 0.9930555562500001 0.5666023171875 0.990740740625 0.5859073359375 0.9961419749999999 0.603281853125 1 0.6070356078125 1 0.5613899609375