1 0.3201388890625 0.5911458328125 0.31875 0.582465278125 0.31319444375 0.5772569437499999 0.26944444375 0.5763888890625 0.2625 0.5798611109375 0.2604166671875 0.589409721875 0.2673611109375 0.6006944437499999 0.30694444375 0.6006944437499999 0.3201388890625 0.5911458328125
1 0.4263888890625 0.5876736109375 0.42291666718750004 0.5772569437499999 0.415277778125 0.574652778125 0.37430555625 0.574652778125 0.3673611109375 0.5807291671875 0.36875 0.5954861109375 0.375 0.5989583328125 0.4166666671875 0.598090278125 0.4263888890625 0.5876736109375
1 0.51944444375 0.6006944437499999 0.5243055562500001 0.589409721875 0.5229166671875001 0.5789930562500001 0.5138888890625 0.5729166671875 0.48402777812500003 0.5729166671875 0.477777778125 0.574652778125 0.47430555625000004 0.5798611109375 0.47430555625000004 0.590277778125 0.478472221875 0.5963541671875 0.5076388890625 0.605034721875 0.51944444375 0.6006944437499999
1 0.5625 0.620659721875 0.571527778125 0.6154513890625 0.5763888890625 0.6076388890625 0.5798611109375 0.5911458328125 0.578472221875 0.5789930562500001 0.56875 0.5729166671875 0.5555555562500001 0.5729166671875 0.546527778125 0.581597221875 0.5458333328125 0.5954861109375 0.55069444375 0.6163194437499999 0.55625 0.620659721875 0.5625 0.620659721875
1 0.6256944437499999 0.6154513890625 0.63055555625 0.6085069437499999 0.6354166671875 0.5920138890625 0.6347222218749999 0.5798611109375 0.6236111109375 0.5720486109375 0.6111111109375 0.5711805562500001 0.602777778125 0.5755208328125 0.6 0.5807291671875 0.5986111109375 0.589409721875 0.60625 0.613715278125 0.6145833328125 0.6197916671875 0.6256944437499999 0.6154513890625
1 0.6854166671875 0.6067708328125 0.690972221875 0.5842013890625 0.6854166671875 0.5729166671875 0.6659722218749999 0.5711805562500001 0.6569444437499999 0.582465278125 0.6569444437499999 0.5963541671875 0.6638888890625 0.6145833328125 0.6708333328125 0.6163194437499999 0.6854166671875 0.6067708328125
1 0.740972221875 0.6067708328125 0.746527778125 0.5842013890625 0.74375 0.5755208328125 0.73194444375 0.5694444437499999 0.7229166671875 0.5694444437499999 0.7166666671875 0.5720486109375 0.7118055562500001 0.5798611109375 0.7145833328125 0.6067708328125 0.7208333328125 0.6154513890625 0.7326388890625 0.6154513890625 0.740972221875 0.6067708328125
1 0.7923611109375 0.6111111109375 0.80069444375 0.5833333328125 0.796527778125 0.5720486109375 0.7895833328124999 0.5685763890625 0.7763888890625 0.5694444437499999 0.76875 0.578125 0.76875 0.5954861109375 0.7729166671875001 0.6085069437499999 0.7819444437499999 0.6145833328125 0.7923611109375 0.6111111109375
1 0.847222221875 0.6085069437499999 0.8548611109375001 0.5859375 0.852777778125 0.5729166671875 0.8458333328125001 0.5677083328125 0.83194444375 0.5677083328125 0.8236111109375001 0.5772569437499999 0.8229166671874999 0.590277778125 0.8291666671875 0.6111111109375 0.8388888890624999 0.613715278125 0.847222221875 0.6085069437499999
1 0.9 0.6085069437499999 0.9055555562500001 0.5989583328125 0.9083333328125001 0.5850694437499999 0.9041666671874999 0.5677083328125 0.8895833328125 0.565972221875 0.8791666671874999 0.574652778125 0.878472221875 0.590277778125 0.8826388890624999 0.605902778125 0.8888888890625 0.6119791671875 0.9 0.6085069437499999
1 0.952777778125 0.609375 0.9618055562500001 0.5911458328125 0.96319444375 0.578125 0.9604166671875 0.5685763890625 0.9451388890624999 0.5642361109375 0.9381944437499999 0.565972221875 0.934027778125 0.5711805562500001 0.93194444375 0.590277778125 0.9361111109375001 0.605034721875 0.9423611109375001 0.6111111109375 0.952777778125 0.609375
1 0.9993055562500001 0.5642361109375 0.99375 0.5642361109375 0.9875 0.5729166671875 0.9895833328125001 0.5998263890625 0.99375 0.6067708328125 0.9993055562500001 0.6085069437499999 0.9993055562500001 0.5642361109375
1 0.215277778125 0.5998263890625 0.21944444375 0.5911458328125 0.2173611109375 0.581597221875 0.21111111093749999 0.5772569437499999 0.18194444375000002 0.5789930562500001 0.17361111093749998 0.5885416671875 0.175 0.6076388890625 0.18819444375 0.6171875 0.20486111093749998 0.6085069437499999 0.215277778125 0.5998263890625
1 0.171527778125 0.6154513890625 0.1708333328125 0.598090278125 0.165972221875 0.5868055562500001 0.1604166671875 0.581597221875 0.1458333328125 0.5807291671875 0.13680555625 0.5946180562500001 0.13819444375 0.6163194437499999 0.1451388890625 0.6267361109375 0.1611111109375 0.6267361109375 0.171527778125 0.6154513890625
1 0.13055555624999998 0.6189236109375 0.13333333281249998 0.6085069437499999 0.13263888906250001 0.5963541671875 0.12430555624999999 0.581597221875 0.109027778125 0.5807291671875 0.1020833328125 0.5868055562500001 0.09930555625000001 0.59375 0.09930555625000001 0.6111111109375 0.1041666671875 0.6223958328125 0.1166666671875 0.6276041671875 0.13055555624999998 0.6189236109375
1 0.0916666671875 0.621527778125 0.0951388890625 0.6119791671875 0.0951388890625 0.5989583328125 0.08819444374999999 0.5842013890625 0.072222221875 0.5807291671875 0.0625 0.589409721875 0.061111110937500004 0.6111111109375 0.06805555625000001 0.6258680562500001 0.084027778125 0.6267361109375 0.0916666671875 0.621527778125
1 0.05208333281250001 0.6241319437499999 0.0576388890625 0.6145833328125 0.05625 0.5946180562500001 0.0458333328125 0.581597221875 0.03194444375 0.582465278125 0.0229166671875 0.5954861109375 0.022222221875 0.6111111109375 0.030555556249999997 0.629340278125 0.04375 0.6302083328125 0.05208333281250001 0.6241319437499999
1 0 0.6310763890625 0.01180555625 0.628472221875 0.01805555625 0.6223958328125 0.019444443750000002 0.6163194437499999 0.01805555625 0.5928819437499999 0.014583332812499999 0.5868055562500001 0.00555555625 0.581597221875 0 0.581597221875 0 0.6310763890625
0 0.23680555625 0.027777778125000003 0.240277778125 0.00868055625 0.23194444375 0 0.222222221875 0.0034722218749999997 0.2173611109375 0.012152778125 0.2166666671875 0.0208333328125 0.222222221875 0.03038194375 0.23263888906250002 0.03125 0.23680555625 0.027777778125000003
0 0.2173611109375 0.03819444375 0.2173611109375 0.0286458328125 0.21111111093749999 0.0208333328125 0.20486111093749998 0.019965278125 0.19513888906250001 0.026909721874999997 0.19583333281249998 0.043402778125 0.20138888906250002 0.051215278125 0.20972222187499998 0.050347221875 0.2173611109375 0.03819444375
0 0.21458333281250003 0.0078125 0.2166666671875 0 0.1916666671875 0.0017361109374999999 0.1979166671875 0.013888889062500001 0.20694444375 0.014756943750000001 0.21458333281250003 0.0078125
0 0.23541666718749998 0.06510416718749999 0.23819444375 0.0486111109375 0.23472222187499997 0.0390625 0.2236111109375 0.03819444375 0.2166666671875 0.0486111109375 0.21597222187499998 0.05729166718749999 0.2208333328125 0.06770833281250001 0.22777777812500002 0.0703125 0.23541666718749998 0.06510416718749999
0 0.2173611109375 0.07986111093750001 0.21805555625 0.066840278125 0.209027778125 0.05729166718749999 0.1986111109375 0.0625 0.1986111109375 0.08767361093750001 0.20069444375 0.09201388906249999 0.209027778125 0.09201388906249999 0.2173611109375 0.07986111093750001
0 0.23194444375 0.11024305625 0.23472222187499997 0.1032986109375 0.23402777812500003 0.07899305625 0.2236111109375 0.07725694375 0.2173611109375 0.08767361093750001 0.21597222187499998 0.097222221875 0.2201388890625 0.1067708328125 0.2270833328125 0.1119791671875 0.23194444375 0.11024305625
0 0.2208333328125 0.121527778125 0.222222221875 0.112847221875 0.21458333281250003 0.10069444375 0.20555555625 0.09895833281250001 0.20138888906250002 0.10243055625 0.2 0.11024305625 0.20277777812500003 0.12847222187500001 0.20833333281250002 0.13107638906250002 0.2208333328125 0.121527778125
0 0.23263888906250002 0.14670138906250002 0.23333333281250002 0.12934027812499999 0.22430555624999998 0.12413194375 0.20972222187499998 0.13715277812499999 0.2076388890625 0.1458333328125 0.2125 0.1536458328125 0.22569444375 0.15538194375 0.23263888906250002 0.14670138906250002
0 0.23055555625 0.1770833328125 0.23055555625 0.16753472187500001 0.22569444375 0.16059027812499999 0.215277778125 0.1588541671875 0.20625 0.16493055625 0.20486111093749998 0.17795138906250002 0.2104166671875 0.18576388906250002 0.22430555624999998 0.18576388906250002 0.23055555625 0.1770833328125
0 0.22916666718749998 0.21267361093749998 0.23055555625 0.19704861093749998 0.2270833328125 0.1927083328125 0.21458333281250003 0.19097222187500001 0.20694444375 0.19704861093749998 0.20555555625 0.20833333281250002 0.209027778125 0.21788194375 0.222222221875 0.21961805625 0.22916666718749998 0.21267361093749998
0 0.22916666718749998 0.230034721875 0.22430555624999998 0.22482638906250002 0.2166666671875 0.22395833281250002 0.2076388890625 0.23177083281250002 0.20972222187499998 0.25347222187499996 0.222222221875 0.2552083328125 0.22916666718749998 0.24739583281250002 0.22916666718749998 0.230034721875
0 0.2236111109375 0.29600694375000003 0.228472221875 0.2864583328125 0.228472221875 0.2673611109375 0.22291666718749997 0.2604166671875 0.2166666671875 0.2604166671875 0.20972222187499998 0.2673611109375 0.209027778125 0.28559027812500004 0.21180555625 0.29340277812500004 0.2173611109375 0.296875 0.2236111109375 0.29600694375000003
0 0.228472221875 0.3255208328125 0.228472221875 0.30902777812500004 0.222222221875 0.3029513890625 0.21111111093749999 0.3064236109375 0.21180555625 0.32899305624999997 0.21597222187499998 0.3333333328125 0.22430555624999998 0.33246527812500004 0.228472221875 0.3255208328125
0 0.22916666718749998 0.3645833328125 0.228472221875 0.34375 0.22291666718749997 0.3385416671875 0.21111111093749999 0.34375 0.21111111093749999 0.3671875 0.2166666671875 0.3732638890625 0.2236111109375 0.3723958328125 0.22916666718749998 0.3645833328125
0 0.228472221875 0.4088541671875 0.22916666718749998 0.3828125 0.22430555624999998 0.3776041671875 0.21805555625 0.3776041671875 0.21111111093749999 0.38368055624999997 0.2104166671875 0.4001736109375 0.21458333281250003 0.4114583328125 0.2236111109375 0.4123263890625 0.228472221875 0.4088541671875
0 0.2270833328125 0.45225694375 0.23055555625 0.4435763890625 0.2298611109375 0.4236111109375 0.225 0.41840277812500004 0.21805555625 0.41840277812500004 0.21111111093749999 0.42621527812500004 0.2104166671875 0.4392361109375 0.21319444375000002 0.4505208328125 0.21944444375 0.45399305625 0.2270833328125 0.45225694375
0 0.22916666718749998 0.4895833328125 0.23125 0.4782986109375 0.22916666718749998 0.4635416671875 0.2201388890625 0.4592013890625 0.21180555625 0.4661458328125 0.21111111093749999 0.4791666671875 0.2138888890625 0.4904513890625 0.2236111109375 0.49305555625 0.22916666718749998 0.4895833328125
0 0.23194444375 0.5225694437499999 0.23055555625 0.504340278125 0.222222221875 0.4982638890625 0.21319444375000002 0.503472221875 0.21180555625 0.519097221875 0.2138888890625 0.5295138890625 0.228472221875 0.5303819437499999 0.23194444375 0.5225694437499999
0 0.228472221875 0.5685763890625 0.23194444375 0.559027778125 0.2298611109375 0.5407986109375 0.21944444375 0.5373263890625 0.2125 0.5442708328125 0.21180555625 0.559027778125 0.215277778125 0.565972221875 0.222222221875 0.5711805562500001 0.228472221875 0.5685763890625
0 0.25347222187499996 0.590277778125 0.252777778125 0.582465278125 0.2479166671875 0.578125 0.23194444375 0.573784721875 0.2236111109375 0.5789930562500001 0.2236111109375 0.5911458328125 0.23541666718749998 0.5998263890625 0.2479166671875 0.598090278125 0.25347222187499996 0.590277778125
0 0.3638888890625 0.5911458328125 0.36319444375 0.5807291671875 0.35902777812500003 0.5763888890625 0.34375 0.5755208328125 0.33541666718749996 0.5807291671875 0.33541666718749996 0.5946180562500001 0.3416666671875 0.5998263890625 0.35625 0.5998263890625 0.3638888890625 0.5911458328125
0 0.47083333281249995 0.5911458328125 0.471527778125 0.581597221875 0.4673611109375 0.574652778125 0.4513888890625 0.573784721875 0.44375 0.5798611109375 0.44305555625000004 0.5885416671875 0.4486111109375 0.597222221875 0.4625 0.598090278125 0.47083333281249995 0.5911458328125
0 0.5451388890625 0.6076388890625 0.54305555625 0.590277778125 0.5381944437499999 0.5842013890625 0.5305555562500001 0.5859375 0.5243055562500001 0.6015625 0.5243055562500001 0.6111111109375 0.5291666671875 0.6180555562500001 0.5416666671875 0.6154513890625 0.5451388890625 0.6076388890625
0 0.59930555625 0.612847221875 0.6 0.6032986109375 0.5944444437499999 0.590277778125 0.584722221875 0.590277778125 0.58055555625 0.5998263890625 0.5791666671875 0.6154513890625 0.58125 0.6197916671875 0.5923611109375 0.620659721875 0.59930555625 0.612847221875
0 0.6548611109375 0.613715278125 0.6555555562500001 0.6006944437499999 0.6493055562500001 0.5876736109375 0.640972221875 0.5885416671875 0.6361111109375 0.5998263890625 0.6354166671875 0.6102430562500001 0.640972221875 0.6197916671875 0.647222221875 0.6197916671875 0.6548611109375 0.613715278125
0 0.7111111109375 0.6067708328125 0.709722221875 0.5946180562500001 0.7041666671875 0.5859375 0.6958333328124999 0.5876736109375 0.6916666671875 0.598090278125 0.690277778125 0.6119791671875 0.6944444437499999 0.6180555562500001 0.7041666671875 0.6163194437499999 0.7111111109375 0.6067708328125
0 0.7673611109375 0.6067708328125 0.765277778125 0.5911458328125 0.7611111109375 0.5842013890625 0.753472221875 0.5850694437499999 0.747222221875 0.5998263890625 0.746527778125 0.6076388890625 0.7513888890625 0.6163194437499999 0.7625 0.6145833328125 0.7673611109375 0.6067708328125
0 0.8208333328125 0.6041666671875 0.81875 0.5876736109375 0.8145833328125001 0.5833333328125 0.8083333328125001 0.5842013890625 0.8048611109375001 0.5876736109375 0.8013888890624999 0.6006944437499999 0.8013888890624999 0.6102430562500001 0.8048611109375001 0.6145833328125 0.815277778125 0.613715278125 0.8208333328125 0.6041666671875
0 0.875 0.6076388890625 0.8763888890624999 0.598090278125 0.871527778125 0.582465278125 0.86319444375 0.582465278125 0.85694444375 0.5954861109375 0.85625 0.6076388890625 0.8611111109375 0.6145833328125 0.8680555562500001 0.6145833328125 0.875 0.6076388890625
0 0.9270833328125001 0.6085069437499999 0.9291666671875 0.5963541671875 0.92569444375 0.581597221875 0.9173611109375001 0.581597221875 0.9104166671874999 0.598090278125 0.909722221875 0.6067708328125 0.9131944437499999 0.6119791671875 0.921527778125 0.612847221875 0.9270833328125001 0.6085069437499999
0 0.9833333328125 0.5928819437499999 0.9791666671874999 0.5789930562500001 0.9708333328125001 0.5798611109375 0.965277778125 0.5928819437499999 0.965277778125 0.605034721875 0.9694444437499999 0.6119791671875 0.98125 0.6076388890625 0.9833333328125 0.5928819437499999