0 0.1941190828125 0 0.1954612 0.010073259375000001 0.20131771562499998 0.0173992671875 0.209370425 0.016483517187499998 0.21522694062499997 0.009157509375000001 0.21599753437500002 0 0.1941190828125 0
0 0.1720351390625 0.0119047625 0.172767203125 0.030219779687499997 0.17789165468749998 0.0384615390625 0.184480234375 0.0384615390625 0.1896046859375 0.034798534375 0.1954612 0.021978021875 0.19399707187499998 0.0119047625 0.1859443625 0.003663003125 0.1800878484375 0.003663003125 0.1720351390625 0.0119047625
0 0.19985358749999999 0.024725274999999998 0.1925329421875 0.0375457875 0.1925329421875 0.0457875453125 0.20131771562499998 0.059523809375 0.2086383609375 0.058608059375 0.2137628109375 0.0485347984375 0.21449487500000003 0.0320512828125 0.2086383609375 0.0238095234375 0.20497803750000002 0.0238095234375 0.19985358749999999 0.024725274999999998
0 0.174963396875 0.075091575 0.1793557828125 0.08058608125 0.184480234375 0.08058608125 0.19472913593750002 0.065018315625 0.19399707187499998 0.0540293046875 0.1859443625 0.044871795312500004 0.1808199125 0.044871795312500004 0.1742313328125 0.053113553125000004 0.174963396875 0.075091575
0 0.2042459734375 0.065018315625 0.196193265625 0.0695970703125 0.18814055624999998 0.08333333281250001 0.1896046859375 0.0915750921875 0.19399707187499998 0.097069596875 0.20131771562499998 0.09981685 0.209370425 0.097069596875 0.2115666171875 0.08974358906249999 0.2115666171875 0.0705128203125 0.20497803750000002 0.065018315625 0.2042459734375 0.065018315625
0 0.1874084921875 0.0952380953125 0.184480234375 0.0952380953125 0.1808199125 0.097069596875 0.17862371875 0.102564103125 0.17862371875 0.11904761875 0.1815519765625 0.12454212499999999 0.18887262031250002 0.1272893765625 0.20131771562499998 0.121794871875 0.2042459734375 0.11630036562499999 0.2042459734375 0.10989010937499999 0.20278184531250001 0.1053113546875 0.1874084921875 0.0952380953125
0 0.1837481703125 0.1364468859375 0.182284040625 0.14835164843749998 0.1852122984375 0.1547619046875 0.19472913593750002 0.15842490781250002 0.20131771562499998 0.1575091578125 0.2064421671875 0.152930403125 0.2101024890625 0.1364468859375 0.20278184531250001 0.128205128125 0.1983894578125 0.128205128125 0.1837481703125 0.1364468859375
0 0.1925329421875 0.16208791250000001 0.1852122984375 0.1648351640625 0.1815519765625 0.1730769234375 0.182284040625 0.18589743593750002 0.1896046859375 0.19322344375 0.20131771562499998 0.191391940625 0.2079062953125 0.1822344328125 0.2086383609375 0.1730769234375 0.2064421671875 0.1666666671875 0.1983894578125 0.16208791250000001 0.1925329421875 0.16208791250000001
0 0.1925329421875 0.196886446875 0.1874084921875 0.1996337 0.18301610468750001 0.20695970625000001 0.184480234375 0.224358975 0.1874084921875 0.22985347968749997 0.191800878125 0.23168498125 0.20351390937499997 0.2289377296875 0.2064421671875 0.221611721875 0.2064421671875 0.20604395625 0.1991215234375 0.196886446875 0.1925329421875 0.196886446875
0 0.18887262031250002 0.239926740625 0.1852122984375 0.247252746875 0.1852122984375 0.26739926718749996 0.1932650078125 0.274725275 0.20131771562499998 0.271978021875 0.20571010312500002 0.2637362640625 0.20571010312500002 0.24358974375 0.1991215234375 0.2371794875 0.19399707187499998 0.2371794875 0.18887262031250002 0.239926740625
0 0.1954612 0.2793040296875 0.1874084921875 0.28571428593750003 0.18667642812500002 0.30677655625 0.1910688140625 0.3168498171875 0.1969253296875 0.31868131875 0.20131771562499998 0.3168498171875 0.20571010312500002 0.309523809375 0.2064421671875 0.29395604375 0.20571010312500002 0.28663003593749997 0.1983894578125 0.2793040296875 0.1954612 0.2793040296875
0 0.1874084921875 0.328754578125 0.1859443625 0.3379120875 0.1874084921875 0.3543956046875 0.1925329421875 0.3608058609375 0.20131771562499998 0.3608058609375 0.20717423125 0.3489010984375 0.2064421671875 0.33150183125 0.19985358749999999 0.3232600734375 0.19399707187499998 0.3232600734375 0.1874084921875 0.328754578125
0 0.1874084921875 0.37087912031250003 0.1859443625 0.37820512812499996 0.18667642812500002 0.39652014687500003 0.1932650078125 0.40384615312500005 0.20131771562499998 0.40293040312499995 0.20717423125 0.39652014687500003 0.20717423125 0.374542125 0.20131771562499998 0.366300365625 0.1972913609375 0.366300365625 0.1874084921875 0.37087912031250003
0 0.191800878125 0.4120879125 0.1874084921875 0.41941391875 0.19033675 0.440476190625 0.19472913593750002 0.44322344375 0.2020497796875 0.44230769218750005 0.20717423125 0.434981684375 0.20717423125 0.41941391875 0.20058565156250002 0.4102564109375 0.196193265625 0.4102564109375 0.191800878125 0.4120879125
0 0.1925329421875 0.44963369999999997 0.1874084921875 0.4606227109375 0.18814055624999998 0.474358975 0.1932650078125 0.48351648281250004 0.20131771562499998 0.48351648281250004 0.20717423125 0.47802197812499997 0.2079062953125 0.45695970625 0.2020497796875 0.4487179484375 0.1980234265625 0.4487179484375 0.1925329421875 0.44963369999999997
0 0.1954612 0.4890109890625 0.19033675 0.49267399218749997 0.18814055624999998 0.4981684984375 0.1896046859375 0.5210622703125 0.1910688140625 0.524725275 0.1954612 0.5265567765625 0.2042459734375 0.525641025 0.2086383609375 0.51923076875 0.2079062953125 0.4954212453125 0.2020497796875 0.4890109890625 0.1954612 0.4890109890625
0 0.1969253296875 0.5320512828124999 0.19033675 0.5357142859375 0.18814055624999998 0.5421245421875 0.18887262031250002 0.558608059375 0.1969253296875 0.56868131875 0.2042459734375 0.5677655671874999 0.209370425 0.5613553109375 0.209370425 0.541208790625 0.2079062953125 0.5366300359375 0.2020497796875 0.5320512828124999 0.1969253296875 0.5320512828124999
0 0.224743778125 0.5741758234375001 0.219985359375 0.5741758234375001 0.21303074687499998 0.575091575 0.209370425 0.5796703296875 0.2079062953125 0.5897435890625 0.21303074687499998 0.5989010984375 0.227672034375 0.5998168500000001 0.2386530015625 0.59432234375 0.2408491953125 0.5888278390624999 0.2386530015625 0.58058608125 0.23352855 0.5760073265625001 0.224743778125 0.5741758234375001
0 0.3338213765625 0.5732600734375 0.3316251828125 0.5732600734375 0.323572475 0.5741758234375001 0.31918008750000004 0.577838828125 0.31698389531250004 0.5851648359375 0.31918008750000004 0.5934065937499999 0.32650073281249997 0.5989010984375 0.341874084375 0.5979853484375 0.34846266406250004 0.590659340625 0.3491947296875 0.5824175828125 0.344070278125 0.575091575 0.3338213765625 0.5732600734375
0 0.3674963390625 0.572344321875 0.3572474375 0.5741758234375001 0.353587115625 0.58058608125 0.353587115625 0.5897435890625 0.35797950156249997 0.597069596875 0.37408491875 0.5979853484375 0.3792093703125 0.59432234375 0.3814055640625 0.5888278390624999 0.3806735 0.577838828125 0.3711566625 0.572344321875 0.3674963390625 0.572344321875
0 0.4806002921875 0.5705128203125 0.469985359375 0.572344321875 0.46632503593749997 0.5769230765625 0.46559297187500004 0.5869963375 0.46925329375 0.59432234375 0.4853587109375 0.5979853484375 0.49341142031249996 0.590659340625 0.494143484375 0.5760073265625001 0.4904831625 0.5714285718750001 0.48462664687499996 0.5705128203125 0.4806002921875 0.5705128203125
0 0.541727671875 0.5888278390624999 0.53587115625 0.6053113546875 0.53806735 0.61813186875 0.5468521234375 0.6227106234375 0.55490483125 0.6199633703125 0.55929721875 0.609890109375 0.5563689609375 0.590659340625 0.54978038125 0.5851648359375 0.5468521234375 0.5851648359375 0.541727671875 0.5888278390624999
0 0.598828696875 0.590659340625 0.595168375 0.6043956046875001 0.595168375 0.615384615625 0.600292825 0.6217948718749999 0.6090775984375 0.6208791203125 0.617862371875 0.6117216125 0.615666178125 0.59432234375 0.6098096625 0.5860805859375 0.6039531484375 0.5860805859375 0.598828696875 0.590659340625
0 0.655929721875 0.5934065937499999 0.6530014640624999 0.6043956046875001 0.653733528125 0.615384615625 0.658125915625 0.6208791203125 0.6705710109374999 0.61813186875 0.6756954609375 0.6071428578125 0.671303075 0.590659340625 0.6661786234375 0.5869963375 0.6617862375 0.5869963375 0.655929721875 0.5934065937499999
0 0.7137628109375 0.5924908421875 0.709370425 0.6071428578125 0.7122986828125 0.616300365625 0.7196193265625 0.61904761875 0.7284041 0.6135531140625 0.732064421875 0.6071428578125 0.729868228125 0.5934065937499999 0.724743778125 0.5860805859375 0.7188872625 0.5860805859375 0.7137628109375 0.5924908421875
0 0.7803806734375 0.5824175828125 0.7745241578125001 0.5860805859375 0.7693997078125 0.6007326 0.770131771875 0.6108058609375 0.7767203515625 0.6172161171874999 0.7862371890625 0.6144688640625 0.790629575 0.6071428578125 0.790629575 0.5934065937499999 0.7877013171875 0.5860805859375 0.7825768671875 0.5824175828125 0.7803806734375 0.5824175828125
0 0.8323572468749999 0.5860805859375 0.8265007328125 0.6007326 0.8265007328125 0.6080586078125 0.8316251828125001 0.615384615625 0.8374816984375 0.615384615625 0.8469985359375001 0.60622710625 0.84553440625 0.5897435890625 0.8396778921875001 0.5824175828125 0.8374816984375 0.5824175828125 0.8323572468749999 0.5860805859375
0 0.88799414375 0.5869963375 0.8850658859375 0.6016483515625 0.8865300140624999 0.6108058609375 0.8923865296875 0.6144688640625 0.901171303125 0.6117216125 0.9048316249999999 0.60622710625 0.9055636890625 0.597069596875 0.899707175 0.58058608125 0.89311859375 0.58058608125 0.88799414375 0.5869963375
0 0.9443631046875 0.5851648359375 0.9414348468749999 0.5979853484375 0.9414348468749999 0.60622710625 0.9465592968750001 0.6126373625 0.9553440703125 0.6117216125 0.960468521875 0.60622710625 0.9597364562499999 0.5860805859375 0.9553440703125 0.5787545781250001 0.9502196187499999 0.5787545781250001 0.9443631046875 0.5851648359375
1 0.9816983890625 0.5613553109375 0.969985359375 0.5641025640625 0.9633967796875 0.577838828125 0.9677891656250001 0.602564103125 0.975109809375 0.609890109375 0.9890190343749999 0.6071428578125 0.9963396781249999 0.5897435890625 0.9963396781249999 0.5705128203125 0.991947290625 0.5631868124999999 0.9868228406249999 0.5613553109375 0.9816983890625 0.5613553109375
1 0 0.6256105015625 0.0073206437499999995 0.63095238125 0.0234260609375 0.625457875 0.030014640625 0.615384615625 0.030014640625 0.597069596875 0.027818448437499997 0.5897435890625 0.02122986875 0.58150183125 0.01171303125 0.5787545781250001 0.0102489015625 0.5787545781250001 0 0.5840336140625 0 0.6256105015625
1 0.058565153125000005 0.5796703296875 0.04978038125 0.577838828125 0.049048315625 0.577838828125 0.0351390921875 0.5860805859375 0.0329428984375 0.60622710625 0.0336749640625 0.6135531140625 0.040263543750000005 0.624542125 0.0446559296875 0.6282051281250001 0.053440703125 0.6291208796875 0.0666178625 0.6199633703125 0.070278184375 0.603479853125 0.0651537328125 0.5860805859375 0.058565153125000005 0.5796703296875
1 0.08784773125 0.577838828125 0.07833089374999999 0.5851648359375 0.0732064421875 0.5979853484375 0.07759882812499999 0.6199633703125 0.0856515375 0.6282051281250001 0.1032210828125 0.624542125 0.10980966249999999 0.6117216125 0.10980966249999999 0.5989010984375 0.10688140625 0.5869963375 0.0944363109375 0.577838828125 0.08784773125 0.577838828125
1 0.148609078125 0.5934065937499999 0.14494875625 0.5851648359375 0.1361639828125 0.577838828125 0.13103953125 0.577838828125 0.1229868234375 0.5787545781250001 0.1171303078125 0.5833333328125 0.11346998593749999 0.5915750921875 0.1127379203125 0.6007326 0.11566617812499999 0.6199633703125 0.127379209375 0.6282051281250001 0.136896046875 0.6282051281250001 0.1434846265625 0.624542125 0.15007320625 0.6080586078125 0.148609078125 0.5934065937499999
1 0.19472913593750002 0.5741758234375001 0.1896046859375 0.5741758234375001 0.1669106875 0.5760073265625001 0.158125915625 0.5796703296875 0.15300146406249998 0.5879120875 0.1551976578125 0.6053113546875 0.165446559375 0.6144688640625 0.1954612 0.5998168500000001 0.20131771562499998 0.59432234375 0.20351390937499997 0.5860805859375 0.20131771562499998 0.5796703296875 0.19472913593750002 0.5741758234375001
1 0.3008784765625 0.5741758234375001 0.2970183015625 0.5741758234375001 0.25475841875 0.575091575 0.25036603281250003 0.58058608125 0.248901903125 0.5897435890625 0.25329429062500003 0.597069596875 0.2598828703125 0.5998168500000001 0.3008784765625 0.5989010984375 0.3074670578125 0.5952380953125 0.3103953140625 0.5897435890625 0.30966325 0.58058608125 0.3008784765625 0.5741758234375001
1 0.44216691093750005 0.5732600734375 0.41654465625 0.5714285718750001 0.4143484625 0.5714285718750001 0.3909224015625 0.572344321875 0.3865300140625 0.575091575 0.384333821875 0.58058608125 0.38579795 0.5934065937499999 0.39311859375 0.5979853484375 0.4282576859375 0.5979853484375 0.43997071718749997 0.596153846875 0.446559296875 0.5888278390624999 0.446559296875 0.577838828125 0.44216691093750005 0.5732600734375
1 0.5329428984375 0.5741758234375001 0.5234260609375 0.5705128203125 0.5195827234375 0.5705128203125 0.50219619375 0.572344321875 0.49780380625 0.5787545781250001 0.4956076140625 0.5897435890625 0.4956076140625 0.5979853484375 0.498535871875 0.6043956046875001 0.517569546875 0.616300365625 0.53074670625 0.6080586078125 0.5373352859375 0.5888278390624999 0.5366032203125 0.5787545781250001 0.5329428984375 0.5741758234375001
1 0.5805270859375 0.5695970703125 0.5761347 0.5695970703125 0.5636896046875 0.5732600734375 0.558565153125 0.5860805859375 0.5636896046875 0.6108058609375 0.5717423140625 0.6199633703125 0.5754026359375 0.6208791203125 0.581991215625 0.61904761875 0.589311859375 0.6117216125 0.5959004390625 0.5869963375 0.5929721812500001 0.575091575 0.5805270859375 0.5695970703125
1 0.6390922406249999 0.56868131875 0.634699853125 0.56868131875 0.6237188875 0.5714285718750001 0.617862371875 0.58150183125 0.6207906296875 0.60622710625 0.6229868234375 0.6117216125 0.63103953125 0.61904761875 0.6383601750000001 0.61813186875 0.6478770125 0.6080586078125 0.653733528125 0.5879120875 0.6515373359375001 0.575091575 0.6390922406249999 0.56868131875
1 0.6954612 0.5677655671874999 0.67862371875 0.5705128203125 0.6734992671875 0.5824175828125 0.67862371875 0.6053113546875 0.6888726203125 0.6144688640625 0.6954612 0.6144688640625 0.7049780375 0.6053113546875 0.710834553125 0.5860805859375 0.7101024890625001 0.5760073265625001 0.6998535875 0.5677655671874999 0.6954612 0.5677655671874999
1 0.756222546875 0.5668498171875 0.7525622249999999 0.5668498171875 0.7386530015624999 0.56868131875 0.732064421875 0.58058608125 0.73572474375 0.6053113546875 0.74524158125 0.616300365625 0.7540263546875 0.615384615625 0.7620790625 0.608974359375 0.767935578125 0.5915750921875 0.767935578125 0.575091575 0.7635431921875 0.5695970703125 0.756222546875 0.5668498171875
1 0.8140556374999999 0.5650183156249999 0.8103953140625 0.5650183156249999 0.7979502203125 0.56868131875 0.7920937046875001 0.58150183125 0.796486090625 0.60622710625 0.806002928125 0.6144688640625 0.8140556374999999 0.6126373625 0.8199121515625001 0.6071428578125 0.8257686671875 0.584249084375 0.8257686671875 0.5769230765625 0.8228404093749999 0.5705128203125 0.8140556374999999 0.5650183156249999
1 0.8770131765625001 0.565934065625 0.8711566625 0.5641025640625 0.8660322109375 0.5641025640625 0.85505124375 0.5668498171875 0.8484626640625 0.58150183125 0.853587115625 0.60622710625 0.8565153734375001 0.6108058609375 0.863103953125 0.6135531140625 0.8689604687499999 0.6126373625 0.8762811125000001 0.60622710625 0.8828696921875 0.5869963375 0.8806735 0.5705128203125 0.8770131765625001 0.565934065625
1 0.9282576859375 0.5622710625 0.922401171875 0.5622710625 0.912884334375 0.565934065625 0.9070278187499999 0.5769230765625 0.9092240109375 0.5979853484375 0.9121522687500001 0.6053113546875 0.920204978125 0.6117216125 0.9319180093749999 0.6071428578125 0.9392386531250001 0.5860805859375 0.9399707171875 0.577838828125 0.9363103953125 0.565934065625 0.9282576859375 0.5622710625