0 0.21137640468750002 0 0.21137640468750002 0.0017543859375000002 0.21418539375 0.0096491234375 0.21980337031250002 0.0157894734375 0.2317415734375 0.013157895312500001 0.235252809375 0.0087719296875 0.236529621875 0 0.21137640468750002 0
0 0.19522471875 0.0052631578125000005 0.1896067421875 0.014912281250000001 0.1910112359375 0.0298245609375 0.19803370781250001 0.03508771875 0.20786516875 0.0307017546875 0.21348314531249998 0.0201754390625 0.2120786515625 0.010526315625000001 0.2043539328125 0.0035087718750000003 0.1987359546875 0.0035087718750000003 0.19522471875 0.0052631578125000005
0 0.21558988750000002 0.025438596875000004 0.2127808984375 0.03508771875 0.21418539375 0.046491228125 0.21980337031250002 0.05350877187500001 0.22823033750000002 0.0526315796875 0.2331460671875 0.045614034375 0.2338483140625 0.0271929828125 0.22752809062499998 0.021052631250000002 0.22191011249999998 0.021052631250000002 0.21558988750000002 0.025438596875000004
0 0.194522471875 0.04298245625 0.1917134828125 0.05087719375000001 0.193117978125 0.06842105312499999 0.1987359546875 0.07368421093750001 0.208567415625 0.06929824531249999 0.21418539375 0.057017543749999997 0.2120786515625 0.046491228125 0.2043539328125 0.039473684375 0.1994382015625 0.039473684375 0.194522471875 0.04298245625
0 0.2247191015625 0.05964912343749999 0.222612359375 0.05964912343749999 0.214887640625 0.06491228125000001 0.21137640468750002 0.07368421093750001 0.21137640468750002 0.0807017546875 0.214887640625 0.089473684375 0.2191011234375 0.0947368421875 0.22331460625 0.095614034375 0.22963483125 0.09122807031249999 0.23244382031250002 0.0763157890625 0.23033707812499998 0.0631578953125 0.2247191015625 0.05964912343749999
0 0.1987359546875 0.0807017546875 0.193820225 0.089473684375 0.194522471875 0.10701754375000001 0.1994382015625 0.1131578953125 0.20716292187500002 0.1096491234375 0.21418539375 0.09912280625 0.2127808984375 0.088596490625 0.2043539328125 0.0798245609375 0.2036516859375 0.07894736875 0.1987359546875 0.0807017546875
0 0.21418539375 0.104385965625 0.2057584265625 0.118421053125 0.2064606734375 0.124561403125 0.21348314531249998 0.131578946875 0.222612359375 0.132456140625 0.228932584375 0.1271929828125 0.22963483125 0.10614035156249998 0.22612359531249998 0.1017543859375 0.22191011249999998 0.1017543859375 0.21418539375 0.104385965625
0 0.20154494375 0.13421052656250002 0.19803370781250001 0.14385964843750002 0.1987359546875 0.154385965625 0.20786516875 0.161403509375 0.22050561875 0.15701754375000002 0.2254213484375 0.14649122812499998 0.21980337031250002 0.1368421046875 0.208567415625 0.132456140625 0.20786516875 0.131578946875 0.20154494375 0.13421052656250002
0 0.214887640625 0.1631578953125 0.2043539328125 0.167543859375 0.20154494375 0.171929825 0.20014045 0.17894736875 0.20505617968749998 0.1903508765625 0.21418539375 0.19210526249999998 0.2247191015625 0.1868421046875 0.22752809062499998 0.178070175 0.22612359531249998 0.168421053125 0.21769662968749998 0.1631578953125 0.214887640625 0.1631578953125
0 0.2029494375 0.20087719375000002 0.20084269687499998 0.2087719296875 0.2029494375 0.22280701718749998 0.21067415781249998 0.2263157890625 0.22050561875 0.2236842109375 0.22612359531249998 0.21403508750000003 0.2254213484375 0.2017543859375 0.216292134375 0.195614034375 0.214887640625 0.195614034375 0.2029494375 0.20087719375000002
0 0.2029494375 0.2377192984375 0.2029494375 0.25526315781250003 0.20716292187500002 0.2622807015625 0.2120786515625 0.26491228125 0.21980337031250002 0.2622807015625 0.2254213484375 0.253508771875 0.2247191015625 0.2368421046875 0.216292134375 0.22982456093749998 0.2120786515625 0.22982456093749998 0.2029494375 0.2377192984375
0 0.2064606734375 0.274561403125 0.2043539328125 0.282456140625 0.2057584265625 0.30087719375 0.21137640468750002 0.3052631578125 0.22050561875 0.3026315796875 0.2247191015625 0.29298245624999997 0.22401685468750002 0.27719298281250004 0.21699438125 0.2692982453125 0.2120786515625 0.2692982453125 0.2064606734375 0.274561403125
0 0.2064606734375 0.3166666671875 0.2057584265625 0.33771929843750004 0.208567415625 0.3447368421875 0.21558988750000002 0.3473684203125 0.22050561875 0.345614034375 0.2247191015625 0.33771929843750004 0.2247191015625 0.3201754390625 0.2183988765625 0.310526315625 0.21348314531249998 0.310526315625 0.2064606734375 0.3166666671875
0 0.20997190937500002 0.354385965625 0.2057584265625 0.3622807015625 0.2057584265625 0.3807017546875 0.2127808984375 0.388596490625 0.21980337031250002 0.3877192984375 0.2254213484375 0.3807017546875 0.2247191015625 0.3596491234375 0.21769662968749998 0.35263157968750003 0.21418539375 0.35263157968750003 0.20997190937500002 0.354385965625
0 0.214887640625 0.39298245625 0.20997190937500002 0.3947368421875 0.2057584265625 0.403508771875 0.2064606734375 0.421929825 0.21418539375 0.4298245609375 0.21980337031250002 0.42894736875 0.2254213484375 0.4228070171875 0.2254213484375 0.4026315796875 0.22401685468750002 0.39824561406250003 0.21769662968749998 0.39298245625 0.214887640625 0.39298245625
0 0.20716292187500002 0.4561403515625 0.2120786515625 0.46666666718750005 0.21980337031250002 0.46666666718750005 0.22612359531249998 0.4587719296875 0.2254213484375 0.4421052625 0.22050561875 0.43596491249999997 0.21418539375 0.43596491249999997 0.20716292187500002 0.44298245625000005 0.20716292187500002 0.4561403515625
0 0.20786516875 0.47807017500000004 0.2064606734375 0.488596490625 0.20786516875 0.5017543859375 0.2120786515625 0.5052631578125 0.22401685468750002 0.503508771875 0.22682584218750002 0.4973684203125 0.2254213484375 0.47807017500000004 0.2191011234375 0.47192982499999997 0.214887640625 0.47192982499999997 0.20786516875 0.47807017500000004
0 0.2191011234375 0.511403509375 0.214887640625 0.511403509375 0.20997190937500002 0.51491228125 0.20716292187500002 0.521929825 0.20716292187500002 0.5315789468750001 0.20926966249999998 0.5421052625 0.21558988750000002 0.5464912281250001 0.2247191015625 0.5429824562500001 0.22752809062499998 0.5377192984375 0.22682584218750002 0.52105263125 0.2254213484375 0.5166666671875 0.2191011234375 0.511403509375
0 0.21558988750000002 0.55087719375 0.21067415781249998 0.553508771875 0.20786516875 0.5587719296875 0.20716292187500002 0.5763157890625 0.2127808984375 0.581578946875 0.22191011249999998 0.582456140625 0.22823033750000002 0.578070175 0.22823033750000002 0.5622807015625 0.2254213484375 0.5543859656250001 0.21980337031250002 0.55087719375 0.21558988750000002 0.55087719375
0 0.2801966296875 0.582456140625 0.269662921875 0.582456140625 0.2654494375 0.5859649124999999 0.263342696875 0.5973684203125 0.2661516859375 0.603508771875 0.28300561874999997 0.6052631578125001 0.290028090625 0.6017543859375001 0.292837078125 0.5956140343749999 0.29213483125 0.5894736843749999 0.283707865625 0.582456140625 0.2801966296875 0.582456140625
0 0.39396067343749996 0.5842105265625 0.3862359546875 0.5798245609375 0.38272471874999997 0.5798245609375 0.3721910109375 0.5807017546875 0.367977528125 0.5842105265625 0.3658707859375 0.59298245625 0.36867977500000004 0.6017543859375001 0.3728932578125 0.604385965625 0.3862359546875 0.604385965625 0.3918539328125 0.6017543859375001 0.39536516875 0.596491228125 0.39536516875 0.5877192984375 0.39396067343749996 0.5842105265625
0 0.4058988765625 0.5798245609375 0.40028089843750003 0.5842105265625 0.3988764046875 0.596491228125 0.40168539374999995 0.6026315796875 0.415028090625 0.604385965625 0.424157303125 0.5982456140625 0.42485955000000003 0.58508771875 0.4185393265625 0.5798245609375 0.4143258421875 0.5798245609375 0.4058988765625 0.5798245609375
0 0.5158005625000001 0.5798245609375 0.5112359546875 0.5798245609375 0.50772471875 0.5833333328125 0.5028089890625 0.5938596484375 0.5035112359375 0.6052631578125001 0.5112359546875 0.61491228125 0.5175561796875 0.6131578953125 0.5238764046875 0.5982456140625 0.5245786515625 0.58508771875 0.5203651687499999 0.5798245609375 0.5158005625000001 0.5798245609375
0 0.5695224718749999 0.5912280703125 0.561797753125 0.5973684203125 0.5582865171875 0.611403509375 0.56109550625 0.624561403125 0.5674157296875 0.6280701750000001 0.5751404499999999 0.6263157890625 0.5793539328125 0.6201754390625001 0.5807584265625 0.6131578953125 0.577247190625 0.596491228125 0.5716292140625 0.5912280703125 0.5695224718749999 0.5912280703125
0 0.61727528125 0.6 0.6144662921874999 0.611403509375 0.6158707859375 0.6219298249999999 0.6214887640625 0.6263157890625 0.6299157296875 0.624561403125 0.6362359546875 0.617543859375 0.6348314609375 0.6008771937499999 0.6278089890625 0.59298245625 0.62359550625 0.59298245625 0.61727528125 0.6
0 0.681179775 0.5894736843749999 0.67345505625 0.5947368421875 0.6706460671875 0.603508771875 0.6706460671875 0.6166666671875001 0.6762640453125 0.6219298249999999 0.6875 0.6192982453125 0.6910112359375 0.6122807015625 0.6903089890625 0.6 0.686797753125 0.5921052625 0.6825842703125 0.5894736843749999 0.681179775 0.5894736843749999
0 0.736657303125 0.5912280703125 0.7296348312500001 0.596491228125 0.7254213484375 0.6070175437499999 0.7247191015625 0.6140350875 0.7296348312500001 0.6228070171875 0.7387640453125 0.6219298249999999 0.7457865171875 0.6131578953125 0.743679775 0.59912280625 0.7408707859375 0.59298245625 0.7373595500000001 0.5912280703125 0.736657303125 0.5912280703125
0 0.78581460625 0.5938596484375 0.7816011234375 0.6087719296875 0.7830056187500001 0.617543859375 0.7872191015625 0.6219298249999999 0.7956460671875 0.62105263125 0.8019662921874999 0.6131578953125 0.8019662921874999 0.6008771937499999 0.7956460671875 0.5894736843749999 0.7907303375 0.5894736843749999 0.78581460625 0.5938596484375
0 0.8419943812499999 0.59298245625 0.8363764046875 0.6070175437499999 0.8377808984374999 0.6166666671875001 0.8426966296874999 0.6201754390625001 0.8518258421875 0.617543859375 0.8560393265625 0.6096491234375 0.853932584375 0.5938596484375 0.84831460625 0.588596490625 0.8469101125 0.588596490625 0.8419943812499999 0.59298245625
0 0.9030898875 0.5859649124999999 0.8967696625 0.5894736843749999 0.8925561796875 0.6052631578125001 0.8925561796875 0.6140350875 0.897471909375 0.6192982453125 0.9073033703125001 0.617543859375 0.9115168546874999 0.610526315625 0.9122191015625001 0.6008771937499999 0.908707865625 0.588596490625 0.903792134375 0.5868421046875001 0.9030898875 0.5859649124999999
0 0.9480337078125001 0.59298245625 0.9459269656249999 0.604385965625 0.9466292140625001 0.6131578953125 0.9529494375 0.618421053125 0.9655898875 0.6122807015625 0.9655898875 0.5973684203125 0.9634831453125001 0.588596490625 0.9592696625 0.5842105265625 0.9557584265625 0.5842105265625 0.9480337078125001 0.59298245625
1 0 0.63201754375 0.000702246875 0.6333333328124999 0.007022471875 0.6368421046875 0.021067415625 0.6342105265625 0.030196629687499997 0.6228070171875 0.030196629687499997 0.6070175437499999 0.027387640624999997 0.596491228125 0.0245786515625 0.5912280703125 0.012640450000000001 0.5859649124999999 0.0105337078125 0.5859649124999999 0 0.590608875 0 0.63201754375
1 0.0533707859375 0.5859649124999999 0.04845505625 0.5859649124999999 0.040028090625 0.5894736843749999 0.03300561875 0.6052631578125001 0.0365168546875 0.624561403125 0.040028090625 0.6307017546875 0.0456460671875 0.6342105265625 0.0625 0.62894736875 0.068117978125 0.6166666671875001 0.0653089890625 0.596491228125 0.0589887640625 0.588596490625 0.0533707859375 0.5859649124999999
1 0.10252809062499998 0.59298245625 0.0948033703125 0.5859649124999999 0.089887640625 0.5859649124999999 0.08918539375 0.58508771875 0.0779494375 0.5877192984375 0.0730337078125 0.5938596484375 0.0716292140625 0.6 0.0730337078125 0.6228070171875 0.07724719062499999 0.62894736875 0.0884831453125 0.6333333328124999 0.0997191015625 0.6298245609374999 0.1060393265625 0.6192982453125 0.1060393265625 0.6026315796875 0.10252809062499998 0.59298245625
1 0.13553370781250001 0.5877192984375 0.1292134828125 0.58508771875 0.1228932578125 0.58508771875 0.111657303125 0.5947368421875 0.10955056249999999 0.6140350875 0.1130617984375 0.624561403125 0.1207865171875 0.6333333328124999 0.125 0.6342105265625 0.13764045 0.6298245609374999 0.1425561796875 0.6228070171875 0.14466292187500002 0.6131578953125 0.1411516859375 0.5947368421875 0.13553370781250001 0.5877192984375
1 0.1783707859375 0.5894736843749999 0.1713483140625 0.58508771875 0.16713483125 0.58508771875 0.1551966296875 0.5868421046875001 0.15098314531249998 0.5921052625 0.14887640468750002 0.6 0.1502808984375 0.62105263125 0.15800561875000002 0.632456140625 0.1643258421875 0.6333333328124999 0.17345505625 0.6298245609374999 0.1825842703125 0.6192982453125 0.1846910109375 0.6008771937499999 0.1783707859375 0.5894736843749999
1 0.24227528125000003 0.5833333328125 0.22823033750000002 0.582456140625 0.214887640625 0.58508771875 0.20926966249999998 0.582456140625 0.20540730312500002 0.582456140625 0.1973314609375 0.5833333328125 0.1917134828125 0.5877192984375 0.18890449375 0.59298245625 0.1917134828125 0.6052631578125001 0.1966292140625 0.6087719296875 0.23665730312500002 0.6061403515625 0.24367977500000002 0.604385965625 0.24859550625 0.5973684203125 0.2478932578125 0.5877192984375 0.24227528125000003 0.5833333328125
1 0.332162921875 0.5807017546875 0.3279494375 0.5807017546875 0.3033707859375 0.582456140625 0.29845505625 0.588596490625 0.29775280937500004 0.596491228125 0.3026685390625 0.603508771875 0.3096910109375 0.6061403515625 0.3469101125 0.6052631578125001 0.35603932656250004 0.5982456140625 0.3567415734375 0.588596490625 0.352528090625 0.5833333328125 0.332162921875 0.5807017546875
1 0.458567415625 0.578070175 0.4543539328125 0.578070175 0.43117977500000004 0.5807017546875 0.4276685390625 0.5877192984375 0.429073034375 0.59912280625 0.436797753125 0.604385965625 0.477528090625 0.603508771875 0.48455056250000006 0.6 0.4887640453125 0.5921052625 0.48735955000000003 0.5842105265625 0.4810393265625 0.57894736875 0.458567415625 0.578070175
1 0.5449438203125 0.578070175 0.5403792140625 0.578070175 0.5316011234375 0.5798245609375 0.5280898875 0.58508771875 0.5231741578125 0.6087719296875 0.5238764046875 0.62105263125 0.5316011234375 0.6271929828125 0.5435393265624999 0.625438596875 0.55477528125 0.6131578953125 0.5582865171875 0.588596490625 0.5533707859375 0.581578946875 0.5449438203125 0.578070175
1 0.6067415734375 0.578070175 0.6011235953125 0.5771929828125 0.596207865625 0.5771929828125 0.5856741578125 0.57894736875 0.5800561796875 0.588596490625 0.5828651687499999 0.611403509375 0.5905898875 0.6236842109375 0.5948033703125 0.625438596875 0.5990168546875 0.625438596875 0.6081460671875 0.6192982453125 0.6151685390625 0.5982456140625 0.6137640453125 0.5842105265625 0.6067415734375 0.578070175
1 0.6509831453125 0.5763157890625 0.6502808984375 0.575438596875 0.6411516859375 0.57894736875 0.6362359546875 0.5938596484375 0.6411516859375 0.6166666671875001 0.6460674156249999 0.6228070171875 0.6551966296875 0.6236842109375 0.6615168546875 0.6201754390625001 0.6664325843750001 0.6131578953125 0.6699438203125 0.5868421046875001 0.6636235953125 0.578070175 0.6509831453125 0.5763157890625
1 0.7169943812499999 0.575438596875 0.7106741578125 0.5745614031249999 0.7050561796875 0.5745614031249999 0.6980337078125001 0.5771929828125 0.6917134828125 0.588596490625 0.693820225 0.6087719296875 0.6973314609375 0.617543859375 0.702247190625 0.6219298249999999 0.714887640625 0.6192982453125 0.7198033703125 0.6131578953125 0.7254213484375 0.59298245625 0.72331460625 0.581578946875 0.7169943812499999 0.575438596875
1 0.77668539375 0.5771929828125 0.7619382015625 0.5736842109375 0.7605337078125001 0.5736842109375 0.7528089890625 0.575438596875 0.749297753125 0.5798245609375 0.7464887640625 0.5859649124999999 0.7464887640625 0.5973684203125 0.749297753125 0.6096491234375 0.7549157296875 0.6192982453125 0.7661516859375 0.62105263125 0.7759831453125 0.6122807015625 0.7808988765625 0.5859649124999999 0.77668539375 0.5771929828125
1 0.822799859375 0.5728070171875 0.8096910109375001 0.575438596875 0.8033707859374999 0.5868421046875001 0.806882021875 0.6096491234375 0.8153089890624999 0.6192982453125 0.8265449437499999 0.6166666671875001 0.832162921875 0.6052631578125001 0.834971909375 0.5833333328125 0.832162921875 0.5771929828125 0.8265449437499999 0.5728070171875 0.822799859375 0.5728070171875
1 0.8883426968749999 0.5771929828125 0.8827247187499999 0.571929825 0.87640449375 0.5710526312499999 0.8728932578125 0.5710526312499999 0.8637640453125 0.5736842109375 0.8581460671875 0.5842105265625 0.8581460671875 0.5947368421875 0.8616573031250001 0.6096491234375 0.8679775281250001 0.618421053125 0.875702246875 0.618421053125 0.8820224718749999 0.61491228125 0.8876404499999999 0.604385965625 0.8904494375 0.5921052625 0.8883426968749999 0.5771929828125
1 0.9410112359375 0.5728070171875 0.936797753125 0.5701754390625 0.93281811875 0.5701754390625 0.9206460671875 0.571929825 0.9136235953125 0.5833333328125 0.9157303375 0.604385965625 0.9185393265625 0.611403509375 0.9262640453125 0.617543859375 0.9353932578125 0.61491228125 0.9403089890624999 0.6078947375 0.943117978125 0.5982456140625 0.943820225 0.5807017546875 0.9410112359375 0.5728070171875
1 0.9915730343750001 0.568421053125 0.9880617984375 0.568421053125 0.9740168546874999 0.5710526312499999 0.9683988765624999 0.582456140625 0.9698033703125001 0.6008771937499999 0.97331460625 0.611403509375 0.9768258421875 0.61491228125 0.9908707859374999 0.6140350875 0.9964887640625 0.6052631578125001 0.999297753125 0.5763157890625 0.9957865171875 0.5701754390625 0.9915730343750001 0.568421053125