0 0.2173611109375 0 0.21805555625 0.011284721875 0.222222221875 0.0182291671875 0.23194444375 0.019965278125 0.23958333281250002 0.012152778125 0.24097222187499998 0 0.2173611109375 0
0 0.2138888890625 0.0338541671875 0.21805555625 0.02430555625 0.2138888890625 0.011284721875 0.20138888906250002 0.00868055625 0.19513888906250001 0.013888889062500001 0.19513888906250001 0.0329861109375 0.19930555625 0.03819444375 0.20625 0.0390625 0.2138888890625 0.0338541671875
0 0.23611111093749998 0.05208333281250001 0.23819444375 0.03125 0.23541666718749998 0.026909721874999997 0.22430555624999998 0.0251736109375 0.2173611109375 0.035590278125 0.2166666671875 0.0442708328125 0.2208333328125 0.053819443749999994 0.228472221875 0.05729166718749999 0.23611111093749998 0.05208333281250001
0 0.2166666671875 0.06770833281250001 0.21805555625 0.055555556250000006 0.21319444375000002 0.046875 0.20347222187499997 0.0451388890625 0.197222221875 0.0529513890625 0.196527778125 0.06423611093750001 0.2 0.07638888906249999 0.20833333281250002 0.07725694375 0.2166666671875 0.06770833281250001
0 0.23194444375 0.097222221875 0.23541666718749998 0.08854166718749999 0.23541666718749998 0.06770833281250001 0.2298611109375 0.06336805625 0.2236111109375 0.06336805625 0.2173611109375 0.07291666718749999 0.21597222187499998 0.082465278125 0.21944444375 0.09288194375 0.22638888906250001 0.098090278125 0.23194444375 0.097222221875
0 0.2201388890625 0.098090278125 0.21319444375000002 0.08506944375 0.20486111093749998 0.08333333281250001 0.20069444375 0.08767361093750001 0.2 0.1145833328125 0.20833333281250002 0.11805555625 0.2173611109375 0.109375 0.2201388890625 0.098090278125
0 0.228472221875 0.13628472187500001 0.23333333281250002 0.1302083328125 0.23402777812500003 0.1119791671875 0.2298611109375 0.1067708328125 0.2236111109375 0.1067708328125 0.21180555625 0.121527778125 0.21111111093749999 0.12847222187500001 0.215277778125 0.13454861093749998 0.22430555624999998 0.1380208328125 0.228472221875 0.13628472187500001
0 0.228472221875 0.15625 0.22777777812500002 0.1458333328125 0.2208333328125 0.13975694375 0.209027778125 0.13715277812499999 0.20347222187499997 0.14236111093749998 0.20277777812500003 0.15451388906250002 0.209027778125 0.16493055625 0.2201388890625 0.16493055625 0.228472221875 0.15625
0 0.23055555625 0.18923611093749998 0.23125 0.17621527812499999 0.22569444375 0.1692708328125 0.21319444375000002 0.17013888906250002 0.20555555625 0.1770833328125 0.20555555625 0.1901041671875 0.21180555625 0.19704861093749998 0.2236111109375 0.19704861093749998 0.23055555625 0.18923611093749998
0 0.22916666718749998 0.223090278125 0.23055555625 0.2109375 0.22638888906250001 0.203125 0.21458333281250003 0.20225694375 0.20694444375 0.20920138906250002 0.20625 0.222222221875 0.2125 0.23177083281250002 0.22152777812500002 0.23263888906250002 0.22916666718749998 0.223090278125
0 0.22916666718749998 0.2552083328125 0.2270833328125 0.23958333281250002 0.21597222187499998 0.23611111093749998 0.20833333281250002 0.24392361093749998 0.2104166671875 0.26649305624999997 0.21597222187499998 0.2708333328125 0.225 0.2682291671875 0.22916666718749998 0.2552083328125
0 0.228472221875 0.3020833328125 0.2270833328125 0.2786458328125 0.21944444375 0.27430555624999997 0.20972222187499998 0.28211805624999997 0.21111111093749999 0.3072916671875 0.2166666671875 0.31163194375000003 0.22291666718749997 0.3107638890625 0.228472221875 0.3020833328125
0 0.22916666718749998 0.34288194375000003 0.228472221875 0.32118055624999997 0.22430555624999998 0.31597222187499996 0.2166666671875 0.31597222187499996 0.2104166671875 0.3220486109375 0.2104166671875 0.3463541671875 0.21597222187499998 0.3515625 0.22430555624999998 0.35069444375000003 0.22916666718749998 0.34288194375000003
0 0.2298611109375 0.37847222187499996 0.228472221875 0.36371527812500004 0.22152777812500002 0.3576388890625 0.21180555625 0.36284722187499996 0.2125 0.3845486109375 0.2201388890625 0.38975694375000003 0.22569444375 0.38715277812500004 0.2298611109375 0.37847222187499996
0 0.2236111109375 0.4270833328125 0.22916666718749998 0.42100694375 0.2298611109375 0.4010416671875 0.22430555624999998 0.39409722187499996 0.215277778125 0.39496527812500004 0.21111111093749999 0.4001736109375 0.21111111093749999 0.4192708328125 0.21597222187499998 0.4270833328125 0.2236111109375 0.4270833328125
0 0.22638888906250001 0.4670138890625 0.23125 0.4548611109375 0.2298611109375 0.43836805625 0.22430555624999998 0.4322916671875 0.2166666671875 0.43315972187499996 0.2125 0.4375 0.21111111093749999 0.45746527812500004 0.2138888890625 0.46527777812500004 0.21597222187499998 0.46788194375 0.22638888906250001 0.4670138890625
0 0.228472221875 0.5060763890625 0.23125 0.5 0.2298611109375 0.47743055625 0.2201388890625 0.47309027812500004 0.21180555625 0.48090277812500004 0.21111111093749999 0.49652777812500004 0.2138888890625 0.5052083328125 0.2166666671875 0.5086805562500001 0.228472221875 0.5060763890625
0 0.2298611109375 0.519097221875 0.225 0.5147569437499999 0.21944444375 0.5147569437499999 0.2125 0.5217013890625 0.2138888890625 0.5442708328125 0.22777777812500002 0.5460069437499999 0.23194444375 0.5373263890625 0.2298611109375 0.519097221875
0 0.23680555625 0.5833333328125 0.2298611109375 0.5555555562500001 0.2201388890625 0.5520833328125 0.2138888890625 0.5564236109375 0.2125 0.5711805562500001 0.21597222187499998 0.5755208328125 0.23194444375 0.5859375 0.23680555625 0.5833333328125
0 0.275 0.598090278125 0.278472221875 0.5920138890625 0.27777777812500004 0.5833333328125 0.2736111109375 0.5772569437499999 0.2541666671875 0.5763888890625 0.2486111109375 0.582465278125 0.2479166671875 0.5911458328125 0.2520833328125 0.5998263890625 0.26875 0.6006944437499999 0.275 0.598090278125
0 0.3854166671875 0.5920138890625 0.3854166671875 0.581597221875 0.38125 0.5763888890625 0.365277778125 0.5755208328125 0.3583333328125 0.5798611109375 0.3576388890625 0.5911458328125 0.3611111109375 0.598090278125 0.3770833328125 0.5989583328125 0.3854166671875 0.5920138890625
0 0.49444444374999996 0.5842013890625 0.490972221875 0.574652778125 0.48333333281249996 0.5729166671875 0.471527778125 0.573784721875 0.46527777812500004 0.5798611109375 0.46527777812500004 0.5911458328125 0.47222222187499996 0.598090278125 0.4895833328125 0.5963541671875 0.49444444374999996 0.5842013890625
0 0.559027778125 0.6111111109375 0.55694444375 0.597222221875 0.55069444375 0.5885416671875 0.5423611109375 0.590277778125 0.53680555625 0.6041666671875 0.5361111109375 0.6145833328125 0.5395833328124999 0.620659721875 0.5520833328125 0.620659721875 0.559027778125 0.6111111109375
0 0.61319444375 0.6111111109375 0.609027778125 0.5920138890625 0.59930555625 0.589409721875 0.59375 0.598090278125 0.5923611109375 0.6145833328125 0.5951388890625 0.620659721875 0.60694444375 0.620659721875 0.61319444375 0.6111111109375
0 0.6673611109375 0.6111111109375 0.6673611109375 0.6032986109375 0.659027778125 0.589409721875 0.652777778125 0.590277778125 0.6465277781250001 0.6041666671875 0.6465277781250001 0.6154513890625 0.65 0.6197916671875 0.6611111109375 0.6189236109375 0.6673611109375 0.6111111109375
0 0.722222221875 0.6102430562500001 0.722222221875 0.5946180562500001 0.71875 0.5868055562500001 0.7083333328125 0.5876736109375 0.7041666671875 0.597222221875 0.702777778125 0.6102430562500001 0.70625 0.6171875 0.7166666671875 0.6171875 0.722222221875 0.6102430562500001
0 0.777777778125 0.6041666671875 0.7743055562500001 0.5876736109375 0.765972221875 0.5850694437499999 0.7604166671875 0.5920138890625 0.7576388890625 0.6041666671875 0.7597222218749999 0.6145833328125 0.7729166671875001 0.6145833328125 0.777777778125 0.6041666671875
0 0.8291666671875 0.5859375 0.8222222218749999 0.5833333328125 0.815277778125 0.5920138890625 0.815277778125 0.612847221875 0.8263888890625 0.6154513890625 0.8326388890624999 0.605034721875 0.8291666671875 0.5859375
0 0.8854166671874999 0.6076388890625 0.8861111109375001 0.5954861109375 0.88055555625 0.582465278125 0.8736111109375001 0.5833333328125 0.8680555562500001 0.597222221875 0.8673611109375001 0.6076388890625 0.8708333328125001 0.612847221875 0.88055555625 0.612847221875 0.8854166671874999 0.6076388890625
0 0.940972221875 0.5946180562500001 0.9375 0.581597221875 0.9277777781250001 0.581597221875 0.922222221875 0.59375 0.9236111109375 0.6111111109375 0.934027778125 0.612847221875 0.9395833328125001 0.6067708328125 0.940972221875 0.5946180562500001
0 0.99375 0.598090278125 0.9902777781250001 0.5807291671875 0.9833333328125 0.5807291671875 0.9763888890624999 0.59375 0.977777778125 0.609375 0.984722221875 0.6111111109375 0.9916666671875 0.6067708328125 0.99375 0.598090278125
1 0 0.629340278125 0.013194443750000001 0.6310763890625 0.02430555625 0.620659721875 0.02569444375 0.5963541671875 0.01805555625 0.5842013890625 0.0034722218749999997 0.581597221875 0 0.582465278125 0 0.629340278125
1 0.05694444375 0.6258680562500001 0.0645833328125 0.6154513890625 0.0645833328125 0.597222221875 0.061111110937500004 0.5885416671875 0.054166667187499996 0.581597221875 0.0388888890625 0.581597221875 0.03194444375 0.5876736109375 0.0298611109375 0.5954861109375 0.030555556249999997 0.6154513890625 0.036805556249999996 0.6276041671875 0.0486111109375 0.629340278125 0.05694444375 0.6258680562500001
1 0.10138888906250001 0.6154513890625 0.1020833328125 0.598090278125 0.09375 0.582465278125 0.0791666671875 0.5807291671875 0.06805555625000001 0.5946180562500001 0.06805555625000001 0.6119791671875 0.07638888906249999 0.6267361109375 0.09097222187500001 0.6267361109375 0.10138888906250001 0.6154513890625
1 0.13888888906250002 0.6180555562500001 0.1395833328125 0.5946180562500001 0.13263888906250001 0.582465278125 0.1145833328125 0.5807291671875 0.10625 0.5946180562500001 0.10555555624999999 0.6067708328125 0.11319444375000001 0.625 0.13125 0.6258680562500001 0.13888888906250002 0.6180555562500001
1 0.177777778125 0.6145833328125 0.177777778125 0.5954861109375 0.16944444375 0.581597221875 0.1576388890625 0.5789930562500001 0.146527778125 0.5859375 0.14375 0.5911458328125 0.14375 0.613715278125 0.153472221875 0.6267361109375 0.16944444375 0.6258680562500001 0.177777778125 0.6145833328125
1 0.23333333281250002 0.5963541671875 0.23333333281250002 0.590277778125 0.22916666718749998 0.5850694437499999 0.21319444375000002 0.5763888890625 0.1895833328125 0.5789930562500001 0.1826388890625 0.590277778125 0.1833333328125 0.6032986109375 0.19097222187500001 0.6119791671875 0.20208333281250002 0.6102430562500001 0.23333333281250002 0.5963541671875
1 0.3395833328125 0.5954861109375 0.34305555625 0.5876736109375 0.33888888906250003 0.5789930562500001 0.3333333328125 0.5763888890625 0.2875 0.5763888890625 0.28194444375 0.5833333328125 0.2826388890625 0.5954861109375 0.28958333281250004 0.6006944437499999 0.33194444375 0.5998263890625 0.3395833328125 0.5954861109375
1 0.4479166671875 0.5885416671875 0.447222221875 0.5798611109375 0.43819444374999994 0.574652778125 0.3951388890625 0.574652778125 0.3888888890625 0.5798611109375 0.3888888890625 0.5920138890625 0.39305555625 0.5989583328125 0.4388888890625 0.597222221875 0.4479166671875 0.5885416671875
1 0.5381944437499999 0.5920138890625 0.5375 0.5807291671875 0.5298611109375 0.573784721875 0.502777778125 0.5729166671875 0.49652777812500004 0.582465278125 0.49791666718750005 0.5989583328125 0.5201388890625 0.613715278125 0.5319444437499999 0.6076388890625 0.5381944437499999 0.5920138890625
1 0.5840277781250001 0.6154513890625 0.5930555562500001 0.5920138890625 0.5923611109375 0.5807291671875 0.58055555625 0.5729166671875 0.56805555625 0.5729166671875 0.559722221875 0.5807291671875 0.5583333328125 0.5928819437499999 0.565972221875 0.6163194437499999 0.5763888890625 0.6197916671875 0.5840277781250001 0.6154513890625
1 0.6395833328125 0.6119791671875 0.647222221875 0.5876736109375 0.6465277781250001 0.5807291671875 0.6423611109375 0.5755208328125 0.63819444375 0.5720486109375 0.6256944437499999 0.5711805562500001 0.6166666671875001 0.574652778125 0.6125 0.582465278125 0.6152777781250001 0.605034721875 0.622222221875 0.6163194437499999 0.63055555625 0.6180555562500001 0.6395833328125 0.6119791671875
1 0.69305555625 0.6119791671875 0.6979166671875 0.6067708328125 0.703472221875 0.5842013890625 0.69930555625 0.574652778125 0.6868055562500001 0.5703125 0.6736111109375 0.5711805562500001 0.6659722218749999 0.582465278125 0.6659722218749999 0.5911458328125 0.672222221875 0.6085069437499999 0.6833333328125 0.6145833328125 0.69305555625 0.6119791671875
1 0.74375 0.6154513890625 0.752777778125 0.6067708328125 0.7576388890625 0.5833333328125 0.752777778125 0.5729166671875 0.7479166671875 0.5694444437499999 0.734722221875 0.5694444437499999 0.725 0.5798611109375 0.725 0.5963541671875 0.727777778125 0.6067708328125 0.7333333328125 0.613715278125 0.74375 0.6154513890625
1 0.80625 0.6076388890625 0.8125 0.5842013890625 0.8083333328125001 0.5711805562500001 0.803472221875 0.5685763890625 0.7854166671875 0.5694444437499999 0.7791666671875 0.5789930562500001 0.7798611109375 0.5954861109375 0.78680555625 0.612847221875 0.7979166671875 0.613715278125 0.80625 0.6076388890625
1 0.85625 0.6111111109375 0.8645833328125001 0.5928819437499999 0.865972221875 0.5789930562500001 0.8638888890624999 0.5729166671875 0.8576388890625 0.566840278125 0.8451388890624999 0.566840278125 0.8354166671875 0.5772569437499999 0.834722221875 0.590277778125 0.8388888890624999 0.6067708328125 0.8458333328125001 0.613715278125 0.85625 0.6111111109375
1 0.91180555625 0.609375 0.9208333328125 0.5833333328125 0.9166666671874999 0.5685763890625 0.9020833328125001 0.5651041671875 0.89444444375 0.5677083328125 0.890972221875 0.5729166671875 0.8888888890625 0.589409721875 0.89444444375 0.6085069437499999 0.8986111109375001 0.6119791671875 0.91180555625 0.609375
1 0.9666666671874999 0.6076388890625 0.97430555625 0.5833333328125 0.971527778125 0.5685763890625 0.965972221875 0.5642361109375 0.953472221875 0.5642361109375 0.9458333328125 0.5711805562500001 0.94305555625 0.589409721875 0.9479166671874999 0.605034721875 0.953472221875 0.6102430562500001 0.9666666671874999 0.6076388890625