1 0.2557971015625 0.586956521875 0.29710145 0.586956521875 0.310869565625 0.576992753125 0.309420290625 0.5679347828125 0.30362318906249997 0.5625 0.2579710140625 0.5615942031250001 0.25072463749999996 0.565217390625 0.248550725 0.575181159375 0.2557971015625 0.586956521875
1 0.3681159421875 0.585144928125 0.41159420312500006 0.5842391296875 0.42173912968750005 0.573369565625 0.4181159421875 0.5625 0.410144928125 0.559782609375 0.36739130468750003 0.559782609375 0.360144928125 0.5661231890625 0.361594203125 0.5815217390625 0.3681159421875 0.585144928125
1 0.47173912968750004 0.565217390625 0.47173912968750004 0.57608695625 0.47608695624999997 0.5824275359375 0.5065217390625001 0.5914855078125 0.5188405796875 0.586956521875 0.52391304375 0.575181159375 0.52246376875 0.5643115937500001 0.513043478125 0.5579710140625 0.4818840578125 0.5579710140625 0.47536231874999996 0.559782609375 0.47173912968750004 0.565217390625
1 0.5565217390625 0.5579710140625 0.54710145 0.5670289859375 0.5463768109375 0.5815217390625 0.551449275 0.6032608703125 0.5572463765625 0.6077898546875 0.5637681156250001 0.6077898546875 0.57318840625 0.602355071875 0.5782608703125 0.5942028984375 0.5818840578125 0.576992753125 0.5804347828124999 0.5643115937500001 0.5702898546874999 0.5579710140625 0.5565217390625 0.5579710140625
1 0.6057971015625 0.5606884062499999 0.60289855 0.5661231890625 0.601449275 0.575181159375 0.6094202906249999 0.600543478125 0.6181159421875 0.6068840578125 0.6297101453125 0.602355071875 0.634782609375 0.5951086953125 0.639855071875 0.57789855 0.639130434375 0.565217390625 0.62753623125 0.5570652171875 0.614492753125 0.5561594203125 0.6057971015625 0.5606884062499999
1 0.6695652171875001 0.601449275 0.67681159375 0.6032608703125 0.6920289859375 0.5932971015625 0.6978260875 0.5697463765624999 0.6920289859375 0.5579710140625 0.6717391296875 0.5561594203125 0.662318840625 0.5679347828125 0.662318840625 0.5824275359375 0.6695652171875001 0.601449275
1 0.7195652171875 0.565217390625 0.72246376875 0.5932971015625 0.7289855078125 0.602355071875 0.7413043484374999 0.602355071875 0.75 0.5932971015625 0.7557971015625 0.5697463765624999 0.75289855 0.5606884062499999 0.7405797093750001 0.5543478265624999 0.7311594203125 0.5543478265624999 0.72463768125 0.5570652171875 0.7195652171875 0.565217390625
1 0.7789855078125 0.5815217390625 0.7833333328125 0.5951086953125 0.7927536234375 0.601449275 0.8036231890625001 0.5978260875 0.8123188406249999 0.5688405796875 0.8079710140625 0.5570652171875 0.8007246374999999 0.5534420296875 0.786956521875 0.5543478265624999 0.7789855078125 0.5634057968749999 0.7789855078125 0.5815217390625
1 0.835507246875 0.57608695625 0.8420289859375 0.5978260875 0.8521739125 0.600543478125 0.8608695656249999 0.5951086953125 0.8688405796875 0.5715579703125 0.8666666671875 0.5579710140625 0.859420290625 0.5525362312500001 0.8449275359374999 0.5525362312500001 0.836231884375 0.5625 0.835507246875 0.57608695625
1 0.8934782609375 0.57608695625 0.8978260875 0.5923913046875 0.9043478265625 0.598731884375 0.9159420296875 0.5951086953125 0.9217391296875 0.585144928125 0.9246376812499999 0.5706521734375001 0.9202898546875 0.5525362312500001 0.9050724640625001 0.5507246375 0.8942028984375 0.559782609375 0.8934782609375 0.57608695625
1 0.9514492750000001 0.5561594203125 0.9492753625000001 0.57608695625 0.9536231890625 0.5914855078125 0.960144928125 0.5978260875 0.9710144921874999 0.5960144921875 0.9804347828125 0.576992753125 0.9818840578125 0.5634057968749999 0.9789855078125 0.5534420296875 0.9630434781250001 0.54891304375 0.9557971015625 0.5507246375 0.9514492750000001 0.5561594203125
1 0.15942029062500002 0.5942028984375 0.17318840625 0.6041666671875 0.190579709375 0.5951086953125 0.201449275 0.586050725 0.20579710156250003 0.576992753125 0.2036231890625 0.5670289859375 0.19710144999999998 0.5625 0.1666666671875 0.5643115937500001 0.1579710140625 0.5742753625 0.15942029062500002 0.5942028984375
1 0.1210144921875 0.6032608703125 0.1282608703125 0.614130434375 0.14492753593750002 0.614130434375 0.15579710156249998 0.602355071875 0.1550724640625 0.5842391296875 0.15 0.5724637687499999 0.1442028984375 0.5670289859375 0.1289855078125 0.5661231890625 0.11956521718749999 0.5806159421875 0.1210144921875 0.6032608703125
1 0.08043478281250001 0.5797101453125 0.08043478281250001 0.5978260875 0.085507246875 0.60960145 0.09855072499999999 0.6150362312500001 0.113043478125 0.6059782609375 0.1159420296875 0.5951086953125 0.115217390625 0.5824275359375 0.1065217390625 0.5670289859375 0.090579709375 0.5661231890625 0.08333333281250001 0.5724637687499999 0.08043478281250001 0.5797101453125
1 0.040579709375 0.5978260875 0.047826087499999996 0.6132246375 0.064492753125 0.614130434375 0.07246376875 0.6086956515625 0.07608695625 0.598731884375 0.07608695625 0.585144928125 0.0688405796875 0.5697463765624999 0.052173912499999996 0.5661231890625 0.0420289859375 0.575181159375 0.040579709375 0.5978260875
1 0 0.5978260875 0.0086956515625 0.6168478265624999 0.022463768749999998 0.6177536234375001 0.031159420312500002 0.61141304375 0.036956521874999995 0.601449275 0.035507246874999995 0.5806159421875 0.024637681249999998 0.5670289859375 0.010144928125 0.5679347828125 0.0007246375 0.5815217390625 0 0.5978260875
0 0.1809305875 0 0.1811594203125 0.0054347828124999996 0.186956521875 0.01358695625 0.19565217343750002 0.012681159375 0.2036231890625 0 0.1809305875 0
0 0.20724637656249997 0.030797101562500002 0.214492753125 0.0335144921875 0.22246376875 0.028079709375 0.22536231875 0.010869565624999999 0.22173912968749998 0.0009057968749999999 0.210144928125 0 0.20289855 0.010869565624999999 0.2021739125 0.019927535937499997 0.20724637656249997 0.030797101562500002
0 0.1949275359375 0.0561594203125 0.2036231890625 0.0434782609375 0.2043478265625 0.0298913046875 0.1949275359375 0.019927535937499997 0.18405797031249999 0.02536231875 0.18405797031249999 0.051630434375 0.186231884375 0.0561594203125 0.1949275359375 0.0561594203125
0 0.2065217390625 0.0715579703125 0.21376811562500003 0.07699275312500001 0.2188405796875 0.075181159375 0.22173912968749998 0.06793478281250001 0.2210144921875 0.042572464062499996 0.210144928125 0.0407608703125 0.2036231890625 0.051630434375 0.2021739125 0.061594203125000004 0.2065217390625 0.0715579703125
0 0.188405796875 0.0942028984375 0.1942028984375 0.096920290625 0.20724637656249997 0.086956521875 0.20869565156249997 0.07789855 0.20072463749999997 0.06521739062500001 0.1913043484375 0.063405796875 0.186956521875 0.0670289859375 0.185507246875 0.075181159375 0.188405796875 0.0942028984375
0 0.212318840625 0.12228260937499999 0.2195652171875 0.1132246375 0.2202898546875 0.0951086953125 0.210869565625 0.0896739125 0.19565217343750002 0.1032608703125 0.1934782609375 0.112318840625 0.19855072499999998 0.1204710140625 0.212318840625 0.12228260937499999
0 0.19637681093749998 0.1539855078125 0.210869565625 0.1539855078125 0.2173913046875 0.14492753593750002 0.2173913046875 0.13496376875 0.212318840625 0.127717390625 0.201449275 0.125905796875 0.1920289859375 0.1322463765625 0.190579709375 0.1458333328125 0.19637681093749998 0.1539855078125
0 0.1949275359375 0.1875 0.20869565156249997 0.18931159375 0.2159420296875 0.1820652171875 0.2173913046875 0.1657608703125 0.21376811562500003 0.161231884375 0.20072463749999997 0.15942029062500002 0.1927536234375 0.1657608703125 0.1913043484375 0.17753623125 0.1949275359375 0.1875
0 0.2159420296875 0.2182971015625 0.2159420296875 0.20018115937499997 0.210869565625 0.1947463765625 0.20289855 0.1938405796875 0.1934782609375 0.201992753125 0.19565217343750002 0.22463768125 0.20869565156249997 0.226449275 0.2159420296875 0.2182971015625
0 0.1949275359375 0.25815217343749997 0.1978260875 0.2663043484375 0.2036231890625 0.2699275359375 0.210144928125 0.2690217390625 0.21521739062499998 0.2590579703125 0.21521739062499998 0.23913043437499998 0.209420290625 0.23188405781250002 0.20289855 0.23188405781250002 0.19565217343750002 0.23913043437499998 0.1949275359375 0.25815217343749997
0 0.210869565625 0.3070652171875 0.21521739062499998 0.299818840625 0.21521739062499998 0.2826086953125 0.20869565156249997 0.27626811562500003 0.19710144999999998 0.2798913046875 0.1978260875 0.3034420296875 0.2021739125 0.3079710140625 0.210869565625 0.3070652171875
0 0.210144928125 0.34873188437499997 0.2159420296875 0.340579709375 0.21521739062499998 0.3188405796875 0.209420290625 0.31340579687500003 0.19710144999999998 0.3188405796875 0.19710144999999998 0.34329710156250004 0.20289855 0.34963768125 0.210144928125 0.34873188437499997
0 0.20072463749999997 0.389492753125 0.210144928125 0.39039855 0.21521739062499998 0.3867753625 0.2159420296875 0.35960145 0.210869565625 0.3541666671875 0.2043478265625 0.3541666671875 0.19710144999999998 0.360507246875 0.19637681093749998 0.377717390625 0.20072463749999997 0.389492753125
0 0.19637681093749998 0.41847826093749996 0.1992753625 0.4302536234375 0.20579710156250003 0.43387681093749997 0.21376811562500003 0.4320652171875 0.2173913046875 0.423007246875 0.2166666671875 0.4021739125 0.211594203125 0.39673912968749997 0.2043478265625 0.39673912968749997 0.19710144999999998 0.40489130468749995 0.19637681093749998 0.41847826093749996
0 0.2 0.47192029062499996 0.210144928125 0.47463768125000005 0.2159420296875 0.4710144921875 0.2181159421875 0.4592391296875 0.2159420296875 0.4438405796875 0.2065217390625 0.43931159375 0.1978260875 0.4465579703125 0.19710144999999998 0.46014492812499996 0.2 0.47192029062499996
0 0.21521739062499998 0.51358695625 0.2188405796875 0.5054347828125 0.2173913046875 0.48641304375 0.20869565156249997 0.4800724640625 0.1992753625 0.485507246875 0.1978260875 0.5018115937500001 0.2 0.512681159375 0.21521739062499998 0.51358695625
0 0.201449275 0.5507246375 0.20869565156249997 0.5561594203125 0.21521739062499998 0.5534420296875 0.2188405796875 0.5434782609375 0.2166666671875 0.524456521875 0.20579710156250003 0.5208333328125 0.19855072499999998 0.528079709375 0.1978260875 0.5434782609375 0.201449275 0.5507246375
0 0.22246376875 0.586050725 0.235507246875 0.5842391296875 0.2413043484375 0.57608695625 0.240579709375 0.5679347828125 0.235507246875 0.5634057968749999 0.2188405796875 0.5588768109375 0.210144928125 0.5643115937500001 0.210144928125 0.576992753125 0.22246376875 0.586050725
0 0.3333333328125 0.586050725 0.348550725 0.586050725 0.3565217390625 0.576992753125 0.3557971015625 0.5661231890625 0.351449275 0.5615942031250001 0.335507246875 0.5606884062499999 0.32681159375 0.5661231890625 0.32681159375 0.5806159421875 0.3333333328125 0.586050725
0 0.4449275359375 0.5833333328125 0.45942029062499995 0.5842391296875 0.46811594218749997 0.576992753125 0.46884057968750004 0.5670289859375 0.46449275312499994 0.559782609375 0.4478260875 0.5588768109375 0.439855071875 0.565217390625 0.439130434375 0.5742753625 0.4449275359375 0.5833333328125
0 0.5289855078125 0.6050724640625 0.5420289859375 0.602355071875 0.5456521734375 0.5942028984375 0.5434782609375 0.57608695625 0.538405796875 0.5697463765624999 0.5304347828125 0.5715579703125 0.52391304375 0.58786231875 0.52391304375 0.5978260875 0.5289855078125 0.6050724640625
0 0.5833333328125 0.6068840578125 0.5949275359375 0.6077898546875 0.6021739125 0.59963768125 0.60289855 0.5896739125 0.59710145 0.57608695625 0.586956521875 0.57608695625 0.5826086953125 0.586050725 0.5811594203125 0.602355071875 0.5833333328125 0.6068840578125
0 0.6456521734375 0.6068840578125 0.6521739125 0.6068840578125 0.660144928125 0.600543478125 0.660869565625 0.586956521875 0.6543478265625 0.573369565625 0.6456521734375 0.5742753625 0.6405797093750001 0.586050725 0.639855071875 0.596920290625 0.6456521734375 0.6068840578125
0 0.701449275 0.6050724640625 0.711594203125 0.6032608703125 0.7188405796875 0.5932971015625 0.7173913046875 0.5806159421875 0.711594203125 0.5715579703125 0.70289855 0.573369565625 0.698550725 0.5842391296875 0.69710145 0.598731884375 0.701449275 0.6050724640625
0 0.760869565625 0.6032608703125 0.77246376875 0.601449275 0.77753623125 0.5932971015625 0.77536231875 0.576992753125 0.7710144921875 0.5697463765624999 0.763043478125 0.5706521734375001 0.7565217390625001 0.586050725 0.7557971015625 0.5942028984375 0.760869565625 0.6032608703125
0 0.8130434781250001 0.596920290625 0.8166666671874999 0.601449275 0.8275362312500001 0.600543478125 0.8333333328125001 0.590579709375 0.8311594203125001 0.573369565625 0.8268115937499999 0.5688405796875 0.8202898546874999 0.5697463765624999 0.8166666671874999 0.573369565625 0.8130434781250001 0.586956521875 0.8130434781250001 0.596920290625
0 0.87536231875 0.601449275 0.8826086953125 0.601449275 0.889855071875 0.5942028984375 0.8913043484375001 0.5842391296875 0.886231884375 0.5679347828125 0.87753623125 0.5679347828125 0.8710144921874999 0.5815217390625 0.8702898546875 0.5942028984375 0.87536231875 0.601449275
0 0.9297101453125001 0.598731884375 0.9384057968749999 0.59963768125 0.9442028984374999 0.5951086953125 0.9463768109374999 0.5824275359375 0.9427536234374999 0.5670289859375 0.9340579703125 0.5670289859375 0.9268115937499999 0.5842391296875 0.92608695625 0.5932971015625 0.9297101453125001 0.598731884375
0 1 0.5691425125 0.998550725 0.5643115937500001 0.989855071875 0.565217390625 0.9840579703125 0.5788043484375 0.9840579703125 0.5914855078125 0.988405796875 0.598731884375 1 0.594469309375 1 0.5691425125