0 0.10342146249999999 0 0.10342146249999999 0.006796117187500001 0.108864696875 0.022330096875 0.1174183515625 0.021359223437499998 0.12674961093749998 0.0097087375 0.12730504375 0 0.10342146249999999 0
0 0.12597200625 0.0281553390625 0.1321928453125 0.040776698437499995 0.1407465 0.042718446874999996 0.14541213125000002 0.039805825 0.14930015624999998 0.0281553390625 0.14930015624999998 0.013592232812499999 0.1461897359375 0.007766990625 0.13374805625 0.006796117187500001 0.12674961093749998 0.0184466015625 0.12597200625 0.0281553390625
0 0.1119751171875 0.06893203906249999 0.1174183515625 0.067961165625 0.128304821875 0.051456310937500006 0.128304821875 0.039805825 0.11819595624999998 0.0291262140625 0.1119751171875 0.0300970875 0.1073094875 0.0359223296875 0.1073094875 0.06504854374999999 0.1119751171875 0.06893203906249999
0 0.1321928453125 0.08543689374999999 0.1407465 0.087378640625 0.14541213125000002 0.08349514531249999 0.1477449453125 0.057281553124999995 0.144634525 0.050485437499999994 0.1321928453125 0.051456310937500006 0.1251944015625 0.06504854374999999 0.1251944015625 0.07572815468750001 0.1321928453125 0.08543689374999999
0 0.11353032656249999 0.1106796109375 0.1228615859375 0.1116504859375 0.13374805625 0.10291262187500001 0.13374805625 0.092233009375 0.1228615859375 0.0786407765625 0.1150855359375 0.077669903125 0.11041990625 0.08349514531249999 0.10964230156250002 0.10194174687499999 0.11353032656249999 0.1106796109375
0 0.1150855359375 0.133009709375 0.11975116718750001 0.14077669843750001 0.1321928453125 0.14368932031249998 0.1438569203125 0.13495145625 0.14541213125000002 0.119417475 0.14152410625 0.112621359375 0.1329704515625 0.1106796109375 0.12208398125 0.1165048546875 0.1158631421875 0.1262135921875 0.1150855359375 0.133009709375
0 0.12130637656250001 0.1786407765625 0.135303265625 0.177669903125 0.143079315625 0.16699029062499998 0.143079315625 0.1582524265625 0.135303265625 0.14854368906249998 0.120528771875 0.14854368906249998 0.11430793125000001 0.157281553125 0.11430793125000001 0.1708737859375 0.12130637656250001 0.1786407765625
0 0.1368584765625 0.21553398124999998 0.14152410625 0.2 0.1384136859375 0.187378640625 0.1251944015625 0.1834951453125 0.1158631421875 0.1932038828125 0.1150855359375 0.20582524218749998 0.120528771875 0.2165048546875 0.1368584765625 0.21553398124999998
0 0.13763608125 0.25533980624999997 0.1407465 0.232038834375 0.1368584765625 0.22524271875 0.12597200625 0.2233009703125 0.1174183515625 0.233009709375 0.120528771875 0.257281553125 0.12986003125 0.26019417499999997 0.13763608125 0.25533980624999997
0 0.12597200625 0.30582524218749996 0.135303265625 0.30485436875 0.1407465 0.2941747578125 0.1384136859375 0.2708737859375 0.1329704515625 0.2660194171875 0.12597200625 0.266990290625 0.1189735609375 0.277669903125 0.120528771875 0.3009708734375 0.12597200625 0.30582524218749996
0 0.1251944015625 0.3466019421875 0.1360808703125 0.3456310671875 0.1407465 0.337864078125 0.139191290625 0.319417475 0.13374805625 0.3135922328125 0.1251944015625 0.31456310625 0.12130637656250001 0.319417475 0.120528771875 0.3417475734375 0.1251944015625 0.3466019421875
0 0.12597200625 0.39126213593750003 0.1368584765625 0.3902912625 0.14152410625 0.380582525 0.1399688953125 0.360194175 0.135303265625 0.35436893281250004 0.1290824265625 0.3533980578125 0.120528771875 0.362135921875 0.12130637656250001 0.38640776718750003 0.12597200625 0.39126213593750003
0 0.12363919062499999 0.433009709375 0.127527215625 0.4359223296875 0.1399688953125 0.4310679609375 0.1399688953125 0.402912621875 0.1360808703125 0.398058253125 0.1290824265625 0.397087378125 0.120528771875 0.40582524218750005 0.11975116718750001 0.42038834999999997 0.12363919062499999 0.433009709375
0 0.1399688953125 0.47864077656250004 0.143079315625 0.46699029062499997 0.1399688953125 0.4466019421875 0.1306376359375 0.44174757343750004 0.120528771875 0.452427184375 0.12130637656250001 0.4766990296875 0.1306376359375 0.482524271875 0.1399688953125 0.47864077656250004
0 0.12208398125 0.519417475 0.12597200625 0.5252427187500001 0.1345256609375 0.5262135921875 0.1423017109375 0.519417475 0.1423017109375 0.497087378125 0.1345256609375 0.48834951406249993 0.124416796875 0.49126213593749996 0.120528771875 0.49805825312499996 0.12208398125 0.519417475
0 0.12208398125 0.563106796875 0.127527215625 0.567961165625 0.14152410625 0.56504854375 0.1438569203125 0.5466019421875 0.1407465 0.5359223296875 0.1290824265625 0.532038834375 0.12363919062499999 0.536893203125 0.12130637656250001 0.542718446875 0.12208398125 0.563106796875
0 0.12363919062499999 0.601941746875 0.1306376359375 0.6067961171875 0.1461897359375 0.602912621875 0.144634525 0.5864077671875 0.1399688953125 0.5766990296875 0.1290824265625 0.5747572812499999 0.12208398125 0.582524271875 0.12130637656250001 0.5990291265625001 0.12363919062499999 0.601941746875
0 0.1842923796875 0.62524271875 0.20217729375000001 0.6262135921875001 0.211508553125 0.619417475 0.212286159375 0.6106796109375 0.2068429234375 0.601941746875 0.1874028 0.6 0.18118195937499998 0.60485436875 0.1804043546875 0.6184466015625001 0.1842923796875 0.62524271875
0 0.3048211515625 0.6242718453125 0.324261275 0.62524271875 0.3328149296875 0.6165048546875 0.3328149296875 0.60485436875 0.3273716953125 0.5990291265625001 0.3102643859375 0.5980582531249999 0.30093312656250004 0.6058252421875 0.30015552031250003 0.6135922328125 0.3048211515625 0.6242718453125
0 0.444790046875 0.6262135921875001 0.45023328124999995 0.6213592234374999 0.4517884921875 0.5990291265625001 0.43468118125000005 0.5961165046875 0.4237947125 0.602912621875 0.4230171078125 0.61456310625 0.42768273749999997 0.6223300968750001 0.444790046875 0.6262135921875001
0 0.497667184375 0.6504854375 0.5069984453124999 0.6514563109375 0.5163297046875 0.642718446875 0.5155521000000001 0.6262135921875001 0.5085536546875 0.61553398125 0.5007776046875 0.6165048546875 0.4937791609375 0.6300970875 0.49300155468750007 0.6436893203125 0.497667184375 0.6504854375
0 0.5598755828125 0.6504854375 0.5715396578124999 0.6485436890625 0.5777604984375 0.6388349515625 0.5762052875 0.6242718453125 0.5684292375 0.6135922328125 0.559097978125 0.617475728125 0.5544323484375 0.6310679609375 0.55365474375 0.642718446875 0.5598755828125 0.6504854375
0 0.6228615859375 0.6485436890625 0.6345256609375001 0.6466019421875 0.6407465 0.6349514562499999 0.6384136859375 0.62038835 0.631415240625 0.6116504859375 0.6244167968750001 0.6135922328125 0.6174183515625 0.6291262140625 0.6174183515625 0.6417475734375 0.6228615859375 0.6485436890625
0 0.6819595640625 0.6446601937499999 0.6936236390625 0.6446601937499999 0.7006220843750001 0.637864078125 0.7006220843750001 0.62038835 0.6959564546875 0.6126213593750001 0.6874028 0.6116504859375 0.681181959375 0.6213592234374999 0.6788491453125001 0.637864078125 0.6819595640625 0.6446601937499999
0 0.7449455671874999 0.6436893203125 0.757387246875 0.6436893203125 0.7643856921875 0.6339805828125 0.7636080875 0.62038835 0.7581648515625 0.6087378640625001 0.749611196875 0.6097087375 0.742612753125 0.6242718453125 0.7418351484375 0.6349514562499999 0.7449455671874999 0.6436893203125
0 0.8195956453125 0.6407766984375 0.8242612749999999 0.6339805828125 0.8211508546875 0.6106796109375 0.8125972000000001 0.607766990625 0.80559875625 0.6165048546875 0.8048211515625001 0.639805825 0.8125972000000001 0.6436893203125 0.8195956453125 0.6407766984375
0 0.8693623640625001 0.6417475734375 0.879471228125 0.6407766984375 0.8841368578125 0.6339805828125 0.8856920687500001 0.6213592234374999 0.879471228125 0.6058252421875 0.8693623640625001 0.6087378640625001 0.8646967343749999 0.6223300968750001 0.8646967343749999 0.6359223296875001 0.8693623640625001 0.6417475734375
0 0.94245723125 0.607766990625 0.9323483671874999 0.6058252421875 0.9245723171875 0.6242718453125 0.9269051328125 0.637864078125 0.9401244171875 0.6388349515625 0.9463452562500001 0.627184465625 0.94245723125 0.607766990625
1 0.009331259375000001 0.6165048546875 0.008553654687499999 0.6388349515625 0.0155521 0.652427184375 0.0318818046875 0.657281553125 0.043545878125 0.6485436890625 0.0466562984375 0.639805825 0.0466562984375 0.6223300968750001 0.0388802484375 0.607766990625 0.02332815 0.6038834953125 0.0163297046875 0.6067961171875 0.009331259375000001 0.6165048546875
1 0.0520995328125 0.6407766984375 0.061430793750000004 0.6563106796875 0.07465007812499999 0.6563106796875 0.082426128125 0.6504854375 0.089424571875 0.6388349515625 0.0878693625 0.617475728125 0.0769828921875 0.60485436875 0.060653187500000004 0.60485436875 0.051321928125000006 0.62038835 0.0520995328125 0.6407766984375
1 0.1003110421875 0.602912621875 0.0956454125 0.607766990625 0.0956454125 0.6291262140625 0.10808709218749998 0.6359223296875001 0.12208398125 0.6300970875 0.15552099531250002 0.6262135921875001 0.161741834375 0.6213592234374999 0.1632970453125 0.6135922328125 0.1570762046875 0.6038834953125 0.1407465 0.6087378640625001 0.112752721875 0.6009708734375 0.1003110421875 0.602912621875
1 0.21772939375 0.6223300968750001 0.22628304843749997 0.627184465625 0.27060653125 0.6262135921875001 0.27838258125 0.6233009703125 0.2838258171875 0.61456310625 0.28071539687499997 0.6038834953125 0.272939346875 0.6 0.223172628125 0.6 0.21695178906249998 0.6067961171875 0.21772939375 0.6223300968750001
1 0.338258165625 0.6213592234374999 0.3460342140625 0.62524271875 0.39269051250000003 0.6233009703125 0.4004665625 0.6165048546875 0.402799378125 0.6087378640625001 0.3981337484375 0.6 0.38958009374999997 0.597087378125 0.3437014 0.5980582531249999 0.3367029546875 0.6038834953125 0.338258165625 0.6213592234374999
1 0.47278382656250006 0.6456310671875001 0.488335925 0.6349514562499999 0.49533437031250005 0.617475728125 0.49533437031250005 0.6067961171875 0.4860031109375 0.597087378125 0.46267496093749994 0.5961165046875 0.45412130624999997 0.6126213593750001 0.45412130624999997 0.633009709375 0.47278382656250006 0.6456310671875001
1 0.52332815 0.597087378125 0.5178849140625 0.601941746875 0.5155521000000001 0.61553398125 0.520995334375 0.636893203125 0.5287713843749999 0.647572815625 0.5357698296875 0.6485436890625 0.544323484375 0.6436893203125 0.555209953125 0.61553398125 0.55365474375 0.602912621875 0.5466562984375 0.5961165046875 0.5388802484374999 0.5951456312500001 0.52332815 0.597087378125
1 0.5870917578125 0.6446601937499999 0.5995334375 0.6466019421875 0.6119751171875001 0.6349514562499999 0.6174183515625 0.6126213593750001 0.6119751171875001 0.5980582531249999 0.5902021765625001 0.5941747578125 0.5777604984375 0.6038834953125 0.5769828921875 0.62038835 0.5870917578125 0.6446601937499999
1 0.64152410625 0.6233009703125 0.6500777609374999 0.639805825 0.661741834375 0.6436893203125 0.673405909375 0.6339805828125 0.67962675 0.6067961171875 0.6726283046875 0.5961165046875 0.667962675 0.5932038828125 0.64930015625 0.5941747578125 0.6407465 0.60485436875 0.64152410625 0.6233009703125
1 0.7029548984375 0.6038834953125 0.7029548984375 0.62038835 0.7107309484375001 0.6417475734375 0.723172628125 0.6436893203125 0.7348367031249999 0.6339805828125 0.7402799375 0.61553398125 0.738724728125 0.6 0.7301710734375 0.5932038828125 0.7130637640625 0.592233009375 0.708398134375 0.5941747578125 0.7029548984375 0.6038834953125
1 0.7690513218749999 0.6300970875 0.7760497671875 0.6407766984375 0.78615863125 0.6417475734375 0.796267496875 0.633009709375 0.80171073125 0.6087378640625001 0.8009331265625 0.6 0.796267496875 0.5932038828125 0.77838258125 0.5902912625 0.7667185062499999 0.602912621875 0.7690513218749999 0.6300970875
1 0.826594090625 0.6135922328125 0.8328149296875 0.6359223296875001 0.8390357703125 0.6407766984375 0.8538102640625 0.6359223296875001 0.8623639187500001 0.6097087375 0.8600311046875 0.5951456312500001 0.8522550546875 0.5893203890625001 0.8390357703125 0.5893203890625001 0.8289269046875001 0.5980582531249999 0.826594090625 0.6135922328125
1 0.8934681187500001 0.633009709375 0.9004665624999999 0.639805825 0.9129082421874999 0.636893203125 0.9222395015625 0.6097087375 0.9183514781250001 0.5912621359375 0.9012441671874999 0.587378640625 0.88958009375 0.5980582531249999 0.8880248828124999 0.6135922328125 0.8934681187500001 0.633009709375
1 0.9548989109375 0.633009709375 0.959564540625 0.636893203125 0.975116640625 0.6349514562499999 0.9844478999999999 0.6087378640625001 0.980559875 0.5893203890625001 0.9587869359375001 0.5864077671875 0.9502332812500001 0.5951456312500001 0.948678071875 0.61456310625 0.9548989109375 0.633009709375