0 0.19305555624999998 0 0.19444444375 0.0173611109375 0.19930555625 0.0217013890625 0.20833333281250002 0.0217013890625 0.21319444375000002 0.0182291671875 0.21805555625 0.006944443749999999 0.2173611109375 0 0.19305555624999998 0
0 0.2375 0.03211805625 0.2388888890625 0.015625 0.23472222187499997 0.00868055625 0.22430555624999998 0.00868055625 0.21875 0.0173611109375 0.21875 0.0329861109375 0.222222221875 0.0373263890625 0.23263888906250002 0.03819444375 0.2375 0.03211805625
0 0.2173611109375 0.04600694375 0.2166666671875 0.0338541671875 0.209027778125 0.026909721874999997 0.20208333281250002 0.027777778125000003 0.196527778125 0.0329861109375 0.19583333281249998 0.04600694375 0.1986111109375 0.0564236109375 0.209027778125 0.058159721875 0.2173611109375 0.04600694375
0 0.23472222187499997 0.07291666718749999 0.23680555625 0.05208333281250001 0.23333333281250002 0.04600694375 0.2236111109375 0.0451388890625 0.2166666671875 0.055555556250000006 0.21597222187499998 0.06423611093750001 0.222222221875 0.07638888906249999 0.228472221875 0.078125 0.23472222187499997 0.07291666718749999
0 0.2173611109375 0.08767361093750001 0.21805555625 0.074652778125 0.209027778125 0.06510416718749999 0.19930555625 0.07118055625 0.19930555625 0.097222221875 0.20208333281250002 0.10069444375 0.20972222187499998 0.09982638906249999 0.2173611109375 0.08767361093750001
0 0.23402777812500003 0.112847221875 0.23541666718749998 0.09114583281250001 0.23194444375 0.08420138906249999 0.222222221875 0.08506944375 0.215277778125 0.097222221875 0.21458333281250003 0.105902778125 0.2201388890625 0.1145833328125 0.2298611109375 0.1171875 0.23402777812500003 0.112847221875
0 0.22430555624999998 0.12847222187500001 0.22291666718749997 0.1223958328125 0.21319444375000002 0.11024305625 0.20555555625 0.11024305625 0.20138888906250002 0.11631944375 0.20138888906250002 0.13194444375 0.20486111093749998 0.13888888906250002 0.21319444375000002 0.13975694375 0.22430555624999998 0.12847222187500001
0 0.23333333281250002 0.1484375 0.22916666718749998 0.140625 0.2208333328125 0.13975694375 0.2125 0.14409722187500001 0.20694444375 0.15190972187500001 0.20833333281250002 0.1640625 0.222222221875 0.16840277812499999 0.23125 0.16232638906250002 0.23333333281250002 0.1484375
0 0.23125 0.1901041671875 0.23125 0.18142361093749998 0.225 0.17274305625 0.21319444375000002 0.171875 0.20555555625 0.18055555625 0.20555555625 0.1927083328125 0.21319444375000002 0.19965277812499999 0.2236111109375 0.19878472187500001 0.23125 0.1901041671875
0 0.22777777812500002 0.22829861093749998 0.2298611109375 0.21180555625 0.22430555624999998 0.20399305625 0.2125 0.20486111093749998 0.20694444375 0.21180555625 0.20625 0.22395833281250002 0.2104166671875 0.23263888906250002 0.22152777812500002 0.234375 0.22777777812500002 0.22829861093749998
0 0.22916666718749998 0.246527778125 0.22430555624999998 0.23958333281250002 0.21458333281250003 0.23958333281250002 0.20833333281250002 0.24826388906250002 0.21111111093749999 0.26909722187499996 0.2208333328125 0.2717013890625 0.228472221875 0.2630208328125 0.22916666718749998 0.246527778125
0 0.225 0.31163194375000003 0.22916666718749998 0.3029513890625 0.2270833328125 0.28125 0.21805555625 0.27690972187499996 0.21180555625 0.28125 0.20972222187499998 0.2873263890625 0.209027778125 0.30034722187499996 0.21180555625 0.3098958328125 0.21805555625 0.31336805624999997 0.225 0.31163194375000003
0 0.22916666718749998 0.34288194375000003 0.22916666718749998 0.32899305624999997 0.22638888906250001 0.3229166671875 0.21875 0.31944444375000003 0.21111111093749999 0.3255208328125 0.21111111093749999 0.3454861109375 0.2166666671875 0.3498263890625 0.22569444375 0.34809027812500004 0.22916666718749998 0.34288194375000003
0 0.2298611109375 0.3810763890625 0.228472221875 0.3611111109375 0.22430555624999998 0.35590277812500004 0.2166666671875 0.35590277812500004 0.21111111093749999 0.36284722187499996 0.21180555625 0.3845486109375 0.21805555625 0.38975694375000003 0.22569444375 0.3880208328125 0.2298611109375 0.3810763890625
0 0.22638888906250001 0.4270833328125 0.2298611109375 0.42100694375 0.22916666718749998 0.4001736109375 0.2201388890625 0.39409722187499996 0.21111111093749999 0.40277777812500004 0.2104166671875 0.4157986109375 0.2138888890625 0.42621527812500004 0.2166666671875 0.42881944375 0.22638888906250001 0.4270833328125
0 0.23194444375 0.4548611109375 0.22916666718749998 0.4392361109375 0.21944444375 0.4348958328125 0.2125 0.44184027812500004 0.2125 0.4661458328125 0.2166666671875 0.46961805625 0.22916666718749998 0.4670138890625 0.23194444375 0.4548611109375
0 0.22916666718749998 0.5060763890625 0.23194444375 0.4947916671875 0.2298611109375 0.4817708328125 0.2201388890625 0.47569444375 0.2125 0.4826388890625 0.21111111093749999 0.49565972187499996 0.21319444375000002 0.5052083328125 0.21944444375 0.5095486109375 0.22916666718749998 0.5060763890625
0 0.22916666718749998 0.5451388890625 0.23194444375 0.5407986109375 0.23194444375 0.5251736109375 0.22916666718749998 0.5182291671875 0.21944444375 0.5147569437499999 0.2138888890625 0.519097221875 0.21180555625 0.5243055562500001 0.21319444375000002 0.543402778125 0.21805555625 0.546875 0.22916666718749998 0.5451388890625
0 0.23263888906250002 0.5625 0.22777777812500002 0.5538194437499999 0.21597222187499998 0.5538194437499999 0.21180555625 0.5625 0.2125 0.578125 0.2166666671875 0.5807291671875 0.23263888906250002 0.5772569437499999 0.23263888906250002 0.5625
0 0.3125 0.5911458328125 0.31180555625 0.582465278125 0.30694444375 0.5772569437499999 0.290277778125 0.5763888890625 0.284027778125 0.5833333328125 0.28472222187499996 0.5954861109375 0.290972221875 0.5998263890625 0.30555555624999997 0.5998263890625 0.3125 0.5911458328125
0 0.4201388890625 0.5920138890625 0.42083333281249996 0.5833333328125 0.415972221875 0.5755208328125 0.39930555624999997 0.574652778125 0.3916666671875 0.581597221875 0.39097222187499997 0.589409721875 0.3951388890625 0.598090278125 0.4138888890625 0.598090278125 0.4201388890625 0.5920138890625
0 0.5215277781250001 0.5789930562500001 0.5138888890625 0.5729166671875 0.5076388890625 0.573784721875 0.502777778125 0.5772569437499999 0.49930555625000006 0.5859375 0.49930555625000006 0.5989583328125 0.5111111109375 0.6067708328125 0.51875 0.5989583328125 0.5215277781250001 0.5789930562500001
0 0.575 0.6145833328125 0.5729166671875 0.5946180562500001 0.56805555625 0.589409721875 0.5604166671875 0.589409721875 0.5541666671875001 0.6024305562500001 0.553472221875 0.6119791671875 0.55694444375 0.620659721875 0.5673611109375 0.621527778125 0.575 0.6145833328125
0 0.6291666671875 0.6111111109375 0.627777778125 0.597222221875 0.6229166671875 0.589409721875 0.6152777781250001 0.590277778125 0.609027778125 0.6041666671875 0.6083333328125 0.612847221875 0.6125 0.620659721875 0.621527778125 0.620659721875 0.6291666671875 0.6111111109375
0 0.684027778125 0.609375 0.684027778125 0.5946180562500001 0.6798611109375 0.5859375 0.6701388890625 0.5868055562500001 0.6659722218749999 0.5954861109375 0.6645833328124999 0.6119791671875 0.66805555625 0.6171875 0.6770833328125 0.6154513890625 0.684027778125 0.609375
0 0.734027778125 0.6163194437499999 0.7402777781250001 0.6067708328125 0.73680555625 0.589409721875 0.7284722218749999 0.5859375 0.722222221875 0.59375 0.7194444437499999 0.6076388890625 0.7208333328125 0.6145833328125 0.7263888890625 0.6180555562500001 0.734027778125 0.6163194437499999
0 0.79444444375 0.6111111109375 0.7958333328125 0.597222221875 0.7916666671875 0.5850694437499999 0.7826388890625 0.5850694437499999 0.777777778125 0.5946180562500001 0.7763888890625 0.6076388890625 0.7805555562500001 0.6145833328125 0.7875 0.6154513890625 0.79444444375 0.6111111109375
0 0.84930555625 0.605034721875 0.8479166671874999 0.5876736109375 0.8451388890624999 0.5833333328125 0.83819444375 0.5833333328125 0.8333333328125001 0.5885416671875 0.83055555625 0.5998263890625 0.8298611109375 0.6067708328125 0.8340277781250001 0.6145833328125 0.84375 0.613715278125 0.84930555625 0.605034721875
0 0.9041666671874999 0.6006944437499999 0.9020833328125001 0.5842013890625 0.8923611109375 0.581597221875 0.88680555625 0.5911458328125 0.88680555625 0.6102430562500001 0.8916666671875 0.613715278125 0.9 0.6111111109375 0.9041666671874999 0.6006944437499999
0 0.9583333328125001 0.6006944437499999 0.9548611109375 0.582465278125 0.9458333328125 0.5807291671875 0.940277778125 0.5920138890625 0.9388888890624999 0.6076388890625 0.9444444437499999 0.612847221875 0.953472221875 0.6111111109375 0.9583333328125001 0.6006944437499999
1 0.0395833328125 0.6223958328125 0.04305555625 0.6119791671875 0.0423611109375 0.6015625 0.0354166671875 0.5850694437499999 0.026388889062499997 0.5807291671875 0.0166666671875 0.581597221875 0.007638889062499999 0.5946180562500001 0.007638889062499999 0.6111111109375 0.013888889062500001 0.628472221875 0.0298611109375 0.6302083328125 0.0395833328125 0.6223958328125
1 0.07638888906249999 0.621527778125 0.07986111093750001 0.6145833328125 0.07986111093750001 0.598090278125 0.0736111109375 0.5850694437499999 0.06944444375 0.581597221875 0.05625 0.5807291671875 0.05069444375 0.5842013890625 0.046527778125 0.5920138890625 0.046527778125 0.6145833328125 0.05208333281250001 0.6258680562500001 0.0673611109375 0.6276041671875 0.07638888906249999 0.621527778125
1 0.115277778125 0.6197916671875 0.11805555625 0.5989583328125 0.11180555625 0.5842013890625 0.10625 0.5807291671875 0.09375 0.5807291671875 0.084027778125 0.5920138890625 0.084027778125 0.612847221875 0.09444444375 0.6276041671875 0.10694444375 0.6276041671875 0.115277778125 0.6197916671875
1 0.1541666671875 0.6189236109375 0.15555555625 0.597222221875 0.147222221875 0.582465278125 0.13055555624999998 0.5807291671875 0.12569444375 0.5850694437499999 0.12222222187500001 0.5946180562500001 0.12291666718750001 0.612847221875 0.1298611109375 0.6267361109375 0.146527778125 0.6258680562500001 0.1541666671875 0.6189236109375
1 0.177777778125 0.6258680562500001 0.19513888906250001 0.609375 0.197222221875 0.5946180562500001 0.18819444375 0.581597221875 0.16944444375 0.5798611109375 0.1604166671875 0.5876736109375 0.159027778125 0.6067708328125 0.1604166671875 0.6145833328125 0.165972221875 0.6223958328125 0.177777778125 0.6258680562500001
1 0.271527778125 0.5911458328125 0.2673611109375 0.5789930562500001 0.25625 0.5763888890625 0.23819444375 0.5763888890625 0.22777777812500002 0.581597221875 0.21597222187499998 0.582465278125 0.20833333281250002 0.5798611109375 0.20416666718749998 0.5842013890625 0.20416666718749998 0.5946180562500001 0.2125 0.6006944437499999 0.2638888890625 0.6006944437499999 0.271527778125 0.5911458328125
1 0.3729166671875 0.5954861109375 0.37569444375 0.5885416671875 0.37430555625 0.5807291671875 0.365277778125 0.5755208328125 0.325 0.5755208328125 0.31736111093749997 0.5798611109375 0.3166666671875 0.59375 0.32777777812500003 0.6006944437499999 0.36666666718749996 0.5989583328125 0.3729166671875 0.5954861109375
1 0.4826388890625 0.5876736109375 0.48125 0.5789930562500001 0.475 0.573784721875 0.434722221875 0.5729166671875 0.4270833328125 0.574652778125 0.42291666718750004 0.5798611109375 0.42291666718750004 0.5920138890625 0.43125 0.5989583328125 0.47569444375 0.597222221875 0.4826388890625 0.5876736109375
1 0.5423611109375 0.6180555562500001 0.547222221875 0.6145833328125 0.5527777781250001 0.6015625 0.5548611109375 0.582465278125 0.54444444375 0.5729166671875 0.5305555562500001 0.573784721875 0.5243055562500001 0.581597221875 0.5201388890625 0.6015625 0.51944444375 0.6102430562500001 0.5243055562500001 0.6171875 0.5305555562500001 0.620659721875 0.5423611109375 0.6180555562500001
1 0.6048611109375 0.6076388890625 0.609722221875 0.589409721875 0.609722221875 0.582465278125 0.6048611109375 0.574652778125 0.58194444375 0.5720486109375 0.575 0.581597221875 0.5770833328125 0.6032986109375 0.5840277781250001 0.6180555562500001 0.5916666671875 0.6197916671875 0.6048611109375 0.6076388890625
1 0.65625 0.6145833328125 0.6625 0.5989583328125 0.6631944437499999 0.578125 0.6541666671875 0.5711805562500001 0.6388888890625 0.5711805562500001 0.6291666671875 0.5807291671875 0.6291666671875 0.5954861109375 0.63680555625 0.6145833328125 0.64444444375 0.6189236109375 0.65625 0.6145833328125
1 0.7145833328125 0.6067708328125 0.7201388890625 0.5859375 0.7166666671875 0.573784721875 0.7104166671875001 0.5703125 0.6958333328124999 0.5703125 0.6875 0.5798611109375 0.6868055562500001 0.5954861109375 0.69305555625 0.613715278125 0.7013888890625 0.6171875 0.7145833328125 0.6067708328125
1 0.7701388890625 0.605902778125 0.775 0.5798611109375 0.76805555625 0.5720486109375 0.7506944437499999 0.5694444437499999 0.740972221875 0.5789930562500001 0.7416666671875001 0.598090278125 0.7486111109375 0.612847221875 0.7604166671875 0.6154513890625 0.7701388890625 0.605902778125
1 0.8229166671874999 0.6076388890625 0.8291666671875 0.5842013890625 0.825 0.5703125 0.80625 0.5685763890625 0.7979166671875 0.5789930562500001 0.7979166671875 0.5954861109375 0.8027777781250001 0.609375 0.8138888890624999 0.613715278125 0.8229166671874999 0.6076388890625
1 0.8763888890624999 0.6085069437499999 0.8833333328125 0.5850694437499999 0.88125 0.5720486109375 0.8770833328125001 0.5677083328125 0.8680555562500001 0.565972221875 0.8611111109375 0.566840278125 0.852777778125 0.5755208328125 0.8513888890624999 0.5868055562500001 0.85555555625 0.605902778125 0.8645833328125001 0.613715278125 0.8763888890624999 0.6085069437499999
1 0.9291666671875 0.6085069437499999 0.9375 0.5833333328125 0.934722221875 0.5694444437499999 0.928472221875 0.5651041671875 0.9173611109375001 0.5651041671875 0.9125 0.566840278125 0.9076388890624999 0.5755208328125 0.9069444437499999 0.5885416671875 0.9111111109375001 0.605902778125 0.9173611109375001 0.6111111109375 0.9291666671875 0.6085069437499999
1 0.9826388890625 0.609375 0.9902777781250001 0.5911458328125 0.9916666671875 0.574652778125 0.9895833328125001 0.5685763890625 0.9826388890625 0.5642361109375 0.96875 0.5642361109375 0.9611111109375001 0.573784721875 0.9604166671875 0.5885416671875 0.965972221875 0.605902778125 0.9701388890624999 0.6102430562500001 0.9826388890625 0.609375