0 0.16184402343749998 0 0.16180757968749998 0.000910746875 0.16545189531249999 0.006375228125 0.1749271140625 0.008196721875 0.18294460625 0.00182149375 0.1833090375 0 0.16184402343749998 0
0 0.17930029218750002 0.04826958125 0.186588921875 0.038251365625 0.1851311953125 0.0209471765625 0.177842565625 0.014571948437500001 0.1661807578125 0.0191256828125 0.1661807578125 0.045537340625 0.17274052499999998 0.050091075 0.17930029218750002 0.04826958125
0 0.1887755109375 0 0.18586005781249998 0.0036429875 0.1844023328125 0.012750454687500001 0.19241982500000002 0.027322404687500003 0.1989795921875 0.028233151562499996 0.206268221875 0.0218579234375 0.20772594687499998 0.000910746875 0.20699708437500003 0 0.1887755109375 0
0 0.20116618125 0.0701275046875 0.2048104953125 0.061020035937499995 0.2040816328125 0.0391621125 0.19241982500000002 0.036429871875 0.18586005781249998 0.0464480875 0.188046646875 0.0655737703125 0.1946064140625 0.0710382515625 0.20116618125 0.0701275046875
0 0.187317784375 0.08014571875 0.18950437343749998 0.0701275046875 0.1814868796875 0.0573770484375 0.1720116625 0.05646630312499999 0.1669096203125 0.061930782812499995 0.168367346875 0.08743169375 0.17711370312500002 0.0892531875 0.187317784375 0.08014571875
0 0.18367346874999999 0.1120218578125 0.1953352765625 0.1129326046875 0.20189504375 0.10746812343750001 0.2033527703125 0.08834244062499999 0.1997084546875 0.0819672125 0.1916909625 0.08105646562499999 0.1800291546875 0.092896175 0.177842565625 0.10473588281249999 0.18367346874999999 0.1120218578125
0 0.177842565625 0.142076503125 0.1902332359375 0.14298725 0.1997084546875 0.13296903437500002 0.1989795921875 0.12386156718750001 0.1931486875 0.11748633906249999 0.17711370312500002 0.1147540984375 0.17274052499999998 0.12021857968750001 0.1712827984375 0.13023679375 0.177842565625 0.142076503125
0 0.1807580171875 0.17668488124999998 0.1938775515625 0.1748633875 0.20116618125 0.1648451734375 0.1989795921875 0.15300546406249999 0.1931486875 0.14754098437500002 0.1800291546875 0.1484517296875 0.17346938750000002 0.1566484515625 0.17346938750000002 0.16848816093750002 0.1807580171875 0.17668488124999998
0 0.17930029218750002 0.2112932609375 0.19241982500000002 0.2112932609375 0.198250728125 0.20218579218750002 0.1997084546875 0.188524590625 0.1938775515625 0.18123861562500002 0.1807580171875 0.1821493625 0.1749271140625 0.1894353375 0.17419825 0.20218579218750002 0.17930029218750002 0.2112932609375
0 0.1931486875 0.2504553734375 0.198250728125 0.2413479046875 0.196064140625 0.220400728125 0.1844023328125 0.21766848749999998 0.17711370312500002 0.22313296875000002 0.17711370312500002 0.2468123859375 0.18367346874999999 0.25227686718750003 0.1931486875 0.2504553734375
0 0.19241982500000002 0.2905282328125 0.198250728125 0.279599271875 0.1953352765625 0.263205828125 0.1851311953125 0.2595628421875 0.178571428125 0.265027321875 0.17930029218750002 0.28688524531250004 0.1851311953125 0.2923497265625 0.19241982500000002 0.2905282328125
0 0.1938775515625 0.3315118390625 0.198250728125 0.32513661250000003 0.19752186562500001 0.30418943593750003 0.188046646875 0.2969034609375 0.178571428125 0.3051001828125 0.17930029218750002 0.32786885312499997 0.1844023328125 0.33242258593749996 0.1938775515625 0.3315118390625
0 0.1946064140625 0.37340619375 0.1989795921875 0.36612021875 0.196793003125 0.3424408015625 0.188046646875 0.3378870671875 0.17930029218750002 0.3451730421875 0.1800291546875 0.36976320625 0.18586005781249998 0.3752276859375 0.1946064140625 0.37340619375
0 0.1953352765625 0.41621129375 0.1997084546875 0.407103825 0.198250728125 0.38615664843749997 0.188046646875 0.3806921671875 0.17930029218750002 0.38797814218750004 0.17930029218750002 0.41165755937500004 0.1851311953125 0.41803278749999995 0.1953352765625 0.41621129375
0 0.196793003125 0.4571949 0.20043731718750002 0.44808743125 0.198250728125 0.4289617484375 0.1887755109375 0.4234972671875 0.17930029218750002 0.4326047359375 0.1807580171875 0.45537340625 0.18586005781249998 0.45901639375 0.196793003125 0.4571949
0 0.18221574375 0.497267759375 0.187317784375 0.5 0.19752186562500001 0.497267759375 0.20116618125 0.4845173046875 0.198250728125 0.46903460781249995 0.1887755109375 0.464480875 0.1807580171875 0.4708561015625 0.17930029218750002 0.4881602921875 0.18221574375 0.497267759375
0 0.196793003125 0.538251365625 0.20116618125 0.5300546453125 0.1989795921875 0.5109289625 0.18950437343749998 0.50546448125 0.1807580171875 0.5136612015625001 0.1814868796875 0.535519125 0.18950437343749998 0.540072859375 0.196793003125 0.538251365625
0 0.17930029218750002 0.5719489984374999 0.18221574375 0.5765027328125 0.196793003125 0.5719489984374999 0.20189504375 0.5664845171875 0.20043731718750002 0.550091075 0.196064140625 0.5455373406249999 0.187317784375 0.54462659375 0.18221574375 0.54826958125 0.1807580171875 0.5546448093749999 0.17930029218750002 0.5719489984374999
0 0.2711370265625 0.595628415625 0.287900875 0.595628415625 0.29737609374999996 0.5874316937499999 0.2966472296875 0.5774134796875 0.292274053125 0.5719489984374999 0.274052478125 0.5710382515625 0.2674927109375 0.5755919859375 0.2667638484375 0.5874316937499999 0.2711370265625 0.595628415625
0 0.38483965000000003 0.592896175 0.40087463593750006 0.593806921875 0.409620990625 0.586520946875 0.41034985468749996 0.5783242265624999 0.40670553906249995 0.5701275046875 0.388483965625 0.5692167578125 0.38192419843750003 0.5737704921875 0.380466471875 0.5856102 0.38483965000000003 0.592896175
0 0.4927113703125 0.6029143890625 0.5014577265625 0.6047358828125 0.5065597671875001 0.5965391624999999 0.50947521875 0.5746812390625 0.505102040625 0.5692167578125 0.496355684375 0.5692167578125 0.49052478125 0.5755919859375 0.48760932968750004 0.59471766875 0.4927113703125 0.6029143890625
0 0.54737609375 0.6174863390625001 0.5568513125 0.6183970859375 0.5648688046875 0.6120218578125 0.5655976671875 0.6029143890625 0.5604956265625 0.586520946875 0.5502915453125 0.5856102 0.5451895046875 0.593806921875 0.543002915625 0.6038251359375 0.54737609375 0.6174863390625001
0 0.6071428578125 0.6165755921875 0.6188046640625 0.6147540984375001 0.62463556875 0.6074681234375 0.6231778421875 0.591985428125 0.6180758015625 0.58378870625 0.6086005828125 0.584699453125 0.6027696796875001 0.5974499093750001 0.6027696796875001 0.6120218578125 0.6071428578125 0.6165755921875
0 0.6793002921875 0.6074681234375 0.6814868796875 0.59471766875 0.6763848390625 0.581056465625 0.668367346875 0.58014571875 0.6610787171875 0.590163934375 0.6603498546875 0.6056466296874999 0.6647230328125 0.6129326046875 0.6793002921875 0.6074681234375
0 0.72230320625 0.6120218578125 0.7332361515625 0.6120218578125 0.74052478125 0.6056466296874999 0.74052478125 0.592896175 0.7361516031249999 0.581056465625 0.725947521875 0.581056465625 0.72084548125 0.592896175 0.7193877546875 0.6047358828125 0.72230320625 0.6120218578125
0 0.793002915625 0.6111111109375 0.79810495625 0.601092896875 0.794460640625 0.5819672125 0.7842565593749999 0.58014571875 0.77842565625 0.590163934375 0.7769679296875001 0.6056466296874999 0.77915451875 0.6111111109375 0.793002915625 0.6111111109375
0 0.8396501453124999 0.6102003640625 0.8476676390625 0.6111111109375 0.85495626875 0.6038251359375 0.8542274046875 0.5819672125 0.849854228125 0.5774134796875 0.8418367343750001 0.5783242265624999 0.8352769671875 0.592896175 0.8345481046875 0.601092896875 0.8396501453124999 0.6102003640625
0 0.9118075796875 0.59836065625 0.9096209906249999 0.5792349734375 0.9059766765624999 0.5755919859375 0.898688046875 0.5774134796875 0.8921282796875 0.593806921875 0.8943148687500001 0.6083788703125 0.9074344015625 0.6083788703125 0.9118075796875 0.59836065625
0 0.9679300296875001 0.6029143890625 0.9693877546874999 0.5892531875 0.9635568515624999 0.5746812390625 0.9548104953125 0.5755919859375 0.9489795921875 0.5874316937499999 0.9497084546875 0.6047358828125 0.956997084375 0.6083788703125 0.9679300296875001 0.6029143890625
1 0.18586005781249998 0.582877959375 0.1851311953125 0.590163934375 0.1909620984375 0.5965391624999999 0.2383381921875 0.59471766875 0.2478134109375 0.5910746812500001 0.25072886250000004 0.5856102 0.25072886250000004 0.581056465625 0.24271137031249998 0.5728597453125001 0.225947521875 0.5710382515625 0.2033527703125 0.5710382515625 0.18586005781249998 0.582877959375
1 0.301749271875 0.590163934375 0.3083090375 0.595628415625 0.352040815625 0.59471766875 0.3629737609375 0.5856102 0.361516034375 0.5746812390625 0.352040815625 0.5701275046875 0.3112244890625 0.5701275046875 0.303206996875 0.5728597453125001 0.3010204078125 0.5783242265624999 0.301749271875 0.590163934375
1 0.41836734687500005 0.593806921875 0.4650145765625 0.592896175 0.4730320703125 0.58378870625 0.47230320625 0.5746812390625 0.46428571406249997 0.5683060109375 0.419096209375 0.5683060109375 0.41326530625 0.5737704921875 0.41253644375 0.586520946875 0.41836734687500005 0.593806921875
1 0.5080174921875 0.6092896171875 0.5153061218749999 0.6174863390625001 0.5320699703125 0.6138433515624999 0.5400874640625 0.6029143890625 0.5451895046875 0.582877959375 0.5415451890625 0.5728597453125001 0.5306122453125 0.5673952640625 0.5167638484375 0.5692167578125 0.5109329453125 0.5819672125 0.5080174921875 0.6092896171875
1 0.5648688046875 0.5755919859375 0.5641399421875 0.5910746812500001 0.572157434375 0.6111111109375 0.5852769671875 0.6165755921875 0.59548105 0.6092896171875 0.6027696796875001 0.58378870625 0.5991253640624999 0.5719489984374999 0.5932944609375 0.5673952640625 0.5787172015625 0.5655737703125 0.5692419828124999 0.5683060109375 0.5648688046875 0.5755919859375
1 0.6268221578125 0.5974499093750001 0.6326530609375001 0.6120218578125 0.64504373125 0.6147540984375001 0.65451895 0.6065573765625001 0.6603498546875 0.582877959375 0.659620990625 0.5746812390625 0.6552478140625 0.5683060109375 0.6341107874999999 0.5655737703125 0.62536443125 0.5783242265624999 0.6268221578125 0.5974499093750001
1 0.6844023328125 0.59836065625 0.6895043734375 0.6102003640625 0.70189504375 0.6129326046875 0.7142857140625 0.6029143890625 0.7186588921875 0.5746812390625 0.712099125 0.5664845171875 0.7040816328124999 0.5637522765625 0.6902332359375001 0.5655737703125 0.68294460625 0.5765027328125 0.6844023328125 0.59836065625
1 0.7434402328124999 0.592896175 0.75 0.6092896171875 0.75947521875 0.6120218578125 0.7711370265624999 0.6029143890625 0.7762390671875 0.5819672125 0.7762390671875 0.5737704921875 0.7725947515625 0.5664845171875 0.7507288625 0.5637522765625 0.7427113703125 0.5746812390625 0.7434402328124999 0.592896175
1 0.8002915453125 0.591985428125 0.8090379015625 0.6092896171875 0.8199708453125 0.6102003640625 0.8279883375000001 0.6029143890625 0.8338192421875 0.5765027328125 0.827259475 0.5637522765625 0.8104956265625001 0.5619307828125 0.803935859375 0.5655737703125 0.7995626828125 0.5737704921875 0.8002915453125 0.591985428125
1 0.860058309375 0.5683060109375 0.8578717203125 0.582877959375 0.8637026234375 0.6056466296874999 0.8731778421874999 0.6092896171875 0.8819241984374999 0.6047358828125 0.889941690625 0.5819672125 0.8877551015625 0.5655737703125 0.8826530609375001 0.5610200359374999 0.8709912531249999 0.5601092890625 0.8637026234375 0.5628415296875 0.860058309375 0.5683060109375
1 0.9139941687500001 0.582877959375 0.919096209375 0.60200364375 0.9263848390625 0.6083788703125 0.9380466468750001 0.6047358828125 0.9431486874999999 0.595628415625 0.946793003125 0.5783242265624999 0.942419825 0.5619307828125 0.9256559765624999 0.5591985421875 0.9161807578125 0.5673952640625 0.9139941687500001 0.582877959375
1 1 0.56229508125 0.9934402328124999 0.5573770484375 0.9803207 0.5582877953125001 0.9730320703125 0.5664845171875 0.97230320625 0.584699453125 0.9774052484375 0.60200364375 0.9817784250000001 0.6056466296874999 0.9934402328124999 0.6047358828125 1 0.5891621125000001 1 0.56229508125
1 0.0896501453125 0.6092896171875 0.0940233234375 0.6193078328125 0.110787171875 0.6247723140625 0.1217201171875 0.6174863390625001 0.12536443125000002 0.599271403125 0.1180758015625 0.5792349734375 0.110787171875 0.5746812390625 0.102040815625 0.5746812390625 0.090379009375 0.5856102 0.0896501453125 0.6092896171875
1 0.139941690625 0.6211293265625 0.15451895 0.6165755921875 0.17055393593749998 0.60018215 0.17055393593749998 0.5856102 0.16034985468750002 0.5746812390625 0.139941690625 0.5737704921875 0.129737609375 0.584699453125 0.129008746875 0.6056466296874999 0.139941690625 0.6211293265625
1 0.0604956265625 0.6247723140625 0.077259475 0.6220400734375 0.0852769671875 0.6120218578125 0.0852769671875 0.5892531875 0.07580175 0.5765027328125 0.057580175 0.5765027328125 0.049562682812499995 0.591985428125 0.051749271875 0.6111111109375 0.0604956265625 0.6247723140625
1 0.00947521875 0.586520946875 0.00947521875 0.6092896171875 0.0167638484375 0.6211293265625 0.0306122453125 0.625683059375 0.042274053125 0.6174863390625001 0.045918367187499996 0.6083788703125 0.045918367187499996 0.59471766875 0.0386297375 0.5792349734375 0.024781340625000002 0.5746812390625 0.015306121875 0.5783242265624999 0.00947521875 0.586520946875