0 0.1913600890625 0 0.1920289859375 0.0036231890624999997 0.19710144999999998 0.0090579703125 0.20579710156250003 0.0081521734375 0.210869565625 0.0009057968749999999 0.211005434375 0 0.1913600890625 0
0 0.17137681093749998 0 0.16811594218749998 0.002717390625 0.1688405796875 0.022644928124999998 0.17608695624999998 0.030797101562500002 0.1833333328125 0.028079709375 0.190579709375 0.01539855 0.189130434375 0.002717390625 0.1861413046875 0 0.17137681093749998 0
0 0.1992753625 0.01539855 0.1913043484375 0.0217391296875 0.188405796875 0.0298913046875 0.1920289859375 0.0461956515625 0.19710144999999998 0.0507246375 0.2050724640625 0.04891304375 0.209420290625 0.038949275 0.210144928125 0.023550725 0.20797101406250001 0.0181159421875 0.20289855 0.01539855 0.1992753625 0.01539855
0 0.17826087031249999 0.036231884375 0.17391304375 0.038043478125 0.1702898546875 0.0443840578125 0.1710144921875 0.0661231890625 0.17608695624999998 0.0715579703125 0.1818840578125 0.0697463765625 0.186956521875 0.063405796875 0.1913043484375 0.051630434375 0.186956521875 0.0407608703125 0.1811594203125 0.036231884375 0.17826087031249999 0.036231884375
0 0.1913043484375 0.06068840625000001 0.184782609375 0.0742753625 0.185507246875 0.0806159421875 0.19565217343750002 0.090579709375 0.20289855 0.0896739125 0.20724637656249997 0.0815217390625 0.20797101406250001 0.0625 0.2021739125 0.0561594203125 0.19710144999999998 0.0561594203125 0.1913043484375 0.06068840625000001
0 0.17463768125 0.090579709375 0.17463768125 0.11050724687499999 0.1804347828125 0.11684782656249999 0.186956521875 0.11684782656249999 0.19855072499999998 0.10869565156250001 0.2 0.09963768125 0.1927536234375 0.090579709375 0.1833333328125 0.08514492812499999 0.1797101453125 0.08514492812499999 0.17463768125 0.090579709375
0 0.1804347828125 0.125 0.17826087031249999 0.137681159375 0.1818840578125 0.1440217390625 0.1934782609375 0.1467391296875 0.20289855 0.1413043484375 0.20579710156250003 0.125 0.2036231890625 0.1204710140625 0.1978260875 0.1177536234375 0.19710144999999998 0.11684782656249999 0.1804347828125 0.125
0 0.18768115937500002 0.151268115625 0.1804347828125 0.1548913046875 0.17753623125 0.1603260875 0.1797101453125 0.17753623125 0.186231884375 0.1811594203125 0.1927536234375 0.1811594203125 0.20072463749999997 0.17663043437499998 0.2043478265625 0.1657608703125 0.20289855 0.15670289843750002 0.1927536234375 0.151268115625 0.18768115937500002 0.151268115625
0 0.1818840578125 0.188405796875 0.1789855078125 0.1929347828125 0.1804347828125 0.21376811562500003 0.186956521875 0.2201086953125 0.1978260875 0.2182971015625 0.20289855 0.20742753593750002 0.2 0.18931159375 0.1934782609375 0.18568840625 0.189130434375 0.18568840625 0.1818840578125 0.188405796875
0 0.188405796875 0.22463768125 0.1818840578125 0.2309782609375 0.1804347828125 0.23913043437499998 0.1818840578125 0.2563405796875 0.18768115937500002 0.260869565625 0.1978260875 0.2590579703125 0.201449275 0.25090579687500003 0.201449275 0.23188405781250002 0.19855072499999998 0.226449275 0.1942028984375 0.22463768125 0.188405796875 0.22463768125
0 0.1927536234375 0.2663043484375 0.186956521875 0.2681159421875 0.1818840578125 0.2798913046875 0.1833333328125 0.298007246875 0.188405796875 0.30434782656250003 0.19710144999999998 0.3034420296875 0.2021739125 0.2925724640625 0.201449275 0.27536231875 0.19710144999999998 0.2681159421875 0.1934782609375 0.2672101453125 0.1927536234375 0.2663043484375
0 0.1942028984375 0.309782609375 0.1913043484375 0.309782609375 0.186956521875 0.31159420312499997 0.18260869531249999 0.3179347828125 0.18260869531249999 0.33876811562500003 0.188405796875 0.346920290625 0.1920289859375 0.3478260875 0.19710144999999998 0.3460144921875 0.2021739125 0.33876811562500003 0.2021739125 0.3179347828125 0.19855072499999998 0.31159420312499997 0.1942028984375 0.309782609375
0 0.1920289859375 0.351449275 0.188405796875 0.35235507187500004 0.18260869531249999 0.360507246875 0.1833333328125 0.3813405796875 0.188405796875 0.389492753125 0.1920289859375 0.39039855 0.1992753625 0.387681159375 0.20289855 0.377717390625 0.2021739125 0.3577898546875 0.1942028984375 0.351449275 0.1920289859375 0.351449275
0 0.1833333328125 0.4021739125 0.185507246875 0.42210145 0.188405796875 0.42753623125000006 0.1920289859375 0.4284420296875 0.19855072499999998 0.426630434375 0.20289855 0.42028985468749996 0.20289855 0.40489130468749995 0.19637681093749998 0.3958333328125 0.1920289859375 0.3958333328125 0.1833333328125 0.4021739125
0 0.1920289859375 0.4329710140625 0.186956521875 0.43568840625 0.1833333328125 0.4429347828125 0.18405797031249999 0.46105072500000005 0.189130434375 0.46829710156250004 0.19710144999999998 0.46829710156250004 0.2021739125 0.4646739125 0.2036231890625 0.46014492812499996 0.20289855 0.440217390625 0.1942028984375 0.4329710140625 0.1920289859375 0.4329710140625
0 0.1913043484375 0.47373188437499997 0.188405796875 0.47463768125000005 0.18405797031249999 0.48278985468749996 0.184782609375 0.5009057968749999 0.188405796875 0.5090579703125 0.19710144999999998 0.510869565625 0.2036231890625 0.5036231890625 0.2043478265625 0.49003623125000006 0.20289855 0.4791666671875 0.19637681093749998 0.47373188437499997 0.1913043484375 0.47373188437499997
0 0.19710144999999998 0.51539855 0.1949275359375 0.51539855 0.18768115937500002 0.5181159421875 0.184782609375 0.522644928125 0.18405797031249999 0.53713768125 0.186231884375 0.54710145 0.1913043484375 0.5525362312500001 0.1978260875 0.5543478265624999 0.2050724640625 0.5452898546875 0.20579710156250003 0.5326086953125 0.2036231890625 0.5208333328125 0.19710144999999998 0.51539855
0 0.2021739125 0.559782609375 0.19855072499999998 0.565217390625 0.1978260875 0.5715579703125 0.201449275 0.5824275359375 0.209420290625 0.586956521875 0.22318840624999997 0.5842391296875 0.22753623125 0.57789855 0.22681159375 0.5679347828125 0.22173912968749998 0.5634057968749999 0.20724637656249997 0.559782609375 0.2021739125 0.559782609375
0 0.3086956515625 0.5634057968749999 0.3057971015625 0.57608695625 0.309420290625 0.5842391296875 0.32463768125 0.586050725 0.33478260937500004 0.5815217390625 0.336956521875 0.57789855 0.336956521875 0.5679347828125 0.3289855078125 0.5615942031250001 0.324818840625 0.5615942031250001 0.3086956515625 0.5634057968749999
0 0.359782609375 0.5606884062499999 0.3478260875 0.5606884062499999 0.3434782609375 0.5634057968749999 0.3413043484375 0.5697463765624999 0.3434782609375 0.5824275359375 0.35 0.585144928125 0.3659420296875 0.5833333328125 0.3695652171875 0.576992753125 0.3695652171875 0.5679347828125 0.363768115625 0.5606884062499999 0.359782609375 0.5606884062499999
0 0.465217390625 0.5579710140625 0.45579710156250003 0.5606884062499999 0.4521739125 0.5688405796875 0.45289855 0.57608695625 0.4579710140625 0.5833333328125 0.47536231874999996 0.5833333328125 0.4811594203125 0.5742753625 0.4818840578125 0.565217390625 0.4782608703125 0.559782609375 0.46666666718750005 0.5579710140625 0.465217390625 0.5579710140625
0 0.5297101453125 0.576992753125 0.52463768125 0.5960144921875 0.52536231875 0.601449275 0.5326086953125 0.6086956515625 0.540579709375 0.6086956515625 0.548550725 0.598731884375 0.5463768109375 0.5815217390625 0.539855071875 0.5724637687499999 0.534782609375 0.5724637687499999 0.5297101453125 0.576992753125
0 0.5956521734375 0.5724637687499999 0.587681159375 0.57789855 0.5840579703125 0.5896739125 0.5840579703125 0.602355071875 0.590579709375 0.6086956515625 0.5978260875 0.6077898546875 0.6021739125 0.6041666671875 0.6065217390625001 0.5942028984375 0.6043478265625 0.5815217390625 0.59710145 0.5724637687499999 0.5956521734375 0.5724637687499999
0 0.6536231890625 0.5742753625 0.6478260875 0.575181159375 0.6405797093750001 0.590579709375 0.6405797093750001 0.59963768125 0.6456521734375 0.6068840578125 0.6536231890625 0.6068840578125 0.663043478125 0.598731884375 0.662318840625 0.586050725 0.6579710140625 0.576992753125 0.6543478265625 0.575181159375 0.6536231890625 0.5742753625
0 0.70289855 0.576992753125 0.6978260875 0.5896739125 0.6978260875 0.600543478125 0.7021739124999999 0.6050724640625 0.710869565625 0.6050724640625 0.7195652171875 0.5932971015625 0.7173913046875 0.5806159421875 0.710869565625 0.5724637687499999 0.710144928125 0.5724637687499999 0.70289855 0.576992753125
0 0.760869565625 0.573369565625 0.7565217390625001 0.586050725 0.7572463765624999 0.5978260875 0.763768115625 0.6041666671875 0.77318840625 0.601449275 0.77753623125 0.5932971015625 0.77608695625 0.576992753125 0.7688405796875 0.5697463765624999 0.7659420296875 0.5697463765624999 0.760869565625 0.573369565625
0 0.8188405796874999 0.5724637687499999 0.8130434781250001 0.58786231875 0.8144927531249999 0.59963768125 0.8210144921874999 0.6032608703125 0.8289855078125001 0.59963768125 0.8333333328125001 0.590579709375 0.8304347828124999 0.5742753625 0.8253623187500001 0.5697463765624999 0.82391304375 0.5697463765624999 0.8188405796874999 0.5724637687499999
0 0.8811594203125 0.5670289859375 0.87391304375 0.573369565625 0.8717391296875 0.585144928125 0.8710144921874999 0.5942028984375 0.87608695625 0.600543478125 0.884782609375 0.59963768125 0.890579709375 0.5923913046875 0.8891304343750001 0.5742753625 0.886956521875 0.5688405796875 0.8826086953125 0.5670289859375 0.8811594203125 0.5670289859375
0 0.9347826093749999 0.5661231890625 0.9297101453125001 0.5715579703125 0.9268115937499999 0.5842391296875 0.9268115937499999 0.5942028984375 0.9304347828124999 0.59963768125 0.9398550718750001 0.59963768125 0.9442028984374999 0.5951086953125 0.9456521734375001 0.5797101453125 0.9434782609375001 0.5688405796875 0.9398550718750001 0.5661231890625 0.9347826093749999 0.5661231890625
1 0.9685992750000001 0.54891304375 0.9565217390624999 0.5507246375 0.9478260875 0.565217390625 0.9521739124999999 0.58786231875 0.9586956515624999 0.596920290625 0.97536231875 0.5942028984375 0.9797101453125 0.5833333328125 0.9818840578125 0.5625 0.9797101453125 0.5525362312500001 0.97246376875 0.54891304375 0.9685992750000001 0.54891304375
0 1 0.56582125625 0.998550725 0.5643115937500001 0.9949275359374999 0.5643115937500001 0.9913043484375 0.5643115937500001 0.985507246875 0.57608695625 0.984782609375 0.5923913046875 0.989855071875 0.5978260875 0.9992753625 0.5951086953125 1 0.5935990328125 1 0.56582125625
1 0 0.6157773390625 0.00289855 0.6177536234375001 0.010144928125 0.6177536234375001 0.0195652171875 0.612318840625 0.026086956249999998 0.601449275 0.02681159375 0.5932971015625 0.023188406249999998 0.57608695625 0.0195652171875 0.5706521734375001 0.010144928125 0.5661231890625 0.0043478265625 0.5661231890625 0 0.5688405796875 0 0.6157773390625
1 0.064492753125 0.5815217390625 0.060144928125 0.5724637687499999 0.052173912499999996 0.5661231890625 0.04710145 0.5661231890625 0.0463768109375 0.565217390625 0.0333333328125 0.5706521734375001 0.029710145312500002 0.576992753125 0.0289855078125 0.5842391296875 0.029710145312500002 0.602355071875 0.035507246874999995 0.61141304375 0.0463768109375 0.6168478265624999 0.05869565156249999 0.61141304375 0.063043478125 0.6050724640625 0.06521739062500001 0.5960144921875 0.064492753125 0.5815217390625
1 0.0963768109375 0.5679347828125 0.090579709375 0.565217390625 0.086594203125 0.565217390625 0.0782608703125 0.5670289859375 0.0702898546875 0.5788043484375 0.0688405796875 0.585144928125 0.0710144921875 0.6032608703125 0.0818840578125 0.6150362312500001 0.0913043484375 0.6150362312500001 0.09927536249999999 0.610507246875 0.1050724640625 0.5978260875 0.10289855 0.576992753125 0.0963768109375 0.5679347828125
1 0.1442028984375 0.585144928125 0.1413043484375 0.575181159375 0.1304347828125 0.565217390625 0.12681159375 0.565217390625 0.115217390625 0.5679347828125 0.11086956562500001 0.5724637687499999 0.10869565156250001 0.5806159421875 0.11014492812500001 0.6050724640625 0.115217390625 0.612318840625 0.12246376875000001 0.6150362312500001 0.1326086953125 0.6150362312500001 0.13840579687500001 0.61141304375 0.1442028984375 0.598731884375 0.1442028984375 0.585144928125
1 0.1934782609375 0.5661231890625 0.186956521875 0.5615942031250001 0.1829710140625 0.5615942031250001 0.160144928125 0.5634057968749999 0.151449275 0.5679347828125 0.1463768109375 0.575181159375 0.148550725 0.5923913046875 0.160144928125 0.6032608703125 0.163043478125 0.6032608703125 0.189855071875 0.586956521875 0.1934782609375 0.5824275359375 0.19565217343750002 0.573369565625 0.1934782609375 0.5661231890625
1 0.2795652171875 0.5615942031250001 0.2434782609375 0.5625 0.23985507187500002 0.5688405796875 0.23985507187500002 0.5797101453125 0.24565217343749998 0.586956521875 0.284782609375 0.586956521875 0.29927536250000003 0.57789855 0.29927536250000003 0.5706521734375001 0.2949275359375 0.5643115937500001 0.2833333328125 0.5615942031250001 0.2795652171875 0.5615942031250001
1 0.42313260937499997 0.559782609375 0.37608695625 0.5606884062499999 0.3717391296875 0.5679347828125 0.3717391296875 0.576992753125 0.37536231875000003 0.5833333328125 0.37971014531249997 0.585144928125 0.4282608703125 0.5833333328125 0.434782609375 0.57608695625 0.43550724687500003 0.5679347828125 0.42681159375 0.559782609375 0.42313260937499997 0.559782609375
1 0.489130434375 0.5588768109375 0.4840579703125 0.5706521734375001 0.484782609375 0.586050725 0.5065217390625001 0.601449275 0.5202898546875 0.5942028984375 0.52681159375 0.575181159375 0.52536231875 0.565217390625 0.514492753125 0.5579710140625 0.510869565625 0.5579710140625 0.489130434375 0.5588768109375
1 0.57391304375 0.5579710140625 0.5695652171875001 0.5579710140625 0.5543478265624999 0.5588768109375 0.55 0.5643115937500001 0.5478260875000001 0.573369565625 0.5543478265624999 0.602355071875 0.5637681156250001 0.6077898546875 0.57318840625 0.6041666671875 0.5811594203125 0.5932971015625 0.584782609375 0.5688405796875 0.5797101453125 0.5606884062499999 0.57391304375 0.5579710140625
1 0.6413043484375 0.565217390625 0.6289855078125 0.5561594203125 0.6253623187499999 0.5561594203125 0.613043478125 0.5579710140625 0.6072463765625 0.5643115937500001 0.6057971015625 0.5697463765624999 0.6094202906249999 0.5932971015625 0.615217390625 0.6032608703125 0.6202898546875 0.6059782609375 0.6289855078125 0.6041666671875 0.6333333328124999 0.59963768125 0.6420289859375 0.576992753125 0.6413043484375 0.565217390625
1 0.6862318843749999 0.5552536234375001 0.6826086953125 0.5552536234375001 0.6673913046875 0.5570652171875 0.6615942031250001 0.5697463765624999 0.6673913046875 0.5932971015625 0.67681159375 0.600543478125 0.6862318843749999 0.59963768125 0.6898550718750001 0.5960144921875 0.6978260875 0.57789855 0.698550725 0.5643115937500001 0.6934782609375 0.5579710140625 0.6862318843749999 0.5552536234375001
1 0.7514492749999999 0.5579710140625 0.7442028984375 0.5543478265624999 0.7405797093750001 0.5543478265624999 0.72608695625 0.5561594203125 0.7195652171875 0.5670289859375 0.72318840625 0.5923913046875 0.72753623125 0.59963768125 0.7333333328125 0.6032608703125 0.7449275359375 0.600543478125 0.75 0.5942028984375 0.7557971015625 0.57608695625 0.7565217390625001 0.565217390625 0.7514492749999999 0.5579710140625
1 0.8057971015625001 0.5543478265624999 0.798550725 0.5525362312500001 0.7956521734375 0.5525362312500001 0.7840579703125 0.5561594203125 0.7789855078125 0.5679347828125 0.7818840578125 0.590579709375 0.789855071875 0.600543478125 0.79710145 0.600543478125 0.8050724640625001 0.5951086953125 0.8115942031250001 0.575181159375 0.8123188406249999 0.565217390625 0.8101449281249999 0.5588768109375 0.8057971015625001 0.5543478265624999
1 0.8586956515624999 0.551630434375 0.8543478265625 0.551630434375 0.8405797093749999 0.5543478265624999 0.8340579703125 0.5688405796875 0.8391304343750001 0.5923913046875 0.8478260875 0.600543478125 0.8572463765625 0.598731884375 0.862318840625 0.5923913046875 0.8673913046875 0.57789855 0.8681159421875 0.5615942031250001 0.864492753125 0.5552536234375001 0.8586956515624999 0.551630434375
1 0.9086956515625 0.549818840625 0.8971014500000001 0.5543478265624999 0.8927536234375 0.565217390625 0.8963768109375 0.590579709375 0.898550725 0.5951086953125 0.9050724640625001 0.598731884375 0.9166666671874999 0.5951086953125 0.92391304375 0.576992753125 0.9231884062500001 0.5561594203125 0.914492753125 0.549818840625 0.9086956515625 0.549818840625