0 0.1329704515625 0 0.131415240625 0.0038834953125 0.1329704515625 0.0184466015625 0.1407465 0.0281553390625 0.14930015624999998 0.027184465624999998 0.152410575 0.022330096875 0.153735384375 0 0.1329704515625 0
0 0.11664074687499999 0.0485436890625 0.1228615859375 0.050485437499999994 0.13374805625 0.041747573437500005 0.1368584765625 0.0281553390625 0.127527215625 0.013592232812499999 0.11819595624999998 0.012621359374999998 0.11353032656249999 0.0184466015625 0.11353032656249999 0.041747573437500005 0.11664074687499999 0.0485436890625
0 0.1516329703125 0.04466019375 0.1407465 0.039805825 0.12597200625 0.05533980625 0.12674961093749998 0.067961165625 0.143079315625 0.0737864078125 0.1500777609375 0.066990290625 0.1516329703125 0.04466019375
0 0.12363919062499999 0.1058252421875 0.1407465 0.10485436875000001 0.146967340625 0.09514563125 0.1461897359375 0.08543689374999999 0.13374805625 0.07572815468750001 0.12363919062499999 0.07572815468750001 0.11819595624999998 0.08155339843750001 0.11819595624999998 0.0941747578125 0.12363919062499999 0.1058252421875
0 0.12363919062499999 0.139805825 0.1368584765625 0.142718446875 0.14541213125000002 0.13786407812499998 0.14852255 0.122330096875 0.143079315625 0.112621359375 0.131415240625 0.1106796109375 0.120528771875 0.1184466015625 0.11975116718750001 0.1291262140625 0.12363919062499999 0.139805825
0 0.12208398125 0.1766990296875 0.1306376359375 0.182524271875 0.1407465 0.180582525 0.1461897359375 0.1708737859375 0.1461897359375 0.1543689328125 0.1368584765625 0.147572815625 0.124416796875 0.1514563109375 0.12130637656250001 0.15533980625 0.12208398125 0.1766990296875
0 0.131415240625 0.227184465625 0.1399688953125 0.2262135921875 0.14541213125000002 0.21553398124999998 0.144634525 0.1932038828125 0.1407465 0.1883495140625 0.1306376359375 0.1883495140625 0.12363919062499999 0.19514563125 0.12597200625 0.222330096875 0.131415240625 0.227184465625
0 0.1407465 0.2708737859375 0.1461897359375 0.263106796875 0.144634525 0.23883495156249998 0.13763608125 0.233009709375 0.12597200625 0.23786407812500002 0.1251944015625 0.266990290625 0.131415240625 0.272815534375 0.1407465 0.2708737859375
0 0.12674961093749998 0.312621359375 0.1321928453125 0.3184466015625 0.1407465 0.31747572812499997 0.1461897359375 0.307766990625 0.14541213125000002 0.2834951453125 0.14152410625 0.27864077656249997 0.1345256609375 0.277669903125 0.128304821875 0.28058252499999997 0.1251944015625 0.2883495140625 0.12674961093749998 0.312621359375
0 0.1407465 0.3582524265625 0.1461897359375 0.3514563109375 0.14541213125000002 0.3300970875 0.1399688953125 0.32524271875 0.127527215625 0.3300970875 0.12597200625 0.34466019375 0.128304821875 0.35533980625 0.1407465 0.3582524265625
0 0.143079315625 0.4009708734375 0.146967340625 0.3941747578125 0.14541213125000002 0.3699029125 0.1360808703125 0.36504854375 0.12597200625 0.37281553437500004 0.127527215625 0.398058253125 0.135303265625 0.402912621875 0.143079315625 0.4009708734375
0 0.1461897359375 0.412621359375 0.135303265625 0.4087378640625 0.12674961093749998 0.417475728125 0.128304821875 0.442718446875 0.1360808703125 0.44854368906250003 0.1461897359375 0.44368932031249997 0.1461897359375 0.412621359375
0 0.135303265625 0.4941747578125 0.1423017109375 0.4932038828125 0.14852255 0.4834951453125 0.1477449453125 0.46116504843749995 0.14152410625 0.45436893281249996 0.1321928453125 0.45533980625000003 0.127527215625 0.46116504843749995 0.128304821875 0.48737864062499997 0.135303265625 0.4941747578125
0 0.127527215625 0.5291262140625 0.131415240625 0.53495145625 0.139191290625 0.5359223296875 0.14852255 0.527184465625 0.14852255 0.5087378640625 0.1407465 0.5 0.1321928453125 0.501941746875 0.12674961093749998 0.5087378640625 0.127527215625 0.5291262140625
0 0.135303265625 0.552427184375 0.1562986 0.580582525 0.16562985937500002 0.582524271875 0.17262830468749998 0.5766990296875 0.1741835140625 0.5660194171875 0.17107309531249998 0.560194175 0.150855365625 0.552427184375 0.14541213125000002 0.5388349515625 0.1360808703125 0.5436893203125 0.135303265625 0.552427184375
0 0.1881804046875 0.5786407765625 0.192846034375 0.5834951453125 0.207620528125 0.5834951453125 0.2146189734375 0.580582525 0.21772939375 0.5747572812499999 0.21695178906249998 0.56504854375 0.212286159375 0.5592233015625 0.196734059375 0.5572815531249999 0.1881804046875 0.563106796875 0.1881804046875 0.5786407765625
0 0.31337480625 0.582524271875 0.32892690468749997 0.582524271875 0.338258165625 0.5737864078125 0.338258165625 0.563106796875 0.332037325 0.5563106796875 0.314930015625 0.55533980625 0.3063763609375 0.563106796875 0.3063763609375 0.5737864078125 0.31337480625 0.582524271875
0 0.433125971875 0.580582525 0.4494556765625 0.5834951453125 0.45645412187499995 0.5757281546875 0.45800933125 0.5582524265625 0.4548989109375 0.55533980625 0.433125971875 0.5543689328125 0.42768273749999997 0.5611650484374999 0.42768273749999997 0.572815534375 0.433125971875 0.580582525
0 0.5046656296875 0.607766990625 0.5163297046875 0.6067961171875 0.5241057546875 0.5961165046875 0.5217729390625 0.5786407765625 0.5155521000000001 0.5708737859374999 0.5069984453124999 0.5718446609375001 0.5 0.5883495140624999 0.5 0.6009708734375 0.5046656296875 0.607766990625
0 0.56531881875 0.6067961171875 0.5738724734375 0.607766990625 0.5839813375 0.5990291265625001 0.5832037328124999 0.5815533984375 0.5769828921875 0.5718446609375001 0.5684292375 0.5718446609375001 0.5614307937499999 0.587378640625 0.5606531875 0.6 0.56531881875 0.6067961171875
0 0.6267496109375 0.6058252421875 0.639191290625 0.6038834953125 0.64541213125 0.5932038828125 0.643079315625 0.5786407765625 0.6360808703124999 0.5708737859374999 0.627527215625 0.5747572812499999 0.6220839812500001 0.5893203890625001 0.6220839812500001 0.6 0.6267496109375 0.6058252421875
0 0.6874028 0.6 0.69828926875 0.602912621875 0.70606531875 0.5980582531249999 0.707620528125 0.5786407765625 0.7021772937499999 0.567961165625 0.691290825 0.5699029125 0.6866251937500001 0.57961165 0.685069984375 0.592233009375 0.6874028 0.6
0 0.7480559875 0.6 0.7527216171875 0.602912621875 0.7628304828125 0.6009708734375 0.7690513218749999 0.5902912625 0.7643856921875 0.5689320390625 0.7558320375 0.566990290625 0.749611196875 0.5747572812499999 0.7465007781249999 0.5864077671875 0.7480559875 0.6
0 0.81337480625 0.5980582531249999 0.818818040625 0.6009708734375 0.8289269046875001 0.5951456312500001 0.830482115625 0.5786407765625 0.8250388796875001 0.5660194171875 0.8157076203125 0.566990290625 0.8102643859375 0.582524271875 0.8094867812500001 0.5912621359375 0.81337480625 0.5980582531249999
0 0.8740279937500001 0.5990291265625001 0.8849144640625 0.5980582531249999 0.88958009375 0.5912621359375 0.8903576984375 0.5786407765625 0.8849144640625 0.5640776703125 0.8748055984375 0.5660194171875 0.8693623640625001 0.5815533984375 0.8685847593749999 0.5912621359375 0.8740279937500001 0.5990291265625001
0 0.9354587875 0.597087378125 0.9471228609375 0.5941747578125 0.9525660968749999 0.5844660187499999 0.9502332812500001 0.566990290625 0.9447900468749999 0.5611650484374999 0.9377916015625001 0.562135921875 0.9307931578125 0.577669903125 0.9307931578125 0.5912621359375 0.9354587875 0.597087378125
1 0.0124416796875 0.5757281546875 0.0124416796875 0.5990291265625001 0.0178849140625 0.6097087375 0.027993779687499998 0.61456310625 0.0451010890625 0.6097087375 0.050544323437500004 0.5961165046875 0.050544323437500004 0.5815533984375 0.04199066875 0.5640776703125 0.02332815 0.562135921875 0.0163297046875 0.566990290625 0.0124416796875 0.5757281546875
1 0.0544323484375 0.597087378125 0.066874028125 0.61456310625 0.0800933125 0.6135922328125 0.089424571875 0.60485436875 0.0940902015625 0.5951456312500001 0.093312596875 0.57961165 0.081648521875 0.562135921875 0.0660964234375 0.5611650484374999 0.0544323484375 0.5766990296875 0.0544323484375 0.597087378125
1 0.0987558328125 0.5689320390625 0.0987558328125 0.5844660187499999 0.1057542765625 0.5932038828125 0.11819595624999998 0.5932038828125 0.12986003125 0.5864077671875 0.146967340625 0.5844660187499999 0.1516329703125 0.57961165 0.1423017109375 0.560194175 0.1329704515625 0.5514563109374999 0.104976671875 0.560194175 0.0987558328125 0.5689320390625
1 0.223172628125 0.57961165 0.23172628281250002 0.5844660187499999 0.2776049765625 0.5834951453125 0.28615863125 0.57961165 0.29004665625000003 0.5718446609375001 0.288491446875 0.5640776703125 0.28071539687499997 0.5572815531249999 0.2278382578125 0.5572815531249999 0.2223950234375 0.563106796875 0.223172628125 0.57961165
1 0.341368584375 0.5611650484374999 0.341368584375 0.5747572812499999 0.3460342140625 0.5815533984375 0.35225505468749996 0.582524271875 0.3903576984375 0.582524271875 0.402799378125 0.577669903125 0.4074650078125 0.5689320390625 0.406687403125 0.5611650484374999 0.3958009328125 0.5543689328125 0.3483670296875 0.55533980625 0.341368584375 0.5611650484374999
1 0.467340590625 0.5980582531249999 0.48133748125000003 0.6038834953125 0.49533437031250005 0.592233009375 0.501555209375 0.56504854375 0.49144634531250003 0.5543689328125 0.4681181953125 0.5533980578125 0.459564540625 0.5699029125 0.459564540625 0.5902912625 0.467340590625 0.5980582531249999
1 0.5241057546875 0.5640776703125 0.5256609640625001 0.587378640625 0.532659409375 0.6009708734375 0.5412130640624999 0.6067961171875 0.5528771390625 0.6009708734375 0.5614307937499999 0.577669903125 0.5614307937499999 0.5611650484374999 0.5520995328125 0.5533980578125 0.53810264375 0.552427184375 0.5287713843749999 0.5563106796875 0.5241057546875 0.5640776703125
1 0.5847589421875 0.5640776703125 0.5870917578125 0.587378640625 0.5940902015625 0.601941746875 0.6041990671875 0.6038834953125 0.616640746875 0.5932038828125 0.6228615859375 0.572815534375 0.6220839812500001 0.5611650484374999 0.6174183515625 0.55533980625 0.5979782265625 0.5514563109374999 0.589424571875 0.55533980625 0.5847589421875 0.5640776703125
1 0.6438569203125 0.5699029125 0.6500777609374999 0.592233009375 0.661741834375 0.601941746875 0.675738725 0.597087378125 0.6842923796875 0.5737864078125 0.6842923796875 0.560194175 0.673405909375 0.5504854375 0.652410575 0.5514563109374999 0.64541213125 0.5592233015625 0.6438569203125 0.5699029125
1 0.711508553125 0.5844660187499999 0.7185069984375 0.5990291265625001 0.7286158625 0.6009708734375 0.7402799375 0.5912621359375 0.7465007781249999 0.566990290625 0.742612753125 0.5533980578125 0.7363919125 0.5495145625 0.719284603125 0.5495145625 0.70995334375 0.5611650484374999 0.711508553125 0.5844660187499999
1 0.7713841375 0.5582524265625 0.77060653125 0.5766990296875 0.77449455625 0.5912621359375 0.7791601859374999 0.597087378125 0.79004665625 0.6 0.80171073125 0.5912621359375 0.807153965625 0.560194175 0.8009331265625 0.5504854375 0.7838258171875 0.5475728156249999 0.77449455625 0.552427184375 0.7713841375 0.5582524265625
1 0.833592534375 0.560194175 0.834370140625 0.57961165 0.8421461890625 0.5961165046875 0.8491446343750001 0.5980582531249999 0.8608087093749999 0.5912621359375 0.8678071546874999 0.566990290625 0.8670295484375 0.5563106796875 0.8631415234375 0.5495145625 0.85847589375 0.5466019421875 0.8413685843750001 0.5475728156249999 0.833592534375 0.560194175
1 0.895023328125 0.5533980578125 0.8926905125 0.572815534375 0.8981337484375 0.5902912625 0.9051321921875 0.597087378125 0.9191290828125 0.5941747578125 0.9276827375 0.5699029125 0.9276827375 0.5582524265625 0.9237947125 0.5485436890625001 0.9175738718750001 0.54466019375 0.9066874031250001 0.54466019375 0.895023328125 0.5533980578125
1 0.9548989109375 0.5708737859374999 0.960342146875 0.5893203890625001 0.9657853812500001 0.5941747578125 0.980559875 0.592233009375 0.988335925 0.5699029125 0.986780715625 0.5485436890625001 0.980559875 0.5436893203125 0.963452565625 0.5436893203125 0.956454121875 0.552427184375 0.9548989109375 0.5708737859374999