0 0.16444444375 0 0.16444444375 0.021296296875000002 0.1688888890625 0.027777778125000003 0.1770370375 0.027777778125000003 0.1866666671875 0.0129629625 0.1851851859375 0.0009259265625 0.1842328046875 0 0.16444444375 0
0 0.1888888890625 0.045370370312500005 0.1948148140625 0.05 0.20148148125 0.048148148437499996 0.2066666671875 0.030555556249999997 0.20444444375 0.015740740625 0.1925925921875 0.013888889062500001 0.1859259265625 0.0231481484375 0.183703703125 0.030555556249999997 0.1888888890625 0.045370370312500005
0 0.1666666671875 0.0666666671875 0.1703703703125 0.072222221875 0.1770370375 0.072222221875 0.1851851859375 0.0620370375 0.1874074078125 0.047222221875 0.18222222187499998 0.0379629625 0.17629629687499998 0.034259259375000004 0.1703703703125 0.0361111109375 0.1666666671875 0.0425925921875 0.1666666671875 0.0666666671875
0 0.1874074078125 0.0888888890625 0.196296296875 0.0916666671875 0.202222221875 0.0870370375 0.20444444375 0.0620370375 0.20148148125 0.0574074078125 0.1925925921875 0.05648148125 0.1829629625 0.071296296875 0.18148148125000002 0.078703703125 0.1874074078125 0.0888888890625
0 0.17333333281250002 0.11574074062499999 0.180740740625 0.11851851875 0.1948148140625 0.109259259375 0.1948148140625 0.0981481484375 0.1851851859375 0.0888888890625 0.17555555625000002 0.0861111109375 0.1696296296875 0.0916666671875 0.1696296296875 0.10648148125000001 0.17333333281250002 0.11574074062499999
0 0.1918518515625 0.15 0.200740740625 0.1416666671875 0.202222221875 0.127777778125 0.197777778125 0.1203703703125 0.1896296296875 0.11944444375 0.177777778125 0.125 0.1740740734375 0.1324074078125 0.1770370375 0.147222221875 0.1918518515625 0.15
0 0.18 0.184259259375 0.1933333328125 0.1833333328125 0.2 0.175 0.200740740625 0.1648148140625 0.19555555625 0.15555555625 0.18222222187499998 0.1546296296875 0.1740740734375 0.1620370375 0.1740740734375 0.1768518515625 0.18 0.184259259375
0 0.17555555625000002 0.2138888890625 0.179259259375 0.221296296875 0.1851851859375 0.22407407343750002 0.1933333328125 0.222222221875 0.19851851874999998 0.21296296250000002 0.19851851874999998 0.1990740734375 0.1948148140625 0.1916666671875 0.18222222187499998 0.1898148140625 0.17555555625000002 0.196296296875 0.17555555625000002 0.2138888890625
0 0.183703703125 0.26574074062499997 0.1940740734375 0.2629629625 0.19851851874999998 0.2453703703125 0.196296296875 0.23240740781250002 0.1859259265625 0.22870370312500002 0.179259259375 0.23240740781250002 0.1770370375 0.2379629625 0.177777778125 0.2611111109375 0.183703703125 0.26574074062499997
0 0.1933333328125 0.3083333328125 0.19851851874999998 0.29814814843750004 0.197777778125 0.27777777812500004 0.1888888890625 0.2703703703125 0.17851851875 0.27870370312500004 0.179259259375 0.303703703125 0.1859259265625 0.309259259375 0.1933333328125 0.3083333328125
0 0.18444444375 0.3481481484375 0.1948148140625 0.34629629687499996 0.19851851874999998 0.33888888906250003 0.19703703749999998 0.3203703703125 0.1918518515625 0.315740740625 0.1859259265625 0.315740740625 0.179259259375 0.321296296875 0.18 0.34444444375 0.18444444375 0.3481481484375
0 0.18444444375 0.3898148140625 0.19555555625 0.3888888890625 0.199259259375 0.38055555625 0.197777778125 0.35925925937500003 0.1933333328125 0.3546296296875 0.1874074078125 0.3546296296875 0.179259259375 0.3611111109375 0.18 0.3851851859375 0.18444444375 0.3898148140625
0 0.1874074078125 0.43333333281249997 0.197777778125 0.4296296296875 0.19851851874999998 0.40092592656250003 0.1888888890625 0.3953703703125 0.18 0.4018518515625 0.17851851875 0.4175925921875 0.18148148125000002 0.42870370312499995 0.1874074078125 0.43333333281249997
0 0.1859259265625 0.4768518515625 0.1940740734375 0.4768518515625 0.2 0.46944444374999994 0.200740740625 0.44907407343749994 0.19851851874999998 0.44351851875000003 0.1881481484375 0.4388888890625 0.18 0.447222221875 0.18 0.4703703703125 0.1859259265625 0.4768518515625
0 0.197777778125 0.515740740625 0.200740740625 0.509259259375 0.199259259375 0.4879629625 0.1874074078125 0.48333333281249996 0.18 0.490740740625 0.18148148125000002 0.5129629625 0.1866666671875 0.51851851875 0.197777778125 0.515740740625
0 0.18148148125000002 0.553703703125 0.1888888890625 0.5583333328125 0.19851851874999998 0.5555555562500001 0.20148148125 0.55 0.199259259375 0.527777778125 0.1940740734375 0.5240740734375 0.18222222187499998 0.527777778125 0.18 0.5333333328125 0.18148148125000002 0.553703703125
0 0.1911111109375 0.5898148140624999 0.20370370312500002 0.5925925921874999 0.2103703703125 0.5870370375 0.2103703703125 0.575 0.200740740625 0.5648148140625 0.1918518515625 0.5620370375 0.183703703125 0.5666666671875 0.1866666671875 0.5824074078125 0.1911111109375 0.5898148140624999
0 0.3029629625 0.5944444437499999 0.32 0.5962962968750001 0.3296296296875 0.5870370375 0.3288888890625 0.577777778125 0.32444444375 0.5722222218749999 0.30444444375 0.571296296875 0.300740740625 0.5740740734374999 0.29851851875 0.5861111109375 0.3029629625 0.5944444437499999
0 0.42000000000000004 0.5944444437499999 0.43777777812499996 0.5935185187500001 0.443703703125 0.5861111109375 0.443703703125 0.575 0.43851851875000003 0.5694444437499999 0.42296296250000004 0.56851851875 0.41555555625 0.5731481484375001 0.41333333281250006 0.5833333328125 0.42000000000000004 0.5944444437499999
0 0.5081481484375 0.60555555625 0.5125925921875 0.6129629624999999 0.52 0.6148148140624999 0.5296296296875 0.60555555625 0.5303703703125 0.5861111109375 0.5266666671875 0.5768518515625 0.52148148125 0.5740740734374999 0.5140740734375 0.577777778125 0.5088888890625001 0.5898148140624999 0.5081481484375 0.60555555625
0 0.5696296296875001 0.6166666671875001 0.5785185187499999 0.61944444375 0.5859259265625 0.615740740625 0.5896296296875 0.60555555625 0.5859259265625 0.5888888890625 0.5762962968750001 0.584259259375 0.5696296296875001 0.5916666671875 0.5674074078125 0.6 0.5696296296875001 0.6166666671875001
0 0.6303703703125 0.61851851875 0.642222221875 0.6148148140624999 0.6466666671875 0.60648148125 0.64444444375 0.590740740625 0.6392592593749999 0.584259259375 0.6303703703125 0.5861111109375 0.6251851859374999 0.6 0.6244444437500001 0.6120370375 0.6303703703125 0.61851851875
0 0.6888888890625 0.6138888890625 0.6940740734374999 0.615740740625 0.703703703125 0.6120370375 0.7066666671874999 0.597222221875 0.70148148125 0.58055555625 0.6925925921875 0.58055555625 0.6866666671874999 0.5916666671875 0.6851851859375 0.60555555625 0.6888888890625 0.6138888890625
0 0.7474074078124999 0.6138888890625 0.759259259375 0.6120370375 0.76444444375 0.6046296296875 0.7629629625 0.5870370375 0.7570370375000001 0.58055555625 0.7511111109375 0.58148148125 0.743703703125 0.5990740734375 0.743703703125 0.6083333328125 0.7474074078124999 0.6138888890625
0 0.8237037031250001 0.6046296296875 0.8237037031250001 0.5916666671875 0.81851851875 0.5796296296875 0.8103703703124999 0.58055555625 0.8044444437499999 0.5925925921874999 0.8059259265625001 0.6120370375 0.8177777781250001 0.6120370375 0.8237037031250001 0.6046296296875
0 0.8733333328124999 0.6111111109375 0.8807407406250001 0.6046296296875 0.8770370375000001 0.578703703125 0.8681481484375 0.578703703125 0.862222221875 0.590740740625 0.860740740625 0.603703703125 0.8644444437500001 0.6101851859375 0.8733333328124999 0.6111111109375
0 0.9207407406250001 0.6074074078125 0.9259259265625 0.6111111109375 0.9340740734375 0.609259259375 0.9400000000000001 0.597222221875 0.9370370375 0.578703703125 0.9281481484375 0.5759259265625001 0.9214814812500001 0.5833333328125 0.919259259375 0.5916666671875 0.9207407406250001 0.6074074078125
0 0.9800000000000001 0.6074074078125 0.9859259265625001 0.609259259375 0.99555555625 0.603703703125 0.996296296875 0.5870370375 0.9918518515624999 0.575 0.983703703125 0.5759259265625001 0.9770370375 0.5898148140624999 0.976296296875 0.5990740734375 0.9800000000000001 0.6074074078125
1 0 0.6269493171875 0.0103703703125 0.61944444375 0.013333332812500001 0.6083333328125 0.012592592187500001 0.5935185187500001 0.0029629625 0.577777778125 0 0.5773879140625 0 0.6269493171875
1 0.0266666671875 0.6259259265625 0.043703703125 0.6240740734375 0.0533333328125 0.6129629624999999 0.052592592187499995 0.590740740625 0.04444444375 0.578703703125 0.0274074078125 0.5768518515625 0.017777778124999997 0.590740740625 0.018518518749999997 0.6111111109375 0.0266666671875 0.6259259265625
1 0.057777778125 0.609259259375 0.063703703125 0.621296296875 0.079259259375 0.6259259265625 0.0896296296875 0.61944444375 0.0933333328125 0.6120370375 0.0940740734375 0.5953703703125 0.08518518593749999 0.577777778125 0.0681481484375 0.5759259265625001 0.057777778125 0.5870370375 0.057777778125 0.609259259375
1 0.0970370375 0.6018518515625 0.10148148125 0.615740740625 0.11037037031250001 0.6259259265625 0.1266666671875 0.6231481484375 0.1340740734375 0.6129629624999999 0.1325925921875 0.5879629625 0.12222222187500001 0.5759259265625001 0.1066666671875 0.5768518515625 0.097777778125 0.5925925921874999 0.0970370375 0.6018518515625
1 0.139259259375 0.60555555625 0.143703703125 0.6120370375 0.15259259218750001 0.615740740625 0.1718518515625 0.60648148125 0.1829629625 0.5916666671875 0.18222222187499998 0.5824074078125 0.1748148140625 0.5722222218749999 0.1481481484375 0.5740740734374999 0.13851851875 0.5833333328125 0.139259259375 0.60555555625
1 0.2170370375 0.577777778125 0.21851851875 0.5916666671875 0.22148148124999997 0.5953703703125 0.2325925921875 0.597222221875 0.2733333328125 0.5953703703125 0.28296296249999997 0.5870370375 0.282222221875 0.578703703125 0.276296296875 0.5731481484375001 0.22518518593749998 0.571296296875 0.21925925937500002 0.5731481484375001 0.2170370375 0.577777778125
1 0.33851851875 0.5953703703125 0.3829629625 0.5953703703125 0.39555555625 0.5861111109375 0.39481481406249996 0.5759259265625001 0.3866666671875 0.5703703703125 0.35037037031249996 0.5694444437499999 0.3340740734375 0.5740740734374999 0.33259259218750004 0.5879629625 0.33851851875 0.5953703703125
1 0.4474074078125 0.5870370375 0.45555555625000005 0.5944444437499999 0.4970370375 0.597222221875 0.5029629625 0.5925925921874999 0.5059259265625 0.584259259375 0.50444444375 0.5740740734374999 0.49481481406250005 0.56851851875 0.45555555625000005 0.56851851875 0.4474074078125 0.575 0.4474074078125 0.5870370375
1 0.5333333328125 0.5824074078125 0.5333333328125 0.6046296296875 0.5370370375 0.6148148140624999 0.5429629625 0.61944444375 0.5518518515624999 0.61851851875 0.560740740625 0.609259259375 0.5688888890625 0.5833333328125 0.56444444375 0.5722222218749999 0.5525925921875 0.5675925921875 0.539259259375 0.5694444437499999 0.5333333328125 0.5824074078125
1 0.5888888890625 0.5768518515625 0.5888888890625 0.590740740625 0.5925925921874999 0.60555555625 0.597777778125 0.6129629624999999 0.6081481484375 0.6166666671875001 0.6192592593749999 0.6074074078125 0.6251851859374999 0.5870370375 0.6229629625 0.5722222218749999 0.6059259265625 0.565740740625 0.5925925921874999 0.5694444437499999 0.5888888890625 0.5768518515625
1 0.6466666671875 0.5768518515625 0.6466666671875 0.590740740625 0.6555555562500001 0.6138888890625 0.6599999999999999 0.6166666671875001 0.6688888890625 0.6148148140624999 0.6799999999999999 0.603703703125 0.68444444375 0.584259259375 0.680740740625 0.5703703703125 0.6711111109375001 0.565740740625 0.6555555562500001 0.565740740625 0.6466666671875 0.5768518515625
1 0.71555555625 0.6101851859375 0.7259259265625 0.6138888890625 0.7385185187500001 0.603703703125 0.743703703125 0.578703703125 0.7370370375 0.5666666671875 0.7185185187500001 0.5648148140625 0.7088888890625 0.5740740734374999 0.7088888890625 0.5953703703125 0.71555555625 0.6101851859375
1 0.7733333328125 0.6101851859375 0.7859259265625 0.6120370375 0.7970370375 0.602777778125 0.80148148125 0.5740740734374999 0.796296296875 0.565740740625 0.7740740734375 0.5638888890625 0.7666666671875 0.5740740734374999 0.7659259265625 0.5861111109375 0.7733333328125 0.6101851859375
1 0.8266666671875 0.5731481484375001 0.8259259265625 0.5861111109375 0.8303703703125 0.603703703125 0.8385185187499999 0.6111111109375 0.8496296296875 0.6083333328125 0.8533333328125 0.603703703125 0.859259259375 0.58148148125 0.85555555625 0.565740740625 0.8511111109374999 0.5620370375 0.8370370375 0.5620370375 0.8266666671875 0.5731481484375001
1 0.88444444375 0.5731481484375001 0.88444444375 0.5898148140624999 0.8888888890625 0.6046296296875 0.896296296875 0.6101851859375 0.9096296296874999 0.6046296296875 0.9170370374999999 0.5833333328125 0.91555555625 0.5666666671875 0.9103703703124999 0.5611111109375 0.8970370375 0.5601851859375 0.8896296296875 0.5629629625 0.88444444375 0.5731481484375001
1 0.9451851859374999 0.5648148140625 0.942222221875 0.5722222218749999 0.942222221875 0.5851851859375 0.9474074078125 0.602777778125 0.9540740734375 0.6083333328125 0.9659259265625 0.6046296296875 0.9740740734375001 0.5824074078125 0.9703703703125001 0.5629629625 0.96444444375 0.559259259375 0.9525925921875 0.559259259375 0.9451851859374999 0.5648148140625