1 0.169054440625 0.62275985625 0.1819484234375 0.6308243734375 0.200573065625 0.6209677421875 0.21060171875 0.610215053125 0.21203438437500002 0.6039426515625 0.20916905468749997 0.594086021875 0.2027220625 0.5878136203125 0.176934096875 0.589605734375 0.1676217765625 0.5985663078125001 0.169054440625 0.62275985625
1 0.128939828125 0.6057347671875 0.12965616093750001 0.624551971875 0.13753581718750002 0.63799283125 0.1439828078125 0.639784946875 0.1575931234375 0.6362007171874999 0.16260745000000001 0.6281361999999999 0.16260745000000001 0.6084229390625 0.1540114609375 0.5931899640625 0.148997134375 0.5905017921875 0.136819484375 0.59229390625 0.128939828125 0.6057347671875
1 0.0909742125 0.62724014375 0.097421203125 0.6362007171874999 0.1103151859375 0.639784946875 0.12177650468750001 0.6317204296875001 0.125358165625 0.6129032265625 0.117478509375 0.594086021875 0.1031518625 0.5905017921875 0.09527220625 0.594086021875 0.0902578796875 0.6021505375 0.0909742125 0.62724014375
1 0.05014326718749999 0.6191756265625 0.053724928125 0.6317204296875001 0.0601719203125 0.639784946875 0.0780802296875 0.6370967734375 0.08524355312500001 0.6281361999999999 0.08595988593750001 0.6084229390625 0.07664756406249999 0.5931899640625 0.0594555875 0.59229390625 0.05157593125 0.6039426515625 0.05014326718749999 0.6191756265625
1 0.0250716328125 0.59139785 0.0107449859375 0.6030465953124999 0.0107449859375 0.6263440859375 0.0150429796875 0.6370967734375 0.022922635937499998 0.64247311875 0.033667621875 0.64247311875 0.042979942187499995 0.6344086015625 0.0465616046875 0.62724014375 0.0472779375 0.6155913984375 0.045845271874999996 0.6057347671875 0.03939828125 0.5949820781249999 0.0250716328125 0.59139785
1 0.2607449859375 0.61200716875 0.29799426875 0.6111111109375 0.30873925468749996 0.6021505375 0.307306590625 0.5931899640625 0.299426934375 0.5878136203125 0.2528653296875 0.5878136203125 0.24641833750000003 0.5931899640625 0.24641833750000003 0.6021505375 0.2607449859375 0.61200716875
1 0.363180515625 0.610215053125 0.4054441265625 0.610215053125 0.4176217765625 0.6012544796875 0.4161891125 0.589605734375 0.4097421203125 0.5860215046875 0.3696275078125 0.5851254484374999 0.3581661890625 0.5905017921875 0.35744985625000003 0.6021505375 0.363180515625 0.610215053125
1 0.4670487109375 0.6003584234375 0.4734957015625 0.6084229390625 0.50787965625 0.6129032265625 0.5186246421875 0.609318996875 0.52363896875 0.5949820781249999 0.5186246421875 0.5860215046875 0.5071633234374999 0.5833333328125 0.4734957015625 0.584229390625 0.46776504374999994 0.589605734375 0.4670487109375 0.6003584234375
1 0.5487106015625 0.6191756265625 0.557306590625 0.6335125453125 0.5680515765624999 0.6317204296875001 0.573065903125 0.62724014375 0.5830945562500001 0.6021505375 0.5816618906250001 0.5905017921875 0.569484240625 0.5833333328125 0.55515759375 0.5851254484374999 0.5487106015625 0.5985663078125001 0.5487106015625 0.6191756265625
1 0.6117478515625 0.6281361999999999 0.625358165625 0.629928315625 0.63538681875 0.6191756265625 0.6396848140625 0.594086021875 0.6339541546875 0.5851254484374999 0.608882521875 0.5833333328125 0.6024355296875 0.594086021875 0.6031518625000001 0.60752688125 0.6117478515625 0.6281361999999999
1 0.6640401140625001 0.6155913984375 0.6697707734375 0.62724014375 0.6819484234375001 0.6290322578125 0.6912607453125 0.6191756265625 0.6969914046875 0.5985663078125001 0.694126075 0.5869175624999999 0.684097421875 0.58154121875 0.6712034390625 0.58154121875 0.6618911171875 0.5931899640625 0.6640401140625001 0.6155913984375
1 0.7256446984375 0.624551971875 0.73853868125 0.62724014375 0.75 0.6182795703124999 0.7535816625 0.59139785 0.7464183375 0.58154121875 0.7270773640625 0.5806451609375001 0.718481375 0.59139785 0.720630371875 0.614695340625 0.7256446984375 0.624551971875
1 0.7779369625 0.60752688125 0.7843839546875 0.624551971875 0.7944126078125 0.6263440859375 0.8044412609375 0.6191756265625 0.8101719203125001 0.599462365625 0.8101719203125001 0.589605734375 0.80515759375 0.58154121875 0.7843839546875 0.5797491046875 0.7779369625 0.589605734375 0.7779369625 0.60752688125
1 0.8338108875 0.5869175624999999 0.8330945562500001 0.6021505375 0.83739255 0.6182795703124999 0.8467048703125 0.6263440859375 0.8588825218749999 0.6209677421875 0.8660458453125001 0.59677419375 0.8624641828125 0.58154121875 0.8581661890625 0.5779569890625 0.8467048703125 0.57706093125 0.8381088828125 0.5806451609375001 0.8338108875 0.5869175624999999
1 0.90114613125 0.576164875 0.8939828078125001 0.58154121875 0.8904011468749999 0.589605734375 0.8932664750000001 0.6137992828125001 0.898997134375 0.6236559140625 0.9075931234375 0.6236559140625 0.914756446875 0.6182795703124999 0.919054440625 0.6084229390625 0.9219197703124999 0.594086021875 0.9197707734374999 0.58154121875 0.9111747843750001 0.576164875 0.90114613125 0.576164875
1 0.9455587390625 0.599462365625 0.9512893984374999 0.6191756265625 0.9555873921875 0.62275985625 0.968481375 0.620071684375 0.974212034375 0.6111111109375 0.9770773640625 0.5976702515625 0.9734957015625 0.5779569890625 0.9555873921875 0.5752688171875 0.9477077359375 0.58154121875 0.9455587390625 0.599462365625
0 0.19842406875000002 0.0412186375 0.206303725 0.04032258125 0.21418338124999997 0.029569892187500002 0.21418338124999997 0.017025089062500002 0.206303725 0.0089605734375 0.19842406875000002 0.009856631250000001 0.191977078125 0.017025089062500002 0.19269340937499999 0.0340501796875 0.19842406875000002 0.0412186375
0 0.21704871093749997 0.055555556250000006 0.2213467046875 0.0600358421875 0.22994269374999998 0.0600358421875 0.235673353125 0.046594982812500005 0.2349570203125 0.031362007812499995 0.22206303749999998 0.026881720312500003 0.2156160453125 0.0340501796875 0.2134670484375 0.045698925 0.21704871093749997 0.055555556250000006
0 0.19555873906250001 0.07795698906250001 0.1977077359375 0.0824372765625 0.20487106093750002 0.08333333281250001 0.21418338124999997 0.073476703125 0.21704871093749997 0.06182795625 0.21203438437500002 0.05107526875 0.20702005781250002 0.047491039062500004 0.1977077359375 0.049283154687500004 0.19484240625 0.053763440625000006 0.19555873906250001 0.07795698906250001
0 0.216332378125 0.09498207812500001 0.2227793703125 0.1030465953125 0.22851002812500001 0.1030465953125 0.23280802343749998 0.09498207812500001 0.23280802343749998 0.0707885296875 0.22206303749999998 0.0672043015625 0.2156160453125 0.0752688171875 0.21418338124999997 0.088709678125 0.216332378125 0.09498207812500001
0 0.200573065625 0.120071684375 0.20988538750000002 0.120071684375 0.218481375 0.11021505312499999 0.218481375 0.1030465953125 0.21060171875 0.0905017921875 0.2027220625 0.088709678125 0.1969914046875 0.09498207812500001 0.19627507187499998 0.1030465953125 0.200573065625 0.120071684375
0 0.2306590265625 0.13888888906250002 0.23209169062499999 0.12275985625000001 0.22922636093749998 0.11738351250000001 0.2213467046875 0.11559139843749999 0.206303725 0.1308243734375 0.2077363890625 0.14247311875 0.22206303749999998 0.1469534046875 0.2306590265625 0.13888888906250002
0 0.2055873921875 0.17652329687499999 0.21418338124999997 0.1792114703125 0.22636103125 0.17293906875 0.22851002812500001 0.1594982078125 0.22421203437499998 0.1523297484375 0.212750715625 0.1496415765625 0.20415472812500002 0.1541218640625 0.20200573125000001 0.16845878125 0.2055873921875 0.17652329687499999
0 0.206303725 0.20967741874999998 0.2156160453125 0.2132616484375 0.22707736406249998 0.206093190625 0.22851002812500001 0.1899641578125 0.22636103125 0.1854838703125 0.21203438437500002 0.18279569843750001 0.20487106093750002 0.18637992812499998 0.2027220625 0.2025089609375 0.206303725 0.20967741874999998
0 0.2134670484375 0.29032258125 0.2213467046875 0.288530465625 0.2256446984375 0.28046595 0.2256446984375 0.2589605734375 0.22206303749999998 0.25448028749999996 0.2134670484375 0.2535842296875 0.206303725 0.2616487453125 0.20702005781250002 0.2849462359375 0.2134670484375 0.29032258125
0 0.20988538750000002 0.2482078859375 0.220630371875 0.2482078859375 0.22707736406249998 0.24014336875 0.22707736406249998 0.22401433750000002 0.2227793703125 0.2177419359375 0.21203438437500002 0.216845878125 0.20487106093750002 0.222222221875 0.20415472812500002 0.2365591390625 0.20988538750000002 0.2482078859375
0 0.22206303749999998 0.32706093125 0.22707736406249998 0.31630824375 0.22636103125 0.3046594984375 0.21919770781249998 0.29659498281249996 0.208452721875 0.3001792109375 0.208452721875 0.324372759375 0.2134670484375 0.328853046875 0.22206303749999998 0.32706093125
0 0.2134670484375 0.3682795703125 0.22206303749999998 0.3673835125 0.22636103125 0.3611111109375 0.22636103125 0.33960573437499997 0.220630371875 0.334229390625 0.2134670484375 0.334229390625 0.208452721875 0.33870967812499997 0.20916905468749997 0.36379928281249996 0.2134670484375 0.3682795703125
0 0.2134670484375 0.41039426562500003 0.2227793703125 0.40949820781249996 0.227793696875 0.400537634375 0.22707736406249998 0.3790322578125 0.22206303749999998 0.3736559140625 0.2134670484375 0.374551971875 0.20916905468749997 0.3790322578125 0.20916905468749997 0.405017921875 0.2134670484375 0.41039426562500003
0 0.21060171875 0.4480286734375 0.21489971406250002 0.4525089609375 0.22492836718749998 0.4498207890625 0.22851002812500001 0.4372759859375 0.22707736406249998 0.42025089531250004 0.21776504375 0.415770609375 0.208452721875 0.4220430109375 0.2077363890625 0.43817204375 0.21060171875 0.4480286734375
0 0.21489971406250002 0.492831540625 0.22707736406249998 0.49014336875 0.22922636093749998 0.4811827953125 0.22707736406249998 0.4632616484375 0.2227793703125 0.4587813625 0.2156160453125 0.4587813625 0.20916905468749997 0.4650537640625 0.21060171875 0.48924731250000003 0.21489971406250002 0.492831540625
0 0.212750715625 0.5313620078125 0.22707736406249998 0.5295698921875001 0.22922636093749998 0.5224014343750001 0.227793696875 0.5035842296874999 0.22206303749999998 0.4991039421875 0.2156160453125 0.4991039421875 0.20916905468749997 0.5062724015625 0.20916905468749997 0.5215053765625 0.212750715625 0.5313620078125
0 0.2256446984375 0.5707885296875 0.22994269374999998 0.563620071875 0.22851002812500001 0.543906809375 0.21776504375 0.538530465625 0.20988538750000002 0.5448028671875 0.2113180515625 0.5698924734374999 0.216332378125 0.5725806453125 0.2256446984375 0.5707885296875
0 0.21203438437500002 0.5860215046875 0.220630371875 0.604838709375 0.2306590265625 0.60752688125 0.23853868125000002 0.6012544796875 0.23853868125000002 0.5905017921875 0.227793696875 0.5779569890625 0.21489971406250002 0.5779569890625 0.2113180515625 0.5824372765625 0.21203438437500002 0.5860215046875
0 0.3302292265625 0.6111111109375 0.3467048703125 0.610215053125 0.35386819531249997 0.6030465953124999 0.35315186249999997 0.59229390625 0.3495702 0.5878136203125 0.32951289375 0.5869175624999999 0.32521490000000003 0.5905017921875 0.323782234375 0.6021505375 0.3302292265625 0.6111111109375
0 0.4405444125 0.6084229390625 0.45558739218750005 0.609318996875 0.46418338124999997 0.6012544796875 0.46418338124999997 0.5905017921875 0.4591690546875 0.5851254484374999 0.4434097421875 0.584229390625 0.4376790828125 0.5887096781250001 0.43553008593750003 0.5976702515625 0.4405444125 0.6084229390625
0 0.5386819484375 0.6281361999999999 0.545845271875 0.6182795703124999 0.5444126078125 0.594086021875 0.53581661875 0.589605734375 0.5265042984375 0.6021505375 0.525787965625 0.6218638000000001 0.5329512890625 0.6290322578125 0.5386819484375 0.6281361999999999
0 0.5845272203125 0.6308243734375 0.5924068765625 0.6335125453125 0.6017191984375 0.6281361999999999 0.6024355296875 0.610215053125 0.5967048703125 0.6003584234375 0.58739255 0.6012544796875 0.5830945562500001 0.6111111109375 0.5816618906250001 0.6209677421875 0.5845272203125 0.6308243734375
0 0.6396848140625 0.625448028125 0.6439828078125001 0.6317204296875001 0.6497134671875 0.6326164875 0.6575931234375 0.6281361999999999 0.661174784375 0.6209677421875 0.6590257875 0.604838709375 0.6532951296875 0.5976702515625 0.644699140625 0.6003584234375 0.6396848140625 0.6137992828125001 0.6396848140625 0.625448028125
0 0.700573065625 0.6281361999999999 0.708452721875 0.6290322578125 0.7156160453125 0.6236559140625 0.7170487109375 0.609318996875 0.7134670484375001 0.5976702515625 0.7048710609375 0.5958781359375 0.6977077359375 0.606630825 0.6969914046875 0.6191756265625 0.700573065625 0.6281361999999999
0 0.7593123203125 0.62724014375 0.77005730625 0.625448028125 0.7750716328125 0.6191756265625 0.7743553015625 0.6021505375 0.77005730625 0.5958781359375 0.760028653125 0.5976702515625 0.755730659375 0.6084229390625 0.7542979937500001 0.6191756265625 0.7593123203125 0.62724014375
0 0.8144699140625 0.62724014375 0.8266475640625 0.6263440859375 0.831661890625 0.6191756265625 0.831661890625 0.606630825 0.8273638968749999 0.5958781359375 0.81733524375 0.5958781359375 0.8123209171875001 0.6057347671875 0.8108882515625 0.6182795703124999 0.8144699140625 0.62724014375
0 0.8717765046875 0.624551971875 0.8789398281249999 0.6263440859375 0.8861031515625 0.620071684375 0.8882521484374999 0.6084229390625 0.883237821875 0.5931899640625 0.8739255015625 0.594086021875 0.868911175 0.6057347671875 0.8681948421874999 0.6182795703124999 0.8717765046875 0.624551971875
0 0.9426934093750001 0.6182795703124999 0.9434097421875001 0.606630825 0.9383954156250001 0.59139785 0.930515759375 0.59229390625 0.9240687671875 0.606630825 0.9255014328125 0.6236559140625 0.93696275 0.624551971875 0.9426934093750001 0.6182795703124999
0 0.9828080234375 0.6209677421875 0.9921203437500001 0.62275985625 0.9971346703125 0.6182795703124999 0.9985673359374999 0.6021505375 0.9942693406249999 0.589605734375 0.986389684375 0.59139785 0.97994269375 0.6039426515625 0.9792263609375 0.6137992828125001 0.9828080234375 0.6209677421875
0 0.21532951250000001 0 0.21489971406250002 0.0008960578125 0.21489971406250002 0.012544803125 0.2213467046875 0.02060931875 0.22994269374999998 0.02060931875 0.2371060171875 0.012544803125 0.238285859375 0 0.21532951250000001 0