1 0.147694525 0.6018018015625 0.15057636875 0.609009009375 0.1613832859375 0.6144144140625001 0.18299711875 0.6027027031250001 0.1916426515625 0.5900900906250001 0.1880403453125 0.575675675 0.1837175796875 0.572072071875 0.15706051875 0.572072071875 0.1484149859375 0.58108108125 0.147694525 0.6018018015625
1 0.1174351578125 0.6207207203125 0.13112391875 0.6216216218749999 0.142651296875 0.6108108109375 0.142651296875 0.590990990625 0.1340057640625 0.575675675 0.11887608125 0.5738738734375 0.108789625 0.5882882890625 0.1095100859375 0.609009009375 0.1174351578125 0.6207207203125
1 0.0698847265625 0.5855855859375 0.069164265625 0.6045045046874999 0.07348703125 0.616216215625 0.0821325640625 0.622522521875 0.091498559375 0.622522521875 0.100864553125 0.616216215625 0.1051873203125 0.5927927921875 0.0972622484375 0.5765765765624999 0.0907780984375 0.5729729734375 0.078530259375 0.5738738734375 0.0698847265625 0.5855855859375
1 0.0317002875 0.609909909375 0.040345821875 0.622522521875 0.049711815625 0.6234234234375 0.0576368875 0.6198198203125 0.0648414984375 0.609009009375 0.0648414984375 0.5891891890625 0.056195965625 0.575675675 0.0389048984375 0.5747747750000001 0.0295389046875 0.5891891890625 0.0317002875 0.609909909375
1 0 0.6241554046875 0.005043228125 0.6261261265625 0.013688760937499999 0.625225225 0.0230547546875 0.616216215625 0.026657060937499998 0.596396396875 0.01945245 0.5774774781249999 0.00288184375 0.5738738734375 0 0.576149834375 0 0.6241554046875
1 0.1484149859375 0.58108108125 0.147694525 0.6018018015625 0.152017290625 0.609909909375 0.158501440625 0.6135135140625 0.1671469734375 0.6135135140625 0.18299711875 0.6027027031250001 0.1916426515625 0.5900900906250001 0.1880403453125 0.575675675 0.1793948125 0.571171171875 0.15706051875 0.572072071875 0.1484149859375 0.58108108125
1 0.2247838609375 0.5945945953125 0.2780979828125 0.5945945953125 0.2860230546875 0.584684684375 0.283861671875 0.5747747750000001 0.2766570609375 0.56936936875 0.2269452453125 0.56846846875 0.2190201734375 0.575675675 0.2182997125 0.5864864859375001 0.2247838609375 0.5945945953125
1 0.3342939484375 0.5729729734375 0.3328530265625 0.583783784375 0.335014409375 0.5891891890625 0.34293948125 0.5936936937499999 0.3840057640625 0.5918918921875 0.389769453125 0.5900900906250001 0.395533140625 0.58108108125 0.39409221875 0.5738738734375 0.386167146875 0.56846846875 0.347982709375 0.5675675671875 0.3342939484375 0.5729729734375
1 0.4445244953125 0.583783784375 0.4510086453125 0.590990990625 0.4913544671875 0.5945945953125 0.4978386171875 0.590990990625 0.50288184375 0.58108108125 0.501440921875 0.572072071875 0.49351585 0.5666666671875 0.4524495671875 0.5666666671875 0.4459654171875 0.5702702703125 0.4445244953125 0.583783784375
1 0.5295389046875 0.58198198125 0.5309798265625 0.609909909375 0.5345821328125 0.6144144140625001 0.5439481265625 0.616216215625 0.5533141203125 0.6117117109375 0.559077809375 0.6018018015625 0.5634005765625 0.5765765765624999 0.552593659375 0.5657657656249999 0.5396253609375 0.5657657656249999 0.5331412109375 0.571171171875 0.5295389046875 0.58198198125
1 0.5835734875 0.5747747750000001 0.5835734875 0.5891891890625 0.5922190203125 0.6117117109375 0.602305475 0.6144144140625001 0.613832853125 0.60630630625 0.6210374640625 0.58198198125 0.61887608125 0.571171171875 0.613832853125 0.5666666671875 0.5965417875 0.5639639640625 0.5886167140625 0.5666666671875 0.5835734875 0.5747747750000001
1 0.6433717578125 0.5900900906250001 0.6498559078125 0.6081081078125 0.65706051875 0.6135135140625 0.6664265125 0.6108108109375 0.675072046875 0.5945945953125 0.6757925078125 0.571171171875 0.6664265125 0.5639639640625 0.6527377515625 0.5639639640625 0.6433717578125 0.5738738734375 0.6433717578125 0.5900900906250001
1 0.700288184375 0.583783784375 0.7053314125 0.60630630625 0.7125360234375 0.6108108109375 0.7269452453125 0.60630630625 0.7348703171875 0.584684684375 0.7334293953125 0.56936936875 0.7255043234375 0.5630630625 0.7089337171875 0.5630630625 0.70172910625 0.56936936875 0.700288184375 0.583783784375
1 0.761527378125 0.5990990984375 0.767291065625 0.609009009375 0.7780979828125 0.609009009375 0.786743515625 0.6009009015625 0.7925072046875 0.5801801796875 0.7925072046875 0.572072071875 0.786743515625 0.5639639640625 0.767291065625 0.5621621625000001 0.75936599375 0.5729729734375 0.761527378125 0.5990990984375
1 0.81700288125 0.5927927921875 0.82348703125 0.60630630625 0.8328530265625 0.6081081078125 0.841498559375 0.6027027031250001 0.8487031703125 0.578378378125 0.844380403125 0.5630630625 0.8393371765625 0.5603603609375 0.82348703125 0.5612612609375 0.815561959375 0.5729729734375 0.81700288125 0.5927927921875
1 0.879682996875 0.603603603125 0.884726225 0.6072072078125 0.8962536015625 0.6027027031250001 0.9048991359375 0.5765765765624999 0.9012968296875 0.5621621625000001 0.886167146875 0.5585585578125001 0.87536023125 0.5666666671875 0.873198846875 0.583783784375 0.879682996875 0.603603603125
1 0.93299711875 0.6 0.940922190625 0.6054054046874999 0.9524495671875 0.6018018015625 0.95821325625 0.590990990625 0.9603746390625 0.5774774781249999 0.9574927953125 0.5621621625000001 0.9510086453125 0.5576576578125 0.937319884375 0.5576576578125 0.9286743515625 0.5702702703125 0.93299711875 0.6
1 1 0.557187621875 0.9913544671875 0.5576576578125 0.985590778125 0.56936936875 0.985590778125 0.5801801796875 0.992074928125 0.6018018015625 1 0.6040887046875001 1 0.557187621875
0 0.1736311234375 0 0.1736311234375 0.009009009375 0.1786743515625 0.01801801875 0.1858789625 0.01891891875 0.1945244953125 0.009909909375000001 0.196222725 0 0.1736311234375 0
0 0.203170028125 0.0378378375 0.2103746390625 0.0378378375 0.2154178671875 0.0333333328125 0.21757925 0.0117117109375 0.2125360234375 0.0054054046875 0.203890490625 0.0045045046875 0.1959654171875 0.016216215625 0.19524495625 0.024324325 0.203170028125 0.0378378375
0 0.1822766578125 0.0603603609375 0.1916426515625 0.0576576578125 0.1988472625 0.0423423421875 0.1966858796875 0.0333333328125 0.18876080625 0.025225225 0.1837175796875 0.025225225 0.17651296875 0.0324324328125 0.177953890625 0.05675675625 0.1822766578125 0.0603603609375
0 0.20172910625 0.07837837812500001 0.2110951015625 0.08018017968749999 0.21469740625 0.0738738734375 0.21469740625 0.0486486484375 0.2103746390625 0.0450450453125 0.203170028125 0.0459459453125 0.1959654171875 0.0576576578125 0.19524495625 0.064864865625 0.20172910625 0.07837837812500001
0 0.1822766578125 0.0990990984375 0.1902017296875 0.0990990984375 0.1995677234375 0.0891891890625 0.200288184375 0.08198198125 0.1923631125 0.0675675671875 0.1837175796875 0.0666666671875 0.1786743515625 0.072072071875 0.1786743515625 0.090990990625 0.1822766578125 0.0990990984375
0 0.1902017296875 0.1207207203125 0.206772334375 0.12342342343749999 0.213256484375 0.115315315625 0.2139769453125 0.0990990984375 0.2118155625 0.0945945953125 0.203170028125 0.0927927921875 0.1880403453125 0.10810810781249999 0.187319884375 0.115315315625 0.1902017296875 0.1207207203125
0 0.18948126875 0.15585585625 0.203170028125 0.1549549546875 0.209654178125 0.1477477484375 0.2103746390625 0.1360360359375 0.203890490625 0.12882882812500002 0.1916426515625 0.1270270265625 0.1837175796875 0.1360360359375 0.184438040625 0.15045044999999999 0.18948126875 0.15585585625
0 0.1880403453125 0.1864864859375 0.1981268015625 0.18918918906249999 0.20821325625 0.183783784375 0.2103746390625 0.1765765765625 0.20821325625 0.16216216249999998 0.1959654171875 0.1585585578125 0.1858789625 0.164864865625 0.184438040625 0.1738738734375 0.1880403453125 0.1864864859375
0 0.190922190625 0.22522522500000003 0.1988472625 0.2261261265625 0.20821325625 0.21891891874999997 0.2089337171875 0.20090090156249998 0.2053314125 0.1954954953125 0.19524495625 0.19369369375 0.1865994234375 0.1990990984375 0.1858789625 0.21621621562499999 0.190922190625 0.22522522500000003
0 0.187319884375 0.2513513515625 0.1902017296875 0.2639639640625 0.1959654171875 0.2675675671875 0.203170028125 0.265765765625 0.20821325625 0.25585585625 0.20821325625 0.2360360359375 0.203890490625 0.23063063125 0.1959654171875 0.23063063125 0.18948126875 0.2360360359375 0.187319884375 0.2513513515625
0 0.1959654171875 0.30630630625 0.203890490625 0.303603603125 0.20821325625 0.297297296875 0.206772334375 0.278378378125 0.203890490625 0.27477477499999997 0.1959654171875 0.2738738734375 0.18948126875 0.2792792796875 0.18948126875 0.3009009015625 0.1959654171875 0.30630630625
0 0.1902017296875 0.340540540625 0.1959654171875 0.3459459453125 0.2060518734375 0.34324324375000004 0.2089337171875 0.33513513437500003 0.20821325625 0.3171171171875 0.203890490625 0.3117117109375 0.1981268015625 0.31081081093749996 0.1930835734375 0.3126126125 0.18948126875 0.31891891875 0.1902017296875 0.340540540625
0 0.2046109515625 0.3864864859375 0.209654178125 0.37837837812499997 0.20821325625 0.35585585625 0.1981268015625 0.3513513515625 0.1902017296875 0.35765765781250003 0.1902017296875 0.38108108125 0.1959654171875 0.3882882890625 0.2046109515625 0.3864864859375
0 0.1966858796875 0.43063063125 0.2053314125 0.42972972968749995 0.2103746390625 0.42072072031249996 0.2089337171875 0.3990990984375 0.203890490625 0.39369369375 0.1966858796875 0.39369369375 0.18948126875 0.402702703125 0.190922190625 0.424324325 0.1966858796875 0.43063063125
0 0.197406340625 0.472072071875 0.2053314125 0.471171171875 0.2110951015625 0.459459459375 0.2089337171875 0.440540540625 0.2046109515625 0.43693693749999996 0.1966858796875 0.43693693749999996 0.190922190625 0.44324324375 0.1923631125 0.46666666718750005 0.197406340625 0.472072071875
0 0.1981268015625 0.5117117109375 0.20821325625 0.5099099093749999 0.2110951015625 0.503603603125 0.2103746390625 0.4828828828125 0.2046109515625 0.47747747812499997 0.1959654171875 0.47747747812499997 0.190922190625 0.483783784375 0.190922190625 0.503603603125 0.1981268015625 0.5117117109375
0 0.1959654171875 0.5513513515625 0.20172910625 0.5513513515625 0.209654178125 0.5468468468750001 0.2118155625 0.5414414421875 0.209654178125 0.5207207203124999 0.1988472625 0.5171171171875 0.1916426515625 0.5234234234375 0.1930835734375 0.5477477484375 0.1959654171875 0.5513513515625
0 0.190922190625 0.56846846875 0.1981268015625 0.5864864859375001 0.203890490625 0.5900900906250001 0.2125360234375 0.5891891890625 0.2168587890625 0.5765765765624999 0.2125360234375 0.5603603609375 0.206772334375 0.5549549546875 0.19524495625 0.55585585625 0.1916426515625 0.5603603609375 0.190922190625 0.56846846875
0 0.3054755046875 0.5927927921875 0.322046109375 0.5936936937499999 0.32997118125 0.5855855859375 0.32997118125 0.575675675 0.3270893375 0.5702702703125 0.3054755046875 0.56936936875 0.3004322765625 0.5738738734375 0.2989913546875 0.583783784375 0.3054755046875 0.5927927921875
0 0.4178674359375 0.590990990625 0.43299711875 0.5918918921875 0.440922190625 0.584684684375 0.440922190625 0.572072071875 0.437319884375 0.5675675671875 0.418587896875 0.5675675671875 0.41354466875 0.572072071875 0.4128242078125 0.5828828828125 0.4178674359375 0.590990990625
0 0.5086455328125 0.60630630625 0.511527378125 0.609009009375 0.520893371875 0.6081081078125 0.5266570609375 0.597297296875 0.5280979828125 0.58108108125 0.5259366 0.5747747750000001 0.52233429375 0.571171171875 0.5151296828125 0.571171171875 0.5072046109375 0.5828828828125 0.5086455328125 0.60630630625
0 0.5662824203125 0.6144144140625001 0.5742074921875 0.616216215625 0.5828530265625 0.609909909375 0.5842939484375 0.6 0.578530259375 0.583783784375 0.569164265625 0.5828828828125 0.5634005765625 0.596396396875 0.562680115625 0.609009009375 0.5662824203125 0.6144144140625001
0 0.62463976875 0.6144144140625001 0.6340057640625 0.6144144140625001 0.642651296875 0.6027027031250001 0.641210375 0.5900900906250001 0.634726225 0.5801801796875 0.6260806921875 0.5828828828125 0.6210374640625 0.5954954953125 0.620317003125 0.60630630625 0.62463976875 0.6144144140625001
0 0.684438040625 0.6108108109375 0.68876080625 0.6117117109375 0.697406340625 0.6054054046874999 0.6988472625 0.5918918921875 0.693804034375 0.578378378125 0.6858789625 0.5774774781249999 0.6793948125 0.5900900906250001 0.6786743515625 0.6009009015625 0.684438040625 0.6108108109375
0 0.7391930828125 0.609909909375 0.7507204609375 0.609909909375 0.757925071875 0.6009009015625 0.75648415 0.584684684375 0.7507204609375 0.5774774781249999 0.7413544671875 0.5801801796875 0.7370317 0.5927927921875 0.7363112390625 0.6045045046874999 0.7391930828125 0.609909909375
0 0.799711815625 0.6108108109375 0.8083573484375 0.609009009375 0.8134005765625 0.6009009015625 0.81123919375 0.58108108125 0.8076368875 0.5774774781249999 0.799711815625 0.578378378125 0.793227665625 0.5945945953125 0.7953890484375 0.6072072078125 0.799711815625 0.6108108109375
0 0.8530259359375 0.60630630625 0.863832853125 0.6081081078125 0.870317003125 0.6018018015625 0.8710374640625 0.590990990625 0.8674351578125 0.5765765765624999 0.8595100859375 0.5747747750000001 0.8515850140625 0.5855855859375 0.8501440921875 0.6009009015625 0.8530259359375 0.60630630625
0 0.9099423625 0.60630630625 0.918587896875 0.6072072078125 0.925072046875 0.6027027031250001 0.92651296875 0.590990990625 0.9221902015625 0.5747747750000001 0.9128242078125 0.5747747750000001 0.9077809796875 0.5882882890625 0.9063400578125 0.6009009015625 0.9099423625 0.60630630625
0 0.97766570625 0.6045045046874999 0.9812680109375 0.597297296875 0.9798270890625 0.58108108125 0.9740634 0.575675675 0.97118155625 0.5774774781249999 0.9682997125 0.584684684375 0.969740634375 0.6045045046874999 0.97766570625 0.6045045046874999