0 0.21597222187499998 0 0.21597222187499998 0.0026041671875 0.21875 0.010416667187500001 0.22430555624999998 0.01649305625 0.23611111093749998 0.013888889062500001 0.23958333281250002 0.0095486109375 0.24097222187499998 0 0.23740069375 0 0.21597222187499998 0
0 0.20277777812500003 0.035590278125 0.2125 0.03125 0.21805555625 0.0208333328125 0.2166666671875 0.011284721875 0.209027778125 0.004340278125 0.20347222187499997 0.004340278125 0.2 0.0060763890625 0.19444444375 0.015625 0.19583333281249998 0.03038194375 0.20277777812500003 0.035590278125
0 0.22430555624999998 0.053819443749999994 0.23263888906250002 0.0529513890625 0.2375 0.04600694375 0.23819444375 0.027777778125000003 0.23194444375 0.0217013890625 0.22638888906250001 0.0217013890625 0.2201388890625 0.0260416671875 0.2173611109375 0.035590278125 0.21875 0.046875 0.22430555624999998 0.053819443749999994
0 0.20347222187499997 0.073784721875 0.21319444375000002 0.06944444375 0.21875 0.05729166718749999 0.2166666671875 0.046875 0.209027778125 0.03993055625 0.20416666718749998 0.03993055625 0.19930555625 0.043402778125 0.196527778125 0.051215278125 0.1979166671875 0.06857638906249999 0.20347222187499997 0.073784721875
0 0.21944444375 0.089409721875 0.2236111109375 0.09461805625 0.22777777812500002 0.09548611093750001 0.23402777812500003 0.09114583281250001 0.23680555625 0.07638888906249999 0.23472222187499997 0.06336805625 0.22916666718749998 0.05989583281250001 0.2270833328125 0.05989583281250001 0.21944444375 0.06510416718749999 0.21597222187499998 0.073784721875 0.21597222187499998 0.08072916718749999 0.21944444375 0.089409721875
0 0.20416666718749998 0.112847221875 0.21180555625 0.109375 0.21875 0.09895833281250001 0.2173611109375 0.08854166718749999 0.209027778125 0.07986111093750001 0.20833333281250002 0.07899305625 0.20347222187499997 0.08072916718749999 0.1986111109375 0.089409721875 0.19930555625 0.1067708328125 0.20416666718749998 0.112847221875
0 0.21805555625 0.13107638906250002 0.2270833328125 0.13194444375 0.23333333281250002 0.12673611093749998 0.23402777812500003 0.105902778125 0.23055555625 0.1015625 0.22638888906250001 0.1015625 0.21875 0.1041666671875 0.2104166671875 0.11805555625 0.21111111093749999 0.12413194375 0.21805555625 0.13107638906250002
0 0.2125 0.16059027812499999 0.225 0.15625 0.2298611109375 0.1458333328125 0.22430555624999998 0.13628472187500001 0.21319444375000002 0.13194444375 0.2125 0.13107638906250002 0.20625 0.13368055625 0.20277777812500003 0.1432291671875 0.20347222187499997 0.1536458328125 0.2125 0.16059027812499999
0 0.20972222187499998 0.18923611093749998 0.21875 0.19097222187500001 0.22916666718749998 0.18576388906250002 0.23194444375 0.1770833328125 0.23055555625 0.16753472187500001 0.222222221875 0.16232638906250002 0.21944444375 0.16232638906250002 0.209027778125 0.1666666671875 0.20625 0.17100694375 0.20486111093749998 0.17795138906250002 0.20972222187499998 0.18923611093749998
0 0.215277778125 0.22482638906250002 0.225 0.222222221875 0.23055555625 0.21267361093749998 0.2298611109375 0.20052083281250002 0.2208333328125 0.19444444375 0.21944444375 0.19444444375 0.2076388890625 0.19965277812499999 0.20555555625 0.207465278125 0.2076388890625 0.22135416718749998 0.215277778125 0.22482638906250002
0 0.2166666671875 0.2630208328125 0.22430555624999998 0.2604166671875 0.2298611109375 0.2517361109375 0.22916666718749998 0.23524305625 0.2208333328125 0.22829861093749998 0.2166666671875 0.22829861093749998 0.2076388890625 0.23611111093749998 0.2076388890625 0.25347222187499996 0.21180555625 0.2604166671875 0.2166666671875 0.2630208328125
0 0.21597222187499998 0.3029513890625 0.225 0.30034722187499996 0.22916666718749998 0.2907986109375 0.228472221875 0.2751736109375 0.22152777812500002 0.2673611109375 0.2166666671875 0.2673611109375 0.21111111093749999 0.27256944375000003 0.209027778125 0.28038194375000003 0.2104166671875 0.2986111109375 0.21597222187499998 0.3029513890625
0 0.2201388890625 0.34461805624999997 0.225 0.34288194375000003 0.22916666718749998 0.33506944375000003 0.22916666718749998 0.3177083328125 0.22291666718749997 0.30815972187499996 0.21805555625 0.30815972187499996 0.21111111093749999 0.3142361109375 0.2104166671875 0.33506944375000003 0.21319444375000002 0.3420138890625 0.2201388890625 0.34461805624999997
0 0.2173611109375 0.3854166671875 0.22430555624999998 0.3845486109375 0.2298611109375 0.3776041671875 0.22916666718749998 0.3567708328125 0.222222221875 0.3498263890625 0.21875 0.3498263890625 0.21458333281250003 0.3515625 0.2104166671875 0.359375 0.2104166671875 0.3776041671875 0.2173611109375 0.3854166671875
0 0.21875 0.42621527812500004 0.22430555624999998 0.42534722187499996 0.2298611109375 0.4192708328125 0.2298611109375 0.39930555624999997 0.228472221875 0.39496527812500004 0.222222221875 0.38975694375000003 0.21944444375 0.38975694375000003 0.21458333281250003 0.39149305624999997 0.2104166671875 0.4001736109375 0.21111111093749999 0.41840277812500004 0.21875 0.42621527812500004
0 0.22430555624999998 0.4626736109375 0.23055555625 0.4548611109375 0.2298611109375 0.43836805625 0.225 0.4322916671875 0.21875 0.4322916671875 0.21180555625 0.4392361109375 0.21180555625 0.45225694375 0.2166666671875 0.4626736109375 0.22430555624999998 0.4626736109375
0 0.2166666671875 0.5008680562500001 0.228472221875 0.49913194375 0.23125 0.49305555625 0.2298611109375 0.4739583328125 0.2236111109375 0.46788194375 0.21944444375 0.46788194375 0.2125 0.4739583328125 0.21111111093749999 0.484375 0.2125 0.4973958328125 0.2166666671875 0.5008680562500001
0 0.2138888890625 0.5373263890625 0.2201388890625 0.5416666671875 0.22916666718749998 0.5381944437499999 0.23194444375 0.5329861109375 0.23125 0.5164930562500001 0.2298611109375 0.512152778125 0.2236111109375 0.5069444437499999 0.21944444375 0.5069444437499999 0.21458333281250003 0.5104166671875 0.21180555625 0.5173611109375 0.21180555625 0.526909721875 0.2138888890625 0.5373263890625
0 0.2173611109375 0.5763888890625 0.22638888906250001 0.5772569437499999 0.23263888906250002 0.5729166671875 0.23263888906250002 0.5572916671875 0.2298611109375 0.5494791671875 0.22430555624999998 0.5460069437499999 0.2201388890625 0.5460069437499999 0.215277778125 0.5486111109375 0.2125 0.5538194437499999 0.21180555625 0.5711805562500001 0.2173611109375 0.5763888890625
0 0.2701388890625 0.598090278125 0.28680555625 0.5998263890625 0.29375 0.5963541671875 0.29652777812500003 0.590277778125 0.2958333328125 0.5842013890625 0.2875 0.5772569437499999 0.284027778125 0.5772569437499999 0.2736111109375 0.5772569437499999 0.26944444375 0.5807291671875 0.2673611109375 0.5920138890625 0.2701388890625 0.598090278125
0 0.37152777812500004 0.5963541671875 0.37569444375 0.5989583328125 0.3888888890625 0.5989583328125 0.39444444375 0.5963541671875 0.39791666718749996 0.5911458328125 0.39791666718749996 0.582465278125 0.396527778125 0.5789930562500001 0.3888888890625 0.574652778125 0.3854166671875 0.574652778125 0.375 0.5755208328125 0.3708333328125 0.5789930562500001 0.36875 0.5876736109375 0.37152777812500004 0.5963541671875
0 0.40416666718750005 0.597222221875 0.4173611109375 0.5989583328125 0.4263888890625 0.5928819437499999 0.4270833328125 0.5798611109375 0.42083333281249996 0.574652778125 0.4166666671875 0.574652778125 0.40833333281249995 0.574652778125 0.40277777812500004 0.5789930562500001 0.40138888906250003 0.5911458328125 0.40416666718750005 0.597222221875
0 0.5048611109375 0.5998263890625 0.5125 0.609375 0.51875 0.6076388890625 0.525 0.5928819437499999 0.52569444375 0.5798611109375 0.5215277781250001 0.574652778125 0.5170138890625 0.574652778125 0.5125 0.574652778125 0.509027778125 0.578125 0.5041666671875 0.5885416671875 0.5048611109375 0.5998263890625
0 0.56805555625 0.6223958328125 0.57569444375 0.620659721875 0.5798611109375 0.6145833328125 0.58125 0.6076388890625 0.577777778125 0.5911458328125 0.5722222218749999 0.5859375 0.5701388890625 0.5859375 0.5625 0.5920138890625 0.559027778125 0.605902778125 0.5618055562500001 0.6189236109375 0.56805555625 0.6223958328125
0 0.621527778125 0.620659721875 0.6298611109375 0.6189236109375 0.6361111109375 0.6119791671875 0.6347222218749999 0.5954861109375 0.627777778125 0.5876736109375 0.6236111109375 0.5876736109375 0.6173611109375 0.5946180562500001 0.6145833328125 0.605902778125 0.615972221875 0.6163194437499999 0.621527778125 0.620659721875
0 0.67569444375 0.6163194437499999 0.6868055562500001 0.613715278125 0.690277778125 0.6067708328125 0.6895833328125 0.5946180562500001 0.6861111109375 0.5868055562500001 0.68194444375 0.5842013890625 0.6805555562500001 0.5842013890625 0.6729166671875 0.589409721875 0.6701388890625 0.598090278125 0.6701388890625 0.6111111109375 0.67569444375 0.6163194437499999
0 0.7284722218749999 0.6171875 0.7375 0.6163194437499999 0.74444444375 0.6076388890625 0.7423611109375 0.59375 0.7395833328125 0.5876736109375 0.7361111109375 0.5859375 0.7354166671875 0.5859375 0.7284722218749999 0.5911458328125 0.72430555625 0.6015625 0.7236111109375 0.6085069437499999 0.7284722218749999 0.6171875
0 0.7854166671875 0.6163194437499999 0.79375 0.6154513890625 0.8 0.6076388890625 0.8 0.5954861109375 0.79375 0.5842013890625 0.7888888890625 0.5842013890625 0.784027778125 0.5885416671875 0.7798611109375 0.6032986109375 0.78125 0.6119791671875 0.7854166671875 0.6163194437499999
0 0.840277778125 0.6145833328125 0.84930555625 0.6119791671875 0.8534722218749999 0.6041666671875 0.8513888890624999 0.5885416671875 0.8458333328125001 0.5833333328125 0.8444444437499999 0.5833333328125 0.8395833328125001 0.5876736109375 0.8340277781250001 0.6015625 0.8354166671875 0.6111111109375 0.840277778125 0.6145833328125
0 0.89444444375 0.613715278125 0.9041666671874999 0.6119791671875 0.9083333328125001 0.605034721875 0.909027778125 0.5954861109375 0.9055555562500001 0.5833333328125 0.90069444375 0.581597221875 0.9 0.5807291671875 0.89375 0.5842013890625 0.8895833328125 0.5998263890625 0.8895833328125 0.6085069437499999 0.89444444375 0.613715278125
0 0.94930555625 0.612847221875 0.9618055562500001 0.6067708328125 0.9618055562500001 0.5920138890625 0.959722221875 0.5833333328125 0.95555555625 0.5789930562500001 0.9520833328125 0.5789930562500001 0.9444444437499999 0.5876736109375 0.9423611109375001 0.5989583328125 0.94305555625 0.6076388890625 0.94930555625 0.612847221875
1 0.007638889062499999 0.6276041671875 0.013888889062500001 0.6310763890625 0.027777778125000003 0.628472221875 0.036805556249999996 0.6171875 0.036805556249999996 0.6015625 0.034027778125000005 0.5911458328125 0.03125 0.5859375 0.019444443750000002 0.5807291671875 0.0173611109375 0.5807291671875 0.00555555625 0.5859375 0.0020833328125000002 0.5920138890625 0.0034722218749999997 0.6197916671875 0.007638889062499999 0.6276041671875
1 0.046527778125 0.625 0.05208333281250001 0.628472221875 0.06875 0.6232638890625 0.07430555625 0.6111111109375 0.071527778125 0.5911458328125 0.06527777812499999 0.5833333328125 0.059722221875 0.5807291671875 0.0548611109375 0.5807291671875 0.046527778125 0.5842013890625 0.0395833328125 0.5998263890625 0.04305555625 0.6189236109375 0.046527778125 0.625
1 0.0791666671875 0.6171875 0.08333333281250001 0.6232638890625 0.09444444375 0.6276041671875 0.10555555624999999 0.6241319437499999 0.11180555625 0.613715278125 0.11180555625 0.597222221875 0.10833333281249999 0.5876736109375 0.10069444375 0.5807291671875 0.0958333328125 0.5807291671875 0.0951388890625 0.5798611109375 0.084027778125 0.582465278125 0.0791666671875 0.5885416671875 0.077777778125 0.5946180562500001 0.0791666671875 0.6171875
1 0.1263888890625 0.6276041671875 0.13055555624999998 0.628472221875 0.14305555625 0.6241319437499999 0.14791666718750002 0.6171875 0.15 0.6076388890625 0.146527778125 0.589409721875 0.140972221875 0.582465278125 0.134722221875 0.5798611109375 0.12847222187500001 0.5798611109375 0.11736111093749999 0.589409721875 0.115277778125 0.6085069437499999 0.11875 0.6189236109375 0.1263888890625 0.6276041671875
1 0.15555555625 0.6154513890625 0.16319444375 0.6267361109375 0.16944444375 0.6276041671875 0.178472221875 0.6241319437499999 0.1875 0.613715278125 0.1895833328125 0.5954861109375 0.1833333328125 0.5842013890625 0.1763888890625 0.5798611109375 0.172222221875 0.5798611109375 0.1604166671875 0.581597221875 0.15625 0.5868055562500001 0.1541666671875 0.5946180562500001 0.15555555625 0.6154513890625
1 0.196527778125 0.5998263890625 0.20138888906250002 0.6032986109375 0.24097222187499998 0.6006944437499999 0.2479166671875 0.5989583328125 0.252777778125 0.5920138890625 0.2520833328125 0.582465278125 0.246527778125 0.578125 0.23263888906250002 0.5772569437499999 0.21944444375 0.5798611109375 0.2138888890625 0.5772569437499999 0.21006944375 0.5772569437499999 0.20208333281250002 0.578125 0.196527778125 0.582465278125 0.19375 0.5876736109375 0.196527778125 0.5998263890625
1 0.30625 0.598090278125 0.31319444375 0.6006944437499999 0.35 0.5998263890625 0.35902777812500003 0.5928819437499999 0.35972222187499997 0.5833333328125 0.35555555625 0.578125 0.33541666718749996 0.5755208328125 0.33125 0.5755208328125 0.30694444375 0.5772569437499999 0.3020833328125 0.5833333328125 0.3013888890625 0.5911458328125 0.30625 0.598090278125
1 0.4388888890625 0.5989583328125 0.4791666671875 0.598090278125 0.4861111109375 0.5946180562500001 0.490277778125 0.5868055562500001 0.4888888890625 0.5789930562500001 0.4826388890625 0.573784721875 0.4604166671875 0.5729166671875 0.45625 0.5729166671875 0.43333333281249997 0.5755208328125 0.4298611109375 0.582465278125 0.43125 0.59375 0.4388888890625 0.5989583328125
1 0.525 0.6154513890625 0.5326388890625 0.621527778125 0.54444444375 0.6197916671875 0.5555555562500001 0.6076388890625 0.559027778125 0.5833333328125 0.5541666671875001 0.5763888890625 0.5458333328125 0.5729166671875 0.54131944375 0.5729166671875 0.5326388890625 0.574652778125 0.5291666671875 0.5798611109375 0.5243055562500001 0.6032986109375 0.525 0.6154513890625
1 0.590972221875 0.6180555562500001 0.5951388890625 0.6197916671875 0.59930555625 0.6197916671875 0.6083333328125 0.613715278125 0.6152777781250001 0.5928819437499999 0.6138888890625 0.5789930562500001 0.60694444375 0.5729166671875 0.6013888890625 0.5720486109375 0.596527778125 0.5720486109375 0.5861111109375 0.573784721875 0.58055555625 0.5833333328125 0.5833333328125 0.605902778125 0.590972221875 0.6180555562500001
1 0.6458333328125 0.6171875 0.6548611109375 0.6180555562500001 0.6611111109375 0.6145833328125 0.6659722218749999 0.6076388890625 0.66944444375 0.581597221875 0.6631944437499999 0.5729166671875 0.65069444375 0.5711805562500001 0.65 0.5703125 0.640972221875 0.573784721875 0.6361111109375 0.5885416671875 0.640972221875 0.6111111109375 0.6458333328125 0.6171875
1 0.696527778125 0.6119791671875 0.7013888890625 0.6163194437499999 0.7138888890625 0.613715278125 0.71875 0.6076388890625 0.72430555625 0.5876736109375 0.722222221875 0.5763888890625 0.715972221875 0.5703125 0.709722221875 0.5694444437499999 0.7041666671875 0.5694444437499999 0.6972222218749999 0.5720486109375 0.690972221875 0.5833333328125 0.69305555625 0.6032986109375 0.696527778125 0.6119791671875
1 0.7451388890625 0.5920138890625 0.7479166671875 0.6041666671875 0.753472221875 0.613715278125 0.7645833328125 0.6154513890625 0.7743055562500001 0.6067708328125 0.7791666671875 0.5807291671875 0.775 0.5720486109375 0.7604166671875 0.5685763890625 0.759027778125 0.5685763890625 0.7513888890625 0.5703125 0.7479166671875 0.574652778125 0.7451388890625 0.5807291671875 0.7451388890625 0.5920138890625
1 0.8131944437499999 0.613715278125 0.82430555625 0.6111111109375 0.8298611109375 0.5998263890625 0.8326388890624999 0.578125 0.8298611109375 0.5720486109375 0.82430555625 0.5677083328125 0.8206020828125 0.5677083328125 0.8076388890624999 0.5703125 0.8013888890624999 0.581597221875 0.8048611109375001 0.6041666671875 0.8131944437499999 0.613715278125
1 0.859027778125 0.6041666671875 0.8652777781250001 0.612847221875 0.8729166671874999 0.612847221875 0.8791666671874999 0.609375 0.8847222218749999 0.5989583328125 0.8875 0.5868055562500001 0.8854166671874999 0.5720486109375 0.8798611109375001 0.566840278125 0.8736111109375001 0.565972221875 0.8701388890624999 0.565972221875 0.8611111109375 0.5685763890625 0.85555555625 0.5789930562500001 0.85555555625 0.589409721875 0.859027778125 0.6041666671875
1 0.915277778125 0.605902778125 0.9229166671875 0.6119791671875 0.93194444375 0.609375 0.9368055562500001 0.6024305562500001 0.9395833328125001 0.5928819437499999 0.940277778125 0.5755208328125 0.9375 0.5677083328125 0.9333333328125001 0.5651041671875 0.9293979171875 0.5651041671875 0.9173611109375001 0.566840278125 0.9104166671874999 0.578125 0.9125 0.5989583328125 0.915277778125 0.605902778125
1 0.9694444437499999 0.605902778125 0.9729166671874999 0.609375 0.98680555625 0.6085069437499999 0.9923611109375001 0.5998263890625 0.9951388890624999 0.5711805562500001 0.9916666671875 0.5651041671875 0.9875 0.5633680562500001 0.984027778125 0.5633680562500001 0.9701388890624999 0.565972221875 0.9645833328125001 0.5772569437499999 0.965972221875 0.5954861109375 0.9694444437499999 0.605902778125