0 0.21597222187499998 0 0.21597222187499998 0.0026041671875 0.22152777812500002 0.014756943750000001 0.228472221875 0.0173611109375 0.23541666718749998 0.014756943750000001 0.23958333281250002 0.0095486109375 0.240277778125 0 0.23680555625 0 0.21597222187499998 0
0 0.20069444375 0.0364583328125 0.2104166671875 0.034722221875 0.21805555625 0.02256944375 0.2173611109375 0.013888889062500001 0.209027778125 0.0052083328125 0.20347222187499997 0.0052083328125 0.1986111109375 0.0078125 0.19444444375 0.015625 0.19583333281249998 0.03211805625 0.20069444375 0.0364583328125
0 0.22430555624999998 0.0546875 0.23125 0.0546875 0.2375 0.046875 0.23819444375 0.0286458328125 0.2298611109375 0.02256944375 0.2270833328125 0.02256944375 0.22152777812500002 0.0251736109375 0.2173611109375 0.035590278125 0.21875 0.0486111109375 0.22430555624999998 0.0546875
0 0.20347222187499997 0.074652778125 0.2125 0.07118055625 0.21875 0.059027778125 0.21875 0.05208333281250001 0.20972222187499998 0.0416666671875 0.20416666718749998 0.0416666671875 0.2 0.0442708328125 0.196527778125 0.055555556250000006 0.1979166671875 0.06857638906249999 0.20347222187499997 0.074652778125
0 0.22569444375 0.09635416718749999 0.23263888906250002 0.09461805625 0.23611111093749998 0.08680555625 0.23611111093749998 0.06770833281250001 0.23055555625 0.061631943749999994 0.22430555624999998 0.061631943749999994 0.21805555625 0.06944444375 0.21597222187499998 0.08072916718749999 0.2201388890625 0.09114583281250001 0.22569444375 0.09635416718749999
0 0.2104166671875 0.1119791671875 0.21944444375 0.09982638906249999 0.2166666671875 0.08767361093750001 0.209027778125 0.08072916718749999 0.20555555625 0.08072916718749999 0.1986111109375 0.090277778125 0.19930555625 0.1076388890625 0.20416666718749998 0.113715278125 0.2104166671875 0.1119791671875
0 0.23125 0.13107638906250002 0.23402777812500003 0.125 0.23402777812500003 0.1067708328125 0.2298611109375 0.10243055625 0.2236111109375 0.10243055625 0.20972222187499998 0.1189236109375 0.21180555625 0.12847222187500001 0.222222221875 0.13368055625 0.23125 0.13107638906250002
0 0.21111111093749999 0.16232638906250002 0.222222221875 0.16059027812499999 0.2298611109375 0.1510416671875 0.228472221875 0.14149305625 0.2166666671875 0.13368055625 0.21319444375000002 0.13368055625 0.20486111093749998 0.1380208328125 0.20277777812500003 0.14496527812499999 0.20416666718749998 0.15711805625 0.21111111093749999 0.16232638906250002
0 0.209027778125 0.19097222187500001 0.22152777812500002 0.1927083328125 0.2298611109375 0.18663194375 0.23194444375 0.17361111093749998 0.22430555624999998 0.16493055625 0.22048611093749998 0.16493055625 0.209027778125 0.16840277812499999 0.20625 0.171875 0.20486111093749998 0.18142361093749998 0.209027778125 0.19097222187500001
0 0.2138888890625 0.2265625 0.22430555624999998 0.22482638906250002 0.22916666718749998 0.21961805625 0.23055555625 0.20399305625 0.2236111109375 0.19704861093749998 0.21979166718749998 0.19704861093749998 0.20972222187499998 0.20052083281250002 0.20625 0.206597221875 0.20694444375 0.22135416718749998 0.2138888890625 0.2265625
0 0.215277778125 0.26475694375000003 0.2236111109375 0.2638888890625 0.22916666718749998 0.2552083328125 0.22916666718749998 0.237847221875 0.22638888906250001 0.23350694375 0.2201388890625 0.230902778125 0.21944444375 0.230902778125 0.2104166671875 0.234375 0.2076388890625 0.23958333281250002 0.20833333281250002 0.25694444375000003 0.215277778125 0.26475694375000003
0 0.2166666671875 0.30555555624999997 0.22430555624999998 0.30381944375000003 0.228472221875 0.2951388890625 0.228472221875 0.27777777812500004 0.22291666718749997 0.2708333328125 0.21944444375 0.2708333328125 0.21458333281250003 0.2717013890625 0.20972222187499998 0.2786458328125 0.20972222187499998 0.2986111109375 0.2166666671875 0.30555555624999997
0 0.21597222187499998 0.3463541671875 0.22430555624999998 0.3454861109375 0.22916666718749998 0.3376736109375 0.228472221875 0.3177083328125 0.2208333328125 0.3107638890625 0.21944444375 0.3107638890625 0.21458333281250003 0.3125 0.2104166671875 0.3203125 0.21111111093749999 0.34027777812500004 0.21597222187499998 0.3463541671875
0 0.21458333281250003 0.38628472187499996 0.21944444375 0.3888888890625 0.225 0.38715277812500004 0.2298611109375 0.3802083328125 0.22916666718749998 0.359375 0.225 0.3532986109375 0.2208333328125 0.35243055624999997 0.2201388890625 0.3515625 0.215277778125 0.3532986109375 0.2104166671875 0.3611111109375 0.21111111093749999 0.3802083328125 0.21458333281250003 0.38628472187499996
0 0.21597222187499998 0.4279513890625 0.225 0.4270833328125 0.2298611109375 0.4201388890625 0.2298611109375 0.4001736109375 0.22152777812500002 0.3923611109375 0.21944444375 0.3923611109375 0.2138888890625 0.39496527812500004 0.2104166671875 0.40625 0.21111111093749999 0.4201388890625 0.21597222187499998 0.4279513890625
0 0.21944444375 0.4661458328125 0.22569444375 0.46440972187499996 0.23125 0.4548611109375 0.2298611109375 0.44097222187499996 0.225 0.4348958328125 0.21875 0.4348958328125 0.21180555625 0.44184027812500004 0.21180555625 0.4548611109375 0.21458333281250003 0.4626736109375 0.21944444375 0.4661458328125
0 0.2201388890625 0.504340278125 0.2270833328125 0.5026041671875 0.23125 0.4947916671875 0.23055555625 0.4782986109375 0.2236111109375 0.4704861109375 0.21944444375 0.4704861109375 0.21180555625 0.47743055625 0.21111111093749999 0.4869791671875 0.2125 0.4982638890625 0.2201388890625 0.504340278125
0 0.21944444375 0.543402778125 0.22777777812500002 0.5416666671875 0.23194444375 0.534722221875 0.23125 0.5173611109375 0.225 0.5095486109375 0.22152777812500002 0.5095486109375 0.2166666671875 0.5104166671875 0.21180555625 0.5217013890625 0.21319444375000002 0.5373263890625 0.21944444375 0.543402778125
0 0.225 0.5772569437499999 0.23263888906250002 0.5711805562500001 0.23194444375 0.5564236109375 0.225 0.5477430562500001 0.2201388890625 0.5477430562500001 0.2125 0.5555555562500001 0.21111111093749999 0.5729166671875 0.2138888890625 0.578125 0.225 0.5772569437499999
0 0.2951388890625 0.5998263890625 0.3111111109375 0.5998263890625 0.31805555625 0.5920138890625 0.31805555625 0.5842013890625 0.315277778125 0.5789930562500001 0.30555555624999997 0.5763888890625 0.30173611093749997 0.5763888890625 0.29305555625 0.578125 0.28958333281250004 0.5842013890625 0.290277778125 0.5946180562500001 0.2951388890625 0.5998263890625
0 0.39375 0.597222221875 0.40833333281249995 0.5989583328125 0.415277778125 0.5963541671875 0.41875 0.5920138890625 0.41875 0.5798611109375 0.40972222187499996 0.574652778125 0.40625 0.574652778125 0.3958333328125 0.5755208328125 0.39305555625 0.578125 0.39097222187499997 0.5911458328125 0.39375 0.597222221875
0 0.4263888890625 0.597222221875 0.44444444375 0.5963541671875 0.4486111109375 0.5876736109375 0.4479166671875 0.5789930562500001 0.44444444375 0.574652778125 0.440277778125 0.574652778125 0.427777778125 0.574652778125 0.4236111109375 0.5789930562500001 0.42291666718750004 0.590277778125 0.4263888890625 0.597222221875
0 0.5201388890625 0.6145833328125 0.527777778125 0.613715278125 0.534027778125 0.6067708328125 0.5354166671875 0.582465278125 0.5298611109375 0.5763888890625 0.5243055562500001 0.5763888890625 0.51875 0.581597221875 0.5145833328125 0.5946180562500001 0.515972221875 0.6102430562500001 0.5201388890625 0.6145833328125
0 0.5791666671875 0.621527778125 0.5861111109375 0.6189236109375 0.5916666671875 0.6111111109375 0.590277778125 0.5963541671875 0.5840277781250001 0.5859375 0.578472221875 0.5859375 0.5729166671875 0.5928819437499999 0.5701388890625 0.6076388890625 0.5736111109375 0.6189236109375 0.5791666671875 0.621527778125
0 0.6326388890625 0.620659721875 0.6388888890625 0.6197916671875 0.6465277781250001 0.6111111109375 0.6451388890625 0.5946180562500001 0.6388888890625 0.5868055562500001 0.6354166671875 0.5868055562500001 0.6291666671875 0.5920138890625 0.625 0.6111111109375 0.627777778125 0.6180555562500001 0.6326388890625 0.620659721875
0 0.6888888890625 0.6171875 0.6972222218749999 0.6145833328125 0.70069444375 0.6076388890625 0.6986111109375 0.589409721875 0.69305555625 0.5833333328125 0.6923611109375 0.5833333328125 0.684722221875 0.5876736109375 0.68125 0.6015625 0.6833333328125 0.612847221875 0.6888888890625 0.6171875
0 0.7395833328125 0.6171875 0.747222221875 0.6171875 0.7541666671875 0.609375 0.7541666671875 0.5963541671875 0.7479166671875 0.5859375 0.74375 0.5859375 0.7388888890625 0.5911458328125 0.734722221875 0.6032986109375 0.7354166671875 0.612847221875 0.7395833328125 0.6171875
0 0.7986111109375 0.6163194437499999 0.80625 0.613715278125 0.8104166671874999 0.605902778125 0.8083333328125001 0.5876736109375 0.8027777781250001 0.5833333328125 0.8013888890624999 0.5833333328125 0.79444444375 0.5885416671875 0.7909722218749999 0.5989583328125 0.7923611109375 0.6111111109375 0.7986111109375 0.6163194437499999
0 0.8513888890624999 0.6154513890625 0.859027778125 0.612847221875 0.8638888890624999 0.6032986109375 0.8625 0.5920138890625 0.8576388890625 0.5833333328125 0.85555555625 0.5833333328125 0.84930555625 0.5876736109375 0.8444444437499999 0.6024305562500001 0.8458333328125001 0.6119791671875 0.8513888890624999 0.6154513890625
0 0.9076388890624999 0.613715278125 0.9138888890624999 0.6119791671875 0.91944444375 0.6006944437499999 0.9166666671874999 0.5842013890625 0.9131944437499999 0.5807291671875 0.9076388890624999 0.5807291671875 0.902777778125 0.5868055562500001 0.9 0.6015625 0.9020833328125001 0.6111111109375 0.9076388890624999 0.613715278125
0 0.9583333328125001 0.6119791671875 0.965972221875 0.6119791671875 0.9708333328125001 0.6076388890625 0.971527778125 0.5963541671875 0.9666666671874999 0.581597221875 0.9618055562500001 0.581597221875 0.9583333328125001 0.5833333328125 0.9548611109375 0.5989583328125 0.9548611109375 0.6067708328125 0.9583333328125001 0.6119791671875
1 0.014583332812499999 0.625 0.020138889062500002 0.6302083328125 0.032638889062499996 0.6302083328125 0.03819444375 0.6276041671875 0.047222221875 0.6145833328125 0.04444444375 0.5911458328125 0.03819444375 0.5833333328125 0.029166667187500002 0.5807291671875 0.02430555625 0.5807291671875 0.0166666671875 0.5850694437499999 0.01180555625 0.5954861109375 0.0125 0.6180555562500001 0.014583332812499999 0.625
1 0.04930555625 0.6076388890625 0.052777778124999994 0.6189236109375 0.0645833328125 0.628472221875 0.07291666718749999 0.6276041671875 0.078472221875 0.6232638890625 0.084027778125 0.609375 0.08194444375 0.5928819437499999 0.07569444374999999 0.5833333328125 0.0701388890625 0.5807291671875 0.065625 0.5807291671875 0.061111110937500004 0.5807291671875 0.052777778124999994 0.5859375 0.04930555625 0.598090278125 0.04930555625 0.6076388890625
1 0.09930555625000001 0.6276041671875 0.10833333281249999 0.6276041671875 0.115277778125 0.6241319437499999 0.12222222187500001 0.6111111109375 0.1201388890625 0.5911458328125 0.115277778125 0.5842013890625 0.10694444375 0.5798611109375 0.10069444375 0.5798611109375 0.09305555625 0.5842013890625 0.08680555625 0.6006944437499999 0.09097222187500001 0.6180555562500001 0.09930555625000001 0.6276041671875
1 0.13125 0.6241319437499999 0.13819444375 0.6276041671875 0.147222221875 0.6276041671875 0.1548611109375 0.6232638890625 0.159027778125 0.613715278125 0.159027778125 0.5963541671875 0.15555555625 0.5876736109375 0.1458333328125 0.5798611109375 0.1420138890625 0.5798611109375 0.13194444375 0.582465278125 0.12569444375 0.5928819437499999 0.1263888890625 0.6163194437499999 0.13125 0.6241319437499999
1 0.1729166671875 0.6232638890625 0.18055555625 0.6241319437499999 0.18819444375 0.6197916671875 0.19930555625 0.609375 0.20208333281250002 0.6032986109375 0.20208333281250002 0.590277778125 0.19444444375 0.5807291671875 0.190277778125 0.5789930562500001 0.186284721875 0.5789930562500001 0.171527778125 0.5807291671875 0.1625 0.5946180562500001 0.16388888906250001 0.6111111109375 0.1729166671875 0.6232638890625
1 0.21944444375 0.6006944437499999 0.2673611109375 0.6006944437499999 0.27638888906250003 0.59375 0.27569444375 0.5833333328125 0.2708333328125 0.5789930562500001 0.26319444375 0.5789930562500001 0.25555555625 0.5842013890625 0.2479166671875 0.5798611109375 0.24305555625 0.581597221875 0.23958333281250002 0.578125 0.23541666718749998 0.5807291671875 0.23402777812500003 0.578125 0.23125 0.578125 0.21597222187499998 0.5833333328125 0.2125 0.589409721875 0.2138888890625 0.5963541671875 0.21944444375 0.6006944437499999
1 0.3291666671875 0.5998263890625 0.3361111109375 0.6006944437499999 0.37013888906250003 0.5989583328125 0.37986111093749997 0.5920138890625 0.38055555625 0.5833333328125 0.3770833328125 0.578125 0.35902777812500003 0.5755208328125 0.35555555625 0.5755208328125 0.32847222187499997 0.5763888890625 0.3229166671875 0.5833333328125 0.3229166671875 0.5920138890625 0.3291666671875 0.5998263890625
1 0.45416666718750004 0.597222221875 0.5 0.5989583328125 0.5048611109375 0.5963541671875 0.5097222218749999 0.5885416671875 0.5083333328124999 0.5789930562500001 0.5020833328125 0.574652778125 0.46666666718750005 0.5729166671875 0.465972221875 0.5729166671875 0.45694444375 0.573784721875 0.4513888890625 0.5789930562500001 0.4513888890625 0.5920138890625 0.45416666718750004 0.597222221875
1 0.5409722218749999 0.6197916671875 0.55625 0.6197916671875 0.5611111109375 0.6171875 0.5666666671875 0.6076388890625 0.5701388890625 0.5842013890625 0.5604166671875 0.5729166671875 0.55625 0.5729166671875 0.54375 0.574652778125 0.5395833328124999 0.581597221875 0.53680555625 0.612847221875 0.5409722218749999 0.6197916671875
1 0.5958333328125 0.6111111109375 0.6 0.6171875 0.6041666671875 0.6189236109375 0.6173611109375 0.6145833328125 0.6243055562500001 0.5998263890625 0.6263888890625 0.5833333328125 0.621527778125 0.5755208328125 0.61319444375 0.5720486109375 0.609490971875 0.5720486109375 0.597222221875 0.573784721875 0.5930555562500001 0.5798611109375 0.5916666671875 0.5868055562500001 0.5958333328125 0.6111111109375
1 0.65 0.6067708328125 0.6583333328125 0.6180555562500001 0.6708333328125 0.6154513890625 0.67569444375 0.6085069437499999 0.678472221875 0.5989583328125 0.6791666671875001 0.5789930562500001 0.6701388890625 0.5711805562500001 0.6666666671875 0.5711805562500001 0.65625 0.5711805562500001 0.6520833328125 0.573784721875 0.647222221875 0.582465278125 0.65 0.6067708328125
1 0.70694444375 0.6111111109375 0.7118055562500001 0.6154513890625 0.7173611109375 0.6163194437499999 0.725 0.612847221875 0.7291666671875 0.6085069437499999 0.7326388890625 0.598090278125 0.734722221875 0.5798611109375 0.73055555625 0.5729166671875 0.7256944437499999 0.5703125 0.721875 0.5703125 0.7083333328125 0.5711805562500001 0.702777778125 0.5798611109375 0.7041666671875 0.6032986109375 0.70694444375 0.6111111109375
1 0.7666666671875 0.6154513890625 0.7701388890625 0.6163194437499999 0.7798611109375 0.612847221875 0.784722221875 0.6067708328125 0.7888888890625 0.5920138890625 0.7881944437499999 0.5755208328125 0.777777778125 0.5685763890625 0.77407430625 0.5685763890625 0.7611111109375 0.5711805562500001 0.75555555625 0.582465278125 0.7597222218749999 0.6067708328125 0.7666666671875 0.6154513890625
1 0.8166666671874999 0.6076388890625 0.821527778125 0.612847221875 0.8263888890625 0.613715278125 0.834722221875 0.6102430562500001 0.83819444375 0.6067708328125 0.840972221875 0.598090278125 0.84375 0.5859375 0.8430555562500001 0.5755208328125 0.840972221875 0.5711805562500001 0.834722221875 0.5677083328125 0.8307868062500001 0.5677083328125 0.81805555625 0.5703125 0.8131944437499999 0.5789930562500001 0.8131944437499999 0.5954861109375 0.8166666671874999 0.6076388890625
1 0.8763888890624999 0.612847221875 0.88819444375 0.6111111109375 0.8965277781250001 0.5928819437499999 0.897222221875 0.5755208328125 0.89305555625 0.5685763890625 0.88819444375 0.565972221875 0.8844909718749999 0.565972221875 0.871527778125 0.5685763890625 0.8652777781250001 0.5798611109375 0.8680555562500001 0.5998263890625 0.8763888890624999 0.612847221875
1 0.9277777781250001 0.6085069437499999 0.934027778125 0.6111111109375 0.9444444437499999 0.6076388890625 0.9513888890625 0.5876736109375 0.95069444375 0.5729166671875 0.94375 0.5651041671875 0.9393520828125 0.5651041671875 0.9277777781250001 0.566840278125 0.921527778125 0.578125 0.925 0.6032986109375 0.9277777781250001 0.6085069437499999
1 0.9763888890624999 0.5946180562500001 0.9854166671875 0.6102430562500001 0.9951388890624999 0.609375 0.9993055562500001 0.6067708328125 0.9993055562500001 0.5642361109375 0.98680555625 0.5633680562500001 0.9861111109375 0.5633680562500001 0.9791666671874999 0.566840278125 0.9756944437499999 0.5729166671875 0.97430555625 0.5798611109375 0.9763888890624999 0.5946180562500001