0 0.20863991093749998 0 0.2050724640625 0.007246376562499999 0.20724637656249997 0.022644928124999998 0.21376811562500003 0.028079709375 0.22173912968749998 0.026268115624999998 0.22608695625 0.019927535937499997 0.22681159375 0.0009057968749999999 0.22608695625 0 0.20863991093749998 0
0 0.1913043484375 0.01358695625 0.185507246875 0.0181159421875 0.1833333328125 0.024456521875 0.184782609375 0.0434782609375 0.1913043484375 0.04891304375 0.20072463749999997 0.0443840578125 0.2065217390625 0.032608695312500005 0.20724637656249997 0.0271739125 0.2043478265625 0.0208333328125 0.19710144999999998 0.01358695625 0.1913043484375 0.01358695625
0 0.20797101406250001 0.038043478125 0.2036231890625 0.048007246875 0.20579710156250003 0.061594203125000004 0.212318840625 0.0706521734375 0.2202898546875 0.0697463765625 0.22463768125 0.0588768109375 0.22536231875 0.042572464062499996 0.2202898546875 0.034420290625 0.21630434843750002 0.034420290625 0.20797101406250001 0.038043478125
0 0.185507246875 0.063405796875 0.186231884375 0.0842391296875 0.190579709375 0.0896739125 0.19710144999999998 0.088768115625 0.20579710156250003 0.07699275312500001 0.2065217390625 0.06793478281250001 0.2043478265625 0.0625 0.19637681093749998 0.0543478265625 0.1920289859375 0.0543478265625 0.185507246875 0.063405796875
0 0.20579710156250003 0.0815217390625 0.1978260875 0.0951086953125 0.1992753625 0.101449275 0.210869565625 0.10960144999999999 0.2159420296875 0.10960144999999999 0.22173912968749998 0.1032608703125 0.22246376875 0.0806159421875 0.2181159421875 0.07699275312500001 0.211594203125 0.07699275312500001 0.20579710156250003 0.0815217390625
0 0.189855071875 0.1159420296875 0.1913043484375 0.1322463765625 0.19710144999999998 0.137681159375 0.210144928125 0.13586956562500002 0.214492753125 0.1313405796875 0.2173913046875 0.1213768109375 0.212318840625 0.1132246375 0.20072463749999997 0.10778985468749999 0.19565217343750002 0.10778985468749999 0.189855071875 0.1159420296875
0 0.20072463749999997 0.1422101453125 0.1949275359375 0.1467391296875 0.1927536234375 0.1585144921875 0.19710144999999998 0.16757246406249998 0.213043478125 0.1684782609375 0.2181159421875 0.163043478125 0.2202898546875 0.148550725 0.21376811562500003 0.14039855 0.209420290625 0.14039855 0.20072463749999997 0.1422101453125
0 0.2 0.174818840625 0.1934782609375 0.1820652171875 0.1934782609375 0.1947463765625 0.1978260875 0.2038043484375 0.210869565625 0.2038043484375 0.2173913046875 0.19746376875 0.2188405796875 0.1820652171875 0.212318840625 0.17391304375 0.20724637656249997 0.17391304375 0.2 0.174818840625
0 0.20072463749999997 0.210144928125 0.1949275359375 0.2173913046875 0.1949275359375 0.235507246875 0.2043478265625 0.2445652171875 0.212318840625 0.2418478265625 0.2173913046875 0.235507246875 0.2173913046875 0.21557970937499998 0.20869565156249997 0.20833333281250002 0.20724637656249997 0.20833333281250002 0.20072463749999997 0.210144928125
0 0.1992753625 0.252717390625 0.19637681093749998 0.264492753125 0.1978260875 0.2789855078125 0.2043478265625 0.28623188437499997 0.212318840625 0.284420290625 0.2166666671875 0.27626811562500003 0.2166666671875 0.2590579703125 0.210144928125 0.249094203125 0.2050724640625 0.249094203125 0.1992753625 0.252717390625
0 0.2036231890625 0.2916666671875 0.1978260875 0.29891304375 0.1978260875 0.32065217343749997 0.2036231890625 0.3297101453125 0.212318840625 0.32789855 0.2173913046875 0.32065217343749997 0.2166666671875 0.29710145 0.20869565156249997 0.29076087031250003 0.20797101406250001 0.29076087031250003 0.2036231890625 0.2916666671875
0 0.19855072499999998 0.340579709375 0.19710144999999998 0.34963768125 0.19855072499999998 0.3659420296875 0.2036231890625 0.3713768109375 0.211594203125 0.3713768109375 0.2173913046875 0.3659420296875 0.2173913046875 0.3423913046875 0.211594203125 0.33514492812499996 0.2050724640625 0.33514492812499996 0.19855072499999998 0.340579709375
0 0.19855072499999998 0.38315217343749997 0.1978260875 0.40126811562500003 0.2 0.4103260875 0.20724637656249997 0.41485507187500004 0.21376811562500003 0.413043478125 0.2181159421875 0.40579710156250004 0.2181159421875 0.38496376875 0.212318840625 0.37681159375 0.20579710156250003 0.37681159375 0.19855072499999998 0.38315217343749997
0 0.1992753625 0.42753623125000006 0.19855072499999998 0.4329710140625 0.2021739125 0.45108695625 0.20724637656249997 0.45289855 0.2166666671875 0.4492753625 0.2181159421875 0.4456521734375 0.2188405796875 0.4311594203125 0.212318840625 0.42119565156250005 0.20579710156250003 0.42119565156250005 0.1992753625 0.42753623125000006
0 0.209420290625 0.4583333328125 0.20289855 0.46014492812499996 0.19855072499999998 0.46829710156250004 0.1992753625 0.48460145 0.201449275 0.4909420296875 0.2050724640625 0.4936594203125 0.214492753125 0.4927536234375 0.2195652171875 0.48278985468749996 0.2188405796875 0.4664855078125 0.213043478125 0.4583333328125 0.209420290625 0.4583333328125
0 0.20072463749999997 0.5036231890625 0.1992753625 0.5099637687499999 0.1992753625 0.523550725 0.2050724640625 0.534420290625 0.21376811562500003 0.534420290625 0.2195652171875 0.528079709375 0.2188405796875 0.5045289859375 0.212318840625 0.499094203125 0.2065217390625 0.499094203125 0.20072463749999997 0.5036231890625
0 0.2 0.548007246875 0.2 0.5661231890625 0.20797101406250001 0.573369565625 0.2159420296875 0.5742753625 0.22173912968749998 0.5688405796875 0.2210144921875 0.5534420296875 0.2188405796875 0.5452898546875 0.213043478125 0.5407608703125 0.20797101406250001 0.5407608703125 0.2 0.548007246875
0 0.2413043484375 0.57608695625 0.23840579687500002 0.5833333328125 0.23985507187500002 0.5951086953125 0.25289855 0.600543478125 0.2688405796875 0.5951086953125 0.2710144921875 0.590579709375 0.2702898546875 0.5815217390625 0.262318840625 0.575181159375 0.258405796875 0.575181159375 0.2413043484375 0.57608695625
0 0.36666666718749996 0.573369565625 0.361594203125 0.573369565625 0.35217391249999996 0.5742753625 0.34710145 0.5797101453125 0.3456521734375 0.586050725 0.35 0.5960144921875 0.3550724640625 0.598731884375 0.36739130468750003 0.5978260875 0.37536231875000003 0.5923913046875 0.37608695625 0.5797101453125 0.37246376875 0.575181159375 0.36666666718749996 0.573369565625
0 0.389130434375 0.5724637687499999 0.3818840578125 0.576992753125 0.3804347828125 0.5896739125 0.3840579703125 0.5960144921875 0.40072463750000004 0.5978260875 0.40724637656249996 0.5914855078125 0.40724637656249996 0.576992753125 0.40144927499999994 0.5724637687499999 0.397342753125 0.5724637687499999 0.389130434375 0.5724637687499999
0 0.4942028984375 0.575181159375 0.4913043484375 0.586050725 0.4949275359375 0.5960144921875 0.5050724640625 0.602355071875 0.512318840625 0.598731884375 0.5166666671875 0.5824275359375 0.5152173906249999 0.573369565625 0.5079710140625 0.5706521734375001 0.5014492749999999 0.5706521734375001 0.4942028984375 0.575181159375
0 0.5565217390625 0.590579709375 0.5521739125 0.60960145 0.5543478265624999 0.6177536234375001 0.5586956515625 0.6213768109375 0.5673913046875 0.6213768109375 0.57608695625 0.61141304375 0.57318840625 0.5923913046875 0.5673913046875 0.585144928125 0.5623188406249999 0.585144928125 0.5565217390625 0.590579709375
0 0.6210144921875 0.586050725 0.615217390625 0.590579709375 0.611594203125 0.6050724640625 0.612318840625 0.6150362312500001 0.6159420296875 0.6204710140625 0.62753623125 0.6195652171875 0.6333333328124999 0.61141304375 0.6333333328124999 0.598731884375 0.6297101453125 0.5896739125 0.6253623187499999 0.586050725 0.6210144921875 0.586050725
0 0.6710144921875 0.5914855078125 0.6681159421875 0.6032608703125 0.6681159421875 0.6132246375 0.6724637687499999 0.6186594203125 0.6789855078125 0.6177536234375001 0.689130434375 0.6068840578125 0.6876811593750001 0.5914855078125 0.6826086953125 0.585144928125 0.67681159375 0.585144928125 0.6710144921875 0.5914855078125
0 0.7282608703125 0.5932971015625 0.72536231875 0.6032608703125 0.72536231875 0.610507246875 0.7311594203125 0.6177536234375001 0.7427536234375001 0.6150362312500001 0.74710145 0.6059782609375 0.7442028984375 0.5914855078125 0.739130434375 0.585144928125 0.7347826093750001 0.585144928125 0.7282608703125 0.5932971015625
0 0.7942028984375 0.5824275359375 0.786231884375 0.590579709375 0.7840579703125 0.59963768125 0.7840579703125 0.6086956515625 0.790579709375 0.6159420296875 0.8 0.6132246375 0.8050724640625001 0.6041666671875 0.8036231890625001 0.5896739125 0.8007246374999999 0.5842391296875 0.7963768109375 0.5824275359375 0.7942028984375 0.5824275359375
0 0.8507246374999999 0.5824275359375 0.8456521734375 0.586050725 0.839855071875 0.602355071875 0.8405797093749999 0.6086956515625 0.8449275359374999 0.6150362312500001 0.8521739125 0.6150362312500001 0.860144928125 0.6068840578125 0.8586956515624999 0.5896739125 0.8572463765625 0.585144928125 0.8528985499999999 0.5824275359375 0.8507246374999999 0.5824275359375
0 0.901449275 0.586050725 0.8978260875 0.602355071875 0.8992753625000001 0.60960145 0.9036231890625 0.6132246375 0.913768115625 0.610507246875 0.9173913046875001 0.6059782609375 0.9173913046875001 0.590579709375 0.9115942031250001 0.5797101453125 0.9065217390625 0.5797101453125 0.901449275 0.586050725
0 0.9652173906250001 0.57789855 0.9579710140625 0.5824275359375 0.9543478265625 0.5923913046875 0.9536231890625 0.6059782609375 0.9579710140625 0.612318840625 0.9681159421875 0.61141304375 0.97318840625 0.6050724640625 0.97391304375 0.596920290625 0.9710144921874999 0.5815217390625 0.9666666671874999 0.57789855 0.9652173906250001 0.57789855
1 0 0.627566425 0.001449275 0.6268115937500001 0.010144928125 0.614130434375 0.009420290625 0.5978260875 0.0065217390624999995 0.5896739125 0.001449275 0.5824275359375 0 0.581870121875 0 0.627566425
1 0.034057970312500005 0.5788043484375 0.027536231249999998 0.5788043484375 0.015217390624999999 0.586050725 0.012318840624999999 0.5960144921875 0.012318840624999999 0.6086956515625 0.0181159421875 0.6240942031250001 0.028260870312500002 0.6295289859375 0.0413043484375 0.625 0.047826087499999996 0.6132246375 0.04710145 0.5923913046875 0.0420289859375 0.5833333328125 0.034057970312500005 0.5788043484375
1 0.07971014531250001 0.5815217390625 0.0702898546875 0.5788043484375 0.0695652171875 0.57789855 0.060144928125 0.5806159421875 0.05289855 0.5914855078125 0.051449275 0.600543478125 0.0543478265625 0.6177536234375001 0.061594203125000004 0.627717390625 0.06521739062500001 0.6286231890625 0.08043478281250001 0.6240942031250001 0.087681159375 0.612318840625 0.085507246875 0.5896739125 0.07971014531250001 0.5815217390625
1 0.12681159375 0.5960144921875 0.12391304375000001 0.586956521875 0.1173913046875 0.5797101453125 0.112318840625 0.57789855 0.10869565156250001 0.57789855 0.101449275 0.5788043484375 0.0949275359375 0.5842391296875 0.0913043484375 0.601449275 0.0920289859375 0.612318840625 0.0956521734375 0.6213768109375 0.1065217390625 0.627717390625 0.114492753125 0.627717390625 0.1210144921875 0.6240942031250001 0.12681159375 0.6132246375 0.12681159375 0.5960144921875
1 0.1492753625 0.576992753125 0.1456521734375 0.576992753125 0.13333333281249998 0.586050725 0.1304347828125 0.598731884375 0.1318840578125 0.6150362312500001 0.1427536234375 0.627717390625 0.1536231890625 0.6268115937500001 0.160144928125 0.6231884062499999 0.16811594218749998 0.6068840578125 0.163768115625 0.58786231875 0.1572463765625 0.5797101453125 0.1492753625 0.576992753125
1 0.22681159375 0.585144928125 0.2202898546875 0.576992753125 0.2021739125 0.5742753625 0.19855072499999998 0.5742753625 0.1797101453125 0.57608695625 0.17463768125 0.5797101453125 0.17246376875 0.585144928125 0.17246376875 0.596920290625 0.17608695624999998 0.6068840578125 0.188405796875 0.6086956515625 0.20579710156250003 0.600543478125 0.2181159421875 0.59963768125 0.22608695625 0.5914855078125 0.22681159375 0.585144928125
1 0.310869565625 0.573369565625 0.3086956515625 0.573369565625 0.2826086953125 0.575181159375 0.27681159375000003 0.5842391296875 0.27753623125 0.5923913046875 0.287681159375 0.59963768125 0.31231884062500004 0.59963768125 0.3289855078125 0.5978260875 0.336956521875 0.590579709375 0.337681159375 0.5824275359375 0.3326086953125 0.57608695625 0.310869565625 0.573369565625
1 0.4550724640625 0.5715579703125 0.4159420296875 0.5724637687499999 0.410869565625 0.57789855 0.410869565625 0.590579709375 0.4188405796875 0.5978260875 0.46086956562500003 0.5978260875 0.47246376874999996 0.588768115625 0.47318840624999997 0.5797101453125 0.4659420296875 0.5724637687499999 0.45869565156250003 0.5715579703125 0.4550724640625 0.5715579703125
1 0.5367152171875 0.5706521734375001 0.52318840625 0.5724637687499999 0.5181159421875 0.5842391296875 0.5159420296875 0.60960145 0.52608695625 0.6177536234375001 0.539130434375 0.6168478265624999 0.5492753625 0.6059782609375 0.5536231890625001 0.5824275359375 0.5478260875000001 0.5724637687499999 0.5413043484375 0.5706521734375001 0.5367152171875 0.5706521734375001
1 0.6043478265625 0.5715579703125 0.5963768109375 0.5697463765624999 0.5916666671875 0.5697463765624999 0.5818840578125 0.5715579703125 0.57536231875 0.586050725 0.5797101453125 0.6077898546875 0.587681159375 0.6195652171875 0.5956521734375 0.6195652171875 0.60289855 0.614130434375 0.6079710140625 0.6059782609375 0.612318840625 0.5896739125 0.610869565625 0.57789855 0.6043478265625 0.5715579703125
1 0.654106521875 0.5688405796875 0.639130434375 0.5715579703125 0.6333333328124999 0.5833333328125 0.636956521875 0.6059782609375 0.64710145 0.6177536234375001 0.65289855 0.6177536234375001 0.6615942031250001 0.610507246875 0.6688405796875 0.586956521875 0.6681159421875 0.576992753125 0.6586956515625 0.5688405796875 0.654106521875 0.5688405796875
1 0.713043478125 0.5679347828125 0.7086956515625 0.5679347828125 0.6963768109374999 0.5697463765624999 0.690579709375 0.5806159421875 0.6927536234375 0.6032608703125 0.701449275 0.6159420296875 0.710144928125 0.6159420296875 0.7166666671875 0.610507246875 0.7202898546875 0.6050724640625 0.72608695625 0.585144928125 0.72391304375 0.5742753625 0.713043478125 0.5679347828125
1 0.77753623125 0.5697463765624999 0.7666666671875 0.5661231890625 0.763043478125 0.5661231890625 0.7521739125 0.5688405796875 0.7463768109375 0.5815217390625 0.7514492749999999 0.6068840578125 0.760144928125 0.6150362312500001 0.7673913046874999 0.6150362312500001 0.77391304375 0.61141304375 0.7782608703125 0.6050724640625 0.7826086953125 0.586956521875 0.7826086953125 0.57789855 0.77753623125 0.5697463765624999
1 0.8231884062500001 0.565217390625 0.8123188406249999 0.5679347828125 0.8065217390624999 0.5806159421875 0.8108695656249999 0.6059782609375 0.8173913046875001 0.6132246375 0.82391304375 0.6132246375 0.8311594203125001 0.6086956515625 0.8391304343750001 0.586050725 0.837681159375 0.5715579703125 0.8268115937499999 0.565217390625 0.8231884062500001 0.565217390625
1 0.886231884375 0.5643115937500001 0.881642753125 0.5643115937500001 0.8702898546875 0.565217390625 0.862318840625 0.57608695625 0.862318840625 0.58786231875 0.8659420296875 0.6032608703125 0.87463768125 0.612318840625 0.887681159375 0.6086956515625 0.8934782609375 0.596920290625 0.8963768109375 0.57789855 0.8927536234375 0.5688405796875 0.886231884375 0.5643115937500001
1 0.9434782609375001 0.5625 0.9396137687499999 0.5625 0.92608695625 0.565217390625 0.9202898546875 0.576992753125 0.9231884062500001 0.600543478125 0.9297101453125001 0.610507246875 0.9384057968749999 0.610507246875 0.9442028984374999 0.6068840578125 0.9507246374999999 0.590579709375 0.9521739124999999 0.5742753625 0.9492753625000001 0.5661231890625 0.9434782609375001 0.5625
1 1 0.56272645 0.9956521734375 0.5606884062499999 0.9934782609375 0.5606884062499999 0.9811594203125 0.5643115937500001 0.97536231875 0.57608695625 0.9782608703125 0.5978260875 0.9840579703125 0.6077898546875 0.990579709375 0.610507246875 1 0.6077898546875 1 0.56272645