1 0.1713483140625 0.611403509375 0.174157303125 0.618421053125 0.1846910109375 0.6236842109375 0.2057584265625 0.6122807015625 0.21418539375 0.6 0.21067415781249998 0.5859649124999999 0.2064606734375 0.582456140625 0.180477528125 0.582456140625 0.1720505625 0.5912280703125 0.1713483140625 0.611403509375
1 0.1418539328125 0.6298245609374999 0.1551966296875 0.6307017546875 0.166432584375 0.6201754390625001 0.166432584375 0.6008771937499999 0.15800561875000002 0.5859649124999999 0.1432584265625 0.5842105265625 0.133426965625 0.5982456140625 0.1341292140625 0.618421053125 0.1418539328125 0.6298245609374999
1 0.09550561875 0.5956140343749999 0.0948033703125 0.6140350875 0.0990168546875 0.625438596875 0.1074438203125 0.631578946875 0.116573034375 0.631578946875 0.125702246875 0.625438596875 0.1299157296875 0.6026315796875 0.1221910109375 0.5868421046875001 0.1158707859375 0.5833333328125 0.103932584375 0.5842105265625 0.09550561875 0.5956140343749999
1 0.0582865171875 0.6192982453125 0.0667134828125 0.631578946875 0.075842696875 0.632456140625 0.083567415625 0.62894736875 0.0905898875 0.618421053125 0.0905898875 0.59912280625 0.08216292187499999 0.5859649124999999 0.0653089890625 0.58508771875 0.056179775 0.59912280625 0.0582865171875 0.6192982453125
1 0.0323033703125 0.63508771875 0.040730337500000005 0.6342105265625 0.04985955 0.625438596875 0.0533707859375 0.6061403515625 0.0463483140625 0.5877192984375 0.030196629687499997 0.5842105265625 0.0168539328125 0.5947368421875 0.021067415625 0.6307017546875 0.0323033703125 0.63508771875
1 0.1720505625 0.5912280703125 0.1713483140625 0.611403509375 0.1755617984375 0.6192982453125 0.181882021875 0.6228070171875 0.1903089890625 0.6228070171875 0.2057584265625 0.6122807015625 0.21418539375 0.6 0.21067415781249998 0.5859649124999999 0.202247190625 0.581578946875 0.180477528125 0.582456140625 0.1720505625 0.5912280703125
1 0 0.63491228125 0.0063202250000000005 0.6333333328124999 0.014747190625 0.6192982453125 0.013342696875 0.5973684203125 0.008426965625000001 0.588596490625 0.0028089890625 0.58508771875 0 0.58508771875 0 0.63491228125
1 0.24648876406250003 0.604385965625 0.29845505625 0.604385965625 0.30617977500000004 0.5947368421875 0.304073034375 0.58508771875 0.2970505625 0.5798245609375 0.24859550625 0.57894736875 0.24087078593750003 0.5859649124999999 0.2401685390625 0.596491228125 0.24648876406250003 0.604385965625
1 0.3532303375 0.5833333328125 0.3518258421875 0.5938596484375 0.35393258437499997 0.59912280625 0.361657303125 0.603508771875 0.40168539374999995 0.6017543859375001 0.40730337031249997 0.6 0.41292134843749995 0.5912280703125 0.4115168546875 0.5842105265625 0.403792134375 0.57894736875 0.366573034375 0.578070175 0.3532303375 0.5833333328125
1 0.4606741578125 0.5938596484375 0.46699438125 0.6008771937499999 0.506320225 0.604385965625 0.5126404499999999 0.6008771937499999 0.5175561796875 0.5912280703125 0.5161516859375 0.582456140625 0.508426965625 0.5771929828125 0.4683988765625 0.5771929828125 0.46207865156250005 0.5807017546875 0.4606741578125 0.5938596484375
1 0.5435393265624999 0.5921052625 0.5449438203125 0.6192982453125 0.54845505625 0.6236842109375 0.5575842703125 0.625438596875 0.5667134828125 0.62105263125 0.5723314609375 0.611403509375 0.57654494375 0.5868421046875001 0.5660112359375 0.5763157890625 0.5533707859375 0.5763157890625 0.5470505625000001 0.581578946875 0.5435393265624999 0.5921052625
1 0.596207865625 0.58508771875 0.596207865625 0.59912280625 0.6046348312500001 0.62105263125 0.6144662921874999 0.6236842109375 0.625702246875 0.6157894734375 0.63272471875 0.5921052625 0.630617978125 0.581578946875 0.625702246875 0.5771929828125 0.6088483140625 0.5745614031249999 0.6011235953125 0.5771929828125 0.596207865625 0.58508771875
1 0.6544943812499999 0.6 0.66081460625 0.617543859375 0.667837078125 0.6228070171875 0.6769662921874999 0.6201754390625001 0.6853932578124999 0.604385965625 0.68609550625 0.581578946875 0.6769662921874999 0.5745614031249999 0.6636235953125 0.5745614031249999 0.6544943812499999 0.5842105265625 0.6544943812499999 0.6
1 0.709971909375 0.5938596484375 0.714887640625 0.6157894734375 0.7219101125 0.6201754390625001 0.73595505625 0.6157894734375 0.743679775 0.5947368421875 0.74227528125 0.5798245609375 0.7345505625000001 0.5736842109375 0.7183988765625 0.5736842109375 0.7113764046875 0.5798245609375 0.709971909375 0.5938596484375
1 0.769662921875 0.6087719296875 0.7752808984375 0.618421053125 0.78581460625 0.618421053125 0.7942415734375 0.610526315625 0.7998595500000001 0.5903508765625001 0.7998595500000001 0.582456140625 0.7942415734375 0.5745614031249999 0.7752808984375 0.5728070171875 0.7675561796875 0.5833333328125 0.769662921875 0.6087719296875
1 0.8237359546875 0.6026315796875 0.8300561796875 0.6157894734375 0.83918539375 0.617543859375 0.847612359375 0.6122807015625 0.85463483125 0.588596490625 0.8504213484375001 0.5736842109375 0.8455056187500001 0.5710526312499999 0.8300561796875 0.571929825 0.8223314609375001 0.5833333328125 0.8237359546875 0.6026315796875
1 0.8848314609375001 0.6131578953125 0.8897471906250001 0.6166666671875001 0.9009831453125001 0.6122807015625 0.9094101125 0.5868421046875001 0.9058988765624999 0.5728070171875 0.8911516859375 0.5692982453125001 0.880617978125 0.5771929828125 0.8785112359375 0.5938596484375 0.8848314609375001 0.6131578953125
1 0.936797753125 0.6096491234375 0.9445224718749999 0.61491228125 0.9557584265625 0.611403509375 0.9613764046875 0.6008771937499999 0.9634831453125001 0.5877192984375 0.9606741578125 0.5728070171875 0.9543539328125 0.568421053125 0.9410112359375 0.568421053125 0.9325842703125 0.5807017546875 0.936797753125 0.6096491234375
1 1 0.568077803125 0.993679775 0.568421053125 0.9880617984375 0.5798245609375 0.9880617984375 0.5903508765625001 0.994382021875 0.611403509375 1 0.6130229421875 1 0.568077803125
0 0.2208567421875 0 0.2191011234375 0.004385965625 0.22050561875 0.0192982453125 0.22752809062499998 0.024561403125 0.2387640453125 0.0201754390625 0.242977528125 0.007017543750000001 0.2409346265625 0 0.2208567421875 0
0 0.20154494375 0.04298245625 0.208567415625 0.043859648437499996 0.21699438125 0.03508771875 0.2191011234375 0.0228070171875 0.2120786515625 0.013157895312500001 0.20154494375 0.014035087500000001 0.1966292140625 0.0201754390625 0.1966292140625 0.034210526562499996 0.20154494375 0.04298245625
0 0.2254213484375 0.0622807015625 0.23244382031250002 0.0622807015625 0.23735955 0.0578947375 0.2394662921875 0.0368421046875 0.2345505625 0.0307017546875 0.22612359531249998 0.0298245609375 0.2183988765625 0.0412280703125 0.21769662968749998 0.04912280625 0.2254213484375 0.0622807015625
0 0.20505617968749998 0.0842105265625 0.21418539375 0.081578946875 0.221207865625 0.0666666671875 0.2191011234375 0.0578947375 0.21137640468750002 0.05 0.2064606734375 0.05 0.1994382015625 0.057017543749999997 0.20084269687499998 0.0807017546875 0.20505617968749998 0.0842105265625
0 0.22401685468750002 0.1017543859375 0.2331460671875 0.103508771875 0.23665730312500002 0.09736842031250001 0.23665730312500002 0.0728070171875 0.23244382031250002 0.06929824531249999 0.2254213484375 0.0701754390625 0.2183988765625 0.081578946875 0.21769662968749998 0.088596490625 0.22401685468750002 0.1017543859375
0 0.20505617968749998 0.121929825 0.2127808984375 0.121929825 0.22191011249999998 0.1122807015625 0.222612359375 0.1052631578125 0.214887640625 0.09122807031249999 0.2064606734375 0.0903508765625 0.20154494375 0.095614034375 0.20154494375 0.11403508749999999 0.20505617968749998 0.121929825
0 0.2127808984375 0.14298245625 0.228932584375 0.145614034375 0.235252809375 0.1377192984375 0.23595505625 0.121929825 0.2338483140625 0.117543859375 0.2254213484375 0.11578947343749998 0.21067415781249998 0.1307017546875 0.20997190937500002 0.1377192984375 0.2127808984375 0.14298245625
0 0.2120786515625 0.1771929828125 0.2254213484375 0.1763157890625 0.2317415734375 0.16929824531249998 0.23244382031250002 0.1578947375 0.22612359531249998 0.15087719375 0.21418539375 0.14912280625000002 0.2064606734375 0.1578947375 0.20716292187500002 0.171929825 0.2120786515625 0.1771929828125
0 0.21067415781249998 0.20701754375 0.22050561875 0.20964912343750003 0.23033707812499998 0.204385965625 0.23244382031250002 0.1973684203125 0.23033707812499998 0.1833333328125 0.2183988765625 0.17982456093750002 0.208567415625 0.1859649125 0.20716292187500002 0.1947368421875 0.21067415781249998 0.20701754375
0 0.21348314531249998 0.24473684218749997 0.221207865625 0.245614034375 0.23033707812499998 0.238596490625 0.2310393265625 0.22105263125 0.22752809062499998 0.21578947343750002 0.21769662968749998 0.21403508750000003 0.20926966249999998 0.2192982453125 0.208567415625 0.23596491249999998 0.21348314531249998 0.24473684218749997
0 0.20997190937500002 0.2701754390625 0.2127808984375 0.282456140625 0.2183988765625 0.2859649125 0.2254213484375 0.2842105265625 0.23033707812499998 0.274561403125 0.23033707812499998 0.25526315781250003 0.22612359531249998 0.25 0.2183988765625 0.25 0.2120786515625 0.25526315781250003 0.20997190937500002 0.2701754390625
0 0.2183988765625 0.3236842109375 0.22612359531249998 0.32105263125 0.23033707812499998 0.31491228125 0.228932584375 0.296491228125 0.22612359531249998 0.29298245624999997 0.2183988765625 0.2921052625 0.2120786515625 0.2973684203125 0.2120786515625 0.318421053125 0.2183988765625 0.3236842109375
0 0.2127808984375 0.35701754375 0.2183988765625 0.3622807015625 0.22823033750000002 0.3596491234375 0.2310393265625 0.35175438593749997 0.23033707812499998 0.3342105265625 0.22612359531249998 0.32894736875 0.22050561875 0.328070175 0.21558988750000002 0.3298245609375 0.2120786515625 0.3359649125 0.2127808984375 0.35701754375
0 0.22682584218750002 0.4017543859375 0.2317415734375 0.3938596484375 0.23033707812499998 0.371929825 0.22050561875 0.367543859375 0.2127808984375 0.3736842109375 0.2127808984375 0.39649122812500004 0.2183988765625 0.403508771875 0.22682584218750002 0.4017543859375
0 0.2191011234375 0.4447368421875 0.22752809062499998 0.44385964843750003 0.23244382031250002 0.43508771875 0.2310393265625 0.4140350875 0.22612359531249998 0.4087719296875 0.2191011234375 0.4087719296875 0.2120786515625 0.417543859375 0.21348314531249998 0.438596490625 0.2191011234375 0.4447368421875
0 0.21980337031250002 0.48508771875 0.22752809062499998 0.4842105265625 0.2331460671875 0.4728070171875 0.2310393265625 0.45438596562500005 0.22682584218750002 0.45087719374999996 0.2191011234375 0.45087719374999996 0.21348314531249998 0.45701754375 0.214887640625 0.4798245609375 0.21980337031250002 0.48508771875
0 0.22050561875 0.5236842109375 0.23033707812499998 0.521929825 0.2331460671875 0.5157894734374999 0.23244382031250002 0.49561403437499996 0.22682584218750002 0.49035087656250004 0.2183988765625 0.49035087656250004 0.21348314531249998 0.496491228125 0.21348314531249998 0.5157894734374999 0.22050561875 0.5236842109375
0 0.2183988765625 0.5622807015625 0.22401685468750002 0.5622807015625 0.2317415734375 0.5578947375000001 0.2338483140625 0.5526315796875 0.2317415734375 0.532456140625 0.221207865625 0.52894736875 0.21418539375 0.53508771875 0.21558988750000002 0.5587719296875 0.2183988765625 0.5622807015625
0 0.21348314531249998 0.57894736875 0.22050561875 0.596491228125 0.22612359531249998 0.6 0.2345505625 0.59912280625 0.2387640453125 0.5868421046875001 0.2345505625 0.5710526312499999 0.228932584375 0.5657894734375 0.21769662968749998 0.5666666671875 0.21418539375 0.5710526312499999 0.21348314531249998 0.57894736875
0 0.32514045 0.6026315796875 0.341292134375 0.603508771875 0.3490168546875 0.5956140343749999 0.3490168546875 0.5859649124999999 0.346207865625 0.5807017546875 0.32514045 0.5798245609375 0.32022471874999997 0.5842105265625 0.31882022499999996 0.5938596484375 0.32514045 0.6026315796875
0 0.4346910109375 0.6008771937499999 0.4494382015625 0.6017543859375001 0.457162921875 0.5947368421875 0.457162921875 0.582456140625 0.45365168593750005 0.578070175 0.4353932578125 0.578070175 0.43047752812500006 0.582456140625 0.42977528125 0.59298245625 0.4346910109375 0.6008771937499999
0 0.5231741578125 0.6157894734375 0.5259831453125 0.618421053125 0.535112359375 0.617543859375 0.5407303375 0.6070175437499999 0.5421348312500001 0.5912280703125 0.540028090625 0.58508771875 0.5365168546875 0.581578946875 0.5294943812499999 0.581578946875 0.5217696625 0.59298245625 0.5231741578125 0.6157894734375
0 0.5793539328125 0.6236842109375 0.5870786515625 0.625438596875 0.5955056187500001 0.6192982453125 0.5969101125 0.6096491234375 0.591292134375 0.5938596484375 0.582162921875 0.59298245625 0.57654494375 0.6061403515625 0.575842696875 0.618421053125 0.5793539328125 0.6236842109375
0 0.6362359546875 0.6236842109375 0.6453651687499999 0.6236842109375 0.653792134375 0.6122807015625 0.652387640625 0.6 0.6460674156249999 0.5903508765625001 0.6376404499999999 0.59298245625 0.63272471875 0.6052631578125001 0.6320224718749999 0.6157894734375 0.6362359546875 0.6236842109375
0 0.6945224718749999 0.6201754390625001 0.6987359546875 0.62105263125 0.707162921875 0.61491228125 0.7085674156249999 0.6017543859375001 0.7036516859375 0.588596490625 0.695926965625 0.5877192984375 0.6896067421875001 0.6 0.68890449375 0.610526315625 0.6945224718749999 0.6201754390625001
0 0.7478932578124999 0.6192982453125 0.7591292140625 0.6192982453125 0.7661516859375 0.610526315625 0.764747190625 0.5947368421875 0.7591292140625 0.5877192984375 0.75 0.5903508765625001 0.7457865171875 0.6026315796875 0.7450842703125 0.6140350875 0.7478932578124999 0.6192982453125
0 0.806882021875 0.6201754390625001 0.8153089890624999 0.618421053125 0.8202247187499999 0.610526315625 0.818117978125 0.5912280703125 0.8146067421875 0.5877192984375 0.806882021875 0.588596490625 0.8005617984375 0.604385965625 0.8026685390624999 0.6166666671875001 0.806882021875 0.6201754390625001
0 0.8588483140625 0.6157894734375 0.869382021875 0.617543859375 0.875702246875 0.611403509375 0.87640449375 0.6008771937499999 0.8728932578125 0.5868421046875001 0.8651685390624999 0.58508771875 0.8574438203125 0.5956140343749999 0.8560393265625 0.610526315625 0.8588483140625 0.6157894734375
0 0.9143258421875 0.6157894734375 0.9227528093749999 0.6166666671875001 0.9290730343750001 0.6122807015625 0.9304775281250001 0.6008771937499999 0.9262640453125 0.58508771875 0.91713483125 0.58508771875 0.9122191015625001 0.5982456140625 0.91081460625 0.610526315625 0.9143258421875 0.6157894734375
0 0.980337078125 0.6140350875 0.9838483140625 0.6070175437499999 0.9824438203125 0.5912280703125 0.9768258421875 0.5859649124999999 0.9740168546874999 0.5877192984375 0.971207865625 0.5947368421875 0.972612359375 0.6140350875 0.980337078125 0.6140350875