0 0.2201388890625 0 0.21805555625 0.0052083328125 0.21805555625 0.0173611109375 0.2236111109375 0.02430555625 0.23611111093749998 0.0217013890625 0.24097222187499998 0.00868055625 0.240277778125 0 0.2201388890625 0
0 0.2166666671875 0.0338541671875 0.21805555625 0.0251736109375 0.2138888890625 0.015625 0.20277777812500003 0.013020832812499999 0.19513888906250001 0.019097221875 0.19444444375 0.0329861109375 0.20069444375 0.0442708328125 0.209027778125 0.043402778125 0.2166666671875 0.0338541671875
0 0.23541666718749998 0.05729166718749999 0.23819444375 0.03819444375 0.23472222187499997 0.03125 0.22430555624999998 0.03038194375 0.2173611109375 0.0407986109375 0.2173611109375 0.0529513890625 0.22152777812500002 0.0607638890625 0.228472221875 0.0625 0.23541666718749998 0.05729166718749999
0 0.2166666671875 0.07204861093750001 0.21805555625 0.05989583281250001 0.209027778125 0.050347221875 0.1979166671875 0.0564236109375 0.1979166671875 0.07552083281250001 0.20138888906250002 0.081597221875 0.20833333281250002 0.08333333281250001 0.2166666671875 0.07204861093750001
0 0.23194444375 0.10243055625 0.23472222187499997 0.098090278125 0.23611111093749998 0.074652778125 0.23194444375 0.06944444375 0.22569444375 0.06857638906249999 0.21805555625 0.07638888906249999 0.21597222187499998 0.081597221875 0.2173611109375 0.09461805625 0.22430555624999998 0.1032986109375 0.23194444375 0.10243055625
0 0.21805555625 0.1154513890625 0.2208333328125 0.1032986109375 0.2125 0.090277778125 0.20416666718749998 0.089409721875 0.2 0.09461805625 0.2 0.1154513890625 0.20277777812500003 0.121527778125 0.20833333281250002 0.1232638890625 0.21805555625 0.1154513890625
0 0.23402777812500003 0.11805555625 0.22430555624999998 0.113715278125 0.21111111093749999 0.1276041671875 0.21180555625 0.13888888906250002 0.22638888906250001 0.14409722187500001 0.23263888906250002 0.1380208328125 0.23402777812500003 0.11805555625
0 0.2298611109375 0.16319444375 0.22916666718749998 0.15451388906250002 0.21805555625 0.1458333328125 0.209027778125 0.1458333328125 0.20416666718749998 0.1510416671875 0.20416666718749998 0.16232638906250002 0.209027778125 0.17274305625 0.22430555624999998 0.171875 0.2298611109375 0.16319444375
0 0.228472221875 0.20138888906250002 0.23125 0.1875 0.22638888906250001 0.17881944375 0.21597222187499998 0.1770833328125 0.20625 0.18402777812499999 0.20555555625 0.19357638906250002 0.209027778125 0.203125 0.2208333328125 0.20572916718749998 0.228472221875 0.20138888906250002
0 0.22430555624999998 0.23958333281250002 0.22916666718749998 0.230902778125 0.22916666718749998 0.21614583281250002 0.2208333328125 0.21006944375 0.20972222187499998 0.21354166718749998 0.20694444375 0.21701388906250002 0.2076388890625 0.23611111093749998 0.215277778125 0.24131944375 0.22430555624999998 0.23958333281250002
0 0.228472221875 0.2708333328125 0.22777777812500002 0.25086805624999997 0.22430555624999998 0.246527778125 0.215277778125 0.246527778125 0.209027778125 0.2526041671875 0.21111111093749999 0.27690972187499996 0.21597222187499998 0.28125 0.2236111109375 0.28038194375000003 0.228472221875 0.2708333328125
0 0.22916666718749998 0.31336805624999997 0.22777777812500002 0.2916666671875 0.22152777812500002 0.2864583328125 0.21111111093749999 0.2907986109375 0.2104166671875 0.31684027812500004 0.21597222187499998 0.3220486109375 0.22430555624999998 0.3203125 0.22916666718749998 0.31336805624999997
0 0.22916666718749998 0.3532986109375 0.228472221875 0.33159722187499996 0.225 0.32725694375000003 0.21875 0.3263888890625 0.21319444375000002 0.32899305624999997 0.2104166671875 0.3359375 0.21180555625 0.3576388890625 0.2166666671875 0.36284722187499996 0.22430555624999998 0.3619791671875 0.22916666718749998 0.3532986109375
0 0.22916666718749998 0.3923611109375 0.228472221875 0.3732638890625 0.2236111109375 0.3689236109375 0.2125 0.3732638890625 0.21111111093749999 0.38628472187499996 0.21319444375000002 0.3958333328125 0.22430555624999998 0.3984375 0.22916666718749998 0.3923611109375
0 0.2298611109375 0.43055555625 0.228472221875 0.4088541671875 0.2201388890625 0.4045138890625 0.21111111093749999 0.4114583328125 0.2125 0.43402777812500004 0.21944444375 0.43836805625 0.22638888906250001 0.43663194375 0.2298611109375 0.43055555625
0 0.22916666718749998 0.4470486109375 0.21944444375 0.4435763890625 0.21180555625 0.4513888890625 0.21319444375000002 0.4739583328125 0.2201388890625 0.4791666671875 0.22916666718749998 0.4748263890625 0.22916666718749998 0.4470486109375
0 0.23125 0.5104166671875 0.23055555625 0.4904513890625 0.225 0.484375 0.2166666671875 0.48524305625 0.2125 0.4904513890625 0.21319444375000002 0.5138888890625 0.21944444375 0.519965278125 0.22569444375 0.519097221875 0.23125 0.5104166671875
0 0.22291666718749997 0.5572916671875 0.23125 0.5494791671875 0.23125 0.5329861109375 0.22430555624999998 0.5251736109375 0.2166666671875 0.526909721875 0.21180555625 0.5329861109375 0.2125 0.551215278125 0.21597222187499998 0.5564236109375 0.22291666718749997 0.5572916671875
0 0.252777778125 0.59375 0.2541666671875 0.5842013890625 0.2513888890625 0.5789930562500001 0.23333333281250002 0.5720486109375 0.228472221875 0.5598958328125 0.2201388890625 0.5642361109375 0.21944444375 0.5720486109375 0.23819444375 0.597222221875 0.246527778125 0.5989583328125 0.252777778125 0.59375
0 0.290277778125 0.597222221875 0.29305555625 0.5920138890625 0.2923611109375 0.5833333328125 0.28819444375000003 0.578125 0.27430555624999997 0.5763888890625 0.2666666671875 0.581597221875 0.2666666671875 0.5954861109375 0.2708333328125 0.5998263890625 0.284027778125 0.5998263890625 0.290277778125 0.597222221875
0 0.40069444374999996 0.5911458328125 0.40069444374999996 0.581597221875 0.3951388890625 0.5755208328125 0.37986111093749997 0.574652778125 0.372222221875 0.581597221875 0.372222221875 0.5911458328125 0.37847222187499996 0.5989583328125 0.3923611109375 0.5989583328125 0.40069444374999996 0.5911458328125
0 0.50625 0.5928819437499999 0.5076388890625 0.5772569437499999 0.5048611109375 0.574652778125 0.48541666718750004 0.573784721875 0.48055555625 0.5798611109375 0.48055555625 0.590277778125 0.48541666718750004 0.597222221875 0.5 0.5998263890625 0.50625 0.5928819437499999
0 0.5666666671875 0.6111111109375 0.5645833328125 0.5954861109375 0.559027778125 0.5885416671875 0.5513888890625 0.589409721875 0.5451388890625 0.6041666671875 0.5451388890625 0.6154513890625 0.54930555625 0.621527778125 0.559722221875 0.620659721875 0.5666666671875 0.6111111109375
0 0.6201388890625 0.613715278125 0.61944444375 0.598090278125 0.6138888890625 0.589409721875 0.60625 0.589409721875 0.6 0.6032986109375 0.59930555625 0.6145833328125 0.6034722218749999 0.620659721875 0.6111111109375 0.621527778125 0.6201388890625 0.613715278125
0 0.675 0.6085069437499999 0.6729166671875 0.5954861109375 0.6666666671875 0.5885416671875 0.659027778125 0.5920138890625 0.6541666671875 0.605034721875 0.6541666671875 0.6145833328125 0.6583333328125 0.6197916671875 0.66944444375 0.6180555562500001 0.675 0.6085069437499999
0 0.7291666671875 0.612847221875 0.73055555625 0.5954861109375 0.7256944437499999 0.5859375 0.715972221875 0.5876736109375 0.7118055562500001 0.5963541671875 0.7104166671875001 0.6076388890625 0.7125 0.6145833328125 0.722222221875 0.6171875 0.7291666671875 0.612847221875
0 0.7798611109375 0.6154513890625 0.7854166671875 0.605902778125 0.78125 0.5868055562500001 0.7736111109375 0.5850694437499999 0.76805555625 0.5920138890625 0.765277778125 0.6024305562500001 0.7666666671875 0.6145833328125 0.7708333328125 0.6171875 0.7798611109375 0.6154513890625
0 0.8388888890624999 0.6102430562500001 0.840277778125 0.5954861109375 0.8354166671875 0.5842013890625 0.8270833328125 0.5850694437499999 0.8222222218749999 0.5989583328125 0.821527778125 0.6067708328125 0.825 0.612847221875 0.8298611109375 0.6154513890625 0.8388888890624999 0.6102430562500001
0 0.89305555625 0.6067708328125 0.89375 0.5954861109375 0.8888888890625 0.582465278125 0.8798611109375001 0.5842013890625 0.875 0.598090278125 0.8743055562500001 0.6067708328125 0.8791666671874999 0.613715278125 0.8888888890625 0.612847221875 0.89305555625 0.6067708328125
0 0.94930555625 0.6006944437499999 0.9472222218749999 0.5850694437499999 0.9423611109375001 0.5798611109375 0.9361111109375001 0.5807291671875 0.9298611109375001 0.5946180562500001 0.9298611109375001 0.6067708328125 0.934027778125 0.6119791671875 0.9444444437499999 0.609375 0.94930555625 0.6006944437499999
1 0 0.6223958328125 0.009722221875000001 0.6310763890625 0.0208333328125 0.6276041671875 0.030555556249999997 0.6145833328125 0.026388889062499997 0.589409721875 0.015972221875 0.581597221875 0.002777778125 0.5850694437499999 0 0.5876736109375 0 0.6223958328125
1 0.0645833328125 0.621527778125 0.06805555625000001 0.6015625 0.061111110937500004 0.5842013890625 0.047222221875 0.5807291671875 0.0375 0.5850694437499999 0.0333333328125 0.5920138890625 0.032638889062499996 0.6111111109375 0.040277778125000004 0.6258680562500001 0.04930555625 0.629340278125 0.0645833328125 0.621527778125
1 0.10486111093749999 0.6145833328125 0.10486111093749999 0.5954861109375 0.097222221875 0.582465278125 0.08125 0.581597221875 0.071527778125 0.5954861109375 0.072222221875 0.613715278125 0.0826388890625 0.6276041671875 0.09930555625000001 0.6241319437499999 0.10486111093749999 0.6145833328125
1 0.13888888906250002 0.6232638890625 0.14375 0.6111111109375 0.14375 0.598090278125 0.1361111109375 0.582465278125 0.11944444375 0.5807291671875 0.11319444375000001 0.5850694437499999 0.109722221875 0.5928819437499999 0.109722221875 0.613715278125 0.1145833328125 0.6232638890625 0.12361111093749999 0.6276041671875 0.13888888906250002 0.6232638890625
1 0.178472221875 0.6189236109375 0.1826388890625 0.6102430562500001 0.18194444375000002 0.5963541671875 0.171527778125 0.5807291671875 0.1576388890625 0.5798611109375 0.147222221875 0.59375 0.147222221875 0.6119791671875 0.1583333328125 0.6276041671875 0.17013888906250002 0.6267361109375 0.178472221875 0.6189236109375
1 0.21458333281250003 0.6024305562500001 0.2298611109375 0.6006944437499999 0.23402777812500003 0.5963541671875 0.22569444375 0.5789930562500001 0.2173611109375 0.5711805562500001 0.1923611109375 0.5789930562500001 0.18680555625 0.5868055562500001 0.18680555625 0.6006944437499999 0.19305555624999998 0.6085069437499999 0.20416666718749998 0.6085069437499999 0.21458333281250003 0.6024305562500001
1 0.3541666671875 0.5963541671875 0.3576388890625 0.589409721875 0.35625 0.582465278125 0.34930555625 0.5763888890625 0.3020833328125 0.5763888890625 0.29722222187499997 0.581597221875 0.2979166671875 0.5963541671875 0.30555555624999997 0.6006944437499999 0.346527778125 0.5998263890625 0.3541666671875 0.5963541671875
1 0.447222221875 0.5989583328125 0.4583333328125 0.5946180562500001 0.4625 0.5868055562500001 0.46180555625 0.5798611109375 0.45208333281249996 0.573784721875 0.40972222187499996 0.574652778125 0.403472221875 0.5798611109375 0.403472221875 0.5920138890625 0.4076388890625 0.598090278125 0.41319444375 0.5989583328125 0.447222221875 0.5989583328125
1 0.5409722218749999 0.6076388890625 0.546527778125 0.5833333328125 0.5375 0.573784721875 0.5166666671875 0.5729166671875 0.509027778125 0.5876736109375 0.509027778125 0.605902778125 0.515972221875 0.612847221875 0.528472221875 0.6180555562500001 0.5409722218749999 0.6076388890625
1 0.5923611109375 0.6154513890625 0.6 0.5946180562500001 0.6 0.5798611109375 0.5916666671875 0.5729166671875 0.5791666671875 0.5720486109375 0.5708333328124999 0.5755208328125 0.5666666671875 0.582465278125 0.56805555625 0.6032986109375 0.57430555625 0.6154513890625 0.58194444375 0.620659721875 0.5923611109375 0.6154513890625
1 0.6493055562500001 0.6085069437499999 0.6548611109375 0.590277778125 0.6541666671875 0.5798611109375 0.65 0.574652778125 0.6326388890625 0.5711805562500001 0.625 0.574652778125 0.6208333328125 0.582465278125 0.6229166671875 0.6032986109375 0.6291666671875 0.6163194437499999 0.63819444375 0.6180555562500001 0.6493055562500001 0.6085069437499999
1 0.7020833328125 0.6119791671875 0.709722221875 0.5911458328125 0.709722221875 0.5789930562500001 0.7 0.5703125 0.68125 0.5711805562500001 0.675 0.578125 0.6736111109375 0.5876736109375 0.6791666671875001 0.6076388890625 0.6895833328125 0.6163194437499999 0.7020833328125 0.6119791671875
1 0.7597222218749999 0.6067708328125 0.765277778125 0.5850694437499999 0.76180555625 0.5729166671875 0.75625 0.5694444437499999 0.740972221875 0.5694444437499999 0.7326388890625 0.5798611109375 0.734027778125 0.6006944437499999 0.7402777781250001 0.613715278125 0.7493055562500001 0.6154513890625 0.7597222218749999 0.6067708328125
1 0.8041666671875 0.6145833328125 0.8145833328125001 0.6067708328125 0.8194444437499999 0.5789930562500001 0.8138888890624999 0.5703125 0.7986111109375 0.5677083328125 0.790277778125 0.5720486109375 0.7875 0.5772569437499999 0.78680555625 0.59375 0.790277778125 0.6067708328125 0.79444444375 0.6119791671875 0.8041666671875 0.6145833328125
1 0.8673611109375001 0.6067708328125 0.8736111109375001 0.5850694437499999 0.8729166671874999 0.5755208328125 0.86944444375 0.5694444437499999 0.8652777781250001 0.566840278125 0.85 0.5677083328125 0.8430555562500001 0.5789930562500001 0.84375 0.5963541671875 0.8506944437499999 0.6111111109375 0.85694444375 0.612847221875 0.8673611109375001 0.6067708328125
1 0.91944444375 0.609375 0.9270833328125001 0.5876736109375 0.9270833328125001 0.5772569437499999 0.9236111109375 0.5685763890625 0.91805555625 0.5651041671875 0.9083333328125001 0.5651041671875 0.8979166671875 0.5729166671875 0.8958333328125001 0.590277778125 0.90069444375 0.605902778125 0.9069444437499999 0.6119791671875 0.91944444375 0.609375
1 0.97430555625 0.6076388890625 0.98125 0.5876736109375 0.9798611109375001 0.5685763890625 0.97430555625 0.5642361109375 0.9590277781250001 0.5642361109375 0.952777778125 0.5720486109375 0.9513888890625 0.5885416671875 0.95625 0.605034721875 0.9611111109375001 0.609375 0.97430555625 0.6076388890625