1 0.01180555625 0.6258680562500001 0.015972221875 0.6302083328125 0.029166667187500002 0.6302083328125 0.0375 0.6241319437499999 0.0423611109375 0.6145833328125 0.040277778125000004 0.5928819437499999 0.029166667187500002 0.581597221875 0.02523125 0.581597221875 0.014583332812499999 0.5833333328125 0.006944443749999999 0.5954861109375 0.007638889062499999 0.6119791671875 0.01180555625 0.6258680562500001
1 0.05208333281250001 0.6258680562500001 0.059027778125 0.6276041671875 0.0701388890625 0.6258680562500001 0.078472221875 0.6145833328125 0.07638888906249999 0.590277778125 0.07083333281250001 0.5833333328125 0.0638888890625 0.5807291671875 0.059722221875 0.5807291671875 0.05069444375 0.5833333328125 0.0458333328125 0.59375 0.046527778125 0.6163194437499999 0.05208333281250001 0.6258680562500001
1 0.10555555624999999 0.6276041671875 0.115972221875 0.6154513890625 0.1166666671875 0.597222221875 0.10833333281249999 0.582465278125 0.1 0.5798611109375 0.0951388890625 0.5798611109375 0.0826388890625 0.590277778125 0.0826388890625 0.613715278125 0.09444444375 0.6276041671875 0.10555555624999999 0.6276041671875
1 0.1298611109375 0.6276041671875 0.147222221875 0.625 0.1548611109375 0.6145833328125 0.1548611109375 0.598090278125 0.15277777812499999 0.5911458328125 0.147222221875 0.5833333328125 0.13819444375 0.5798611109375 0.134027778125 0.5798611109375 0.127777778125 0.582465278125 0.1208333328125 0.5954861109375 0.12291666718750001 0.6163194437499999 0.1298611109375 0.6276041671875
1 0.16875 0.6258680562500001 0.178472221875 0.625 0.1861111109375 0.6197916671875 0.19513888906250001 0.6067708328125 0.196527778125 0.5954861109375 0.19375 0.589409721875 0.1888888890625 0.582465278125 0.17916666718750002 0.5789930562500001 0.17569444375 0.5789930562500001 0.16388888906250001 0.582465278125 0.1583333328125 0.5911458328125 0.159027778125 0.6145833328125 0.16875 0.6258680562500001
1 0.20277777812500003 0.5946180562500001 0.20555555625 0.5989583328125 0.2138888890625 0.6024305562500001 0.25069444375 0.6006944437499999 0.2638888890625 0.5963541671875 0.2645833328125 0.5850694437499999 0.2604166671875 0.5798611109375 0.25555555625 0.5772569437499999 0.23680555625 0.5763888890625 0.23541666718749998 0.5763888890625 0.22430555624999998 0.5798611109375 0.2076388890625 0.578125 0.20277777812500003 0.5850694437499999 0.20277777812500003 0.5946180562500001
1 0.3138888890625 0.5963541671875 0.321527778125 0.6006944437499999 0.3583333328125 0.5998263890625 0.36944444375 0.5920138890625 0.37013888906250003 0.5842013890625 0.365972221875 0.578125 0.352777778125 0.5755208328125 0.34930555625 0.5755208328125 0.31736111093749997 0.5763888890625 0.3125 0.582465278125 0.31180555625 0.5911458328125 0.3138888890625 0.5963541671875
1 0.440277778125 0.5911458328125 0.44305555625000004 0.5963541671875 0.45416666718750004 0.5989583328125 0.49375 0.597222221875 0.5 0.5876736109375 0.49930555625000006 0.5798611109375 0.49375 0.574652778125 0.46875 0.5729166671875 0.46510416718750003 0.5729166671875 0.446527778125 0.573784721875 0.44236111093749997 0.5763888890625 0.440277778125 0.5807291671875 0.440277778125 0.5911458328125
1 0.5305555562500001 0.6154513890625 0.5333333328125 0.620659721875 0.5486111109375 0.620659721875 0.5555555562500001 0.6163194437499999 0.5611111109375 0.6076388890625 0.5638888890625 0.582465278125 0.559027778125 0.5755208328125 0.5527777781250001 0.5729166671875 0.5486111109375 0.5729166671875 0.540277778125 0.573784721875 0.534027778125 0.581597221875 0.5305555562500001 0.6015625 0.5305555562500001 0.6154513890625
1 0.5888888890625 0.6067708328125 0.5986111109375 0.6197916671875 0.60694444375 0.6189236109375 0.61319444375 0.612847221875 0.6208333328125 0.5911458328125 0.61944444375 0.5789930562500001 0.6076388890625 0.5720486109375 0.6039354171875 0.5720486109375 0.5916666671875 0.573784721875 0.5875 0.5789930562500001 0.5854166671875001 0.5868055562500001 0.5888888890625 0.6067708328125
1 0.6458333328125 0.6102430562500001 0.65069444375 0.6163194437499999 0.6569444437499999 0.6189236109375 0.66805555625 0.613715278125 0.6729166671875 0.6006944437499999 0.6736111109375 0.5798611109375 0.66944444375 0.573784721875 0.6638888890625 0.5711805562500001 0.659722221875 0.5711805562500001 0.6458333328125 0.573784721875 0.6416666671875 0.5833333328125 0.6416666671875 0.5954861109375 0.6458333328125 0.6102430562500001
1 0.7048611109375 0.6154513890625 0.7090277781250001 0.6171875 0.7173611109375 0.6154513890625 0.7236111109375 0.6076388890625 0.7298611109375 0.5876736109375 0.7291666671875 0.578125 0.725 0.5729166671875 0.715277778125 0.5694444437499999 0.7104166671875001 0.5694444437499999 0.70069444375 0.573784721875 0.696527778125 0.5833333328125 0.69930555625 0.6067708328125 0.7048611109375 0.6154513890625
1 0.75625 0.6111111109375 0.7625 0.6154513890625 0.76875 0.6154513890625 0.7770833328125 0.6102430562500001 0.7833333328125 0.5920138890625 0.7833333328125 0.5772569437499999 0.7791666671875 0.5711805562500001 0.7715277781250001 0.5685763890625 0.765277778125 0.5685763890625 0.7541666671875 0.5720486109375 0.75 0.5842013890625 0.753472221875 0.605034721875 0.75625 0.6111111109375
1 0.8166666671874999 0.613715278125 0.82430555625 0.613715278125 0.83125 0.6085069437499999 0.8375 0.5911458328125 0.83819444375 0.5772569437499999 0.834722221875 0.5711805562500001 0.828472221875 0.5677083328125 0.8247687499999999 0.5677083328125 0.8138888890624999 0.5694444437499999 0.80694444375 0.582465278125 0.809722221875 0.6041666671875 0.8166666671874999 0.613715278125
1 0.871527778125 0.612847221875 0.8847222218749999 0.609375 0.8895833328125 0.6006944437499999 0.8916666671875 0.590277778125 0.8923611109375 0.5789930562500001 0.8888888890625 0.5694444437499999 0.88055555625 0.565972221875 0.8763888890624999 0.565972221875 0.865972221875 0.5685763890625 0.8604166671875 0.578125 0.8638888890624999 0.605034721875 0.871527778125 0.612847221875
1 0.91944444375 0.6032986109375 0.9263888890624999 0.6119791671875 0.9361111109375001 0.6102430562500001 0.9451388890624999 0.5911458328125 0.9458333328125 0.5763888890625 0.94305555625 0.5685763890625 0.9368055562500001 0.5651041671875 0.9326388890624999 0.5651041671875 0.9229166671875 0.566840278125 0.9166666671874999 0.5772569437499999 0.9159722218749999 0.5850694437499999 0.91944444375 0.6032986109375
1 0.97430555625 0.6041666671875 0.9791666671874999 0.609375 0.9923611109375001 0.6085069437499999 0.9958333328125001 0.6015625 0.9993055562500001 0.5772569437499999 0.997222221875 0.5763888890625 0.996527778125 0.5677083328125 0.9916666671875 0.5642361109375 0.98796319375 0.5642361109375 0.97430555625 0.566840278125 0.9701388890624999 0.5755208328125 0.971527778125 0.5963541671875 0.97430555625 0.6041666671875
0 0.21597222187499998 0 0.21597222187499998 0.0026041671875 0.222222221875 0.014756943750000001 0.228472221875 0.01649305625 0.23472222187499997 0.014756943750000001 0.23958333281250002 0.0095486109375 0.24097222187499998 0 0.23740069375 0 0.21597222187499998 0
0 0.20069444375 0.035590278125 0.21111111093749999 0.0329861109375 0.2173611109375 0.0234375 0.2173611109375 0.013020832812499999 0.209027778125 0.004340278125 0.20486111093749998 0.004340278125 0.2 0.0060763890625 0.19444444375 0.015625 0.19583333281249998 0.03125 0.20069444375 0.035590278125
0 0.22430555624999998 0.053819443749999994 0.23125 0.053819443749999994 0.2375 0.046875 0.23819444375 0.0286458328125 0.23194444375 0.0217013890625 0.2270833328125 0.0217013890625 0.2201388890625 0.0260416671875 0.2173611109375 0.034722221875 0.21875 0.04774305625 0.22430555624999998 0.053819443749999994
0 0.20347222187499997 0.073784721875 0.2125 0.0703125 0.21875 0.058159721875 0.21805555625 0.050347221875 0.209027778125 0.03993055625 0.20694444375 0.03993055625 0.20138888906250002 0.0416666671875 0.196527778125 0.05208333281250001 0.1979166671875 0.06770833281250001 0.20347222187499997 0.073784721875
0 0.225 0.09548611093750001 0.23263888906250002 0.09375 0.23611111093749998 0.08420138906249999 0.23680555625 0.06944444375 0.23055555625 0.0607638890625 0.225 0.0607638890625 0.2201388890625 0.06423611093750001 0.21597222187499998 0.074652778125 0.21944444375 0.089409721875 0.225 0.09548611093750001
0 0.20416666718749998 0.112847221875 0.209027778125 0.1119791671875 0.21875 0.09982638906249999 0.2173611109375 0.08854166718749999 0.209027778125 0.07986111093750001 0.20694444375 0.07986111093750001 0.20277777812500003 0.081597221875 0.1986111109375 0.090277778125 0.19930555625 0.1067708328125 0.20416666718749998 0.112847221875
0 0.2166666671875 0.13107638906250002 0.22430555624999998 0.1328125 0.23263888906250002 0.12847222187500001 0.23402777812500003 0.105902778125 0.2298611109375 0.1015625 0.22638888906250001 0.1015625 0.22152777812500002 0.10243055625 0.2104166671875 0.11805555625 0.21180555625 0.12673611093749998 0.2166666671875 0.13107638906250002
0 0.21805555625 0.16059027812499999 0.22638888906250001 0.15625 0.2298611109375 0.14496527812499999 0.225 0.13715277812499999 0.2138888890625 0.13194444375 0.21180555625 0.13194444375 0.20416666718749998 0.13715277812499999 0.20277777812500003 0.15277777812499999 0.209027778125 0.16059027812499999 0.21805555625 0.16059027812499999
0 0.20972222187499998 0.1901041671875 0.21805555625 0.19184027812499999 0.225 0.1901041671875 0.22916666718749998 0.18576388906250002 0.23194444375 0.17274305625 0.228472221875 0.16579861093749998 0.22291666718749997 0.16319444375 0.21944444375 0.16319444375 0.21319444375000002 0.16493055625 0.20625 0.17100694375 0.20486111093749998 0.1796875 0.20972222187499998 0.1901041671875
0 0.2125 0.22482638906250002 0.2236111109375 0.22395833281250002 0.2298611109375 0.21614583281250002 0.23055555625 0.203125 0.222222221875 0.1953125 0.2166666671875 0.1953125 0.20833333281250002 0.19965277812499999 0.20625 0.20399305625 0.20694444375 0.22048611093749998 0.2125 0.22482638906250002
0 0.22430555624999998 0.26128472187499996 0.2298611109375 0.2517361109375 0.22916666718749998 0.23611111093749998 0.2208333328125 0.22916666718749998 0.2166666671875 0.22916666718749998 0.2076388890625 0.237847221875 0.2076388890625 0.25347222187499996 0.2166666671875 0.2638888890625 0.22430555624999998 0.26128472187499996
0 0.21597222187499998 0.30381944375000003 0.22430555624999998 0.3020833328125 0.22916666718749998 0.2907986109375 0.228472221875 0.27690972187499996 0.22569444375 0.2708333328125 0.22152777812500002 0.2682291671875 0.2166666671875 0.2682291671875 0.21111111093749999 0.2734375 0.209027778125 0.28211805624999997 0.2104166671875 0.2986111109375 0.21597222187499998 0.30381944375000003
0 0.21944444375 0.34461805624999997 0.2270833328125 0.3411458328125 0.2298611109375 0.3342013890625 0.22916666718749998 0.31684027812500004 0.2236111109375 0.30902777812500004 0.21805555625 0.30902777812500004 0.21111111093749999 0.3142361109375 0.20972222187499998 0.3298611109375 0.21180555625 0.34027777812500004 0.21944444375 0.34461805624999997
0 0.22430555624999998 0.3854166671875 0.2298611109375 0.37847222187499996 0.22916666718749998 0.3576388890625 0.22291666718749997 0.35069444375000003 0.21805555625 0.35069444375000003 0.2104166671875 0.359375 0.2104166671875 0.37847222187499996 0.2173611109375 0.38628472187499996 0.22430555624999998 0.3854166671875
0 0.21875 0.4270833328125 0.22638888906250001 0.4244791671875 0.2298611109375 0.4192708328125 0.2298611109375 0.39930555624999997 0.2236111109375 0.390625 0.21805555625 0.390625 0.21180555625 0.3967013890625 0.2104166671875 0.40972222187499996 0.21111111093749999 0.4192708328125 0.21875 0.4270833328125
0 0.2166666671875 0.4635416671875 0.22430555624999998 0.4635416671875 0.23055555625 0.45659722187499996 0.2298611109375 0.4392361109375 0.22430555624999998 0.4322916671875 0.2201388890625 0.4322916671875 0.2138888890625 0.43663194375 0.21111111093749999 0.4427083328125 0.21180555625 0.45399305625 0.2166666671875 0.4635416671875
0 0.21805555625 0.5017361109375 0.225 0.5017361109375 0.22916666718749998 0.49913194375 0.23125 0.4939236109375 0.23055555625 0.47743055625 0.22430555624999998 0.46875 0.21875 0.46875 0.21180555625 0.4765625 0.21111111093749999 0.48350694375 0.21180555625 0.49565972187499996 0.21805555625 0.5017361109375
0 0.21805555625 0.5416666671875 0.225 0.5416666671875 0.23194444375 0.5338541671875 0.23125 0.5173611109375 0.22916666718749998 0.511284721875 0.225 0.5078125 0.22152777812500002 0.5078125 0.21597222187499998 0.5086805562500001 0.21180555625 0.5173611109375 0.2125 0.534722221875 0.21805555625 0.5416666671875
0 0.21875 0.5772569437499999 0.22916666718749998 0.5763888890625 0.23333333281250002 0.5720486109375 0.23194444375 0.5546875 0.22638888906250001 0.546875 0.22291666718749997 0.546875 0.2166666671875 0.5477430562500001 0.21180555625 0.5572916671875 0.21180555625 0.5720486109375 0.21875 0.5772569437499999
0 0.2833333328125 0.5998263890625 0.2951388890625 0.6006944437499999 0.303472221875 0.597222221875 0.30694444375 0.5928819437499999 0.30625 0.582465278125 0.3013888890625 0.578125 0.2916666671875 0.5763888890625 0.28611111093749997 0.5763888890625 0.28194444375 0.578125 0.278472221875 0.5850694437499999 0.2798611109375 0.5954861109375 0.2833333328125 0.5998263890625
0 0.3826388890625 0.597222221875 0.4 0.5989583328125 0.40694444374999994 0.59375 0.40833333281249995 0.581597221875 0.40625 0.5772569437499999 0.39930555624999997 0.574652778125 0.39560208281250003 0.574652778125 0.3854166671875 0.5755208328125 0.38055555625 0.5798611109375 0.3791666671875 0.5885416671875 0.3826388890625 0.597222221875
0 0.415277778125 0.597222221875 0.4270833328125 0.5989583328125 0.434722221875 0.5963541671875 0.4375 0.5911458328125 0.4375 0.581597221875 0.4361111109375 0.5763888890625 0.43333333281249997 0.574652778125 0.4295138890625 0.574652778125 0.41805555625 0.574652778125 0.41319444375 0.578125 0.41111111093749997 0.5876736109375 0.415277778125 0.597222221875
0 0.5166666671875 0.612847221875 0.5229166671875001 0.6119791671875 0.5298611109375 0.5989583328125 0.53125 0.582465278125 0.5270833328125 0.574652778125 0.5232638890625 0.574652778125 0.515277778125 0.5772569437499999 0.5097222218749999 0.590277778125 0.5111111109375 0.605902778125 0.5166666671875 0.612847221875
0 0.5708333328124999 0.621527778125 0.5791666671875 0.620659721875 0.584722221875 0.6154513890625 0.5861111109375 0.6102430562500001 0.584722221875 0.5954861109375 0.5770833328125 0.5859375 0.57430555625 0.5859375 0.5673611109375 0.5928819437499999 0.5645833328125 0.605034721875 0.565277778125 0.6154513890625 0.5708333328124999 0.621527778125
0 0.6256944437499999 0.620659721875 0.63819444375 0.6171875 0.6416666671875 0.6085069437499999 0.6388888890625 0.5920138890625 0.63125 0.5868055562500001 0.63055555625 0.5868055562500001 0.625 0.590277778125 0.6201388890625 0.605034721875 0.6208333328125 0.6145833328125 0.6256944437499999 0.620659721875
0 0.6833333328125 0.6154513890625 0.6888888890625 0.6154513890625 0.6944444437499999 0.6085069437499999 0.69375 0.5911458328125 0.6895833328125 0.5842013890625 0.6861111109375 0.5833333328125 0.6854166671875 0.582465278125 0.678472221875 0.5885416671875 0.67569444375 0.6032986109375 0.6763888890625 0.6102430562500001 0.6833333328125 0.6154513890625
0 0.7361111109375 0.6180555562500001 0.7451388890625 0.6154513890625 0.75 0.6067708328125 0.747222221875 0.5920138890625 0.740972221875 0.5859375 0.7395833328125 0.5859375 0.734027778125 0.590277778125 0.7291666671875 0.605034721875 0.73125 0.613715278125 0.7361111109375 0.6180555562500001
0 0.79305555625 0.6163194437499999 0.7979166671875 0.6154513890625 0.8048611109375001 0.6067708328125 0.8041666671875 0.5911458328125 0.79930555625 0.5842013890625 0.79375 0.5842013890625 0.7888888890625 0.5885416671875 0.7854166671875 0.6006944437499999 0.7861111109375 0.6111111109375 0.79305555625 0.6163194437499999
0 0.8444444437499999 0.6145833328125 0.852777778125 0.613715278125 0.8583333328125 0.6067708328125 0.85625 0.5885416671875 0.8534722218749999 0.5842013890625 0.85 0.5842013890625 0.84930555625 0.5833333328125 0.84375 0.5876736109375 0.8395833328125001 0.6006944437499999 0.8395833328125001 0.6076388890625 0.8444444437499999 0.6145833328125
0 0.9 0.613715278125 0.909027778125 0.6111111109375 0.9131944437499999 0.6041666671875 0.9125 0.590277778125 0.9076388890624999 0.5807291671875 0.903472221875 0.5807291671875 0.8979166671875 0.5859375 0.89444444375 0.6015625 0.8958333328125001 0.6111111109375 0.9 0.613715278125
0 0.9548611109375 0.612847221875 0.9645833328125001 0.609375 0.9673611109375001 0.6041666671875 0.965277778125 0.582465278125 0.9618055562500001 0.5789930562500001 0.95555555625 0.5789930562500001 0.95 0.5859375 0.9479166671874999 0.598090278125 0.9479166671874999 0.6067708328125 0.9548611109375 0.612847221875