0 0.189371940625 0 0.1889985890625 0.0079365078125 0.19534555781250001 0.016754849999999998 0.2045133984375 0.015873015625 0.2115655859375 0.0079365078125 0.21346967499999997 0 0.189371940625 0
0 0.22849083281250002 0.0035273375000000004 0.22425952031250002 0.0035273375000000004 0.22002820937499998 0.0035273375000000004 0.215796896875 0.0079365078125 0.212976021875 0.018518518749999997 0.215091678125 0.0299823640625 0.22002820937499998 0.03527336875 0.22849083281250002 0.034391534375 0.23342736249999999 0.027336860937500002 0.23554301875 0.0132275125 0.23342736249999999 0.007054673437500001 0.22849083281250002 0.0035273375000000004
0 0.1925246828125 0.04850088125 0.19957686875 0.056437389062499996 0.20662905468749998 0.0537918875 0.213681240625 0.041446207812500004 0.2122708046875 0.029100529687499998 0.2045133984375 0.022045854687499998 0.20028208749999998 0.022045854687499998 0.1918194640625 0.029100529687499998 0.1925246828125 0.04850088125
0 0.22214386406250003 0.041446207812500004 0.214386459375 0.047619046875 0.2115655859375 0.055555556250000006 0.215091678125 0.071428571875 0.22002820937499998 0.0758377421875 0.2277856140625 0.0740740734375 0.232016925 0.0643738984375 0.23272214375 0.049382715625000004 0.2306064875 0.0440917109375 0.22566995781250002 0.041446207812500004 0.22214386406250003 0.041446207812500004
0 0.20169252499999998 0.061728395312499997 0.19746121249999998 0.06349206406249999 0.1939351203125 0.069664903125 0.1946403390625 0.0908289234375 0.19957686875 0.09611992968750001 0.20521861718749998 0.0943562609375 0.2101551484375 0.088183421875 0.214386459375 0.0767195765625 0.2101551484375 0.066137565625 0.2045133984375 0.061728395312499997 0.20169252499999998 0.061728395312499997
0 0.214386459375 0.08553791875 0.2080394921875 0.0987654328125 0.20874471093750002 0.104938271875 0.21861777187500003 0.1146384484375 0.22566995781250002 0.1137566140625 0.22990126875 0.10582010625 0.2306064875 0.0873015875 0.22496473906249997 0.0811287484375 0.22002820937499998 0.0811287484375 0.214386459375 0.08553791875
0 0.19816643125 0.1146384484375 0.19816643125 0.13403879999999999 0.20380818125000003 0.140211640625 0.2101551484375 0.140211640625 0.2214386453125 0.1322751328125 0.2228490828125 0.12345679062499999 0.215796896875 0.1146384484375 0.20662905468749998 0.1093474421875 0.20310296249999998 0.1093474421875 0.19816643125 0.1146384484375
0 0.20380818125000003 0.1481481484375 0.20169252499999998 0.1604938265625 0.20521861718749998 0.1666666671875 0.216502115625 0.16931216875 0.22566995781250002 0.1640211640625 0.22849083281250002 0.1481481484375 0.2263751765625 0.1437389765625 0.22073342812500002 0.141093475 0.22002820937499998 0.140211640625 0.20380818125000003 0.1481481484375
0 0.2108603671875 0.173721340625 0.20380818125000003 0.1772486765625 0.20098730625 0.1825396828125 0.20310296249999998 0.1992945328125 0.2094499296875 0.20282186875 0.215796896875 0.20282186875 0.22355430156249997 0.1984126984375 0.22708039531250002 0.1878306875 0.22566995781250002 0.17901234531250002 0.215796896875 0.173721340625 0.2108603671875 0.173721340625
0 0.20521861718749998 0.20987654375 0.20239774375000003 0.2142857140625 0.20380818125000003 0.23456790156250001 0.2101551484375 0.240740740625 0.22073342812500002 0.238977071875 0.22566995781250002 0.22839506250000002 0.2228490828125 0.21075837812499998 0.216502115625 0.20723104062500003 0.2122708046875 0.20723104062500003 0.20521861718749998 0.20987654375
0 0.2115655859375 0.24514991249999998 0.20521861718749998 0.2513227515625 0.20380818125000003 0.259259259375 0.20521861718749998 0.27601410937500004 0.2108603671875 0.2804232796875 0.22073342812500002 0.2786596125 0.22425952031250002 0.2707231046875 0.22425952031250002 0.2522045859375 0.2214386453125 0.2469135796875 0.217207334375 0.24514991249999998 0.2115655859375 0.24514991249999998
0 0.215796896875 0.28571428593750003 0.2101551484375 0.28747795468750004 0.20521861718749998 0.2989417984375 0.20662905468749998 0.3165784828125 0.2115655859375 0.3227513234375 0.22002820937499998 0.3218694890625 0.22496473906249997 0.311287478125 0.22425952031250002 0.294532628125 0.22002820937499998 0.28747795468750004 0.216502115625 0.2865961203125 0.215796896875 0.28571428593750003
0 0.217207334375 0.328042328125 0.214386459375 0.328042328125 0.2101551484375 0.329805996875 0.20592383593750002 0.3359788359375 0.20592383593750002 0.3562610234375 0.2115655859375 0.36419753125 0.215091678125 0.365079365625 0.22002820937499998 0.363315696875 0.22496473906249997 0.3562610234375 0.22496473906249997 0.3359788359375 0.2214386453125 0.329805996875 0.217207334375 0.328042328125
0 0.215091678125 0.36860670156249997 0.2115655859375 0.36948853593750003 0.20592383593750002 0.37742504375 0.20662905468749998 0.39770723124999996 0.2115655859375 0.40564373906249995 0.215091678125 0.40652557343750007 0.22214386406250003 0.4038800703125 0.22566995781250002 0.39417989375 0.22496473906249997 0.3747795421875 0.217207334375 0.36860670156249997 0.215091678125 0.36860670156249997
0 0.20662905468749998 0.41798941875000006 0.20874471093750002 0.43738977031250004 0.2115655859375 0.4426807765625 0.215091678125 0.4435626109375 0.2214386453125 0.44179894218750004 0.22566995781250002 0.4356261015625 0.22566995781250002 0.4206349203125 0.219322990625 0.411816578125 0.215091678125 0.411816578125 0.20662905468749998 0.41798941875000006
0 0.215091678125 0.44797178125 0.2101551484375 0.450617284375 0.20662905468749998 0.45767195781250003 0.20733427343750002 0.4753086421875 0.2122708046875 0.48236331562499996 0.22002820937499998 0.48236331562499996 0.22496473906249997 0.47883597812499995 0.2263751765625 0.47442680781249996 0.22566995781250002 0.45502645468749997 0.217207334375 0.44797178125 0.215091678125 0.44797178125
0 0.214386459375 0.4876543203125 0.2115655859375 0.4885361546875 0.20733427343750002 0.4964726625 0.2080394921875 0.514109346875 0.2115655859375 0.5220458546875 0.22002820937499998 0.5238095234375 0.2263751765625 0.51675485 0.22708039531250002 0.5035273375 0.22566995781250002 0.4929453265625 0.219322990625 0.4876543203125 0.214386459375 0.4876543203125
0 0.22002820937499998 0.5282186953125 0.217912553125 0.5282186953125 0.2108603671875 0.530864196875 0.2080394921875 0.53527336875 0.20733427343750002 0.549382715625 0.2094499296875 0.5590828921875 0.214386459375 0.5643738984375 0.22073342812500002 0.566137565625 0.2277856140625 0.5573192234375 0.22849083281250002 0.5449735453125 0.2263751765625 0.5335097 0.22002820937499998 0.5282186953125
0 0.22496473906249997 0.5714285718750001 0.2214386453125 0.5767195765625 0.22073342812500002 0.582892415625 0.22425952031250002 0.5934744265624999 0.232016925 0.5978835984375 0.2454160796875 0.5952380953125 0.249647390625 0.58906525625 0.248942171875 0.5793650796875001 0.2440056421875 0.5749559078125001 0.22990126875 0.5714285718750001 0.22496473906249997 0.5714285718750001
0 0.3286318765625 0.5749559078125001 0.3258110015625 0.5873015875 0.32933709375000003 0.5952380953125 0.34414668593750003 0.5970017640624999 0.35401974687500004 0.5925925921874999 0.3561354015625 0.58906525625 0.3561354015625 0.5793650796875001 0.348377996875 0.573192240625 0.344322990625 0.573192240625 0.3286318765625 0.5749559078125001
0 0.3783497890625 0.57231040625 0.36671368125 0.57231040625 0.3624823703125 0.5749559078125001 0.3603667140625 0.5811287484375 0.3624823703125 0.5934744265624999 0.3688293375 0.5961199296874999 0.384344146875 0.5943562609375 0.3878702390625 0.588183421875 0.3878702390625 0.5793650796875001 0.38222849062500003 0.57231040625 0.3783497890625 0.57231040625
0 0.48095909687500005 0.569664903125 0.47179125468749994 0.57231040625 0.4682651625 0.5802469140625 0.46897038125 0.5873015875 0.47390691093750004 0.5943562609375 0.4908321578125 0.5943562609375 0.49647390625 0.5855379187499999 0.497179125 0.5767195765625 0.49365303281250006 0.5714285718750001 0.48236953437499996 0.569664903125 0.48095909687500005 0.569664903125
0 0.5437235546875 0.588183421875 0.5387870234375 0.606701940625 0.5394922421875 0.6119929453124999 0.546544428125 0.61904761875 0.5543018328125 0.61904761875 0.5620592390625 0.6093474421875 0.5599435828125 0.5925925921874999 0.553596615625 0.58377425 0.548660084375 0.58377425 0.5437235546875 0.588183421875
0 0.6078984484375 0.58377425 0.60014104375 0.58906525625 0.59661495 0.6005290999999999 0.59661495 0.6128747796875 0.6029619187499999 0.61904761875 0.6100141046875 0.618165784375 0.614245415625 0.6146384484375 0.618476728125 0.604938271875 0.616361071875 0.5925925921874999 0.6093088859375 0.58377425 0.6078984484375 0.58377425
0 0.6643159375 0.5855379187499999 0.6586741890625001 0.586419753125 0.651622003125 0.601410934375 0.651622003125 0.6102292765625 0.6565585328125 0.61728395 0.6643159375 0.61728395 0.6734837796875001 0.6093474421875 0.6727785609375 0.5970017640624999 0.66854725 0.588183421875 0.66502115625 0.586419753125 0.6643159375 0.5855379187499999
0 0.7122708046875 0.588183421875 0.7073342734375 0.6005290999999999 0.7073342734375 0.6111111109375 0.7115655859375 0.6155202828124999 0.720028209375 0.6155202828124999 0.7284908328124999 0.6040564374999999 0.7263751765625 0.5917107578125 0.720028209375 0.58377425 0.719322990625 0.58377425 0.7122708046875 0.588183421875
0 0.76868829375 0.5846560843749999 0.7644569812500001 0.5970017640624999 0.7651622 0.6084656078124999 0.7715091671875001 0.6146384484375 0.780677009375 0.6119929453124999 0.7849083218749999 0.6040564374999999 0.783497884375 0.588183421875 0.7764456984375 0.5811287484375 0.7736248234375 0.5811287484375 0.76868829375 0.5846560843749999
0 0.8251057828125001 0.58377425 0.819464034375 0.5987654328125 0.8208744703124999 0.6102292765625 0.8272214390625001 0.6137566140625 0.8349788437500001 0.6102292765625 0.8392101546875 0.601410934375 0.83638928125 0.5855379187499999 0.8314527500000001 0.5811287484375 0.8300423125 0.5811287484375 0.8251057828125001 0.58377425
0 0.885754584375 0.5784832453125001 0.8787023984375001 0.5846560843749999 0.8765867421875001 0.5961199296874999 0.8758815234374999 0.604938271875 0.8808180531250001 0.6111111109375 0.8892806765625 0.6102292765625 0.8949224265625 0.603174603125 0.8935119890625 0.5855379187499999 0.8913963328125 0.5802469140625 0.887165021875 0.5784832453125001 0.885754584375 0.5784832453125001
0 0.9379407609375001 0.5776014109375 0.93300423125 0.582892415625 0.93018335625 0.5952380953125 0.93018335625 0.604938271875 0.9337094499999999 0.6102292765625 0.9428772921874999 0.6102292765625 0.947108603125 0.60582010625 0.948519040625 0.5908289234375 0.946403384375 0.5802469140625 0.9428772921874999 0.5776014109375 0.9379407609375001 0.5776014109375
1 0.9708511984375001 0.5608465609375 0.9590973203125 0.5626102296875 0.950634696875 0.5767195765625 0.9548660078125 0.5987654328125 0.9612129765624999 0.6075837749999999 0.9774330046875 0.604938271875 0.981664315625 0.5943562609375 0.983779971875 0.5740740734374999 0.981664315625 0.5643738984375 0.9746121296875 0.5608465609375 0.9708511984375001 0.5608465609375
0 1 0.5758377421875001 0.99647390625 0.5758377421875001 0.9929478140624999 0.5758377421875001 0.9873060656250001 0.5873015875 0.9866008468749999 0.603174603125 0.9915373765625001 0.6084656078124999 1 0.60602360625 1 0.5758377421875001
1 0 0.6286085578125 0.0056417484375 0.6278659609374999 0.012693934374999999 0.6199294531249999 0.015514809374999999 0.6119929453124999 0.013399153124999999 0.5899470906250001 0.0084626234375 0.5820105812499999 0 0.5784832453125001 0 0.6286085578125
1 0.047249646875 0.5820105812499999 0.0380818046875 0.5776014109375 0.03244005625 0.5776014109375 0.022566995312499998 0.58377425 0.018335684375 0.5987654328125 0.023272214062499998 0.62257495625 0.031029618749999998 0.6278659609374999 0.0380818046875 0.6278659609374999 0.047249646875 0.62257495625 0.053596615624999996 0.6119929453124999 0.05430183281249999 0.6040564374999999 0.050775740624999996 0.5873015875 0.047249646875 0.5820105812499999
1 0.0909732015625 0.5925925921874999 0.086741890625 0.58377425 0.0789844859375 0.5776014109375 0.0740479546875 0.5776014109375 0.0733427359375 0.5767195765625 0.0606488015625 0.5820105812499999 0.05712270781249999 0.588183421875 0.056417489062500006 0.5952380953125 0.05712270781249999 0.6128747796875 0.06276445625 0.621693121875 0.0733427359375 0.6269841265625 0.085331453125 0.621693121875 0.0895627640625 0.6155202828124999 0.0916784203125 0.606701940625 0.0909732015625 0.5925925921874999
1 0.12200282031250001 0.5793650796875001 0.116361071875 0.5767195765625 0.1124823703125 0.5767195765625 0.10437235468749999 0.5784832453125001 0.09661495 0.5899470906250001 0.0952045140625 0.5961199296874999 0.09732016875 0.6137566140625 0.1078984484375 0.6252204578125 0.117066290625 0.6252204578125 0.1248236953125 0.6208112875 0.13046544375 0.6084656078124999 0.1283497890625 0.588183421875 0.12200282031250001 0.5793650796875001
1 0.16854724999999998 0.5961199296874999 0.165726375 0.586419753125 0.1551480953125 0.5767195765625 0.15162200312500002 0.5767195765625 0.1403385046875 0.5793650796875001 0.13610719375 0.58377425 0.13399153749999998 0.5917107578125 0.135401975 0.6155202828124999 0.1403385046875 0.62257495625 0.14739069062500001 0.6252204578125 0.1572637515625 0.6252204578125 0.16290549999999998 0.621693121875 0.16854724999999998 0.6093474421875 0.16854724999999998 0.5961199296874999
1 0.216502115625 0.5776014109375 0.2101551484375 0.573192240625 0.20627644531249997 0.573192240625 0.184062059375 0.5749559078125001 0.1755994359375 0.5793650796875001 0.17066290625 0.586419753125 0.1727785609375 0.603174603125 0.184062059375 0.6137566140625 0.186882934375 0.6137566140625 0.212976021875 0.5978835984375 0.216502115625 0.5934744265624999 0.21861777187500003 0.5846560843749999 0.216502115625 0.5776014109375
1 0.30028208749999996 0.573192240625 0.2651622 0.5740740734374999 0.2616361078125 0.5802469140625 0.2616361078125 0.5908289234375 0.26727785625 0.5978835984375 0.3053596609375 0.5978835984375 0.31946403437500004 0.58906525625 0.31946403437500004 0.5820105812499999 0.315232721875 0.5758377421875001 0.303949225 0.573192240625 0.30028208749999996 0.573192240625
1 0.440002115625 0.5714285718750001 0.3942172078125 0.57231040625 0.3899858953125 0.5793650796875001 0.3899858953125 0.588183421875 0.39351198906249996 0.5943562609375 0.3977433 0.5961199296874999 0.4449929484375 0.5943562609375 0.45133991562500003 0.5873015875 0.45204513437499994 0.5793650796875001 0.4435825109375 0.5714285718750001 0.440002115625 0.5714285718750001
1 0.5042313109375 0.5705467375 0.49929478125 0.5820105812499999 0.5 0.5970017640624999 0.5211565578124999 0.6119929453124999 0.5345557125 0.604938271875 0.5409026796874999 0.586419753125 0.5394922421875 0.5767195765625 0.5289139640625 0.569664903125 0.5253878703125 0.569664903125 0.5042313109375 0.5705467375
1 0.586741890625 0.569664903125 0.582510578125 0.569664903125 0.5677009875000001 0.5705467375 0.563469675 0.5758377421875001 0.5613540203125 0.5846560843749999 0.5677009875000001 0.6128747796875 0.5768688296875 0.618165784375 0.586036671875 0.6146384484375 0.5937940765625 0.6040564374999999 0.5973201687499999 0.5802469140625 0.5923836390624999 0.57231040625 0.586741890625 0.569664903125
1 0.652327221875 0.5767195765625 0.6403385046875 0.5679012343750001 0.6368124125 0.5679012343750001 0.6248236953124999 0.569664903125 0.619181946875 0.5758377421875001 0.617771509375 0.5811287484375 0.6212976015625 0.6040564374999999 0.6269393515624999 0.6137566140625 0.6318758812499999 0.6164021156249999 0.6403385046875 0.6146384484375 0.6445698171875 0.6102292765625 0.653032440625 0.588183421875 0.652327221875 0.5767195765625
1 0.696050775 0.5670194000000001 0.6925246828125 0.5670194000000001 0.6777150921875 0.56878306875 0.6720733421875 0.5811287484375 0.6777150921875 0.6040564374999999 0.686882934375 0.6111111109375 0.696050775 0.6102292765625 0.69957686875 0.606701940625 0.7073342734375 0.58906525625 0.7080394921875001 0.5758377421875001 0.7031029625 0.569664903125 0.696050775 0.5670194000000001
1 0.7595204515625 0.569664903125 0.752468265625 0.566137565625 0.748942171875 0.566137565625 0.7348378 0.5679012343750001 0.7284908328124999 0.5784832453125001 0.732016925 0.603174603125 0.7362482375 0.6102292765625 0.7418899859375 0.6137566140625 0.753173484375 0.6111111109375 0.7581100140625 0.604938271875 0.7637517625 0.5873015875 0.7644569812500001 0.5767195765625 0.7595204515625 0.569664903125
1 0.8124118484375 0.566137565625 0.8053596609375001 0.5643738984375 0.8025387875 0.5643738984375 0.7912552890625 0.5679012343750001 0.7863187593750001 0.5793650796875001 0.7891396328125 0.601410934375 0.7968970375 0.6111111109375 0.803949225 0.6111111109375 0.8117066296875001 0.60582010625 0.818053596875 0.586419753125 0.818758815625 0.5767195765625 0.816643159375 0.5705467375 0.8124118484375 0.566137565625
1 0.86389280625 0.5634920640625001 0.8596614953125 0.5634920640625001 0.8462623406249999 0.566137565625 0.8399153734375 0.5802469140625 0.8448519046875 0.603174603125 0.8533145281250001 0.6111111109375 0.8624823703125 0.6093474421875 0.8674189 0.603174603125 0.8723554296874999 0.58906525625 0.8730606484375001 0.573192240625 0.86953455625 0.5670194000000001 0.86389280625 0.5634920640625001
1 0.912552890625 0.5617283953125 0.90126939375 0.566137565625 0.8970380812500001 0.5767195765625 0.9005641750000001 0.601410934375 0.9026798312500001 0.60582010625 0.9090267984375 0.6093474421875 0.9203102968750001 0.60582010625 0.9273624828125 0.588183421875 0.9266572640625 0.5679012343750001 0.9181946406250001 0.5617283953125 0.912552890625 0.5617283953125