1 0.023775215625000002 0.5855855859375 0.0201729109375 0.5855855859375 0.011527378125 0.5900900906250001 0.006484149999999999 0.6009009015625 0.006484149999999999 0.615315315625 0.0100864546875 0.6324324328125 0.0165706046875 0.6369369375 0.0317002875 0.634234234375 0.04178674375 0.6216216218749999 0.0389048984375 0.596396396875 0.0331412109375 0.5891891890625 0.023775215625000002 0.5855855859375
1 0.0742074921875 0.5900900906250001 0.0619596546875 0.584684684375 0.06051873125 0.584684684375 0.052593659375000004 0.5864864859375001 0.046109509375 0.5918918921875 0.0439481265625 0.5981981984375 0.0439481265625 0.6180180187500001 0.049711815625 0.6297297296875 0.0583573484375 0.634234234375 0.0684438046875 0.634234234375 0.0792507203125 0.6216216218749999 0.07997118125 0.6018018015625 0.0742074921875 0.5900900906250001
1 0.11095100937499999 0.5873873875 0.1037463984375 0.584684684375 0.1001440921875 0.584684684375 0.0922190203125 0.5873873875 0.087896253125 0.5927927921875 0.0835734875 0.6072072078125 0.08645533125 0.6234234234375 0.0965417875 0.634234234375 0.10590778125 0.634234234375 0.1131123921875 0.6306306312500001 0.1195965421875 0.6198198203125 0.1181556203125 0.597297296875 0.11095100937499999 0.5873873875
1 0.1548991359375 0.5918918921875 0.14409221875 0.584684684375 0.1401296828125 0.584684684375 0.1289625359375 0.5882882890625 0.1239193078125 0.5990990984375 0.12463976875 0.622522521875 0.1289625359375 0.6306306312500001 0.1368876078125 0.634234234375 0.145533140625 0.634234234375 0.154178675 0.6297297296875 0.1592219015625 0.616216215625 0.1592219015625 0.6045045046874999 0.1548991359375 0.5918918921875
1 0.2010086453125 0.5927927921875 0.1959654171875 0.5864864859375001 0.18948126875 0.583783784375 0.1858789625 0.583783784375 0.171469740625 0.5855855859375 0.164985590625 0.5927927921875 0.162103746875 0.6009009015625 0.162103746875 0.6108108109375 0.1657060515625 0.6216216218749999 0.1757925078125 0.6306306312500001 0.18876080625 0.6261261265625 0.203170028125 0.609009009375 0.203890490625 0.6018018015625 0.2010086453125 0.5927927921875
1 0.270893371875 0.583783784375 0.2399135453125 0.5801801796875 0.236071325 0.5801801796875 0.2168587890625 0.583783784375 0.2139769453125 0.5882882890625 0.2139769453125 0.597297296875 0.2219020171875 0.60630630625 0.2413544671875 0.6072072078125 0.26585014375 0.6054054046874999 0.2716138328125 0.6018018015625 0.2752161390625 0.5954954953125 0.2752161390625 0.590990990625 0.270893371875 0.583783784375
1 0.365273775 0.5792792796875 0.363832853125 0.5792792796875 0.3537463984375 0.5801801796875 0.347982709375 0.584684684375 0.3472622484375 0.5981981984375 0.3515850140625 0.6045045046874999 0.3969740640625 0.6045045046874999 0.405619596875 0.6018018015625 0.4099423625 0.5936936937499999 0.4099423625 0.5882882890625 0.4034582125 0.58108108125 0.365273775 0.5792792796875
1 0.49639769375 0.5774774781249999 0.49267507187500004 0.5774774781249999 0.4625360234375 0.5792792796875 0.4574927953125 0.5873873875 0.45821325625 0.596396396875 0.4654178671875 0.603603603125 0.5100864546875 0.603603603125 0.5165706046875 0.5981981984375 0.5187319890625 0.5873873875 0.51585014375 0.58198198125 0.5108069171875 0.578378378125 0.49639769375 0.5774774781249999
1 0.57997118125 0.58198198125 0.5713256484375 0.5774774781249999 0.5662824203125 0.5774774781249999 0.5569164265625 0.5792792796875 0.5504322765625 0.5918918921875 0.54827089375 0.6171171171875 0.5504322765625 0.624324325 0.556195965625 0.627927928125 0.5677233421875 0.6270270265625 0.5763688765625 0.6216216218749999 0.57997118125 0.6135135140625 0.5835734875 0.5891891890625 0.57997118125 0.58198198125
1 0.6383285296875 0.58198198125 0.626801153125 0.5765765765624999 0.6229589343749999 0.5765765765624999 0.6116714703125 0.578378378125 0.607348703125 0.583783784375 0.6051873203125 0.5918918921875 0.6095100859375 0.616216215625 0.6181556203125 0.625225225 0.62463976875 0.625225225 0.633285303125 0.6180180187500001 0.641210375 0.5954954953125 0.641210375 0.5882882890625 0.6383285296875 0.58198198125
1 0.6858789625 0.575675675 0.6822766578125 0.575675675 0.668587896875 0.5765765765624999 0.66354466875 0.58108108125 0.6613832859375 0.5873873875 0.664985590625 0.6126126125 0.668587896875 0.6198198203125 0.67651296875 0.625225225 0.6858789625 0.6216216218749999 0.6930835734375 0.6126126125 0.69524495625 0.5855855859375 0.6858789625 0.575675675
1 0.75 0.5774774781249999 0.7377521609375 0.5738738734375 0.7312680109375 0.5738738734375 0.7240634 0.5765765765624999 0.7204610953125 0.58198198125 0.7190201734375 0.597297296875 0.7240634 0.6180180187500001 0.7283861671875 0.622522521875 0.73414985625 0.6234234234375 0.74063400625 0.6216216218749999 0.7492795390625 0.6135135140625 0.755043228125 0.5900900906250001 0.75 0.5774774781249999
1 0.80475504375 0.5747747750000001 0.7989913546875 0.5729729734375 0.7943083578125 0.5729729734375 0.78242075 0.5765765765624999 0.777377521875 0.5864864859375001 0.7809798265625 0.6126126125 0.7896253609375 0.6216216218749999 0.79827089375 0.6198198203125 0.8054755046875 0.6126126125 0.81051873125 0.5936936937499999 0.81123919375 0.5864864859375001 0.809077809375 0.5801801796875 0.80475504375 0.5747747750000001
1 0.8674351578125 0.5927927921875 0.866714696875 0.5801801796875 0.858789625 0.572072071875 0.8548270890625 0.572072071875 0.84293948125 0.572072071875 0.837896253125 0.575675675 0.8335734875 0.584684684375 0.8335734875 0.5954954953125 0.8371757921875 0.6108108109375 0.841498559375 0.6180180187500001 0.8472622484375 0.6207207203125 0.8595100859375 0.615315315625 0.865273775 0.6027027031250001 0.8674351578125 0.5927927921875
1 0.91354466875 0.5702702703125 0.908861671875 0.5702702703125 0.8969740640625 0.5738738734375 0.891210375 0.584684684375 0.8948126796875 0.6081081078125 0.897694525 0.6144144140625001 0.9034582125 0.61891891875 0.908501440625 0.61891891875 0.9164265125 0.6135135140625 0.9229106625 0.5927927921875 0.9207492796875 0.5765765765624999 0.91354466875 0.5702702703125
1 0.976224784375 0.5729729734375 0.9704610953125 0.56936936875 0.9663782421875 0.56936936875 0.953170028125 0.572072071875 0.947406340625 0.583783784375 0.9488472625 0.6018018015625 0.9560518734375 0.6171171171875 0.966138328125 0.6171171171875 0.9704610953125 0.6144144140625001 0.976224784375 0.6045045046874999 0.979106628125 0.5936936937499999 0.979106628125 0.5801801796875 0.976224784375 0.5729729734375
0 1 0.5882882890625 0.9956772328125 0.5828828828125 0.99063400625 0.5828828828125 0.98414985625 0.5882882890625 0.9812680109375 0.6009009015625 0.981988471875 0.6126126125 0.9848703171875 0.6180180187500001 0.988472621875 0.61891891875 1 0.6155272921875 1 0.5882882890625
0 0.21980612968750002 0 0.2204610953125 0.009009009375 0.2269452453125 0.0171171171875 0.2391930828125 0.0144144140625 0.2427953890625 0.0045045046875 0.2430724890625 0 0.21980612968750002 0
0 0.200288184375 0.0072072078125 0.1966858796875 0.0135135140625 0.197406340625 0.028828828125 0.203170028125 0.0378378375 0.2118155625 0.0369369375 0.2204610953125 0.021621621875 0.219740634375 0.0126126125 0.2118155625 0.0045045046875 0.2053314125 0.0045045046875 0.200288184375 0.0072072078125
0 0.23054755 0.022522521875 0.222622478125 0.0270270265625 0.2182997125 0.0378378375 0.2204610953125 0.05045045 0.226224784375 0.05585585625 0.235590778125 0.0540540546875 0.2399135453125 0.046846846875 0.2399135453125 0.028828828125 0.2370317 0.024324325 0.231988471875 0.022522521875 0.23054755 0.022522521875
0 0.1995677234375 0.07027027031250001 0.203890490625 0.07927927968750001 0.2103746390625 0.07927927968750001 0.2204610953125 0.06216216249999999 0.219740634375 0.0522522515625 0.2103746390625 0.044144143749999996 0.206772334375 0.044144143749999996 0.1995677234375 0.0522522515625 0.1995677234375 0.07027027031250001
0 0.23054755 0.06126126093749999 0.222622478125 0.064864865625 0.2168587890625 0.08108108124999999 0.22118155625 0.0927927921875 0.23054755 0.0990990984375 0.2363112390625 0.0954954953125 0.238472621875 0.07927927968750001 0.238472621875 0.06846846875 0.2363112390625 0.0639639640625 0.2312680109375 0.06126126093749999 0.23054755 0.06126126093749999
0 0.2089337171875 0.0864864859375 0.203890490625 0.090090090625 0.2024495671875 0.097297296875 0.203170028125 0.115315315625 0.20821325625 0.1198198203125 0.2190201734375 0.116216215625 0.2255043234375 0.1072072078125 0.2240634 0.0981981984375 0.216138328125 0.0882882890625 0.2118155625 0.0864864859375 0.2089337171875 0.0864864859375
0 0.2139769453125 0.12432432499999999 0.2110951015625 0.12972972968750002 0.2110951015625 0.1378378375 0.21757925 0.1450450453125 0.229106628125 0.1450450453125 0.2348703171875 0.1387387390625 0.2363112390625 0.1207207203125 0.23054755 0.115315315625 0.226224784375 0.115315315625 0.2139769453125 0.12432432499999999
0 0.20821325625 0.1540540546875 0.2060518734375 0.1666666671875 0.2103746390625 0.175675675 0.21757925 0.178378378125 0.22766570625 0.1765765765625 0.23414985625 0.165765765625 0.23054755 0.153153153125 0.219740634375 0.1486486484375 0.2168587890625 0.1486486484375 0.20821325625 0.1540540546875
0 0.2219020171875 0.18198198125 0.2154178671875 0.1828828828125 0.20821325625 0.19009009062499999 0.2074927953125 0.1990990984375 0.2125360234375 0.21171171093750002 0.2247838609375 0.2126126125 0.2312680109375 0.20720720781250002 0.23414985625 0.196396396875 0.2334293953125 0.19009009062499999 0.2255043234375 0.18198198125 0.2219020171875 0.18198198125
0 0.21469740625 0.2198198203125 0.209654178125 0.22702702656249998 0.209654178125 0.24414414375 0.21757925 0.2513513515625 0.2269452453125 0.24954955 0.231988471875 0.2423423421875 0.231988471875 0.224324325 0.2233429390625 0.2171171171875 0.2219020171875 0.2171171171875 0.21469740625 0.2198198203125
0 0.213256484375 0.2612612609375 0.2110951015625 0.26846846874999997 0.2125360234375 0.28738738750000004 0.2182997125 0.29369369375 0.2269452453125 0.2918918921875 0.2312680109375 0.283783784375 0.2312680109375 0.265765765625 0.2247838609375 0.25675675625 0.219740634375 0.25675675625 0.213256484375 0.2612612609375
0 0.2139769453125 0.303603603125 0.2118155625 0.3126126125 0.2125360234375 0.328828828125 0.2182997125 0.3360360359375 0.2269452453125 0.33513513437500003 0.231988471875 0.327927928125 0.231988471875 0.3072072078125 0.2255043234375 0.29909909843750004 0.219740634375 0.29909909843750004 0.2139769453125 0.303603603125
0 0.2139769453125 0.3450450453125 0.2118155625 0.35585585625 0.2125360234375 0.372072071875 0.2182997125 0.37837837812499997 0.22766570625 0.377477478125 0.231988471875 0.37117117187500004 0.231988471875 0.3486486484375 0.2255043234375 0.340540540625 0.2190201734375 0.340540540625 0.2139769453125 0.3450450453125
0 0.213256484375 0.39279279218749996 0.2139769453125 0.4081081078125 0.216138328125 0.4144144140625 0.219740634375 0.4171171171875 0.226224784375 0.416216215625 0.232708934375 0.40900900937499995 0.232708934375 0.39369369375 0.226224784375 0.384684684375 0.2219020171875 0.384684684375 0.213256484375 0.39279279218749996
0 0.213256484375 0.4477477484375 0.219740634375 0.45675675625 0.2283861671875 0.45585585625 0.2334293953125 0.44684684687500004 0.232708934375 0.42972972968749995 0.2255043234375 0.42162162187499996 0.22118155625 0.42162162187499996 0.213256484375 0.42972972968749995 0.213256484375 0.4477477484375
0 0.2182997125 0.4630630625 0.213256484375 0.471171171875 0.2139769453125 0.49009009062500003 0.2190201734375 0.4990990984375 0.2283861671875 0.4981981984375 0.23414985625 0.4882882890625 0.2334293953125 0.4702702703125 0.2269452453125 0.46216216250000003 0.2233429390625 0.46216216250000003 0.2182997125 0.4630630625
0 0.2182997125 0.5063063062500001 0.2139769453125 0.5144144140625 0.2139769453125 0.53063063125 0.2204610953125 0.540540540625 0.2283861671875 0.540540540625 0.2348703171875 0.53153153125 0.23414985625 0.5117117109375 0.2269452453125 0.5045045046875 0.222622478125 0.5045045046875 0.2182997125 0.5063063062500001
0 0.2139769453125 0.571171171875 0.21757925 0.5774774781249999 0.2269452453125 0.5765765765624999 0.2348703171875 0.571171171875 0.23414985625 0.553153153125 0.22766570625 0.5468468468750001 0.22118155625 0.5468468468750001 0.2139769453125 0.55675675625 0.2139769453125 0.571171171875
0 0.2809798265625 0.583783784375 0.27881844375 0.5981981984375 0.2831412109375 0.6054054046874999 0.3004322765625 0.6054054046874999 0.3083573484375 0.5981981984375 0.3083573484375 0.5882882890625 0.30475504375 0.583783784375 0.296829971875 0.58108108125 0.2929877515625 0.58108108125 0.2809798265625 0.583783784375
0 0.3278097984375 0.5801801796875 0.3184438046875 0.5828828828125 0.3162824203125 0.5891891890625 0.3177233421875 0.6018018015625 0.322046109375 0.6054054046874999 0.33645533125 0.6054054046874999 0.3407780984375 0.6027027031250001 0.3436599421875 0.597297296875 0.3422190203125 0.583783784375 0.328530259375 0.5801801796875 0.3278097984375 0.5801801796875
0 0.4337175796875 0.578378378125 0.427953890625 0.5828828828125 0.4257925078125 0.5918918921875 0.4301152734375 0.6027027031250001 0.443804034375 0.6045045046874999 0.453890490625 0.5990990984375 0.4546109515625 0.583783784375 0.447406340625 0.578378378125 0.442843659375 0.578378378125 0.4337175796875 0.578378378125
0 0.5317002875 0.58198198125 0.5266570609375 0.5981981984375 0.52881844375 0.616216215625 0.5345821328125 0.6207207203125 0.5425072046875 0.6180180187500001 0.5475504328125 0.6045045046874999 0.5489913546875 0.5882882890625 0.5439481265625 0.5792792796875 0.539985590625 0.5792792796875 0.5317002875 0.58198198125
0 0.5857348703125 0.5990990984375 0.5828530265625 0.6126126125 0.585014409375 0.6234234234375 0.5907780984375 0.627927928125 0.6001440921875 0.6261261265625 0.60590778125 0.6180180187500001 0.6037463984375 0.6009009015625 0.5972622484375 0.5918918921875 0.59293948125 0.5918918921875 0.5857348703125 0.5990990984375
0 0.642651296875 0.6 0.639769453125 0.6117117109375 0.6404899140625 0.6216216218749999 0.645533140625 0.6270270265625 0.6563400578125 0.625225225 0.6606628234375 0.6198198203125 0.6613832859375 0.6054054046874999 0.6548991359375 0.5936936937499999 0.6484149859375 0.5936936937499999 0.642651296875 0.6
0 0.700288184375 0.5945945953125 0.697406340625 0.60630630625 0.6981268015625 0.616216215625 0.703890490625 0.6216216218749999 0.7103746390625 0.6216216218749999 0.71757925 0.6135135140625 0.7154178671875 0.596396396875 0.709654178125 0.5882882890625 0.7074927953125 0.5882882890625 0.700288184375 0.5945945953125
0 0.76585014375 0.5891891890625 0.75936599375 0.5936936937499999 0.755043228125 0.6081081078125 0.7557636890625 0.6171171171875 0.7608069171875 0.6234234234375 0.77233429375 0.6207207203125 0.7759366 0.6135135140625 0.7759366 0.6009009015625 0.77233429375 0.5918918921875 0.767291065625 0.5891891890625 0.76585014375 0.5891891890625
0 0.822046109375 0.5891891890625 0.81700288125 0.5927927921875 0.8119596546875 0.6081081078125 0.812680115625 0.6171171171875 0.8162824203125 0.6216216218749999 0.825648415625 0.6207207203125 0.8321325640625 0.6126126125 0.8306916421875 0.5954954953125 0.8270893375 0.5900900906250001 0.82348703125 0.5891891890625 0.822046109375 0.5891891890625
0 0.879682996875 0.5873873875 0.873198846875 0.5918918921875 0.8695965421875 0.6081081078125 0.870317003125 0.6171171171875 0.87536023125 0.6216216218749999 0.8854466859375 0.6180180187500001 0.889048990625 0.6126126125 0.889048990625 0.6 0.8854466859375 0.5900900906250001 0.88112391875 0.5873873875 0.879682996875 0.5873873875
0 0.9351585015625 0.5855855859375 0.9301152734375 0.5891891890625 0.925072046875 0.6009009015625 0.925072046875 0.6126126125 0.9301152734375 0.61891891875 0.93876080625 0.6180180187500001 0.943804034375 0.6135135140625 0.9430835734375 0.5927927921875 0.9416426515625 0.5882882890625 0.937319884375 0.5855855859375 0.9351585015625 0.5855855859375