1 0.009389671875 0.6780821921875 0.0187793421875 0.6947162421875 0.03286385 0.6976516640625 0.04303599375 0.6908023484375 0.0477308296875 0.6810176125 0.0477308296875 0.6634050874999999 0.03912363125 0.6467710375 0.0211267609375 0.6438356171875 0.009389671875 0.6585127203125001 0.009389671875 0.6780821921875
1 0.0539906109375 0.6545988265625 0.053208137499999995 0.6810176125 0.05946791875 0.6927592953125 0.073552425 0.6966731890625 0.0876369328125 0.6888454015625001 0.0915492953125 0.674168296875 0.0907668234375 0.661448140625 0.0837245703125 0.6477495109375 0.073552425 0.6428571421875 0.06259780937500001 0.6438356171875 0.0539906109375 0.6545988265625
1 0.0946791859375 0.6761252453125 0.10093896718749999 0.6908023484375 0.10798122031249999 0.695694715625 0.12050078281250001 0.695694715625 0.1306729265625 0.6859099796875 0.132237871875 0.6634050874999999 0.1228482 0.6457925640625 0.10798122031249999 0.6428571421875 0.095461659375 0.65949119375 0.0946791859375 0.6761252453125
1 0.138497653125 0.6526418781250001 0.1369327078125 0.674168296875 0.1431924875 0.68493150625 0.1510172140625 0.6888454015625001 0.16040688593750002 0.6878669281249999 0.1768388109375 0.6751467703125 0.1838810640625 0.6643835609375001 0.1830985921875 0.6516634046875 0.17370892031250001 0.64187866875 0.1478873234375 0.64187866875 0.138497653125 0.6526418781250001
1 0.334898278125 0.657534246875 0.3427230046875 0.6653620359375 0.3888888890625 0.6643835609375001 0.3982785609375 0.65949119375 0.40140845 0.6536203515625 0.3982785609375 0.6409001953125 0.38732394375 0.6369863015624999 0.34350547656249997 0.637964775 0.334898278125 0.644814090625 0.334898278125 0.657534246875
1 0.4553990609375 0.6545988265625 0.4616588421875 0.6634050874999999 0.50625978125 0.6643835609375001 0.516431925 0.6585127203125001 0.519561815625 0.6477495109375 0.517214396875 0.6409001953125 0.509389671875 0.636007828125 0.4718309859375 0.6350293546875 0.45774647812499997 0.6389432484374999 0.4553990609375 0.6545988265625
1 0.549295775 0.679060665625 0.5524256656250001 0.6878669281249999 0.5696400625 0.6888454015625001 0.5805946796875 0.679060665625 0.5876369328125 0.6526418781250001 0.585289515625 0.64187866875 0.5813771515624999 0.637964775 0.55946791875 0.636007828125 0.5508607203125 0.6516634046875 0.549295775 0.679060665625
1 0.61267605625 0.6731898234375 0.622065728125 0.6868884546875 0.6322378718749999 0.6868884546875 0.64553990625 0.6731898234375 0.6502347421875 0.6467710375 0.6447574328125001 0.637964775 0.6228482 0.6330724078125 0.6142410015624999 0.636007828125 0.6087636937500001 0.644814090625 0.61267605625 0.6731898234375
1 0.6737089203125 0.6585127203125001 0.6799687015625 0.679060665625 0.6870109546875 0.6859099796875 0.7034428796875 0.6810176125 0.708137715625 0.67221135 0.7097026609375 0.64187866875 0.7026604062499999 0.6340508812500001 0.6838810640624999 0.6330724078125 0.6744913921875 0.6428571421875 0.6737089203125 0.6585127203125001
1 0.737871675 0.6692759296874999 0.7433489828125001 0.6819960859374999 0.755086071875 0.68493150625 0.7691705796874999 0.6731898234375 0.7746478875 0.6457925640625 0.76838810625 0.6340508812500001 0.7464788734375001 0.631115459375 0.741001565625 0.6340508812500001 0.7363067296875 0.6428571421875 0.737871675 0.6692759296874999
1 0.8004694828125001 0.661448140625 0.8067292640625 0.6780821921875 0.8169014078125001 0.6829745593750001 0.8302034421875 0.674168296875 0.8364632234375 0.6477495109375 0.834898278125 0.6389432484374999 0.8239436625 0.6301369859375 0.8114241 0.6301369859375 0.802034428125 0.637964775 0.8004694828125001 0.661448140625
1 0.8615023468749999 0.6545988265625 0.8685446015625 0.6780821921875 0.880281690625 0.6810176125 0.8896713609375 0.6751467703125 0.8974960875000001 0.648727984375 0.894366196875 0.6330724078125 0.888106415625 0.6291585125 0.8724569640625001 0.6291585125 0.8638497656249999 0.636007828125 0.8615023468749999 0.6545988265625
1 0.923317684375 0.6516634046875 0.9287949921875001 0.6731898234375 0.9374021906250001 0.6800391390625 0.947574334375 0.67710371875 0.957746478125 0.65068493125 0.9546165890625 0.6330724078125 0.947574334375 0.627201565625 0.9358372453125 0.627201565625 0.9248826296875 0.637964775 0.923317684375 0.6516634046875
1 1 0.6262230921875 0.9945226921874999 0.6262230921875 0.9859154921875 0.636007828125 0.9843505484374999 0.6526418781250001 0.9906103281249999 0.674168296875 0.9960876375 0.6780821921875 1 0.6771648734375 1 0.6262230921875
0 0.17370892031250001 0.03913894375 0.18231611875 0.0381604703125 0.189358371875 0.031311154687499995 0.1924882625 0.017612525 0.1870109546875 0.0068493156250000005 0.1760563375 0.0048923671875 0.1674491390625 0.010763209375 0.1674491390625 0.029354207812499998 0.17370892031250001 0.03913894375
0 0.192696921875 0 0.1932707359375 0.010763209375 0.2034428796875 0.0185909984375 0.2136150234375 0.014677103124999999 0.21909233125 0.0009784734374999999 0.21896191874999998 0 0.192696921875 0
0 0.19170579062499998 0.0459882578125 0.19483568125 0.0547945203125 0.2003129890625 0.0606653625 0.2104851328125 0.058708415624999996 0.21517996875 0.0489236796875 0.21517996875 0.03033268125 0.2104851328125 0.024461839062499997 0.20266040625 0.023483365625 0.1924882625 0.034246575 0.19170579062499998 0.0459882578125
0 0.1838810640625 0.0831702546875 0.1932707359375 0.06947162500000001 0.1924882625 0.0547945203125 0.1830985921875 0.0459882578125 0.1705790296875 0.05283757343749999 0.172926446875 0.080234834375 0.1768388109375 0.084148728125 0.1838810640625 0.0831702546875
0 0.19953051718749998 0.10567514687499999 0.2065727703125 0.1066536203125 0.21126760625 0.1027397265625 0.2136150234375 0.0743639921875 0.2104851328125 0.06947162500000001 0.19874804375 0.06947162500000001 0.19170579062499998 0.08219178125 0.1932707359375 0.09686888437499999 0.19953051718749998 0.10567514687499999
0 0.1768388109375 0.12426614531249999 0.185446009375 0.12426614531249999 0.19640062656249999 0.11350293593750001 0.19640062656249999 0.1046966734375 0.1877934265625 0.0919765171875 0.17840375625 0.09099804375000001 0.172926446875 0.09784735781250001 0.17370892031250001 0.11839530312499999 0.1768388109375 0.12426614531249999
0 0.20266040625 0.15264187812500002 0.20970266093749998 0.14579256406250002 0.21126760625 0.12524461874999998 0.20892018750000002 0.1213307234375 0.19953051718749998 0.11937377656249999 0.185446009375 0.131115459375 0.1830985921875 0.1369863015625 0.18622848125 0.148727984375 0.20266040625 0.15264187812500002
0 0.1838810640625 0.1859099796875 0.19953051718749998 0.18493150625000002 0.2065727703125 0.17710371875 0.2073552421875 0.1673189828125 0.20109546093750003 0.15851272031250002 0.1846635375 0.1565557734375 0.17840375625 0.1624266140625 0.17840375625 0.1761252453125 0.1838810640625 0.1859099796875
0 0.185446009375 0.22211350312499997 0.19874804375 0.22211350312499997 0.2065727703125 0.2142857140625 0.2073552421875 0.1976516640625 0.20109546093750003 0.191780821875 0.1846635375 0.1927592953125 0.179186228125 0.1996086109375 0.1799687015625 0.2152641875 0.185446009375 0.22211350312499997
0 0.1830985921875 0.2592954984375 0.1932707359375 0.2622309203125 0.20422535156250002 0.25538160468750004 0.2065727703125 0.2377690796875 0.20266040625 0.2299412921875 0.1940532078125 0.22700587031250002 0.181533646875 0.23287671250000003 0.1799687015625 0.24559686875 0.1830985921875 0.2592954984375
0 0.18231611875 0.290606653125 0.185446009375 0.3023483359375 0.189358371875 0.30626223124999996 0.2003129890625 0.3052837578125 0.20500782499999998 0.29452054843750003 0.20500782499999998 0.2729941296875 0.19874804375 0.2681017609375 0.1877934265625 0.269080234375 0.1838810640625 0.2729941296875 0.18231611875 0.290606653125
0 0.20109546093750003 0.3463796484375 0.205790296875 0.33170254374999997 0.20266040625 0.3180039140625 0.1924882625 0.3140900203125 0.1846635375 0.320939334375 0.1846635375 0.3434442265625 0.1909233171875 0.3483365953125 0.20109546093750003 0.3463796484375
0 0.1940532078125 0.39334637968749997 0.2003129890625 0.3913894328125 0.205790296875 0.3825831703125 0.20500782499999998 0.360078278125 0.20109546093750003 0.355185909375 0.1940532078125 0.3542074359375 0.1846635375 0.36203522499999996 0.18622848125 0.3884540125 0.1940532078125 0.39334637968749997
0 0.20109546093750003 0.4363992171875 0.2065727703125 0.42661448125 0.205790296875 0.40508806249999996 0.19874804375 0.398238746875 0.185446009375 0.4041095890625 0.185446009375 0.42954990156250006 0.1909233171875 0.437377690625 0.20109546093750003 0.4363992171875
0 0.195618153125 0.4843444234375 0.20500782499999998 0.480430528125 0.2073552421875 0.47162426562500004 0.205790296875 0.44911937343749997 0.2003129890625 0.44422700624999995 0.1940532078125 0.44422700624999995 0.185446009375 0.45303326874999994 0.18622848125 0.47847358125 0.195618153125 0.4843444234375
0 0.1870109546875 0.5225048921875 0.19170579062499998 0.528375734375 0.2034428796875 0.5264187859375 0.2073552421875 0.5215264187499999 0.2065727703125 0.4970645796875 0.19640062656249999 0.49021526406250004 0.1885759 0.4951076328125 0.1846635375 0.5009784734375 0.1870109546875 0.5225048921875
0 0.1877934265625 0.56849315 0.19874804375 0.5724070453125 0.20500782499999998 0.569471625 0.20892018750000002 0.5547945203125 0.205790296875 0.53913894375 0.19483568125 0.534246575 0.1870109546875 0.5410958906250001 0.185446009375 0.5567514671875 0.1877934265625 0.56849315
0 0.1885759 0.6105675140625 0.1932707359375 0.614481409375 0.20422535156250002 0.6125244624999999 0.20892018750000002 0.6037182 0.2065727703125 0.5831702546875001 0.195618153125 0.5782778859375 0.1877934265625 0.584148728125 0.18622848125 0.6017612531250001 0.1885759 0.6105675140625
0 0.1909233171875 0.65068493125 0.195618153125 0.6555773 0.20500782499999998 0.6526418781250001 0.21126760625 0.6389432484374999 0.20892018750000002 0.62524461875 0.20109546093750003 0.6193737765625 0.1870109546875 0.62524461875 0.18622848125 0.636007828125 0.1909233171875 0.65068493125
0 0.30516431875 0.6653620359375 0.32081377187500004 0.6653620359375 0.330985915625 0.6555773 0.33020344218750003 0.644814090625 0.3255086078125 0.639921721875 0.30516431875 0.6389432484374999 0.2989045390625 0.6428571421875 0.2989045390625 0.6585127203125001 0.30516431875 0.6653620359375
0 0.42801252031250003 0.6634050874999999 0.443661971875 0.6634050874999999 0.4522691703125 0.6555773 0.4522691703125 0.64187866875 0.4483568078125 0.6369863015624999 0.427230046875 0.6369863015624999 0.420970265625 0.6428571421875 0.42175273906250005 0.657534246875 0.42801252031250003 0.6634050874999999
0 0.5250391234375 0.6643835609375001 0.5281690140624999 0.67710371875 0.5344287953125 0.6819960859374999 0.542253521875 0.6780821921875 0.5485133015625 0.6565557734375 0.5469483562499999 0.64187866875 0.54303599375 0.637964775 0.5344287953125 0.6389432484374999 0.52660406875 0.6526418781250001 0.5250391234375 0.6643835609375001
0 0.5915492953125 0.689823875 0.6017214390625 0.689823875 0.6103286390625 0.6800391390625 0.6079812203125 0.6624266140625 0.6017214390625 0.6526418781250001 0.5915492953125 0.6555773 0.586854459375 0.66829745625 0.5860719875 0.6829745593750001 0.5915492953125 0.689823875
0 0.6705790296874999 0.6829745593750001 0.6737089203125 0.6692759296874999 0.6666666671875 0.6516634046875 0.6580594671875 0.6516634046875 0.6510172140625 0.6624266140625 0.64945226875 0.679060665625 0.6541471046875 0.6878669281249999 0.6705790296874999 0.6829745593750001
0 0.7331768390625 0.6761252453125 0.7331768390625 0.6565557734375 0.728482003125 0.6477495109375 0.7183098593749999 0.648727984375 0.7136150234375 0.6585127203125001 0.71517996875 0.6800391390625 0.7237871671875 0.6839530328125 0.7331768390625 0.6761252453125
0 0.798122065625 0.674168296875 0.7973395937500001 0.65949119375 0.7910798125 0.6477495109375 0.7816901406250001 0.6497064578125 0.7762128328125 0.6634050874999999 0.777777778125 0.6829745593750001 0.7895148671875 0.6839530328125 0.798122065625 0.674168296875
0 0.8403755875 0.6810176125 0.8497652578125001 0.6829745593750001 0.8568075125 0.6780821921875 0.85837245625 0.661448140625 0.85446009375 0.648727984375 0.8435054765625001 0.648727984375 0.83802816875 0.6634050874999999 0.8372456968750001 0.674168296875 0.8403755875 0.6810176125
0 0.9154929578125 0.6800391390625 0.9209702656250001 0.66829745625 0.917057903125 0.6477495109375 0.90766823125 0.6457925640625 0.900625978125 0.6565557734375 0.8998435062500001 0.67710371875 0.90766823125 0.6829745593750001 0.9154929578125 0.6800391390625
0 0.960093896875 0.674168296875 0.9632237874999999 0.6780821921875 0.9702660406250001 0.6800391390625 0.9780907671874999 0.6761252453125 0.9820031296874999 0.6643835609375001 0.9788732390625 0.6477495109375 0.9749608765625 0.6438356171875 0.9679186234375001 0.644814090625 0.960093896875 0.6643835609375001 0.960093896875 0.674168296875
1 0.21674491406250002 0.648727984375 0.212050078125 0.657534246875 0.22065727656249998 0.666340509375 0.275430359375 0.666340509375 0.2824726140625 0.657534246875 0.281690140625 0.648727984375 0.271517996875 0.6409001953125 0.2660406890625 0.644814090625 0.262128325 0.64187866875 0.23630672968750002 0.648727984375 0.21674491406250002 0.648727984375