0 0.21995720156249998 0 0.21742313281249998 0.0082417578125 0.2188872625 0.018315018750000002 0.2254758421875 0.024725274999999998 0.23352855 0.0238095234375 0.2386530015625 0.018315018750000002 0.2408491953125 0.0009157515624999999 0.24055636875 0 0.21995720156249998 0
0 0.19472913593750002 0.0201465203125 0.196193265625 0.040293040625 0.1983894578125 0.044871795312500004 0.20278184531250001 0.046703296875 0.2101024890625 0.044871795312500004 0.21742313281249998 0.033882784375 0.21742313281249998 0.0210622703125 0.209370425 0.0119047625 0.20278184531250001 0.0119047625 0.19472913593750002 0.0201465203125
0 0.2188872625 0.0375457875 0.21522694062499997 0.046703296875 0.2159590046875 0.054945054687499995 0.2240117125 0.06684981718750001 0.23352855 0.065018315625 0.237188871875 0.05677655625 0.23792093749999998 0.0393772890625 0.23060029218749997 0.031135531249999997 0.2254758421875 0.031135531249999997 0.2188872625 0.0375457875
0 0.20351390937499997 0.053113553125000004 0.1983894578125 0.057692307812499996 0.1969253296875 0.0631868125 0.1983894578125 0.0851648359375 0.2020497796875 0.0888278390625 0.20717423125 0.0888278390625 0.2115666171875 0.0851648359375 0.2188872625 0.0695970703125 0.21522694062499997 0.059523809375 0.2086383609375 0.053113553125000004 0.20351390937499997 0.053113553125000004
0 0.224743778125 0.071428571875 0.2181551984375 0.07783882812500001 0.21229868281250003 0.0888278390625 0.2137628109375 0.0979853484375 0.2240117125 0.10714285781249999 0.22986822812500002 0.10714285781249999 0.2349926796875 0.10073259999999999 0.2364568078125 0.08058608125 0.2349926796875 0.0741758234375 0.23060029218749997 0.071428571875 0.224743778125 0.071428571875
0 0.20131771562499998 0.10714285781249999 0.20131771562499998 0.125457875 0.20497803750000002 0.13186813125000002 0.2101024890625 0.13369963437500001 0.2240117125 0.1272893765625 0.2269399703125 0.1172161171875 0.21742313281249998 0.1043956046875 0.209370425 0.10073259999999999 0.2079062953125 0.10073259999999999 0.20131771562499998 0.10714285781249999
0 0.222547584375 0.1327838828125 0.2101024890625 0.1391941390625 0.2064421671875 0.1446886453125 0.20717423125 0.1547619046875 0.2101024890625 0.159340659375 0.21522694062499997 0.16208791250000001 0.22913616406249998 0.159340659375 0.234260615625 0.1456043953125 0.23352855 0.1373626375 0.227672034375 0.1327838828125 0.222547584375 0.1327838828125
0 0.20717423125 0.1703296703125 0.2042459734375 0.177655678125 0.2064421671875 0.191391940625 0.2159590046875 0.196886446875 0.22620790624999998 0.19413919375 0.2313323578125 0.184981684375 0.23060029218749997 0.1730769234375 0.2218155203125 0.1666666671875 0.217789165625 0.1666666671875 0.20717423125 0.1703296703125
0 0.2101024890625 0.203296703125 0.20571010312500002 0.2115384609375 0.20717423125 0.2289377296875 0.21522694062499997 0.234432234375 0.2240117125 0.23260073281250002 0.22913616406249998 0.225274725 0.22986822812500002 0.20695970625000001 0.22108345468750001 0.20054945000000002 0.21669106875000002 0.20054945000000002 0.2101024890625 0.203296703125
0 0.2115666171875 0.24175824218750003 0.2079062953125 0.24816849843750002 0.210834553125 0.271978021875 0.2196193265625 0.2765567765625 0.224743778125 0.274725275 0.22913616406249998 0.265567765625 0.22986822812500002 0.24816849843750002 0.224743778125 0.239926740625 0.219985359375 0.239926740625 0.2115666171875 0.24175824218750003
0 0.220351390625 0.28113553125 0.21303074687499998 0.283882784375 0.209370425 0.2921245421875 0.209370425 0.3113553109375 0.21669106875000002 0.3195970703125 0.224743778125 0.31776556718750004 0.22913616406249998 0.3113553109375 0.22913616406249998 0.28937728906250004 0.2240117125 0.2820512828125 0.22108345468750001 0.2820512828125 0.220351390625 0.28113553125
0 0.2115666171875 0.3296703296875 0.209370425 0.34340659375000004 0.2115666171875 0.3571428578125 0.2159590046875 0.3617216125 0.2240117125 0.3617216125 0.22913616406249998 0.3553113546875 0.22986822812500002 0.3324175828125 0.2240117125 0.32509157499999997 0.2181551984375 0.32509157499999997 0.2115666171875 0.3296703296875
0 0.21522694062499997 0.36813186875000004 0.2101024890625 0.3772893765625 0.210834553125 0.39743589687499997 0.21669106875000002 0.40567765624999996 0.2254758421875 0.40384615312500005 0.23060029218749997 0.39377289375 0.22986822812500002 0.3727106234375 0.2240117125 0.3672161171875 0.2181551984375 0.3672161171875 0.21522694062499997 0.36813186875000004
0 0.21742313281249998 0.4120879125 0.210834553125 0.41849816874999995 0.2115666171875 0.434981684375 0.21742313281249998 0.44413919375 0.224743778125 0.44322344375 0.22986822812500002 0.4386446890625 0.23060029218749997 0.41941391875 0.224743778125 0.4120879125 0.22108345468750001 0.4120879125 0.21742313281249998 0.4120879125
0 0.210834553125 0.458791209375 0.2115666171875 0.47802197812499997 0.2159590046875 0.484432234375 0.224743778125 0.48534798593749995 0.2313323578125 0.4771062265625 0.2313323578125 0.458791209375 0.22840410000000003 0.45238095312500004 0.2232796484375 0.44963369999999997 0.2188872625 0.44963369999999997 0.210834553125 0.458791209375
0 0.2159590046875 0.4917582421875 0.210834553125 0.5009157515625 0.21303074687499998 0.5219780218750001 0.220351390625 0.528388278125 0.2269399703125 0.5265567765625 0.232064421875 0.51923076875 0.232064421875 0.5009157515625 0.2254758421875 0.49084249062499996 0.2218155203125 0.49084249062499996 0.2159590046875 0.4917582421875
0 0.21229868281250003 0.5604395609374999 0.2188872625 0.5705128203125 0.227672034375 0.56868131875 0.23279648593750002 0.559523809375 0.23279648593750002 0.5421245421875 0.224743778125 0.5329670328125 0.2196193265625 0.5329670328125 0.2115666171875 0.5421245421875 0.21229868281250003 0.5604395609374999
0 0.222547584375 0.603479853125 0.23060029218749997 0.6080586078125 0.2408491953125 0.6053113546875 0.2430453875 0.6016483515625 0.24158125937500002 0.5915750921875 0.2254758421875 0.5741758234375001 0.2232796484375 0.5741758234375001 0.21522694062499997 0.58150183125 0.222547584375 0.603479853125
0 0.325036603125 0.5888278390624999 0.32137628125 0.597069596875 0.322840409375 0.6080586078125 0.33089311875 0.6126373625 0.34846266406250004 0.609890109375 0.3528550515625 0.603479853125 0.3528550515625 0.59432234375 0.3448023421875 0.5879120875 0.34040995625 0.5879120875 0.325036603125 0.5888278390624999
0 0.36017569531250004 0.5897435890625 0.35797950156249997 0.602564103125 0.361639825 0.609890109375 0.3718887265625 0.6126373625 0.38360175625 0.608974359375 0.38579795 0.6043956046875001 0.38579795 0.5934065937499999 0.3792093703125 0.5869963375 0.37554904843750003 0.5869963375 0.36017569531250004 0.5897435890625
1 0.2181551984375 0.6016483515625 0.2086383609375 0.5888278390624999 0.2020497796875 0.5888278390624999 0.1837481703125 0.5897435890625 0.177159590625 0.5924908421875 0.172767203125 0.5979853484375 0.171303075 0.6126373625 0.1756954609375 0.625457875 0.184480234375 0.63095238125 0.1896046859375 0.63095238125 0.21449487500000003 0.6135531140625 0.2181551984375 0.608974359375 0.2181551984375 0.6016483515625
1 0 0.6431623921875 0.0029282578125 0.6419413921875 0.008052709375 0.6364468859375 0.0095168375 0.6144688640625 0.0051244515625 0.6007326 0 0.597527471875 0 0.6431623921875
1 0.040263543750000005 0.5952380953125 0.0336749640625 0.5924908421875 0.029282576562500003 0.5924908421875 0.02122986875 0.59432234375 0.0124450953125 0.6071428578125 0.01171303125 0.6126373625 0.0124450953125 0.6272893765625 0.022693996875 0.6446886453125 0.034407028125 0.6446886453125 0.043923865625 0.6382783875 0.0483162515625 0.6291208796875 0.0468521234375 0.6053113546875 0.040263543750000005 0.5952380953125
1 0.081991215625 0.597069596875 0.07467057031249999 0.5924908421875 0.070766471875 0.5924908421875 0.059297218750000005 0.59432234375 0.05197657343749999 0.6080586078125 0.053440703125 0.6300366296875 0.060029282812499994 0.640109890625 0.0651537328125 0.6419413921875 0.07686676406250001 0.641025640625 0.0827232796875 0.6373626375 0.08784773125 0.6282051281250001 0.0863836015625 0.6043956046875001 0.081991215625 0.597069596875
1 0.12005856562499999 0.59432234375 0.11346998593749999 0.5915750921875 0.10761347031249999 0.5915750921875 0.0959004390625 0.5989010984375 0.0922401171875 0.6080586078125 0.09297218125 0.6272893765625 0.09736456875 0.6364468859375 0.1054172765625 0.6419413921875 0.1171303078125 0.641025640625 0.1229868234375 0.6364468859375 0.127379209375 0.6282051281250001 0.12664714531250001 0.6043956046875001 0.12005856562499999 0.59432234375
1 0.1610541734375 0.596153846875 0.1522694 0.5915750921875 0.14824304531250002 0.5915750921875 0.1420204984375 0.5924908421875 0.1361639828125 0.5979853484375 0.1317715953125 0.6080586078125 0.1317715953125 0.6208791203125 0.1376281109375 0.6373626375 0.148609078125 0.6419413921875 0.1617862375 0.6382783875 0.16910688125 0.6282051281250001 0.1661786234375 0.603479853125 0.1610541734375 0.596153846875
1 0.3030746703125 0.5879120875 0.2990893125 0.5879120875 0.2576866765625 0.5888278390624999 0.25329429062500003 0.5952380953125 0.25329429062500003 0.6043956046875001 0.256222546875 0.608974359375 0.26500732031249996 0.6135531140625 0.30600292812499996 0.6126373625 0.3140556375 0.6071428578125 0.3162518296875 0.5989010984375 0.3111273796875 0.590659340625 0.3030746703125 0.5879120875
1 0.44216691093750005 0.5860805859375 0.43850658906250006 0.5860805859375 0.3945827234375 0.5869963375 0.3901903375 0.5915750921875 0.38945827187500004 0.602564103125 0.39311859375 0.609890109375 0.39897510937499997 0.6117216125 0.44070278125 0.6108058609375 0.45168374843750003 0.6043956046875001 0.4531478765625 0.5998168500000001 0.45241581249999996 0.5915750921875 0.44216691093750005 0.5860805859375
1 0.5373352859375 0.584249084375 0.5332569546875 0.584249084375 0.5051244515625 0.5860805859375 0.50219619375 0.5934065937499999 0.5029282578125 0.6043956046875001 0.505856515625 0.608974359375 0.5285505125000001 0.6236263734375 0.5409956078125 0.6217948718749999 0.5483162515625 0.6117216125 0.5505124453125 0.59432234375 0.5461200578125001 0.5879120875 0.5373352859375 0.584249084375
1 0.6083455343749999 0.5915750921875 0.596632503125 0.584249084375 0.5919963390625 0.584249084375 0.577598828125 0.5869963375 0.572474378125 0.5989010984375 0.5761347 0.6208791203125 0.5805270859375 0.6300366296875 0.5856515375 0.634615384375 0.595168375 0.633699634375 0.600292825 0.6291208796875 0.6054172765625 0.6208791203125 0.6098096625 0.6043956046875001 0.6083455343749999 0.5915750921875
1 0.6661786234375 0.590659340625 0.6617862375 0.5851648359375 0.6530014640624999 0.5824175828125 0.6471449484375 0.5824175828125 0.6354319187499999 0.5860805859375 0.63103953125 0.5989010984375 0.634699853125 0.6199633703125 0.636896046875 0.625457875 0.644216690625 0.63186813125 0.6515373359375001 0.63186813125 0.65739385 0.6282051281250001 0.6625183015625 0.6208791203125 0.6669106874999999 0.603479853125 0.6661786234375 0.590659340625
1 0.7210834546875 0.5860805859375 0.710834553125 0.58150183125 0.705710103125 0.58150183125 0.6932650078125 0.584249084375 0.6874084921875 0.5952380953125 0.68814055625 0.60622710625 0.6932650078125 0.6217948718749999 0.7005856515625 0.6272893765625 0.7101024890625001 0.6272893765625 0.7159590046875 0.6227106234375 0.7254758421874999 0.5989010984375 0.724743778125 0.590659340625 0.7210834546875 0.5860805859375
1 0.7789165453125 0.5851648359375 0.7708638359375 0.58058608125 0.7667152265625 0.58058608125 0.7510980968750001 0.5833333328125 0.7459736453125 0.596153846875 0.746705709375 0.6080586078125 0.7510980968750001 0.6227106234375 0.75475841875 0.6272893765625 0.762811128125 0.6300366296875 0.772327965625 0.6263736265625 0.7781844796875 0.6199633703125 0.78330893125 0.596153846875 0.7789165453125 0.5851648359375
1 0.828696925 0.5796703296875 0.8250366031249999 0.5796703296875 0.8125915078125001 0.58150183125 0.806002928125 0.5952380953125 0.8089311859375 0.6172161171874999 0.813323571875 0.625457875 0.8184480234375 0.6282051281250001 0.8265007328125 0.6272893765625 0.8316251828125001 0.6227106234375 0.8396778921875001 0.6016483515625 0.8389458265625 0.5869963375 0.828696925 0.5796703296875
1 0.88360175625 0.577838828125 0.882137628125 0.577838828125 0.8674963390625001 0.58150183125 0.8623718890625 0.5924908421875 0.8667642750000001 0.61904761875 0.87408491875 0.6263736265625 0.882137628125 0.6263736265625 0.8887262078125 0.6227106234375 0.8960468515625 0.603479853125 0.8967789171874999 0.5897435890625 0.8938506593750001 0.5833333328125 0.88360175625 0.577838828125
1 0.9407027812500001 0.5760073265625001 0.937042459375 0.5760073265625001 0.9282576859375 0.5787545781250001 0.9216691062500001 0.5915750921875 0.9245973640624999 0.6144688640625 0.9319180093749999 0.625457875 0.9399707171875 0.625457875 0.94509516875 0.6217948718749999 0.9538799421874999 0.5979853484375 0.9538799421874999 0.5879120875 0.9502196187499999 0.5796703296875 0.9407027812500001 0.5760073265625001
1 1 0.575091575 0.9982920937499999 0.575091575 0.9853587109375 0.5769230765625 0.9773060031249999 0.590659340625 0.9787701312499999 0.6071428578125 0.982430453125 0.61813186875 0.9853587109375 0.6217948718749999 0.9941434843750001 0.624542125 1 0.6224489796875 1 0.575091575
0 0.47584187343749995 0.5860805859375 0.47071742343749995 0.590659340625 0.469985359375 0.602564103125 0.472913615625 0.6080586078125 0.496339678125 0.6080586078125 0.49926793593749996 0.5915750921875 0.496339678125 0.5860805859375 0.49267935625000003 0.5851648359375 0.48828696875000005 0.5851648359375 0.47584187343749995 0.5860805859375
0 0.5527086390625 0.60622710625 0.549048315625 0.6227106234375 0.551244509375 0.63095238125 0.5571010249999999 0.6355311359375 0.5658857984375001 0.633699634375 0.572474378125 0.624542125 0.5717423140625 0.6071428578125 0.5658857984375001 0.5979853484375 0.55929721875 0.5979853484375 0.5527086390625 0.60622710625
0 0.6200585656250001 0.5989010984375 0.61420205 0.602564103125 0.6090775984375 0.6172161171874999 0.6098096625 0.6282051281250001 0.615666178125 0.6355311359375 0.6244509515625001 0.633699634375 0.63103953125 0.6282051281250001 0.629575403125 0.6071428578125 0.625183015625 0.6007326 0.6207906296875 0.5989010984375 0.6200585656250001 0.5989010984375
0 0.677159590625 0.6007326 0.6698389453125 0.60622710625 0.6661786234375 0.61904761875 0.667642753125 0.63095238125 0.672767203125 0.634615384375 0.6808199125 0.633699634375 0.6888726203125 0.625457875 0.6896046859375 0.6199633703125 0.6859443625 0.6071428578125 0.67862371875 0.6007326 0.677159590625 0.6007326
0 0.7291361640625 0.603479853125 0.7240117125000001 0.6172161171874999 0.7254758421874999 0.6282051281250001 0.7306002921875 0.6327838828125001 0.7401171296875 0.6300366296875 0.7459736453125 0.6208791203125 0.7445095171875 0.608974359375 0.737188871875 0.5989010984375 0.734260615625 0.5989010984375 0.7291361640625 0.603479853125
0 0.7862371890625 0.602564103125 0.78330893125 0.6144688640625 0.7840409953125 0.625457875 0.7920937046875001 0.63095238125 0.8008784765625 0.6263736265625 0.8045388000000001 0.6199633703125 0.8030746703125 0.603479853125 0.796486090625 0.596153846875 0.79282576875 0.596153846875 0.7862371890625 0.602564103125
0 0.84553440625 0.6007326 0.84040995625 0.6172161171874999 0.8418740843749999 0.624542125 0.84553440625 0.6291208796875 0.855783309375 0.6282051281250001 0.860907759375 0.6208791203125 0.8594436312499999 0.602564103125 0.855783309375 0.597069596875 0.8491947296875001 0.597069596875 0.84553440625 0.6007326
0 0.9121522687500001 0.5934065937499999 0.9055636890625 0.5952380953125 0.9019033671875001 0.6016483515625 0.898975109375 0.6208791203125 0.9033674968750001 0.6272893765625 0.910688140625 0.6272893765625 0.9187408484375 0.6199633703125 0.9187408484375 0.6053113546875 0.9158125921875 0.596153846875 0.912884334375 0.59432234375 0.9121522687500001 0.5934065937499999
0 0.9590043921875001 0.5979853484375 0.9553440703125 0.6117216125 0.9553440703125 0.6199633703125 0.960468521875 0.6263736265625 0.9707174234375 0.625457875 0.975109809375 0.6172161171874999 0.972913615625 0.596153846875 0.9663250359375001 0.5924908421875 0.965592971875 0.5924908421875 0.9590043921875001 0.5979853484375