0 0.1695672359375 0 0.1726998484375 0.008474576562499999 0.1825037703125 0.012241054687499999 0.19155354375 0.004708098437500001 0.193003828125 0 0.1695672359375 0
0 0.20275802656250003 0 0.1975867265625 0.003766478125 0.1953242828125 0.0197740109375 0.1998491703125 0.0282485875 0.2096530921875 0.030131826562500002 0.216440421875 0.025423728125 0.2202111609375 0.011299434375 0.2171945703125 0.0009416203124999999 0.214555053125 0 0.20275802656250003 0
0 0.175716440625 0.050847457812499997 0.1847662140625 0.0517890765625 0.1923076921875 0.0442561203125 0.19607843125 0.031073446875 0.19004524843749998 0.0197740109375 0.1802413265625 0.017890771875 0.1719457015625 0.025423728125 0.1719457015625 0.039548021875 0.175716440625 0.050847457812499997
0 0.20135746562499998 0.07062146875 0.208144796875 0.0715630890625 0.214177978125 0.066854990625 0.2171945703125 0.0442561203125 0.21342383125 0.0376647828125 0.20211161406249997 0.0367231640625 0.1938159875 0.0499058375 0.1938159875 0.0583804140625 0.20135746562499998 0.07062146875
0 0.1802413265625 0.09792843749999999 0.186274509375 0.09698681718749999 0.1953242828125 0.08380414375 0.1953242828125 0.0677966109375 0.1870286578125 0.059322034375 0.180995475 0.059322034375 0.17496229218749998 0.0659133703125 0.17496229218749998 0.0913371 0.1802413265625 0.09792843749999999
0 0.20060331874999998 0.1139359703125 0.20663649999999997 0.116760828125 0.2119155359375 0.1139359703125 0.2149321265625 0.09227871875 0.2119155359375 0.0800376640625 0.20286576093750003 0.078154425 0.1938159875 0.095103578125 0.1938159875 0.102636534375 0.20060331874999998 0.1139359703125
0 0.1794871796875 0.1346516 0.184012065625 0.137476459375 0.1945701359375 0.1346516 0.20060331874999998 0.126177025 0.1998491703125 0.116760828125 0.1892911015625 0.1045197734375 0.1794871796875 0.10640301249999999 0.17722473593750002 0.11205273125 0.1794871796875 0.1346516
0 0.1877828046875 0.16290018906249998 0.20286576093750003 0.1666666671875 0.21040723906249997 0.1600753296875 0.21342383125 0.1421845578125 0.2119155359375 0.137476459375 0.20286576093750003 0.13370998125 0.186274509375 0.14689265468749999 0.1847662140625 0.1572504703125 0.1877828046875 0.16290018906249998
0 0.1892911015625 0.200564971875 0.20361990937500002 0.19868173281249998 0.2096530921875 0.19020715625 0.21040723906249997 0.1817325796875 0.20211161406249997 0.17137476406250002 0.19155354375 0.1704331453125 0.1825037703125 0.1770244828125 0.1825037703125 0.193032015625 0.1892911015625 0.200564971875
0 0.186274509375 0.235404896875 0.199095021875 0.2372881359375 0.20739064843750002 0.2306967984375 0.2096530921875 0.2137476453125 0.20361990937500002 0.20621468906249998 0.193061840625 0.2052730703125 0.184012065625 0.21186440625 0.18325791875 0.2259887 0.186274509375 0.235404896875
0 0.1877828046875 0.2740113 0.193061840625 0.27777777812500004 0.20211161406249997 0.2758945390625 0.208144796875 0.2664783421875 0.208144796875 0.2485875703125 0.199095021875 0.2419962328125 0.186274509375 0.24764595156250002 0.1847662140625 0.2674199625 0.1877828046875 0.2740113
0 0.1938159875 0.3220338984375 0.20286576093750003 0.320150659375 0.20739064843750002 0.31261770312500003 0.20588235312499997 0.2871939734375 0.20286576093750003 0.2834274953125 0.1945701359375 0.282485875 0.1870286578125 0.2900188328125 0.1877828046875 0.31638418125 0.1938159875 0.3220338984375
0 0.1945701359375 0.362523540625 0.20286576093750003 0.36064030156250004 0.208144796875 0.3531073453125 0.208144796875 0.33804143125 0.20512820468749998 0.33145009375 0.1968325796875 0.32862523593750004 0.18853695312500002 0.335216571875 0.1892911015625 0.3578154421875 0.1945701359375 0.362523540625
0 0.20361990937500002 0.4030131828125 0.208144796875 0.3964218453125 0.208144796875 0.3757062140625 0.199095021875 0.3672316390625 0.18853695312500002 0.373822975 0.1892911015625 0.398305084375 0.1945701359375 0.40395480156249997 0.20361990937500002 0.4030131828125
0 0.20286576093750003 0.447269303125 0.20889894375 0.439736346875 0.20739064843750002 0.4143126171875 0.1968325796875 0.40960452031249994 0.18853695312500002 0.4171374765625 0.19004524843749998 0.4425612046875 0.1945701359375 0.44821092343749996 0.20286576093750003 0.447269303125
0 0.18853695312500002 0.47928436874999997 0.19155354375 0.48964218437499996 0.1945701359375 0.49246704374999994 0.20739064843750002 0.48964218437499996 0.2096530921875 0.483050846875 0.20889894375 0.46045197812499994 0.20361990937500002 0.45480225937499996 0.19607843125 0.45480225937499996 0.19004524843749998 0.461393596875 0.18853695312500002 0.47928436874999997
0 0.1945701359375 0.534839925 0.20739064843750002 0.5329566859375 0.21040723906249997 0.524482109375 0.20889894375 0.5047080984375001 0.20286576093750003 0.4990583796875 0.1975867265625 0.4990583796875 0.1892911015625 0.5065913375 0.190799396875 0.531073446875 0.1945701359375 0.534839925
0 0.20739064843750002 0.574387946875 0.21116138750000002 0.566854990625 0.20889894375 0.545197740625 0.20361990937500002 0.5414312625 0.19155354375 0.545197740625 0.1892911015625 0.5649717515625 0.193061840625 0.574387946875 0.20739064843750002 0.574387946875
0 0.20135746562499998 0.6186440671875 0.208144796875 0.6177024484375 0.2119155359375 0.61299435 0.2096530921875 0.588512240625 0.20512820468749998 0.58380414375 0.1975867265625 0.5828625234375 0.19004524843749998 0.5903954796875001 0.190799396875 0.609227871875 0.20135746562499998 0.6186440671875
0 0.2179487171875 0.6431261765625 0.2420814484375 0.6431261765625 0.248868778125 0.6346516 0.2481146296875 0.6252354046875 0.23906485625 0.6186440671875 0.2194570140625 0.6177024484375 0.21342383125 0.6242937859375 0.21342383125 0.637476459375 0.2179487171875 0.6431261765625
0 0.34012066406249997 0.6412429375 0.35972850625 0.6421845578125 0.3665158375 0.6346516 0.36726998437499997 0.6252354046875 0.36425339375 0.6186440671875 0.34464554999999997 0.616760828125 0.337104071875 0.6214689265625 0.3355957765625 0.63370998125 0.34012066406249997 0.6412429375
0 0.460030165625 0.64030131875 0.47511312187500004 0.64030131875 0.4834087484375 0.63370998125 0.4834087484375 0.62052730625 0.47737556562499994 0.6148775890625 0.4607843140625 0.6148775890625 0.4539969828125 0.6224105468750001 0.4539969828125 0.6327683609375 0.460030165625 0.64030131875
0 0.5580693812499999 0.65536723125 0.5565610859375 0.637476459375 0.550527903125 0.629943503125 0.5414781296875 0.6327683609375 0.535444946875 0.6459510359375 0.537707390625 0.665725046875 0.550527903125 0.665725046875 0.5580693812499999 0.65536723125
0 0.600301659375 0.665725046875 0.6093514328125 0.665725046875 0.6176470593750001 0.65536723125 0.615384615625 0.6384180796875001 0.6070889890625 0.630885121875 0.600301659375 0.6327683609375 0.595022625 0.6487758953125 0.595022625 0.659133709375 0.600301659375 0.665725046875
0 0.660633484375 0.664783428125 0.67043740625 0.664783428125 0.67873303125 0.65536723125 0.6764705875 0.6393596984375 0.6689291093749999 0.6290018828124999 0.660633484375 0.6327683609375 0.656108596875 0.644067796875 0.65535445 0.6563088515625 0.660633484375 0.664783428125
0 0.72171945625 0.6629001890625 0.7300150828125 0.66195856875 0.738310709375 0.650659134375 0.7352941171875 0.6346516 0.729260934375 0.6280602640625 0.723227753125 0.6290018828124999 0.716440421875 0.644067796875 0.715686275 0.6563088515625 0.72171945625 0.6629001890625
1 0.779034690625 0.659133709375 0.7880844640625 0.6610169484374999 0.796380090625 0.65536723125 0.798642534375 0.644067796875 0.794117646875 0.6280602640625 0.7858220218749999 0.6261770249999999 0.779034690625 0.636534840625 0.776772246875 0.6450094156249999 0.779034690625 0.659133709375
1 0.8423831078124999 0.6600753296875 0.8506787328125001 0.659133709375 0.8574660640625 0.650659134375 0.8552036203125001 0.630885121875 0.8521870281249999 0.6261770249999999 0.8416289593749999 0.6280602640625 0.836349925 0.6431261765625 0.8355957765625 0.650659134375 0.8423831078124999 0.6600753296875
1 0.8981900453125 0.6572504703125001 0.9072398187499999 0.659133709375 0.9132730015625 0.6544256125000001 0.9162895921875001 0.637476459375 0.91176470625 0.623352165625 0.9034690796874999 0.6242937859375 0.8966817499999999 0.636534840625 0.8959276015625001 0.6525423734375 0.8981900453125 0.6572504703125001
1 0.957767721875 0.65536723125 0.9698340875 0.65536723125 0.975113121875 0.6459510359375 0.9720965312500001 0.6261770249999999 0.96757164375 0.6224105468750001 0.9615384609375001 0.623352165625 0.9547511312499999 0.6421845578125 0.9539969828125001 0.650659134375 0.957767721875 0.65536723125
0 1 0.6046139359375 0.9864253390625001 0.60546139375 0.9781297140625 0.616760828125 0.9781297140625 0.6355932203125 0.981900453125 0.6487758953125 0.9917043734375 0.65536723125 1 0.6531477 1 0.6046139359375
1 0 0.6753980484375 0.0060331828125 0.6760828625 0.0165912515625 0.6713747640625 0.025641025 0.6600753296875 0.025641025 0.6412429375 0.022624434375 0.6327683609375 0.0143288078125 0.6242937859375 0 0.6242937859375 0 0.6753980484375
1 0.0286576171875 0.6563088515625 0.0369532421875 0.6704331453125 0.0490196078125 0.6741996234375 0.063348415625 0.664783428125 0.0663650078125 0.6421845578125 0.0588235296875 0.6261770249999999 0.052790346875000005 0.6224105468750001 0.04072398125 0.6224105468750001 0.0294117640625 0.6327683609375 0.0286576171875 0.6563088515625
1 0.0716440421875 0.658192090625 0.078431371875 0.669491525 0.093514328125 0.672316384375 0.10180995468750001 0.66854990625 0.1063348421875 0.6610169484374999 0.1070889890625 0.6384180796875001 0.098039215625 0.623352165625 0.07918552031250001 0.623352165625 0.07088989375 0.637476459375 0.0716440421875 0.658192090625
1 0.11161387656249999 0.636534840625 0.11161387656249999 0.6572504703125001 0.117647059375 0.669491525 0.1349924578125 0.6732580031250001 0.1447963796875 0.665725046875 0.14856711875 0.651600753125 0.147812971875 0.6421845578125 0.1447963796875 0.6318267421875 0.13800905000000002 0.623352165625 0.1214177984375 0.6224105468750001 0.11161387656249999 0.636534840625
1 0.1644042234375 0.6600753296875 0.1968325796875 0.644067796875 0.20512820468749998 0.6346516 0.1998491703125 0.6224105468750001 0.19004524843749998 0.6177024484375 0.160633484375 0.62052730625 0.1508295625 0.629943503125 0.15309200625 0.650659134375 0.1644042234375 0.6600753296875
1 0.2647058828125 0.644067796875 0.30995475156249996 0.6431261765625 0.319004525 0.63370998125 0.31674208125000003 0.6214689265625 0.309200603125 0.6177024484375 0.2624434390625 0.6177024484375 0.2549019609375 0.6252354046875 0.255656109375 0.637476459375 0.2647058828125 0.644067796875
1 0.38159879375 0.6421845578125 0.4253393671875 0.64030131875 0.43363499218749996 0.6327683609375 0.43514328750000003 0.6261770249999999 0.4253393671875 0.615819209375 0.3785822015625 0.615819209375 0.3710407234375 0.6214689265625 0.37179487187500004 0.637476459375 0.38159879375 0.6421845578125
1 0.4871794875 0.63370998125 0.4909502265625 0.6393596984375 0.5165912515625 0.6544256125000001 0.525641025 0.6525423734375 0.5361990953125 0.6346516 0.535444946875 0.6214689265625 0.527149321875 0.6148775890625 0.4954751125 0.6139359703125 0.4871794875 0.6214689265625 0.4871794875 0.63370998125
1 0.5573152343750001 0.6346516 0.5618401203125 0.6525423734375 0.5716440421875 0.665725046875 0.585218703125 0.66195856875 0.595776771875 0.6355932203125 0.5942684765624999 0.62052730625 0.585218703125 0.6139359703125 0.5678733031250001 0.6139359703125 0.5588235296875 0.6214689265625 0.5573152343750001 0.6346516
1 0.6176470593750001 0.6224105468750001 0.6176470593750001 0.6384180796875001 0.6266968328125 0.66195856875 0.6425339359375 0.6610169484374999 0.6500754140625 0.6534839921875 0.65535445 0.63370998125 0.65535445 0.623352165625 0.6523378578125001 0.6177024484375 0.6440422328125 0.61299435 0.6274509796875 0.61205273125 0.6176470593750001 0.6224105468750001
1 0.67873303125 0.623352165625 0.6817496234375 0.6487758953125 0.686274509375 0.6563088515625 0.693061840625 0.659133709375 0.703619909375 0.6572504703125001 0.7096530921875 0.650659134375 0.716440421875 0.6280602640625 0.716440421875 0.6214689265625 0.7051282046875 0.61205273125 0.6885369531250001 0.61205273125 0.67873303125 0.623352165625
0 0.73906485625 0.637476459375 0.7458521874999999 0.6572504703125001 0.7549019609375 0.6610169484374999 0.76923076875 0.6525423734375 0.7760181 0.6261770249999999 0.7714932125 0.6139359703125 0.7503770734375 0.6101694921874999 0.7450980390625 0.61205273125 0.73906485625 0.6214689265625 0.73906485625 0.637476459375
0 0.8031674203125 0.647834275 0.809200603125 0.658192090625 0.82126696875 0.658192090625 0.828808446875 0.650659134375 0.8355957765625 0.6261770249999999 0.8303167421875 0.61205273125 0.8122171953124999 0.609227871875 0.8061840124999999 0.61205273125 0.8001508296875001 0.6214689265625 0.8031674203125 0.647834275
0 0.861236803125 0.6148775890625 0.8589743593750001 0.630885121875 0.86425339375 0.6525423734375 0.8702865765625001 0.6572504703125001 0.8861236796874999 0.6525423734375 0.8914027156250001 0.6421845578125 0.8936651578125 0.6261770249999999 0.8906485671875 0.61205273125 0.8861236796874999 0.608286253125 0.8733031671875 0.6073446328125 0.861236803125 0.6148775890625
0 0.9238310703125 0.6497175140625 0.929864253125 0.6563088515625 0.9404223234375 0.65536723125 0.9441930624999999 0.651600753125 0.9524886875 0.6252354046875 0.949472096875 0.6111111109375 0.942684765625 0.6064030125000001 0.927601809375 0.6073446328125 0.92006033125 0.6195856875 0.9238310703125 0.6497175140625