1 0 0.6317211 0.011173184375 0.634380453125 0.0216480453125 0.6273996515625 0.0258379890625 0.6204188484375 0.0258379890625 0.601221640625 0.019553071875 0.5881326359375 0.0013966484374999999 0.584642234375 0 0.5853901765625 0 0.6317211
1 0.029329609375 0.5959860390625 0.029329609375 0.6151832453125 0.0363128484375 0.6300174515625 0.0453910609375 0.633507853125 0.060754190625 0.6256544500000001 0.06424580937499999 0.6143106453125 0.06424580937499999 0.6020942406249999 0.0586592171875 0.5881326359375 0.0439944140625 0.5837696328125 0.033519553125000004 0.5890052359375 0.029329609375 0.5959860390625
1 0.06843575468749999 0.5968586390625 0.06843575468749999 0.616928446875 0.07541899375 0.6291448515625 0.087290503125 0.630890053125 0.0977653625 0.6256544500000001 0.10195530781249999 0.616928446875 0.10265363125 0.6055846421875 0.100558659375 0.5951134375 0.09357541875 0.585514834375 0.0768156421875 0.584642234375 0.06843575468749999 0.5968586390625
1 0.106843575 0.5951134375 0.106843575 0.618673646875 0.11243016718750001 0.6273996515625 0.1277932953125 0.630890053125 0.1368715078125 0.62390925 0.14036312812500001 0.6151832453125 0.14036312812500001 0.5994764390625 0.13337988750000002 0.586387434375 0.12709497187500002 0.5828970328125 0.11522346406249999 0.5837696328125 0.106843575 0.5951134375
1 0.20879888281249998 0.5802792328125 0.1906424578125 0.5811518328124999 0.185055865625 0.585514834375 0.1836592171875 0.6047120421875001 0.189944134375 0.6125654453125 0.20041899375 0.6125654453125 0.2129888265625 0.6055846421875 0.23673184374999998 0.602966840625 0.2423184359375 0.5959860390625 0.2416201125 0.5907504359375 0.2374301671875 0.5872600343750001 0.2199720671875 0.586387434375 0.20879888281249998 0.5802792328125
1 0.29888268125 0.6038394421875 0.33729050312500003 0.602966840625 0.3498603359375 0.5942408375 0.3491620109375 0.585514834375 0.34357541875000003 0.5802792328125 0.2960893859375 0.57940663125 0.29050279375 0.585514834375 0.291899440625 0.5994764390625 0.29888268125 0.6038394421875
1 0.3980446921875 0.5951134375 0.40572625625000003 0.6020942406249999 0.446927375 0.601221640625 0.45181564218750003 0.5994764390625 0.4567039109375 0.5916230359375 0.45530726250000003 0.5811518328124999 0.45041899374999994 0.5776614312499999 0.40432960937500007 0.5776614312499999 0.3980446921875 0.5828970328125 0.3980446921875 0.5951134375
1 0.5041899437499999 0.6055846421875 0.5209497203125 0.618673646875 0.5342178765625001 0.6125654453125 0.542597765625 0.5942408375 0.5418994406250001 0.5828970328125 0.533519553125 0.57678883125 0.5146648046875 0.5759162296875 0.5097765359374999 0.5776614312499999 0.506284915625 0.5837696328125 0.5041899437499999 0.6055846421875
1 0.5621508375000001 0.584642234375 0.5614525140625 0.5986038390624999 0.5705307265624999 0.6195462484375 0.5754189937499999 0.6230366484375 0.5810055859375 0.6221640484375001 0.5900837984375 0.6143106453125 0.5963687156249999 0.5942408375 0.5963687156249999 0.584642234375 0.591480446875 0.5776614312499999 0.5698324015625 0.5759162296875 0.5621508375000001 0.584642234375
1 0.6194134078125 0.57853403125 0.6159217875 0.586387434375 0.6194134078125 0.60994764375 0.6263966484375 0.6204188484375 0.6389664796875001 0.6204188484375 0.6480446921875 0.60994764375 0.6522346375 0.5933682375 0.6515363125 0.5828970328125 0.6480446921875 0.57853403125 0.6389664796875001 0.5741710296875 0.6277932953125 0.5741710296875 0.6194134078125 0.57853403125
1 0.680865921875 0.6143106453125 0.69203910625 0.618673646875 0.7025139671875 0.60994764375 0.7081005593749999 0.584642234375 0.7018156421875 0.5750436296875 0.680865921875 0.5741710296875 0.6731843578125 0.5837696328125 0.6738826812500001 0.5986038390624999 0.680865921875 0.6143106453125
1 0.7290502796875 0.5837696328125 0.731843575 0.60820244375 0.7374301671875 0.617801046875 0.7472067046875 0.6195462484375 0.7576815640625 0.61082024375 0.76326815625 0.5916230359375 0.76326815625 0.5820244328124999 0.7604748609375 0.57678883125 0.7527932953125 0.5724258296875 0.7374301671875 0.5724258296875 0.7290502796875 0.5837696328125
1 0.7912011171875 0.5741710296875 0.7863128484375 0.5820244328124999 0.785614525 0.5907504359375 0.78980446875 0.60994764375 0.7988826812500001 0.617801046875 0.8086592171874999 0.6143106453125 0.8128491625 0.60820244375 0.8177374296875 0.5890052359375 0.814944134375 0.5759162296875 0.810055865625 0.571553228125 0.7988826812500001 0.570680628125 0.7912011171875 0.5741710296875
1 0.8421787703125 0.57853403125 0.8407821234374999 0.5951134375 0.8463687156249999 0.6125654453125 0.850558659375 0.6160558468749999 0.8582402234375 0.6160558468749999 0.8645251390625001 0.6116928453125 0.8722067046875001 0.5907504359375 0.87011173125 0.5750436296875 0.8645251390625001 0.570680628125 0.8519553078125 0.569808028125 0.8421787703125 0.57853403125
1 0.8959497203125 0.5924956375 0.9001396640625 0.60907504375 0.9085195531249999 0.6151832453125 0.9182960890625 0.6116928453125 0.92388268125 0.6020942406249999 0.926675978125 0.586387434375 0.9224860328125001 0.570680628125 0.90572625625 0.568935428125 0.8966480453125 0.5776614312499999 0.8959497203125 0.5924956375
1 0.9504189937499999 0.5951134375 0.9560055859375 0.61082024375 0.95949720625 0.6134380453125 0.9727653625 0.6116928453125 0.9811452515625 0.5942408375 0.9797486031249999 0.571553228125 0.9720670390624999 0.5671902265625001 0.95949720625 0.5671902265625001 0.9504189937499999 0.57853403125 0.9504189937499999 0.5951134375
0 0.1906424578125 0 0.1913407828125 0.01745200625 0.199022346875 0.022687609375 0.21089385468750002 0.018324607812499998 0.2157821234375 0.006980803125 0.21508379843749997 0 0.1906424578125 0
0 0.2234636875 0.039267015625 0.23254190000000002 0.036649214062500005 0.2374301671875 0.025305409374999997 0.23673184374999998 0.01483420625 0.23044692812499998 0.008726003125 0.2220670390625 0.008726003125 0.21508379843749997 0.0209424078125 0.21717877031250002 0.0349040140625 0.2234636875 0.039267015625
0 0.20600558593749999 0.0602094234375 0.214385475 0.048865620312500004 0.214385475 0.0349040140625 0.2067039109375 0.027050610937500004 0.19483240156249998 0.0331588125 0.19343575468750002 0.04712041875 0.196927375 0.0593368234375 0.20600558593749999 0.0602094234375
0 0.21927374375 0.07678883125 0.2262569828125 0.07853403125 0.231843575 0.0741710296875 0.23463687187499999 0.052356020312499994 0.23114525156250001 0.04624781875 0.2220670390625 0.04537521875 0.214385475 0.0567190234375 0.2136871515625 0.0654450265625 0.21927374375 0.07678883125
0 0.198324021875 0.10034904062500001 0.20460893906250002 0.10209424062500001 0.211592178125 0.0959860390625 0.21648044687499998 0.07940663125 0.214385475 0.0732984296875 0.2067039109375 0.0663176265625 0.196927375 0.071553228125 0.196927375 0.0968586390625 0.198324021875 0.10034904062500001
0 0.2178770953125 0.11518324531249999 0.2234636875 0.118673646875 0.23114525156250001 0.11518324531249999 0.2332402234375 0.0916230359375 0.23044692812499998 0.085514834375 0.220670390625 0.085514834375 0.2129888265625 0.0986038390625 0.2129888265625 0.1073298421875 0.2178770953125 0.11518324531249999
0 0.21648044687499998 0.1369982546875 0.2220670390625 0.1282722515625 0.21019553124999998 0.10994764374999999 0.20251396718749998 0.10994764374999999 0.199022346875 0.116928446875 0.19972067031250001 0.13525305468749999 0.20460893906250002 0.14048865625 0.21648044687499998 0.1369982546875
0 0.2039106140625 0.15881326406250001 0.20879888281249998 0.1666666671875 0.2220670390625 0.1684118671875 0.23044692812499998 0.15968586406250002 0.23114525156250001 0.146596859375 0.2283519546875 0.14136125625 0.221368715625 0.13874345625 0.21019553124999998 0.1448516578125 0.20460893906250002 0.1535776609375 0.2039106140625 0.15881326406250001
0 0.20251396718749998 0.19109947656249998 0.2053072625 0.1980802796875 0.21019553124999998 0.20069807968750003 0.2220670390625 0.1998254796875 0.2283519546875 0.19284467656249998 0.22905027968749997 0.18237347343750002 0.22276536249999998 0.17364746874999998 0.21019553124999998 0.17277486875 0.203212290625 0.180628271875 0.20251396718749998 0.19109947656249998
0 0.20949720625 0.23472949375000002 0.2234636875 0.23298429375000002 0.2269553078125 0.22513089062499997 0.2262569828125 0.209424084375 0.221368715625 0.20506108125 0.2129888265625 0.20506108125 0.20460893906250002 0.2129144859375 0.20460893906250002 0.227748690625 0.20949720625 0.23472949375000002
0 0.21229050312500003 0.27312390937500003 0.2220670390625 0.2713787078125 0.2269553078125 0.258289703125 0.225558659375 0.2452006984375 0.221368715625 0.24083769687499998 0.2129888265625 0.24083769687499998 0.20600558593749999 0.2486911 0.207402234375 0.2696335078125 0.21229050312500003 0.27312390937500003
0 0.20949720625 0.311518325 0.214385475 0.3150087265625 0.2220670390625 0.314136125 0.2269553078125 0.303664921875 0.2241620109375 0.2818499125 0.214385475 0.2792321109375 0.207402234375 0.2870855140625 0.2067039109375 0.302792321875 0.20949720625 0.311518325
0 0.22276536249999998 0.350785340625 0.2269553078125 0.3420593375 0.2262569828125 0.32809773125 0.2178770953125 0.32111692812500003 0.20879888281249998 0.32897033124999997 0.208100559375 0.34729493906250003 0.2129888265625 0.351657940625 0.22276536249999998 0.350785340625
0 0.214385475 0.39179755625 0.22276536249999998 0.39092495625 0.22765363125000002 0.38219895312499996 0.2262569828125 0.36300174531249996 0.221368715625 0.35776614375000004 0.2157821234375 0.35776614375000004 0.208100559375 0.366492146875 0.20949720625 0.3865619546875 0.214385475 0.39179755625
0 0.211592178125 0.429319371875 0.2234636875 0.43019197187499997 0.22765363125000002 0.42059336875 0.2262569828125 0.4013961609375 0.2220670390625 0.397033159375 0.21508379843749997 0.397033159375 0.20879888281249998 0.40314136093749997 0.208100559375 0.41972076718749995 0.211592178125 0.429319371875
0 0.2262569828125 0.47033158750000004 0.22905027968749997 0.458987784375 0.2262569828125 0.4406631765625 0.21717877031250002 0.43717277499999996 0.20879888281249998 0.44677137812499995 0.20949720625 0.4677137875 0.21717877031250002 0.4729493890625 0.2262569828125 0.47033158750000004
0 0.21019553124999998 0.5052356015624999 0.214385475 0.5122164046875 0.22276536249999998 0.5122164046875 0.2283519546875 0.506980803125 0.2283519546875 0.48691099531250004 0.2220670390625 0.4790575921875 0.21229050312500003 0.4816753921875 0.20879888281249998 0.48778359531250004 0.21019553124999998 0.5052356015624999
0 0.211592178125 0.54799301875 0.21648044687499998 0.5506108203125 0.2262569828125 0.5488656203125 0.229748603125 0.5418848171875 0.22765363125000002 0.5226876093749999 0.2178770953125 0.51745200625 0.21089385468750002 0.523560209375 0.20949720625 0.537521815625 0.211592178125 0.54799301875
0 0.2262569828125 0.5584642234375 0.2178770953125 0.555846421875 0.21019553124999998 0.563699825 0.211592178125 0.57853403125 0.2220670390625 0.584642234375 0.23463687187499999 0.5820244328124999 0.2262569828125 0.5584642234375
0 0.256284915625 0.586387434375 0.256284915625 0.5924956375 0.26326815625 0.602966840625 0.2772346375 0.6038394421875 0.285614525 0.5959860390625 0.285614525 0.586387434375 0.28142458124999997 0.5811518328124999 0.26466480468750003 0.57940663125 0.2597765359375 0.5820244328124999 0.256284915625 0.586387434375
0 0.37290502812500004 0.6020942406249999 0.3889664796875 0.601221640625 0.395251396875 0.5916230359375 0.3938547484375 0.5828970328125 0.3868715078125 0.5776614312499999 0.37011173125 0.57853403125 0.3659217875 0.584642234375 0.3659217875 0.5951134375 0.37290502812500004 0.6020942406249999
0 0.4811452515625 0.600349040625 0.49511173125 0.6020942406249999 0.502094971875 0.5942408375 0.5027932953125 0.5811518328124999 0.4972067046875 0.5759162296875 0.483938546875 0.5759162296875 0.47625698281249995 0.5811518328124999 0.4748603359375 0.5916230359375 0.4811452515625 0.600349040625
0 0.5453910609375 0.62478185 0.5551675984375 0.62478185 0.5621508375000001 0.617801046875 0.5614525140625 0.602966840625 0.5544692734375001 0.5933682375 0.5474860328125 0.5942408375 0.54050279375 0.6073298421875 0.53980446875 0.617801046875 0.5453910609375 0.62478185
0 0.5991620109375 0.62390925 0.606843575 0.62478185 0.6159217875 0.616928446875 0.6159217875 0.6038394421875 0.609636871875 0.5924956375 0.6012569828125 0.5933682375 0.5963687156249999 0.6055846421875 0.5949720671875001 0.6160558468749999 0.5991620109375 0.62390925
0 0.6571229046875 0.6230366484375 0.663407821875 0.6230366484375 0.6724860328125 0.616928446875 0.6738826812500001 0.6064572421875 0.667597765625 0.5916230359375 0.6571229046875 0.5933682375 0.6529329609375 0.6020942406249999 0.6515363125 0.61082024375 0.6571229046875 0.6230366484375
0 0.70949720625 0.6195462484375 0.716480446875 0.6221640484375001 0.7255586593750001 0.6160558468749999 0.7283519546874999 0.6064572421875 0.7227653625 0.5907504359375 0.7157821234374999 0.5898778359375 0.70949720625 0.5986038390624999 0.707402234375 0.60907504375 0.70949720625 0.6195462484375
0 0.769553071875 0.6195462484375 0.7800279328124999 0.617801046875 0.7849162015625 0.6073298421875 0.7828212296875 0.5951134375 0.7779329609375 0.5872600343750001 0.770251396875 0.5890052359375 0.7646648046875 0.602966840625 0.7646648046875 0.6125654453125 0.769553071875 0.6195462484375
0 0.8184357546875001 0.60994764375 0.8226256984375 0.617801046875 0.83449720625 0.6151832453125 0.8379888265625001 0.61082024375 0.836592178125 0.5907504359375 0.8317039109375 0.586387434375 0.82611731875 0.5872600343750001 0.8219273749999999 0.5924956375 0.819134078125 0.6038394421875 0.8184357546875001 0.60994764375
0 0.8777932953124999 0.6160558468749999 0.8826815640625 0.617801046875 0.891061453125 0.6134380453125 0.8938547484375 0.600349040625 0.8896648046875001 0.585514834375 0.8805865921875 0.585514834375 0.875 0.5968586390625 0.8743016765625 0.60994764375 0.8777932953124999 0.6160558468749999
0 0.9322625703125 0.6151832453125 0.939944134375 0.6151832453125 0.94622905 0.60994764375 0.9469273749999999 0.5942408375 0.9413407828125001 0.5837696328125 0.9343575421875 0.585514834375 0.92877095 0.5994764390625 0.9280726250000001 0.60994764375 0.9322625703125 0.6151832453125
1 0.14385474843749999 0.6143106453125 0.1550279328125 0.630890053125 0.1682960890625 0.6291448515625 0.17877095 0.6134380453125 0.1773743015625 0.5986038390624999 0.167597765625 0.5837696328125 0.1550279328125 0.5828970328125 0.1466480453125 0.5907504359375 0.14385474843749999 0.5986038390624999 0.14385474843749999 0.6143106453125
0 1 0.5827723765624999 0.9916201125 0.5820244328124999 0.984636871875 0.5924956375 0.983938546875 0.60994764375 0.9860335203125 0.6143106453125 1 0.6143106453125 1 0.5827723765624999