0 0.184732825 0 0.184732825 0.0085877859375 0.1908396953125 0.0209923671875 0.196946565625 0.0238549625 0.20305343437499998 0.0209923671875 0.20616341562499998 0 0.184732825 0
0 0.1694656484375 0.041984732812499995 0.17786259531249998 0.041984732812499995 0.18854961875 0.029580153125 0.18854961875 0.0209923671875 0.180152671875 0.0085877859375 0.171755725 0.0076335875 0.16564885468749999 0.0143129765625 0.16564885468749999 0.0343511453125 0.1694656484375 0.041984732812499995
0 0.1946564890625 0.0677480921875 0.20305343437499998 0.0591603046875 0.20381679375 0.041030534375 0.1931297703125 0.033396946875 0.17786259531249998 0.048664121875 0.176335878125 0.056297709375000005 0.1793893125 0.06393129843749999 0.1946564890625 0.0677480921875
0 0.1786259546875 0.09923664062500001 0.19160305312499998 0.09923664062500001 0.199236640625 0.0906488546875 0.199236640625 0.080152671875 0.1931297703125 0.072519084375 0.1793893125 0.06965648906250001 0.1709923671875 0.0772900765625 0.1709923671875 0.08874045781249999 0.1786259546875 0.09923664062500001
0 0.180152671875 0.134541984375 0.1938931296875 0.1335877859375 0.200763359375 0.1221374046875 0.2 0.1106870234375 0.1938931296875 0.1049618328125 0.180152671875 0.1049618328125 0.17251908437500002 0.11354961875 0.1740458015625 0.1297709921875 0.180152671875 0.134541984375
0 0.17709923593750002 0.169847328125 0.184732825 0.1727099234375 0.19618320625000002 0.16698473281249998 0.199236640625 0.1459923671875 0.1946564890625 0.14026717500000002 0.183969465625 0.1393129765625 0.1740458015625 0.1479007640625 0.1732824421875 0.1593511453125 0.17709923593750002 0.169847328125
0 0.18320610625 0.21469465625 0.1938931296875 0.2118320609375 0.1984732828125 0.19751908437500001 0.1984732828125 0.1841603046875 0.195419846875 0.1793893125 0.18320610625 0.17748091562499999 0.17557251875 0.185114503125 0.176335878125 0.208969465625 0.18320610625 0.21469465625
0 0.183969465625 0.255725190625 0.1931297703125 0.2547709921875 0.1984732828125 0.244274809375 0.19618320625000002 0.2270992359375 0.1923664125 0.22232824375 0.184732825 0.2213740453125 0.17786259531249998 0.2290076328125 0.1786259546875 0.2509541984375 0.183969465625 0.255725190625
0 0.184732825 0.298664121875 0.1938931296875 0.296755725 0.1984732828125 0.2900763359375 0.1984732828125 0.26908396875 0.1938931296875 0.263358778125 0.18625954218750002 0.26145038125000003 0.17786259531249998 0.27003816718749996 0.17786259531249998 0.2919847328125 0.184732825 0.298664121875
0 0.1946564890625 0.341603053125 0.199236640625 0.3330152671875 0.1984732828125 0.3110687015625 0.1870229 0.3043893125 0.1786259546875 0.3120229 0.1793893125 0.3387404578125 0.1870229 0.34351145 0.1946564890625 0.341603053125
0 0.184732825 0.388358778125 0.1938931296875 0.3874045796875 0.2 0.3778625953125 0.1984732828125 0.35496183281250004 0.1931297703125 0.349236640625 0.18625954218750002 0.349236640625 0.1786259546875 0.35687022968750004 0.1786259546875 0.380725190625 0.184732825 0.388358778125
0 0.183969465625 0.4303435109375 0.1938931296875 0.431297709375 0.2 0.42461832031249996 0.1984732828125 0.3988549625 0.1931297703125 0.39408396875 0.1870229 0.39408396875 0.1786259546875 0.40267175625 0.1786259546875 0.4227099234375 0.183969465625 0.4303435109375
0 0.1786259546875 0.44656488593750004 0.180152671875 0.46755725156250005 0.18625954218750002 0.47423664062500004 0.1946564890625 0.4732824421875 0.200763359375 0.4656488546875 0.200763359375 0.4456106875 0.1931297703125 0.4370229 0.184732825 0.4379771 0.18091603125 0.44274809218750005 0.1786259546875 0.44656488593750004
0 0.1977099234375 0.513358778125 0.2015267171875 0.5066793890625 0.199236640625 0.48473282500000003 0.187786259375 0.4799618328125 0.180152671875 0.48759542031249997 0.180152671875 0.5104961828125 0.18625954218750002 0.515267175 0.1977099234375 0.513358778125
0 0.18320610625 0.5553435109375 0.1908396953125 0.5534351140625 0.20229007656250003 0.5419847328125 0.2015267171875 0.5286259546875 0.1946564890625 0.5209923671875 0.1824427484375 0.5229007640625001 0.1793893125 0.5324427484375 0.1786259546875 0.5496183203125 0.18320610625 0.5553435109375
0 0.2824427484375 0.5715648859375 0.3 0.5715648859375 0.30763358749999997 0.5629771 0.3061068703125 0.5496183203125 0.3 0.5458015265625 0.28320610625 0.5458015265625 0.27557251875 0.552480915625 0.276335878125 0.5658396953125 0.2824427484375 0.5715648859375
0 0.4 0.568702290625 0.42061068749999997 0.568702290625 0.4259541984375 0.5629771 0.42671755781250004 0.5515267171875 0.42061068749999997 0.5438931296875 0.4022900765625 0.5438931296875 0.39618320625000003 0.55057251875 0.395419846875 0.5591603046875 0.4 0.568702290625
0 0.504580153125 0.5696564890625 0.5076335875 0.5791984734375 0.512213740625 0.5830152671875 0.5206106875 0.5811068703125 0.528244275 0.55820610625 0.527480915625 0.548664121875 0.5221374046875 0.5438931296875 0.515267175 0.5438931296875 0.5053435109375 0.5572519078125 0.504580153125 0.5696564890625
0 0.5664122140625001 0.5944656484374999 0.580152671875 0.5944656484374999 0.5854961828125 0.587786259375 0.5862595421875 0.5753816796875 0.5793893125 0.560114503125 0.568702290625 0.5620229 0.5641221375 0.57442748125 0.563358778125 0.587786259375 0.5664122140625001 0.5944656484374999
0 0.6305343515625 0.59351145 0.6389312984375 0.59351145 0.6480916031249999 0.583969465625 0.6465648859375001 0.56679389375 0.6404580156249999 0.55820610625 0.63206106875 0.5591603046875 0.6259541984375 0.5715648859375 0.6251908390625001 0.5858778625000001 0.6305343515625 0.59351145
0 0.6916030531249999 0.5887404578125001 0.7022900765625 0.587786259375 0.7076335874999999 0.5782442750000001 0.70381679375 0.5572519078125 0.700763359375 0.5534351140625 0.6946564890625 0.5534351140625 0.6870229 0.5639312984375 0.6870229 0.583969465625 0.6916030531249999 0.5887404578125001
0 0.7511450375 0.5887404578125001 0.763358778125 0.5887404578125001 0.7702290078125 0.580152671875 0.7687022906250001 0.5639312984375 0.7641221375 0.5553435109375 0.7541984734375 0.556297709375 0.748091603125 0.5715648859375 0.74732824375 0.5811068703125 0.7511450375 0.5887404578125001
0 0.8091603046875001 0.5858778625000001 0.8145038171874999 0.5896946562500001 0.8251908390624999 0.5858778625000001 0.8290076328125 0.5791984734375 0.8267175578125 0.5572519078125 0.8167938937500001 0.5543893125 0.8099236640624999 0.5629771 0.8076335875 0.5715648859375 0.8091603046875001 0.5858778625000001
0 0.8732824421875 0.5868320609375 0.8824427484375 0.587786259375 0.8885496187499999 0.5830152671875 0.8900763359375 0.5677480921875 0.8862595421874999 0.5534351140625 0.87557251875 0.5534351140625 0.8702290078124999 0.5639312984375 0.868702290625 0.580152671875 0.8732824421875 0.5868320609375
0 0.9412213734374999 0.5858778625000001 0.9488549624999999 0.5753816796875 0.9465648859375 0.5553435109375 0.9381679390625 0.55057251875 0.93206106875 0.55820610625 0.928244275 0.5811068703125 0.931297709375 0.5858778625000001 0.9412213734374999 0.5858778625000001
0 1 0.5489821874999999 0.9938931296875 0.5496183203125 0.9877862593750001 0.564885496875 0.9870229 0.5772900765625 0.991603053125 0.583969465625 1 0.5848441484375 1 0.5489821874999999
1 0.003053434375 0.5610687015625 0.003053434375 0.5849236640625 0.009160304687499999 0.59732824375 0.0175572515625 0.603053434375 0.026717557812499997 0.603053434375 0.0358778625 0.5963740453125 0.040458015624999996 0.5868320609375 0.040458015624999996 0.568702290625 0.03206106875 0.5534351140625 0.015267175 0.55057251875 0.003053434375 0.5610687015625
1 0.064885496875 0.5496183203125 0.055725190625 0.55057251875 0.049618320312500006 0.556297709375 0.0450381671875 0.56679389375 0.0450381671875 0.580152671875 0.0503816796875 0.5954198468749999 0.0618320609375 0.6020992359374999 0.0778625953125 0.5963740453125 0.08320610625 0.5811068703125 0.08320610625 0.5696564890625 0.0786259546875 0.5572519078125 0.07328244218749999 0.5515267171875 0.064885496875 0.5496183203125
1 0.0870229 0.587786259375 0.0946564890625 0.599236640625 0.1091603046875 0.6020992359374999 0.11984732812500001 0.5944656484374999 0.123664121875 0.5715648859375 0.11679389375 0.5543893125 0.100763359375 0.5496183203125 0.0931297703125 0.5534351140625 0.0870229 0.5620229 0.0870229 0.587786259375
1 0.128244275 0.5811068703125 0.14122137343750002 0.59732824375 0.1511450375 0.5954198468749999 0.16793893124999998 0.5811068703125 0.1732824421875 0.568702290625 0.16564885468749999 0.5515267171875 0.15267175625 0.5477099234375 0.1358778625 0.55057251875 0.127480915625 0.5639312984375 0.128244275 0.5811068703125
1 0.1923664125 0.564885496875 0.196946565625 0.5706106875 0.2213740453125 0.572519084375 0.251908396875 0.5715648859375 0.2618320609375 0.560114503125 0.25648855 0.548664121875 0.2450381671875 0.5458015265625 0.20610687031250002 0.5458015265625 0.1931297703125 0.55820610625 0.1923664125 0.564885496875
1 0.31221374062499996 0.564885496875 0.3206106875 0.5715648859375 0.36946564843749996 0.5696564890625 0.37557251875 0.564885496875 0.3770992359375 0.5591603046875 0.37557251875 0.5496183203125 0.3664122140625 0.544847328125 0.3206106875 0.544847328125 0.31221374062499996 0.5496183203125 0.31221374062499996 0.564885496875
1 0.436641221875 0.5696564890625 0.48320610625000004 0.568702290625 0.4923664125 0.5591603046875 0.49160305312499997 0.548664121875 0.483969465625 0.5429389312499999 0.436641221875 0.5429389312499999 0.4297709921875 0.5496183203125 0.4297709921875 0.5629771 0.436641221875 0.5696564890625
1 0.54732824375 0.59351145 0.559541984375 0.580152671875 0.5641221375 0.552480915625 0.5541984734375001 0.5429389312499999 0.536641221875 0.5429389312499999 0.5305343515625001 0.552480915625 0.5267175578125001 0.572519084375 0.5297709921875 0.59351145 0.54732824375 0.59351145
1 0.5862595421875 0.5477099234375 0.584732825 0.5610687015625 0.5923664125 0.5858778625000001 0.6 0.59351145 0.6137404578125001 0.5906488546875 0.6229007640625001 0.5734732828125 0.6251908390625001 0.5620229 0.623664121875 0.548664121875 0.6137404578125001 0.541030534375 0.5954198468749999 0.541030534375 0.5862595421875 0.5477099234375
1 0.6496183203125 0.55057251875 0.6488549625 0.564885496875 0.65648855 0.5887404578125001 0.6679389312499999 0.591603053125 0.6786259546875 0.5858778625000001 0.684732825 0.5639312984375 0.684732825 0.5515267171875 0.6793893125 0.5429389312499999 0.6587786265625 0.5400763359375 0.6534351140625 0.5429389312499999 0.6496183203125 0.55057251875
1 0.7183206109375 0.5887404578125001 0.7335877859375 0.5887404578125001 0.7412213734375 0.580152671875 0.74732824375 0.5543893125 0.7419847328125 0.5429389312499999 0.7213740453125 0.5381679390625 0.7099236640625 0.5496183203125 0.712213740625 0.5791984734375 0.7183206109375 0.5887404578125001
1 0.771755725 0.5629771 0.776335878125 0.5820610687500001 0.78320610625 0.587786259375 0.799236640625 0.5820610687500001 0.8068702296874999 0.556297709375 0.803053434375 0.541030534375 0.7931297703125 0.537213740625 0.7809160312500001 0.5381679390625 0.772519084375 0.5477099234375 0.771755725 0.5629771
1 0.8343511453125 0.576335878125 0.8412213734374999 0.5868320609375 0.851908396875 0.5868320609375 0.86030534375 0.5791984734375 0.8671755718749999 0.5543893125 0.8625954203124999 0.5400763359375 0.8557251906250001 0.5362595421874999 0.8419847328125 0.5362595421874999 0.831297709375 0.5496183203125 0.8343511453125 0.576335878125
1 0.8931297703125001 0.544847328125 0.8923664125 0.5610687015625 0.8977099234375 0.5811068703125 0.904580153125 0.5858778625000001 0.9145038171875 0.583969465625 0.9244274812500001 0.5639312984375 0.9259541984374999 0.5496183203125 0.9229007640625 0.5391221374999999 0.9145038171875 0.5343511453125 0.9053435109375 0.5343511453125 0.8931297703125001 0.544847328125
1 0.95267175625 0.5438931296875 0.9511450375000001 0.5543893125 0.9564885500000001 0.5782442750000001 0.963358778125 0.5849236640625 0.97557251875 0.5820610687500001 0.9816793890625 0.5706106875 0.9854961828125001 0.5534351140625 0.9816793890625 0.537213740625 0.97557251875 0.533396946875 0.9618320609375001 0.533396946875 0.95267175625 0.5438931296875