1 0 0.6509009015625 0.0057636890625 0.65045045 0.013688760937499999 0.6423423421875001 0.01585014375 0.635135134375 0.013688760937499999 0.609909909375 0.007925071875 0.6027027031250001 0 0.600225225 0 0.6509009015625
1 0.02233429375 0.6081081078125 0.0201729109375 0.627927928125 0.025216139062499997 0.6477477484375 0.0381844375 0.65045045 0.051873198437500004 0.6423423421875001 0.055475504687499996 0.635135134375 0.055475504687499996 0.6180180187500001 0.0504322765625 0.6045045046874999 0.0439481265625 0.6 0.033861671875 0.5990990984375 0.02233429375 0.6081081078125
1 0.059077809375 0.609009009375 0.059077809375 0.6333333328124999 0.0662824203125 0.6450450453125 0.07348703125 0.6495495499999999 0.078530259375 0.6486486484375 0.091498559375 0.6396396390625 0.0951008640625 0.627927928125 0.094380403125 0.616216215625 0.0857348703125 0.6009009015625 0.0698847265625 0.5990990984375 0.059077809375 0.609009009375
1 0.1001440921875 0.635135134375 0.1080691640625 0.646846846875 0.1260806921875 0.6450450453125 0.133285303125 0.635135134375 0.133285303125 0.6126126125 0.12536023125 0.6009009015625 0.11887608125 0.5981981984375 0.1066282421875 0.6 0.0987031703125 0.6135135140625 0.1001440921875 0.635135134375
1 0.13760806875 0.6324324328125 0.1419308359375 0.6423423421875001 0.1592219015625 0.6477477484375 0.168587896875 0.6414414421875 0.1729106625 0.6207207203125 0.16354466875 0.6 0.1563400578125 0.597297296875 0.147694525 0.5990990984375 0.13760806875 0.6117117109375 0.13760806875 0.6324324328125
1 0.1757925078125 0.6081081078125 0.1772334296875 0.624324325 0.1865994234375 0.6333333328124999 0.1930835734375 0.6333333328124999 0.2103746390625 0.622522521875 0.2247838609375 0.6180180187500001 0.229106628125 0.6126126125 0.226224784375 0.6027027031250001 0.2118155625 0.5945945953125 0.1851585015625 0.597297296875 0.1757925078125 0.6081081078125
1 0.2795389046875 0.6144144140625001 0.2889048984375 0.6198198203125 0.328530259375 0.61891891875 0.3371757921875 0.6144144140625001 0.3400576375 0.6081081078125 0.33645533125 0.597297296875 0.328530259375 0.5945945953125 0.283861671875 0.5945945953125 0.27881844375 0.6018018015625 0.2795389046875 0.6144144140625001
1 0.389048990625 0.609009009375 0.3969740640625 0.6180180187500001 0.4380403453125 0.6171171171875 0.4466858796875 0.6135135140625 0.4510086453125 0.6054054046874999 0.447406340625 0.5954954953125 0.43948126875 0.5927927921875 0.3962536015625 0.5927927921875 0.3904899140625 0.597297296875 0.389048990625 0.609009009375
1 0.523775215625 0.6306306312500001 0.536743515625 0.6270270265625 0.5453890484375 0.609909909375 0.5446685875 0.5981981984375 0.5360230546875 0.5918918921875 0.5086455328125 0.590990990625 0.5007204609375 0.5981981984375 0.50288184375 0.616216215625 0.523775215625 0.6306306312500001
1 0.5662824203125 0.5981981984375 0.565561959375 0.615315315625 0.5727665703125 0.634234234375 0.5792507203125 0.640540540625 0.591498559375 0.6360360359375 0.5965417875 0.628828828125 0.6015850140625 0.6117117109375 0.600864553125 0.5981981984375 0.5900576375 0.590990990625 0.5742074921875 0.590990990625 0.5662824203125 0.5981981984375
1 0.6224783859375 0.615315315625 0.6289625359375 0.634234234375 0.6383285296875 0.6387387390625 0.6527377515625 0.6306306312500001 0.658501440625 0.6108108109375 0.658501440625 0.5990990984375 0.6527377515625 0.5918918921875 0.6304034578125 0.5900900906250001 0.6224783859375 0.5990990984375 0.6224783859375 0.615315315625
1 0.680835734375 0.6135135140625 0.6880403453125 0.6306306312500001 0.7024495671875 0.6333333328124999 0.7110951015625 0.6261261265625 0.7168587890625 0.6072072078125 0.7139769453125 0.5927927921875 0.7010086453125 0.5882882890625 0.68876080625 0.5891891890625 0.680835734375 0.6 0.680835734375 0.6135135140625
1 0.7456772328125 0.6324324328125 0.7586455328125 0.635135134375 0.7687319890625 0.6261261265625 0.773775215625 0.5981981984375 0.7665706046875 0.5882882890625 0.74639769375 0.5882882890625 0.738472621875 0.5981981984375 0.738472621875 0.6135135140625 0.7456772328125 0.6324324328125
1 0.7975504328125 0.5981981984375 0.799711815625 0.6234234234375 0.8054755046875 0.6324324328125 0.8134005765625 0.634234234375 0.8242074921875 0.6261261265625 0.82997118125 0.6072072078125 0.82997118125 0.596396396875 0.8263688765625 0.5891891890625 0.8076368875 0.5864864859375001 0.8033141203125 0.5882882890625 0.7975504328125 0.5981981984375
1 0.858789625 0.5873873875 0.8537463984375 0.5945945953125 0.8530259359375 0.6081081078125 0.857348703125 0.625225225 0.865273775 0.6324324328125 0.876801153125 0.6306306312500001 0.88112391875 0.624324325 0.886167146875 0.603603603125 0.8825648421875 0.5891891890625 0.879682996875 0.5855855859375 0.8659942359375 0.584684684375 0.858789625 0.5873873875
1 0.9164265125 0.5864864859375001 0.9113832859375 0.5954954953125 0.9113832859375 0.6117117109375 0.9157060515625 0.6261261265625 0.92002881875 0.6315315312500001 0.9286743515625 0.6315315312500001 0.93299711875 0.627927928125 0.9423631125 0.603603603125 0.9402017296875 0.5891891890625 0.9337175796875 0.583783784375 0.921469740625 0.583783784375 0.9164265125 0.5864864859375001
1 0.96757925 0.5900900906250001 0.966138328125 0.6072072078125 0.97118155625 0.625225225 0.97766570625 0.6297297296875 0.9899135453125 0.627927928125 0.9956772328125 0.6198198203125 0.998559078125 0.6081081078125 0.99639769375 0.5855855859375 0.9834293953125 0.58108108125 0.972622478125 0.583783784375 0.96757925 0.5900900906250001
0 0.19044188281250002 0 0.190922190625 0.0072072078125 0.197406340625 0.016216215625 0.206772334375 0.016216215625 0.2154178671875 0.0054054046875 0.21585014375 0 0.19044188281250002 0
0 0.2233429390625 0.034234234375 0.2334293953125 0.0324324328125 0.2399135453125 0.016216215625 0.238472621875 0.0081081078125 0.2312680109375 0.002702703125 0.222622478125 0.0036036031250000003 0.216138328125 0.0135135140625 0.2168587890625 0.0270270265625 0.2233429390625 0.034234234375
0 0.2010086453125 0.0549549546875 0.209654178125 0.0522522515625 0.216138328125 0.039639639062499996 0.21469740625 0.028828828125 0.20821325625 0.021621621875 0.1988472625 0.0234234234375 0.193804034375 0.028828828125 0.1959654171875 0.05045045 0.2010086453125 0.0549549546875
0 0.2182997125 0.06936936875000001 0.2233429390625 0.0738738734375 0.2312680109375 0.072072071875 0.2363112390625 0.0603603609375 0.2348703171875 0.0423423421875 0.2233429390625 0.039639639062499996 0.216138328125 0.0486486484375 0.21469740625 0.059459459375 0.2182997125 0.06936936875000001
0 0.206772334375 0.0981981984375 0.2154178671875 0.0855855859375 0.21757925 0.074774775 0.206772334375 0.06126126093749999 0.197406340625 0.0675675671875 0.197406340625 0.09369369375 0.2010086453125 0.0981981984375 0.206772334375 0.0981981984375
0 0.219740634375 0.11261261250000001 0.2247838609375 0.116216215625 0.232708934375 0.11261261250000001 0.2348703171875 0.09369369375 0.232708934375 0.08198198125 0.2233429390625 0.08018017968749999 0.21469740625 0.0954954953125 0.21469740625 0.10360360312500001 0.219740634375 0.11261261250000001
0 0.20172910625 0.135135134375 0.209654178125 0.1369369375 0.219740634375 0.13063063125000002 0.2219020171875 0.1198198203125 0.2154178671875 0.109909909375 0.2046109515625 0.1054054046875 0.1995677234375 0.1108108109375 0.1988472625 0.12432432499999999 0.20172910625 0.135135134375
0 0.2089337171875 0.16216216249999998 0.2247838609375 0.164864865625 0.2298270890625 0.16126126093749998 0.232708934375 0.153153153125 0.23054755 0.1360360359375 0.2219020171875 0.13423423437499998 0.20821325625 0.14414414375 0.2060518734375 0.1585585578125 0.2089337171875 0.16216216249999998
0 0.2060518734375 0.1954954953125 0.2219020171875 0.197297296875 0.229106628125 0.190990990625 0.2298270890625 0.177477478125 0.2255043234375 0.172072071875 0.213256484375 0.16936936875 0.2046109515625 0.174774775 0.2024495671875 0.18468468437500002 0.2060518734375 0.1954954953125
0 0.2103746390625 0.23333333281250002 0.219740634375 0.234234234375 0.22766570625 0.22702702656249998 0.2298270890625 0.2126126125 0.2255043234375 0.20450450468749998 0.21469740625 0.202702703125 0.2053314125 0.209909909375 0.2046109515625 0.224324325 0.2103746390625 0.23333333281250002
0 0.2060518734375 0.25945945937500003 0.2089337171875 0.26846846874999997 0.2139769453125 0.272072071875 0.222622478125 0.271171171875 0.2283861671875 0.2612612609375 0.2269452453125 0.2423423421875 0.2190201734375 0.2378378375 0.2118155625 0.23963963906250002 0.2074927953125 0.24504504531250001 0.2060518734375 0.25945945937500003
0 0.222622478125 0.3135135140625 0.22766570625 0.303603603125 0.226224784375 0.28198198125 0.216138328125 0.277477478125 0.20821325625 0.284684684375 0.20821325625 0.3081081078125 0.2139769453125 0.3144144140625 0.222622478125 0.3135135140625
0 0.2233429390625 0.3522522515625 0.2283861671875 0.34324324375000004 0.2269452453125 0.3270270265625 0.2204610953125 0.3207207203125 0.209654178125 0.3270270265625 0.2103746390625 0.3486486484375 0.21469740625 0.353153153125 0.2233429390625 0.3522522515625
0 0.2247838609375 0.3918918921875 0.2283861671875 0.3873873875 0.2269452453125 0.3630630625 0.2190201734375 0.3585585578125 0.209654178125 0.365765765625 0.209654178125 0.3873873875 0.216138328125 0.39369369375 0.2247838609375 0.3918918921875
0 0.2255043234375 0.43333333281249997 0.229106628125 0.425225225 0.22766570625 0.403603603125 0.21757925 0.3990990984375 0.209654178125 0.40630630625 0.2103746390625 0.42972972968749995 0.2168587890625 0.435135134375 0.2255043234375 0.43333333281249997
0 0.2154178671875 0.47837837812500006 0.2233429390625 0.47837837812500006 0.229106628125 0.4729729734375 0.2298270890625 0.45045045000000006 0.226224784375 0.44324324375 0.2154178671875 0.4423423421875 0.209654178125 0.45045045000000006 0.209654178125 0.46936936874999996 0.2154178671875 0.47837837812500006
0 0.2110951015625 0.5126126125 0.21757925 0.5189189187500001 0.22766570625 0.515315315625 0.23054755 0.5099099093749999 0.2283861671875 0.4891891890625 0.22118155625 0.483783784375 0.2118155625 0.4891891890625 0.209654178125 0.4927927921875 0.2110951015625 0.5126126125
0 0.2118155625 0.553153153125 0.216138328125 0.5585585578125001 0.226224784375 0.5576576578125 0.2312680109375 0.5486486484374999 0.2298270890625 0.53063063125 0.222622478125 0.524324325 0.213256484375 0.528828828125 0.2103746390625 0.5333333328125 0.2118155625 0.553153153125
0 0.231988471875 0.5954954953125 0.229106628125 0.56846846875 0.2247838609375 0.5648648656249999 0.2168587890625 0.5648648656249999 0.2125360234375 0.56936936875 0.2118155625 0.5873873875 0.222622478125 0.596396396875 0.231988471875 0.5954954953125
0 0.24351585 0.61891891875 0.2651296828125 0.6198198203125 0.273775215625 0.6117117109375 0.273775215625 0.6027027031250001 0.268011528125 0.5954954953125 0.2456772328125 0.5945945953125 0.2391930828125 0.6027027031250001 0.238472621875 0.609909909375 0.24351585 0.61891891875
0 0.36239193125 0.6180180187500001 0.3775216140625 0.6180180187500001 0.386167146875 0.609909909375 0.386167146875 0.6009009015625 0.379682996875 0.5936936937499999 0.363832853125 0.5936936937499999 0.3566282421875 0.6 0.3566282421875 0.6126126125 0.36239193125 0.6180180187500001
0 0.4740634 0.616216215625 0.4913544671875 0.616216215625 0.4978386171875 0.6072072078125 0.49711815625 0.596396396875 0.4899135453125 0.590990990625 0.4747838609375 0.5918918921875 0.4690201734375 0.597297296875 0.4690201734375 0.609909909375 0.4740634 0.616216215625
0 0.5511527375 0.6423423421875001 0.5597982703125 0.6396396390625 0.5662824203125 0.6306306312500001 0.5634005765625 0.6135135140625 0.556195965625 0.6072072078125 0.54827089375 0.6117117109375 0.543227665625 0.625225225 0.5439481265625 0.6369369375 0.5511527375 0.6423423421875001
0 0.6051873203125 0.640540540625 0.6131123921875 0.6414414421875 0.6210374640625 0.6360360359375 0.621757925 0.61891891875 0.616714696875 0.609009009375 0.6066282421875 0.609009009375 0.6015850140625 0.6207207203125 0.600864553125 0.6333333328124999 0.6051873203125 0.640540540625
0 0.6628242078125 0.6387387390625 0.6707492796875 0.6396396390625 0.6801152734375 0.6333333328124999 0.6815561953125 0.624324325 0.6736311234375 0.6072072078125 0.664985590625 0.6081081078125 0.6599423625 0.6171171171875 0.658501440625 0.6315315312500001 0.6628242078125 0.6387387390625
0 0.719740634375 0.6369369375 0.726224784375 0.6387387390625 0.735590778125 0.6324324328125 0.7377521609375 0.622522521875 0.7334293953125 0.6072072078125 0.7247838609375 0.6054054046874999 0.7182997125 0.6144144140625001 0.716138328125 0.627927928125 0.719740634375 0.6369369375
0 0.77881844375 0.635135134375 0.786743515625 0.635135134375 0.7953890484375 0.6270270265625 0.7939481265625 0.6108108109375 0.7889048984375 0.6027027031250001 0.7817002875 0.603603603125 0.7752161390625 0.6180180187500001 0.7744956765625 0.6270270265625 0.77881844375 0.635135134375
0 0.8357348703125 0.635135134375 0.8436599421875 0.635135134375 0.850864553125 0.6270270265625 0.8501440921875 0.6108108109375 0.844380403125 0.6018018015625 0.8357348703125 0.60630630625 0.831412103125 0.61891891875 0.8306916421875 0.6261261265625 0.8357348703125 0.635135134375
0 0.8919308359375 0.6324324328125 0.90057636875 0.6324324328125 0.90706051875 0.6261261265625 0.908501440625 0.616216215625 0.9027377515625 0.6 0.89409221875 0.6018018015625 0.8883285296875 0.616216215625 0.88760806875 0.625225225 0.8919308359375 0.6324324328125
0 0.9466858796875 0.6315315312500001 0.9574927953125 0.6324324328125 0.9625360234375 0.627927928125 0.9639769453125 0.615315315625 0.959654178125 0.6 0.9510086453125 0.6 0.9445244953125 0.615315315625 0.943804034375 0.6270270265625 0.9466858796875 0.6315315312500001