0 0.1808510640625 0 0.1808510640625 0.019503546875 0.1851063828125 0.0248226953125 0.19219858125 0.025709220312499996 0.2 0.0203900703125 0.20425531874999997 0.0106382984375 0.2008510640625 0 0.1808510640625 0
0 0.20709219843749999 0.0407801421875 0.2148936171875 0.044326240625 0.2226950359375 0.039007092187499995 0.22482269531250001 0.017730496875 0.221985815625 0.013297871875 0.2106382984375 0.0115248234375 0.2035461 0.0221631203125 0.20283687968750003 0.03102836875 0.20709219843749999 0.0407801421875
0 0.185815603125 0.0638297875 0.19432624062499998 0.0647163125 0.20283687968750003 0.0549645390625 0.20425531874999997 0.0425531921875 0.1992907796875 0.03368794375 0.1893617015625 0.03191489375 0.1829787234375 0.0398936171875 0.182269503125 0.0514184390625 0.185815603125 0.0638297875
0 0.20212765937500002 0.0700354609375 0.205673759375 0.080673759375 0.2127659578125 0.08599290781249999 0.21843971562500003 0.0851063828125 0.221985815625 0.07624113437499999 0.221985815625 0.0549645390625 0.21631205625 0.050531915625 0.209929078125 0.050531915625 0.2035461 0.0602836875 0.20212765937500002 0.0700354609375
0 0.2035461 0.09751773124999999 0.206382978125 0.08599290781249999 0.1992907796875 0.0726950359375 0.1907801421875 0.0709219859375 0.18652482343750001 0.075354609375 0.185815603125 0.1028368796875 0.19432624062499998 0.106382978125 0.2035461 0.09751773124999999
0 0.1971631203125 0.11702127656250001 0.2014184390625 0.12322694999999999 0.2106382984375 0.12677305 0.2148936171875 0.125 0.21985815625 0.1187943265625 0.22056737656249997 0.1001773046875 0.21631205625 0.09485815625 0.209929078125 0.09485815625 0.197872340625 0.109929078125 0.1971631203125 0.11702127656250001
0 0.1950354609375 0.15425531875 0.206382978125 0.15425531875 0.2148936171875 0.1453900703125 0.214184396875 0.1347517734375 0.20709219843749999 0.1285461 0.1950354609375 0.125886525 0.1893617015625 0.1312056734375 0.1886524828125 0.143617021875 0.1950354609375 0.15425531875
0 0.197872340625 0.18705673750000001 0.209929078125 0.18705673750000001 0.2170212765625 0.17907801406249998 0.217730496875 0.16578014218749998 0.21205673749999998 0.15868794375 0.1992907796875 0.15957446875 0.1914893609375 0.1666666671875 0.1914893609375 0.1799645390625 0.197872340625 0.18705673750000001
0 0.19858156093749998 0.22251773125000002 0.20780141875 0.2234042546875 0.2156028375 0.21365248281250002 0.2170212765625 0.20124113437500002 0.2127659578125 0.19326241093750002 0.2007092203125 0.1923758859375 0.1929078015625 0.19946808437500002 0.19219858125 0.2127659578125 0.19858156093749998 0.22251773125000002
0 0.21134751718749997 0.2597517734375 0.2156028375 0.24645389999999998 0.21347517656249998 0.230496453125 0.20212765937500002 0.22695035468750002 0.19432624062499998 0.23492907812500002 0.19645390000000001 0.2579787234375 0.20212765937500002 0.262411346875 0.21134751718749997 0.2597517734375
0 0.20921985781250002 0.3031914890625 0.2148936171875 0.294326240625 0.21347517656249998 0.2703900703125 0.205673759375 0.265957446875 0.19574468125 0.2739361703125 0.1971631203125 0.299645390625 0.20283687968750003 0.3040780140625 0.20921985781250002 0.3031914890625
0 0.20212765937500002 0.34485815625 0.2106382984375 0.34397163124999997 0.2156028375 0.3359929078125 0.2148936171875 0.3138297875 0.2106382984375 0.3085106390625 0.20283687968750003 0.3085106390625 0.19645390000000001 0.3147163125 0.19645390000000001 0.3395390078125 0.20212765937500002 0.34485815625
0 0.21205673749999998 0.3812056734375 0.21631205625 0.37234042500000003 0.2148936171875 0.357269503125 0.20780141875 0.3510638296875 0.197872340625 0.35638297812499997 0.19858156093749998 0.3785461 0.206382978125 0.3838652484375 0.21205673749999998 0.3812056734375
0 0.1971631203125 0.4140070921875 0.20212765937500002 0.421985815625 0.209929078125 0.421985815625 0.2156028375 0.4157801421875 0.21631205625 0.3953900703125 0.2106382984375 0.388297871875 0.2014184390625 0.389184396875 0.1971631203125 0.394503546875 0.1971631203125 0.4140070921875
0 0.1971631203125 0.453014184375 0.2 0.4609929078125 0.20212765937500002 0.46365248281250004 0.2127659578125 0.46276595781249996 0.217730496875 0.450354609375 0.21631205625 0.4335106390625 0.2106382984375 0.42730496406249996 0.20283687968750003 0.4281914890625 0.19858156093749998 0.4326241140625 0.1971631203125 0.453014184375
0 0.2 0.5017730499999999 0.20283687968750003 0.5053191484374999 0.2148936171875 0.502659575 0.217730496875 0.4964539 0.21631205625 0.4734042546875 0.206382978125 0.46897163124999997 0.197872340625 0.47695035468749997 0.1971631203125 0.49290780156249997 0.2 0.5017730499999999
0 0.21843971562500003 0.53457446875 0.21631205625 0.515957446875 0.21134751718749997 0.5115248234374999 0.205673759375 0.5115248234374999 0.19858156093749998 0.518617021875 0.2 0.5416666671875 0.214184396875 0.543439715625 0.21843971562500003 0.53457446875
0 0.21843971562500003 0.5842198578125 0.2234042546875 0.581560284375 0.21631205625 0.5531914890625 0.206382978125 0.5496453906250001 0.2 0.5540780140625 0.19858156093749998 0.5691489359374999 0.20212765937500002 0.5735815609375 0.21843971562500003 0.5842198578125
0 0.23475177343750003 0.5895390078125 0.2390070921875 0.5984042546875 0.25602836875 0.5992907796875 0.262411346875 0.59663120625 0.265957446875 0.59042553125 0.26524822656249997 0.581560284375 0.2609929078125 0.5753546093749999 0.24113475156250003 0.5744680843750001 0.2354609921875 0.580673759375 0.23475177343750003 0.5895390078125
0 0.35035460937499996 0.59663120625 0.36666666718749996 0.59751773125 0.3751773046875 0.59042553125 0.3751773046875 0.579787234375 0.37092198593750003 0.5744680843750001 0.3546099296875 0.5735815609375 0.34751773125 0.578014184375 0.3468085109375 0.5895390078125 0.35035460937499996 0.59663120625
0 0.46382978750000003 0.59663120625 0.481560284375 0.59485815625 0.4865248234375 0.5824468078125 0.4829787234375 0.5726950359375 0.47517730468749997 0.5709219859375 0.46312056718749994 0.5718085109375 0.45673758906249995 0.578014184375 0.45673758906249995 0.5895390078125 0.46382978750000003 0.59663120625
0 0.5326241140625 0.6196808515625001 0.5453900703125 0.6196808515625001 0.5524822687500001 0.609929078125 0.550354609375 0.59574468125 0.54397163125 0.5868794328125 0.5354609921875 0.5886524828125 0.529787234375 0.6028368796875 0.5290780140625 0.6134751765625001 0.5326241140625 0.6196808515625001
0 0.6014184390625 0.6196808515625001 0.60780141875 0.609929078125 0.6035461 0.59042553125 0.593617021875 0.5877659578125 0.5879432625 0.59663120625 0.5865248234375 0.6134751765625001 0.5893617015625 0.6196808515625001 0.6014184390625 0.6196808515625001
0 0.6453900703125 0.6187943265625 0.6567375890625 0.6179078015624999 0.6631205671875 0.609929078125 0.6631205671875 0.6019503546875 0.6546099296875 0.5877659578125 0.64822695 0.5886524828125 0.641843971875 0.6028368796875 0.641843971875 0.6143617015625 0.6453900703125 0.6187943265625
0 0.7028368796875 0.6161347515625 0.7134751765625 0.6161347515625 0.7191489359375 0.609042553125 0.7191489359375 0.59308510625 0.7156028375 0.5851063828124999 0.7049645390625 0.5859929078125 0.7007092203124999 0.59574468125 0.6992907796875001 0.609042553125 0.7028368796875 0.6161347515625
0 0.7709219859374999 0.6134751765625001 0.775886525 0.6028368796875 0.772340425 0.5859929078125 0.7638297875 0.5833333328125 0.7581560281249999 0.59042553125 0.7553191484374999 0.6028368796875 0.7574468078125001 0.6134751765625001 0.7709219859374999 0.6134751765625001
0 0.8283687937499999 0.5842198578125 0.8212765953125001 0.581560284375 0.8141843968750001 0.59042553125 0.8141843968750001 0.611702128125 0.825531915625 0.6143617015625 0.8319148937499999 0.6037234046875 0.8283687937499999 0.5842198578125
0 0.8709219859375 0.611702128125 0.8808510640625 0.611702128125 0.885815603125 0.606382978125 0.8865248234375 0.59397163125 0.8808510640625 0.580673759375 0.873758865625 0.581560284375 0.86808510625 0.59574468125 0.8673758859375 0.606382978125 0.8709219859375 0.611702128125
0 0.9411347515624999 0.605496453125 0.9425531921875001 0.59308510625 0.9390070921874999 0.579787234375 0.9290780140624999 0.579787234375 0.9234042546874999 0.59219858125 0.9248226953125 0.609929078125 0.9354609921874999 0.611702128125 0.9411347515624999 0.605496453125
0 0.994326240625 0.605496453125 0.9964539 0.59663120625 0.9929078015625 0.578900709375 0.9858156031249999 0.578900709375 0.9787234046875 0.59219858125 0.98014184375 0.608156028125 0.9872340421875 0.609929078125 0.994326240625 0.605496453125
1 0 0.62566489375 0.006382978124999999 0.6196808515625001 0.00780141875 0.59485815625 0 0.5824468078125 0 0.62566489375
1 0.014184396875 0.5859929078125 0.012056737500000001 0.59397163125 0.012765957812500001 0.6143617015625 0.0191489359375 0.6267730499999999 0.031205673437499998 0.6285461 0.0397163125 0.625 0.04751773125 0.6143617015625 0.04751773125 0.59574468125 0.04397163125 0.5868794328125 0.0368794328125 0.579787234375 0.0212765953125 0.579787234375 0.014184396875 0.5859929078125
1 0.05957446875 0.6258865250000001 0.074468084375 0.6258865250000001 0.0851063828125 0.6143617015625 0.085815603125 0.59663120625 0.07730496406250001 0.580673759375 0.062411346874999996 0.578900709375 0.05106382968749999 0.59308510625 0.05106382968749999 0.610815603125 0.05957446875 0.6258865250000001
1 0.09716312031249999 0.6241134749999999 0.1156028375 0.625 0.1234042546875 0.6170212765625 0.124113475 0.59308510625 0.11702127656250001 0.580673759375 0.0985815609375 0.578900709375 0.090070921875 0.59308510625 0.08936170156249999 0.605496453125 0.09716312031249999 0.6241134749999999
1 0.12836879375000002 0.612588653125 0.138297871875 0.6258865250000001 0.1546099296875 0.625 0.1631205671875 0.6134751765625001 0.1631205671875 0.59397163125 0.1546099296875 0.579787234375 0.1425531921875 0.577127659375 0.1312056734375 0.5842198578125 0.12836879375000002 0.5895390078125 0.12836879375000002 0.612588653125
1 0.16879432656249999 0.6019503546875 0.1765957453125 0.610815603125 0.18794326249999999 0.609042553125 0.21985815625 0.59485815625 0.21985815625 0.5886524828125 0.2156028375 0.5833333328125 0.1992907796875 0.5744680843750001 0.17517730468749998 0.577127659375 0.16808510625 0.5886524828125 0.16879432656249999 0.6019503546875
1 0.270212765625 0.59397163125 0.2773049640625 0.5992907796875 0.3205673765625 0.5984042546875 0.32836879375 0.59397163125 0.33191489375 0.5859929078125 0.327659575 0.577127659375 0.321985815625 0.5744680843750001 0.2751773046875 0.5744680843750001 0.269503546875 0.581560284375 0.270212765625 0.59397163125
1 0.3829787234375 0.59751773125 0.429787234375 0.59574468125 0.4390070921875 0.5868794328125 0.43829787187499997 0.578014184375 0.4290780140625 0.5726950359375 0.3851063828125 0.5726950359375 0.3787234046875 0.578014184375 0.3787234046875 0.59042553125 0.3829787234375 0.59751773125
1 0.5127659578125 0.612588653125 0.5248226953125 0.606382978125 0.5312056734375 0.59042553125 0.5304964531249999 0.578900709375 0.5226950359375 0.5718085109375 0.4950354609375 0.5709219859375 0.4886524828125 0.580673759375 0.490070921875 0.59751773125 0.5127659578125 0.612588653125
1 0.55177305 0.5913120562499999 0.5595744687499999 0.6152482265625 0.570212765625 0.6187943265625 0.578014184375 0.6143617015625 0.5872340421875 0.59042553125 0.5865248234375 0.578900709375 0.5744680843750001 0.5709219859375 0.5617021281250001 0.5709219859375 0.5531914890625 0.578900709375 0.55177305 0.5913120562499999
1 0.6113475171875 0.5726950359375 0.6070921984375001 0.580673759375 0.609929078125 0.6037234046875 0.6170212765625 0.6152482265625 0.625531915625 0.6170212765625 0.6347517734375 0.610815603125 0.6425531921875 0.5859929078125 0.641843971875 0.578900709375 0.637588653125 0.5735815609375 0.6333333328124999 0.5700354609375 0.6205673765624999 0.5691489359374999 0.6113475171875 0.5726950359375
1 0.6617021281250001 0.580673759375 0.6617021281250001 0.5895390078125 0.6680851062500001 0.607269503125 0.6794326234375 0.6134751765625001 0.6893617015625 0.610815603125 0.6943262406249999 0.605496453125 0.7 0.5824468078125 0.69574468125 0.5726950359375 0.6829787234375 0.5682624109375001 0.669503546875 0.5691489359374999 0.6617021281250001 0.580673759375
1 0.721985815625 0.578014184375 0.721985815625 0.59485815625 0.7248226953125 0.605496453125 0.730496453125 0.612588653125 0.7411347515625 0.6143617015625 0.750354609375 0.605496453125 0.7553191484374999 0.581560284375 0.750354609375 0.5709219859375 0.7453900703125 0.5673758859375 0.73191489375 0.5673758859375 0.721985815625 0.578014184375
1 0.778014184375 0.59397163125 0.7851063828125 0.611702128125 0.7964539 0.612588653125 0.8049645390625001 0.606382978125 0.8113475171875001 0.5824468078125 0.8070921984374999 0.5691489359374999 0.8021276593750001 0.5664893609375 0.7836879437500001 0.5673758859375 0.7773049640624999 0.577127659375 0.778014184375 0.59397163125
1 0.8347517734375 0.5753546093749999 0.834042553125 0.5886524828125 0.8382978718749999 0.605496453125 0.8453900703125001 0.612588653125 0.85602836875 0.609929078125 0.8645390078125 0.5913120562499999 0.865957446875 0.577127659375 0.8638297875 0.5709219859375 0.8574468078124999 0.5647163125 0.8446808515625 0.5647163125 0.8347517734375 0.5753546093749999
1 0.8893617015625 0.5877659578125 0.8950354609375 0.607269503125 0.8992907796875 0.610815603125 0.9127659578125 0.608156028125 0.921985815625 0.581560284375 0.9177304968750001 0.5664893609375 0.9028368796875 0.5629432624999999 0.8950354609375 0.5656028375 0.8914893609375 0.5709219859375 0.8893617015625 0.5877659578125
1 0.9446808515624999 0.5877659578125 0.949645390625 0.6037234046875 0.9553191484375001 0.609042553125 0.9687943265625 0.606382978125 0.9765957453125 0.581560284375 0.973758865625 0.5664893609375 0.96808510625 0.5620567375000001 0.9553191484375001 0.5620567375000001 0.9475177312499999 0.5691489359374999 0.9446808515624999 0.5877659578125