0 0.211394303125 0 0.211394303125 0.0177902625 0.21439280312500003 0.021535581249999998 0.22263868125 0.021535581249999998 0.2323838078125 0.0065543078125 0.23194652656249998 0 0.211394303125 0
0 0.2323838078125 0.0346441953125 0.237631184375 0.04213483125 0.24437781093750002 0.0449438203125 0.2503748125 0.0365168546875 0.2503748125 0.010299625 0.24212893593749998 0.005617978125 0.2316341828125 0.015917603125 0.23013493281250003 0.0280898875 0.2323838078125 0.0346441953125
0 0.22263868125 0.065543071875 0.235382309375 0.052434456250000004 0.235382309375 0.044007490625 0.22338830625 0.029026217187499998 0.215142428125 0.03183520625 0.21289355312499997 0.0571161046875 0.2158920546875 0.0636704125 0.22263868125 0.065543071875
0 0.22263868125 0.0739700375 0.22338830625 0.08146067343749999 0.23013493281250003 0.08801498125 0.24137931093749998 0.08801498125 0.2488755625 0.0805243453125 0.2496251875 0.061797753125 0.2458770609375 0.0571161046875 0.238380809375 0.056179775 0.22563718124999999 0.0692883890625 0.22263868125 0.0739700375
0 0.22263868125 0.1207865171875 0.236131934375 0.1207865171875 0.24437781093750002 0.11329587968749999 0.24512743593750003 0.1011235953125 0.24062968593749998 0.09456928906249999 0.22638680625 0.0908239703125 0.2196401796875 0.09644194687499999 0.2173913046875 0.10674157343749999 0.22263868125 0.1207865171875
0 0.24437781093750002 0.1507490640625 0.2466266859375 0.139513109375 0.24287856093750002 0.12827715312500002 0.22938530781250002 0.12640449375 0.2196401796875 0.13389513125000002 0.22188905625 0.15449438124999998 0.2331334328125 0.1582397 0.24437781093750002 0.1507490640625
0 0.22488755624999998 0.1947565546875 0.235382309375 0.19756554375 0.24137931093749998 0.1928838953125 0.24512743593750003 0.18352059999999998 0.24137931093749998 0.1647940078125 0.22863568281250002 0.1629213484375 0.2211394296875 0.1694756546875 0.2203898046875 0.18352059999999998 0.22488755624999998 0.1947565546875
0 0.2308845578125 0.23970037500000002 0.238380809375 0.2387640453125 0.24287856093750002 0.23033707812499998 0.24362818593750002 0.2088014984375 0.235382309375 0.2013108609375 0.2308845578125 0.2013108609375 0.22338830625 0.2088014984375 0.22338830625 0.23408239687500002 0.2308845578125 0.23970037500000002
0 0.23013493281250003 0.32771535625000003 0.23988005937499998 0.325842696875 0.24437781093750002 0.32022471874999997 0.24362818593750002 0.2949438203125 0.238380809375 0.2893258421875 0.2308845578125 0.2893258421875 0.22488755624999998 0.294007490625 0.22488755624999998 0.322097378125 0.23013493281250003 0.32771535625000003
0 0.23013493281250003 0.283707865625 0.23988005937499998 0.2827715359375 0.24437781093750002 0.272471909375 0.24437781093750002 0.255617978125 0.24137931093749998 0.24906367031249999 0.23013493281250003 0.24625468125 0.22413793124999998 0.25468164843749996 0.22563718124999999 0.279962546875 0.23013493281250003 0.283707865625
0 0.24062968593749998 0.36610486875000003 0.24512743593750003 0.35767790312500003 0.24362818593750002 0.339887640625 0.237631184375 0.3342696625 0.22563718124999999 0.339887640625 0.22638680625 0.3632958796875 0.23013493281250003 0.3670411984375 0.24062968593749998 0.36610486875000003
0 0.22788605624999997 0.406367040625 0.2331334328125 0.4091760296875 0.24287856093750002 0.406367040625 0.24512743593750003 0.4026217234375 0.24362818593750002 0.37734082343750003 0.2331334328125 0.37359550625 0.22488755624999998 0.382022471875 0.22488755624999998 0.399812734375 0.22788605624999997 0.406367040625
0 0.24362818593750002 0.45037453125000004 0.2466266859375 0.43913857656250005 0.24437781093750002 0.41947565468750003 0.234632684375 0.4147940078125 0.22563718124999999 0.4232209734375 0.22713643125 0.44850187343750003 0.234632684375 0.45318352031250003 0.24362818593750002 0.45037453125000004
0 0.24137931093749998 0.49625468125000005 0.2466266859375 0.48782771562500005 0.2458770609375 0.46441947499999997 0.23388305781250002 0.45880149843750007 0.22638680625 0.466292134375 0.22788605624999997 0.49250936406249995 0.2323838078125 0.4971910109375 0.24137931093749998 0.49625468125000005
0 0.23013493281250003 0.5365168546875 0.23913043437499998 0.5383895125 0.2466266859375 0.5327715359375 0.2481259375 0.5205992515625 0.24362818593750002 0.505617978125 0.234632684375 0.5028089890625 0.22638680625 0.5112359546875 0.22638680625 0.5308988765625 0.23013493281250003 0.5365168546875
0 0.2586206890625 0.5767790265625 0.2826086953125 0.575842696875 0.287856071875 0.5664794 0.28710644687500003 0.558052434375 0.2788605703125 0.5514981265625 0.260869565625 0.54962546875 0.2556221890625 0.554307115625 0.2548725640625 0.5739700375 0.2586206890625 0.5767790265625
0 0.30209895000000003 0.575842696875 0.3185907046875 0.575842696875 0.32608695625 0.5674157296875 0.32533733125 0.5571161046875 0.3200899546875 0.5514981265625 0.3035982015625 0.5505617984375 0.2976012 0.558052434375 0.2968515734375 0.5674157296875 0.30209895000000003 0.575842696875
0 0.41754122968749996 0.5749063671875 0.434782609375 0.5749063671875 0.4422788609375 0.565543071875 0.4422788609375 0.556179775 0.43778110937500003 0.54962546875 0.4182908546875 0.5486891390624999 0.413793103125 0.55243445625 0.411544228125 0.5664794 0.41754122968749996 0.5749063671875
0 0.5322338828125 0.5749063671875 0.5427286359375 0.5805243453125 0.5517241375 0.5739700375 0.5547226390625 0.558052434375 0.5524737625 0.5486891390624999 0.537481259375 0.5468164796874999 0.5292353828125 0.554307115625 0.5284857578125 0.565543071875 0.5322338828125 0.5749063671875
0 0.5967016484375 0.5992509359375 0.6086956515625 0.5973782765625 0.615442278125 0.5889513109375 0.6124437781250001 0.57022471875 0.6071964015625 0.5636704124999999 0.5967016484375 0.5664794 0.5914542734375 0.5814606734375001 0.5914542734375 0.593632959375 0.5967016484375 0.5992509359375
0 0.6559220390625 0.59831460625 0.6619190406250001 0.5992509359375 0.6716641671875 0.593632959375 0.67391304375 0.5814606734375001 0.6671664171875 0.5646067421875001 0.6574212890625 0.565543071875 0.6514242875 0.5786516859375 0.6514242875 0.5917603 0.6559220390625 0.59831460625
0 0.713643178125 0.596441946875 0.7203898046874999 0.596441946875 0.7316341828125 0.5833333328125 0.7293853078125 0.568352059375 0.7233883062500001 0.561797753125 0.715142428125 0.565543071875 0.709895053125 0.5786516859375 0.7091454265625 0.5908239703125 0.713643178125 0.596441946875
0 0.77511244375 0.5945692890625 0.784857571875 0.5945692890625 0.7908545734375 0.5889513109375 0.7923538234375 0.57022471875 0.7878560718750001 0.561797753125 0.7788605703125 0.5608614234375 0.77211394375 0.5711610484375 0.7706146921875 0.5861423218749999 0.77511244375 0.5945692890625
0 0.8425787109374999 0.5926966296875 0.8508245875 0.5842696625 0.8470764624999999 0.561797753125 0.8373313343750001 0.5608614234375 0.8320839578125 0.57022471875 0.8290854578125 0.5842696625 0.8328335828125001 0.5917603 0.8425787109374999 0.5926966296875
0 0.8928035984375 0.5917603 0.9055472265625 0.5908239703125 0.910794603125 0.5833333328125 0.910794603125 0.57022471875 0.9040479765624999 0.558052434375 0.8958020984375 0.55992509375 0.890554721875 0.5739700375 0.8898050968750001 0.5833333328125 0.8928035984375 0.5917603
0 0.9520239875 0.589887640625 0.9640179906249999 0.58801498125 0.9685157421874999 0.5805243453125 0.9655172406249999 0.55992509375 0.9610194906249999 0.556179775 0.9535232390624999 0.5589887640625 0.9482758625000001 0.5739700375 0.9475262375 0.5833333328125 0.9520239875 0.589887640625
1 0.20389805156250002 0.5777153562499999 0.211394303125 0.5833333328125 0.2181409296875 0.5833333328125 0.2481259375 0.5739700375 0.25262368749999997 0.5571161046875 0.2473763125 0.547752809375 0.234632684375 0.544007490625 0.20839580156249998 0.5533707859375 0.201649175 0.561797753125 0.20389805156250002 0.5777153562499999
1 0 0.6024344562499999 0.0007496250000000001 0.6048689140625 0.010494753125 0.6095505625000001 0.02398800625 0.60580524375 0.0329835078125 0.5917603 0.0299850078125 0.5664794 0.0202398796875 0.556179775 0.002248875 0.5589887640625 0 0.56139646875 0 0.6024344562499999
1 0.0472263875 0.60580524375 0.059970015625 0.60580524375 0.0712143921875 0.596441946875 0.07346326875 0.5749063671875 0.0659670171875 0.5589887640625 0.0487256375 0.5552434453124999 0.037481259375 0.5664794 0.035982009375 0.5870786515625 0.0472263875 0.60580524375
1 0.07721139375 0.5833333328125 0.0809595203125 0.5973782765625 0.08545727187499999 0.6029962546875 0.1034482765625 0.6039325843750001 0.113193403125 0.5945692890625 0.11469265312500002 0.5749063671875 0.10494752656249999 0.556179775 0.086956521875 0.556179775 0.07796101875 0.57022471875 0.07721139375 0.5833333328125
1 0.1184407796875 0.5674157296875 0.1184407796875 0.5908239703125 0.12668665625 0.6029962546875 0.1334332828125 0.6067415734375 0.1424287859375 0.60580524375 0.1544227890625 0.5926966296875 0.15517241406249999 0.5730337078125001 0.1469265375 0.5571161046875 0.13118440781250001 0.554307115625 0.12143927968749998 0.5608614234375 0.1184407796875 0.5674157296875
1 0.1589205390625 0.5833333328125 0.16566716718750002 0.600187265625 0.1716641671875 0.60580524375 0.189655171875 0.6011235953125 0.198650675 0.5842696625 0.1949025484375 0.5646067421875001 0.18590704687499998 0.5552434453124999 0.1701649171875 0.554307115625 0.159670165625 0.5711610484375 0.1589205390625 0.5833333328125
1 0.3320839578125 0.572097378125 0.34107946093749997 0.5767790265625 0.3830584703125 0.575842696875 0.3913043484375 0.572097378125 0.3950524734375 0.565543071875 0.3943028484375 0.5571161046875 0.38680659687499996 0.5505617984375 0.339580209375 0.54962546875 0.3305847078125 0.5571161046875 0.3320839578125 0.572097378125
1 0.4445277359375 0.565543071875 0.4527736125 0.5749063671875 0.497751125 0.5739700375 0.5089955015625 0.5627340828125 0.5082458765625 0.554307115625 0.50149925 0.5486891390624999 0.461769115625 0.5468164796874999 0.4527736125 0.547752809375 0.4452773609375 0.5533707859375 0.4445277359375 0.565543071875
1 0.5659670171875 0.596441946875 0.57496251875 0.596441946875 0.586956521875 0.5861423218749999 0.5922038984375 0.5571161046875 0.585457271875 0.547752809375 0.562218890625 0.547752809375 0.5539730140625 0.57022471875 0.5532233890625 0.58801498125 0.5659670171875 0.596441946875
1 0.6176911546875 0.5814606734375001 0.6244377812499999 0.5945692890625 0.635682159375 0.596441946875 0.6469265375 0.5842696625 0.6529235375 0.5636704124999999 0.6484257875 0.5505617984375 0.637181409375 0.54588015 0.62518740625 0.54588015 0.615442278125 0.5571161046875 0.6176911546875 0.5814606734375001
1 0.67466266875 0.5533707859375 0.67316341875 0.565543071875 0.6791604203125 0.58801498125 0.688155921875 0.5955056187500001 0.698650675 0.5917603 0.7053973015625 0.582397003125 0.710644678125 0.5608614234375 0.7091454265625 0.55243445625 0.7023988 0.54588015 0.684407796875 0.5449438203125 0.67466266875 0.5533707859375
1 0.735382309375 0.5833333328125 0.7406296859375 0.5917603 0.7533733140625001 0.5945692890625 0.765367315625 0.5833333328125 0.7706146921875 0.5627340828125 0.7661169421875 0.547752809375 0.7533733140625001 0.5430711609375 0.7406296859375 0.544007490625 0.7323838078125 0.556179775 0.735382309375 0.5833333328125
1 0.7946026984375 0.572097378125 0.7998500749999999 0.5861423218749999 0.809595203125 0.5926966296875 0.8170914546875 0.5908239703125 0.82308845625 0.5842696625 0.8290854578125 0.554307115625 0.82233883125 0.544007490625 0.8043478265624999 0.5430711609375 0.7938530734375 0.554307115625 0.7946026984375 0.572097378125
1 0.8530734624999999 0.5533707859375 0.8538230890625 0.5711610484375 0.8613193406249999 0.589887640625 0.87256371875 0.5908239703125 0.8823088453124999 0.5833333328125 0.8875562218749999 0.5636704124999999 0.8875562218749999 0.5514981265625 0.8830584703125 0.544007490625 0.8635682156250001 0.5411985015624999 0.8590704640625001 0.5430711609375 0.8530734624999999 0.5533707859375
1 0.9130434781250001 0.55243445625 0.9130434781250001 0.5664794 0.9175412296875001 0.582397003125 0.9250374812500001 0.589887640625 0.936281859375 0.5870786515625 0.9407796109375001 0.5814606734375001 0.9460269859375 0.5636704124999999 0.9437781109375001 0.54588015 0.938530734375 0.540262171875 0.9220389812500001 0.540262171875 0.9130434781250001 0.55243445625
1 1 0.5414538640625 0.9932533734375 0.5383895125 0.9805097453125 0.5393258421875 0.9715142421875 0.5505617984375 0.9707646171875 0.5646067421875001 0.97601199375 0.5833333328125 0.9812593703125 0.5889513109375 0.9955022484375 0.5852059921875 1 0.5739700375 1 0.5414538640625