0 0.1923611109375 0 0.1923611109375 0.0026041671875 0.196527778125 0.013888889062500001 0.20625 0.01649305625 0.21458333281250003 0.00868055625 0.2173611109375 0 0.2137895828125 0 0.1923611109375 0
0 0.22638888906250001 0.0338541671875 0.23680555625 0.03038194375 0.2388888890625 0.0251736109375 0.23958333281250002 0.00868055625 0.23263888906250002 0.0026041671875 0.22916666718749998 0.0026041671875 0.222222221875 0.004340278125 0.2173611109375 0.01649305625 0.21944444375 0.0286458328125 0.22638888906250001 0.0338541671875
0 0.20069444375 0.053819443749999994 0.20972222187499998 0.0529513890625 0.2173611109375 0.0407986109375 0.2173611109375 0.0295138890625 0.20972222187499998 0.0217013890625 0.20416666718749998 0.0217013890625 0.1986111109375 0.02430555625 0.19513888906250001 0.03038194375 0.196527778125 0.04774305625 0.20069444375 0.053819443749999994
0 0.2236111109375 0.07118055625 0.23263888906250002 0.06944444375 0.23680555625 0.0625 0.2375 0.046875 0.23472222187499997 0.0416666671875 0.22916666718749998 0.0390625 0.2270833328125 0.0390625 0.2201388890625 0.043402778125 0.21597222187499998 0.0529513890625 0.21875 0.066840278125 0.2236111109375 0.07118055625
0 0.20972222187499998 0.09288194375 0.21805555625 0.07638888906249999 0.2173611109375 0.06857638906249999 0.209027778125 0.0607638890625 0.20347222187499997 0.0607638890625 0.1979166671875 0.06857638906249999 0.1986111109375 0.089409721875 0.20208333281250002 0.09375 0.20972222187499998 0.09288194375
0 0.225 0.1119791671875 0.23125 0.1111111109375 0.23402777812500003 0.1076388890625 0.23541666718749998 0.08333333281250001 0.23055555625 0.07725694375 0.22430555624999998 0.07725694375 0.21944444375 0.081597221875 0.215277778125 0.09288194375 0.215277778125 0.09982638906249999 0.225 0.1119791671875
0 0.20694444375 0.1328125 0.2166666671875 0.1302083328125 0.22430555624999998 0.1189236109375 0.222222221875 0.112847221875 0.21180555625 0.1015625 0.20833333281250002 0.1015625 0.20277777812500003 0.1041666671875 0.20069444375 0.1145833328125 0.20138888906250002 0.1276041671875 0.20694444375 0.1328125
0 0.21597222187499998 0.15798611093749998 0.2270833328125 0.15711805625 0.23263888906250002 0.15017361093749998 0.23333333281250002 0.13454861093749998 0.2270833328125 0.12934027812499999 0.22291666718749997 0.12934027812499999 0.2125 0.13715277812499999 0.20833333281250002 0.14496527812499999 0.20972222187499998 0.15277777812499999 0.21597222187499998 0.15798611093749998
0 0.215277778125 0.1901041671875 0.22569444375 0.1875 0.23125 0.1770833328125 0.2298611109375 0.16840277812499999 0.2201388890625 0.1614583328125 0.215277778125 0.1614583328125 0.20833333281250002 0.1640625 0.20416666718749998 0.17013888906250002 0.20694444375 0.18576388906250002 0.215277778125 0.1901041671875
0 0.2138888890625 0.22395833281250002 0.22430555624999998 0.222222221875 0.2298611109375 0.21354166718749998 0.2298611109375 0.19965277812499999 0.222222221875 0.19357638906250002 0.2166666671875 0.19357638906250002 0.20833333281250002 0.19704861093749998 0.20555555625 0.20399305625 0.2076388890625 0.22048611093749998 0.2138888890625 0.22395833281250002
0 0.2236111109375 0.2595486109375 0.22916666718749998 0.2526041671875 0.22916666718749998 0.23524305625 0.2208333328125 0.22743055625 0.21805555625 0.22743055625 0.2076388890625 0.23611111093749998 0.2076388890625 0.2526041671875 0.21458333281250003 0.2604166671875 0.2236111109375 0.2595486109375
0 0.2166666671875 0.3020833328125 0.225 0.2994791671875 0.22777777812500002 0.2942708328125 0.228472221875 0.27430555624999997 0.225 0.2673611109375 0.22152777812500002 0.265625 0.2173611109375 0.265625 0.21111111093749999 0.2708333328125 0.209027778125 0.28125 0.2104166671875 0.2951388890625 0.2166666671875 0.3020833328125
0 0.21597222187499998 0.34288194375000003 0.2236111109375 0.3420138890625 0.22916666718749998 0.3342013890625 0.22916666718749998 0.3142361109375 0.22430555624999998 0.3072916671875 0.2208333328125 0.3072916671875 0.2201388890625 0.3064236109375 0.21111111093749999 0.3125 0.20972222187499998 0.3203125 0.21111111093749999 0.33680555624999997 0.21597222187499998 0.34288194375000003
0 0.21597222187499998 0.3828125 0.22291666718749997 0.3828125 0.22916666718749998 0.3776041671875 0.22916666718749998 0.35503472187499996 0.222222221875 0.34722222187499996 0.2173611109375 0.34722222187499996 0.21111111093749999 0.3532986109375 0.2104166671875 0.3576388890625 0.2104166671875 0.3767361109375 0.21597222187499998 0.3828125
0 0.21458333281250003 0.4192708328125 0.2201388890625 0.42100694375 0.225 0.4192708328125 0.2298611109375 0.4114583328125 0.22916666718749998 0.3958333328125 0.22569444375 0.390625 0.2208333328125 0.3888888890625 0.2201388890625 0.3888888890625 0.21458333281250003 0.39149305624999997 0.21111111093749999 0.3984375 0.2125 0.4157986109375 0.21458333281250003 0.4192708328125
0 0.21805555625 0.4592013890625 0.22777777812500002 0.45659722187499996 0.23055555625 0.44878472187499996 0.2298611109375 0.4314236109375 0.22430555624999998 0.42621527812500004 0.2208333328125 0.42621527812500004 0.2201388890625 0.42534722187499996 0.215277778125 0.4270833328125 0.21111111093749999 0.43402777812500004 0.21180555625 0.4513888890625 0.21805555625 0.4592013890625
0 0.2166666671875 0.49913194375 0.22569444375 0.49913194375 0.23055555625 0.49305555625 0.2298611109375 0.46961805625 0.222222221875 0.4635416671875 0.2208333328125 0.4635416671875 0.21180555625 0.4713541671875 0.21180555625 0.4895833328125 0.2138888890625 0.4973958328125 0.2166666671875 0.49913194375
0 0.2166666671875 0.5390625 0.22569444375 0.5390625 0.23194444375 0.5303819437499999 0.23055555625 0.5095486109375 0.22430555624999998 0.5052083328125 0.21875 0.5052083328125 0.2138888890625 0.5086805562500001 0.21180555625 0.5147569437499999 0.21180555625 0.5286458328125 0.2166666671875 0.5390625
0 0.21597222187499998 0.574652778125 0.22638888906250001 0.5729166671875 0.23194444375 0.5677083328125 0.23055555625 0.550347221875 0.22430555624999998 0.5451388890625 0.2201388890625 0.5451388890625 0.215277778125 0.5477430562500001 0.21180555625 0.5555555562500001 0.2125 0.5711805562500001 0.21597222187499998 0.574652778125
0 0.2833333328125 0.5989583328125 0.29444444375 0.6006944437499999 0.30694444375 0.5954861109375 0.30902777812500004 0.5911458328125 0.30763888906250003 0.581597221875 0.29722222187499997 0.5763888890625 0.29328680625 0.5763888890625 0.2854166671875 0.5763888890625 0.28194444375 0.5789930562500001 0.28055555625 0.5920138890625 0.2833333328125 0.5989583328125
0 0.3229166671875 0.5998263890625 0.3395833328125 0.597222221875 0.3423611109375 0.5928819437499999 0.3416666671875 0.5807291671875 0.33680555624999997 0.5763888890625 0.32847222187499997 0.5755208328125 0.32569444375 0.5755208328125 0.31736111093749997 0.5798611109375 0.315277778125 0.5868055562500001 0.3166666671875 0.5954861109375 0.3229166671875 0.5998263890625
0 0.42569444375 0.597222221875 0.440277778125 0.598090278125 0.4486111109375 0.5928819437499999 0.44930555625 0.5789930562500001 0.44375 0.573784721875 0.440046528125 0.573784721875 0.4270833328125 0.574652778125 0.42291666718750004 0.5789930562500001 0.42152777812500003 0.5876736109375 0.42569444375 0.597222221875
0 0.5236111109375 0.6154513890625 0.53125 0.613715278125 0.5354166671875 0.605902778125 0.5375 0.5876736109375 0.534722221875 0.578125 0.5319444437499999 0.5763888890625 0.528472221875 0.5763888890625 0.51944444375 0.5807291671875 0.515972221875 0.5928819437499999 0.5173611109375 0.6102430562500001 0.5236111109375 0.6154513890625
0 0.577777778125 0.621527778125 0.5861111109375 0.6197916671875 0.5923611109375 0.6111111109375 0.590277778125 0.5954861109375 0.5840277781250001 0.5868055562500001 0.58055555625 0.5868055562500001 0.57430555625 0.5911458328125 0.5708333328124999 0.605034721875 0.5722222218749999 0.6163194437499999 0.577777778125 0.621527778125
0 0.6333333328124999 0.620659721875 0.640277778125 0.6180555562500001 0.6465277781250001 0.6085069437499999 0.64444444375 0.5954861109375 0.63819444375 0.5876736109375 0.6354166671875 0.5876736109375 0.6291666671875 0.5920138890625 0.625 0.6085069437499999 0.6256944437499999 0.6154513890625 0.6333333328124999 0.620659721875
0 0.6868055562500001 0.6163194437499999 0.6958333328124999 0.6145833328125 0.7 0.6076388890625 0.69930555625 0.5954861109375 0.69375 0.5842013890625 0.6881944437499999 0.5842013890625 0.684722221875 0.5868055562500001 0.6805555562500001 0.6024305562500001 0.68125 0.6102430562500001 0.6868055562500001 0.6163194437499999
0 0.7430555562500001 0.6171875 0.7506944437499999 0.6154513890625 0.75625 0.6076388890625 0.7548611109375 0.5911458328125 0.7493055562500001 0.5842013890625 0.7458333328125 0.5842013890625 0.7395833328125 0.589409721875 0.7361111109375 0.6032986109375 0.73680555625 0.6119791671875 0.7430555562500001 0.6171875
0 0.7986111109375 0.6163194437499999 0.80694444375 0.612847221875 0.8104166671874999 0.6032986109375 0.8083333328125001 0.589409721875 0.8027777781250001 0.5842013890625 0.8020833328125001 0.5842013890625 0.7951388890625 0.5885416671875 0.790277778125 0.6067708328125 0.79444444375 0.6145833328125 0.7986111109375 0.6163194437499999
0 0.8513888890624999 0.6145833328125 0.859722221875 0.612847221875 0.8652777781250001 0.6041666671875 0.8638888890624999 0.589409721875 0.859027778125 0.582465278125 0.8548611109375001 0.582465278125 0.84930555625 0.5876736109375 0.846527778125 0.6032986109375 0.8479166671874999 0.6119791671875 0.8513888890624999 0.6145833328125
0 0.9076388890624999 0.613715278125 0.9138888890624999 0.6119791671875 0.91875 0.605034721875 0.9166666671874999 0.5842013890625 0.9125 0.5807291671875 0.9083333328125001 0.5807291671875 0.902777778125 0.5868055562500001 0.9 0.5989583328125 0.9 0.6067708328125 0.9076388890624999 0.613715278125
0 0.9701388890624999 0.6067708328125 0.97430555625 0.5989583328125 0.971527778125 0.5868055562500001 0.9673611109375001 0.581597221875 0.965277778125 0.581597221875 0.9618055562500001 0.5833333328125 0.9611111109375001 0.589409721875 0.9625 0.6076388890625 0.9701388890624999 0.6067708328125
1 0.0173611109375 0.625 0.0236111109375 0.6302083328125 0.036805556249999996 0.628472221875 0.0423611109375 0.6241319437499999 0.047222221875 0.6154513890625 0.0451388890625 0.5911458328125 0.0375 0.582465278125 0.029166667187500002 0.5807291671875 0.0270833328125 0.5807291671875 0.015972221875 0.5876736109375 0.013888889062500001 0.6015625 0.015277778124999999 0.6189236109375 0.0173611109375 0.625
1 0.05208333281250001 0.6171875 0.0576388890625 0.6241319437499999 0.06875 0.628472221875 0.075 0.6267361109375 0.08194444375 0.6197916671875 0.08541666718749999 0.6067708328125 0.084027778125 0.5946180562500001 0.07986111093750001 0.5868055562500001 0.07430555625 0.581597221875 0.06527777812499999 0.5798611109375 0.0645833328125 0.5798611109375 0.05208333281250001 0.5868055562500001 0.05 0.5911458328125 0.04930555625 0.605034721875 0.05208333281250001 0.6171875
1 0.0951388890625 0.6241319437499999 0.109027778125 0.6276041671875 0.1166666671875 0.6241319437499999 0.12291666718750001 0.6145833328125 0.12361111093749999 0.5989583328125 0.11736111093749999 0.5850694437499999 0.10694444375 0.5798611109375 0.1020833328125 0.5798611109375 0.09305555625 0.5868055562500001 0.0888888890625 0.5954861109375 0.08819444374999999 0.605034721875 0.0951388890625 0.6241319437499999
1 0.1291666671875 0.6197916671875 0.140972221875 0.6276041671875 0.1548611109375 0.6241319437499999 0.1611111109375 0.6076388890625 0.1604166671875 0.597222221875 0.15625 0.5868055562500001 0.147222221875 0.5798611109375 0.14305555625 0.5798611109375 0.13055555624999998 0.5850694437499999 0.1263888890625 0.597222221875 0.1263888890625 0.6119791671875 0.1291666671875 0.6197916671875
1 0.17361111093749998 0.621527778125 0.178472221875 0.6232638890625 0.1833333328125 0.6223958328125 0.196527778125 0.612847221875 0.20208333281250002 0.6067708328125 0.20347222187499997 0.6006944437499999 0.20347222187499997 0.590277778125 0.1979166671875 0.581597221875 0.1826388890625 0.578125 0.17916666718750002 0.578125 0.172222221875 0.5807291671875 0.16388888906250001 0.5954861109375 0.165277778125 0.6085069437499999 0.17361111093749998 0.621527778125
1 0.22152777812500002 0.5998263890625 0.2375 0.6015625 0.25486111093749997 0.6006944437499999 0.26180555625 0.597222221875 0.2673611109375 0.5989583328125 0.27569444375 0.5911458328125 0.275 0.5833333328125 0.271527778125 0.5789930562500001 0.23611111093749998 0.5755208328125 0.2298611109375 0.5755208328125 0.2201388890625 0.5798611109375 0.2173611109375 0.5842013890625 0.2173611109375 0.59375 0.22152777812500002 0.5998263890625
1 0.34861111093749997 0.598090278125 0.352777778125 0.5998263890625 0.39444444375 0.5989583328125 0.40138888906250003 0.5963541671875 0.40555555625000006 0.590277778125 0.40555555625000006 0.582465278125 0.4 0.5763888890625 0.39097222187499997 0.574652778125 0.3872020828125 0.574652778125 0.35 0.5763888890625 0.3451388890625 0.5833333328125 0.3451388890625 0.5911458328125 0.34861111093749997 0.598090278125
1 0.45555555625000005 0.5963541671875 0.5013888890625 0.5989583328125 0.50555555625 0.5963541671875 0.5104166671875 0.5876736109375 0.5097222218749999 0.5798611109375 0.503472221875 0.574652778125 0.4673611109375 0.573784721875 0.46666666718750005 0.5729166671875 0.45625 0.574652778125 0.45277777812500003 0.5789930562500001 0.45208333281249996 0.5876736109375 0.45555555625000005 0.5963541671875
1 0.54444444375 0.620659721875 0.5513888890625 0.621527778125 0.5604166671875 0.6180555562500001 0.56805555625 0.605902778125 0.5708333328124999 0.5833333328125 0.56805555625 0.578125 0.5604166671875 0.5729166671875 0.55625 0.5729166671875 0.54375 0.5755208328125 0.5395833328124999 0.5842013890625 0.5381944437499999 0.6111111109375 0.54444444375 0.620659721875
1 0.60555555625 0.6189236109375 0.61319444375 0.6171875 0.6201388890625 0.6102430562500001 0.6263888890625 0.5885416671875 0.6256944437499999 0.5807291671875 0.622222221875 0.5755208328125 0.6083333328125 0.5711805562500001 0.6034722218749999 0.5711805562500001 0.5944444437499999 0.5772569437499999 0.5916666671875 0.5876736109375 0.5979166671875 0.6145833328125 0.60555555625 0.6189236109375
1 0.6458333328125 0.5928819437499999 0.6493055562500001 0.6067708328125 0.65625 0.6171875 0.6604166671875 0.6189236109375 0.6708333328125 0.6145833328125 0.6777777781250001 0.5998263890625 0.678472221875 0.5789930562500001 0.66944444375 0.5711805562500001 0.6659722218749999 0.5711805562500001 0.653472221875 0.5720486109375 0.6479166671875001 0.5772569437499999 0.6458333328125 0.5833333328125 0.6458333328125 0.5928819437499999
1 0.70625 0.6119791671875 0.7118055562500001 0.6163194437499999 0.7263888890625 0.612847221875 0.7298611109375 0.6085069437499999 0.734722221875 0.5920138890625 0.7354166671875 0.5807291671875 0.7333333328125 0.5755208328125 0.7263888890625 0.5703125 0.7180555562500001 0.5694444437499999 0.7125 0.5694444437499999 0.70694444375 0.5711805562500001 0.7013888890625 0.582465278125 0.7041666671875 0.6067708328125 0.70625 0.6119791671875
1 0.76875 0.6154513890625 0.7805555562500001 0.6119791671875 0.784722221875 0.6067708328125 0.7888888890625 0.5920138890625 0.7888888890625 0.5755208328125 0.778472221875 0.5685763890625 0.7743055562500001 0.5685763890625 0.7645833328125 0.5703125 0.7576388890625 0.582465278125 0.7611111109375 0.6067708328125 0.76875 0.6154513890625
1 0.8222222218749999 0.613715278125 0.8291666671875 0.613715278125 0.8368055562500001 0.609375 0.840972221875 0.6015625 0.8444444437499999 0.5850694437499999 0.84375 0.5763888890625 0.840277778125 0.5703125 0.8354166671875 0.5677083328125 0.83194444375 0.5677083328125 0.8194444437499999 0.5685763890625 0.8118055562500001 0.5798611109375 0.815277778125 0.605034721875 0.8222222218749999 0.613715278125
1 0.8743055562500001 0.609375 0.8791666671874999 0.612847221875 0.88819444375 0.6111111109375 0.8923611109375 0.605902778125 0.897222221875 0.590277778125 0.8965277781250001 0.5720486109375 0.8888888890625 0.565972221875 0.8847222218749999 0.565972221875 0.875 0.5677083328125 0.8673611109375001 0.5798611109375 0.8708333328125001 0.6024305562500001 0.8743055562500001 0.609375
1 0.93125 0.6111111109375 0.9451388890624999 0.6076388890625 0.95069444375 0.5946180562500001 0.9520833328125 0.5763888890625 0.95069444375 0.5711805562500001 0.94375 0.5651041671875 0.9393520828125 0.5651041671875 0.928472221875 0.565972221875 0.9208333328125 0.5798611109375 0.925 0.6041666671875 0.93125 0.6111111109375
1 0.9854166671875 0.6102430562500001 0.9993055562500001 0.6067708328125 0.9993055562500001 0.5651041671875 0.9951388890624999 0.5633680562500001 0.9916666671875 0.5633680562500001 0.98125 0.565972221875 0.9756944437499999 0.5789930562500001 0.9784722218749999 0.5954861109375 0.9854166671875 0.6102430562500001