1 0 0.684845559375 0.006944443749999999 0.68050193125 0.013888889062500001 0.6679536671874999 0.0115740734375 0.64382239375 0.006172839062499999 0.635135134375 0 0.63170313125 0 0.684845559375
1 0.038580246875 0.6303088796874999 0.0324074078125 0.6303088796874999 0.020061728125 0.6361003859375 0.016203703125 0.640926640625 0.016203703125 0.6708494203125 0.020061728125 0.68050193125 0.027777778125000003 0.6853281859375 0.045524690625 0.6824324328125 0.0540123453125 0.66891891875 0.053240740625000005 0.6457528953125 0.0470679015625 0.635135134375 0.038580246875 0.6303088796874999
1 0.0964506171875 0.6602316609375001 0.093364196875 0.6418918921875 0.0856481484375 0.6322393828124999 0.08101851875 0.6303088796874999 0.07690355 0.6303088796874999 0.0686728390625 0.6303088796874999 0.061728395312499997 0.6361003859375 0.057870370312499995 0.64382239375 0.057098765625000006 0.659266409375 0.059413579687499996 0.66891891875 0.067901234375 0.68050193125 0.07716049375 0.6833976828125 0.0910493828125 0.6766409265625 0.09567901250000001 0.6679536671874999 0.0964506171875 0.6602316609375001
1 0.1280864203125 0.63127413125 0.12191357968750001 0.6293436296875 0.11651234531250002 0.6293436296875 0.1072530859375 0.6332046328125001 0.1033950625 0.6380308875 0.10030864218749999 0.6496139000000001 0.1033950625 0.6727799234375 0.108024690625 0.6795366796875 0.1149691359375 0.6824324328125 0.13271605 0.677606178125 0.13888888906250002 0.6611969109375 0.1350308640625 0.6389961390625001 0.1280864203125 0.63127413125
1 0.1697530859375 0.63127413125 0.1643518515625 0.6293436296875 0.16010802500000001 0.6293436296875 0.14737654375 0.635135134375 0.141975309375 0.65057915 0.14351851875 0.66891891875 0.14737654375 0.6766409265625 0.1550925921875 0.6824324328125 0.16898148125 0.68146718125 0.17438271562500002 0.677606178125 0.17978395 0.6679536671874999 0.178240740625 0.64382239375 0.1697530859375 0.63127413125
1 0.22453703749999998 0.63127413125 0.2168209875 0.6274131281249999 0.212384259375 0.6274131281249999 0.19521605 0.6283783781250001 0.18672839531250002 0.6370656375 0.18364197499999999 0.6457528953125 0.18364197499999999 0.6554054046875 0.1898148140625 0.6698841703125 0.2052469140625 0.674710425 0.22453703749999998 0.659266409375 0.229938271875 0.6496139000000001 0.229938271875 0.639961390625 0.22453703749999998 0.63127413125
1 0.3171296296875 0.6418918921875 0.316358025 0.6332046328125001 0.31172839531249996 0.6274131281249999 0.2862654328125 0.625482625 0.2817901234375 0.625482625 0.2638888890625 0.625482625 0.255401234375 0.6293436296875 0.2530864203125 0.634169884375 0.2600308640625 0.6380308875 0.25694444375000003 0.646718146875 0.259259259375 0.65057915 0.26466049375 0.6476833984375 0.26851851875 0.6515444015625 0.307098765625 0.6515444015625 0.3171296296875 0.6418918921875
1 0.45679012343750003 0.6264478765625 0.4328703703125 0.6235521234375 0.42862654375 0.6235521234375 0.4074074078125 0.6235521234375 0.39737654375 0.6264478765625 0.3942901234375 0.6361003859375 0.3958333328125 0.6457528953125 0.4012345671875 0.65057915 0.4421296296875 0.65057915 0.4552469140625 0.6476833984375 0.4606481484375 0.6418918921875 0.46141975312500005 0.6332046328125001 0.45679012343750003 0.6264478765625
1 0.566358025 0.6235521234375 0.5540123453125 0.6216216218749999 0.5501543203125 0.6216216218749999 0.51851851875 0.6235521234375 0.5138888890625 0.6293436296875 0.5138888890625 0.6418918921875 0.5192901234375 0.6486486484375 0.545524690625 0.6496139000000001 0.5540123453125 0.653474903125 0.5694444437499999 0.65057915 0.5740740734374999 0.639961390625 0.5725308640625 0.6283783781250001 0.566358025 0.6235521234375
1 0.6373456796875 0.6293436296875 0.6311728390625 0.6235521234375 0.6226851859375 0.6216216218749999 0.6180555562500001 0.6216216218749999 0.6072530859375 0.624517375 0.60262345625 0.635135134375 0.60262345625 0.6602316609375001 0.6057098765625 0.6698841703125 0.611882715625 0.675675675 0.621141975 0.674710425 0.628858025 0.6698841703125 0.634259259375 0.6621621625 0.638117284375 0.6486486484375 0.6373456796875 0.6293436296875
1 0.6820987656249999 0.6196911203125001 0.67669753125 0.6196911203125001 0.667438271875 0.6235521234375 0.663580246875 0.6283783781250001 0.6620370375 0.64382239375 0.6666666671875 0.6621621625 0.6774691359375 0.6727799234375 0.6890432093750001 0.66891891875 0.69521605 0.6602316609375001 0.700617284375 0.635135134375 0.6959876546875 0.625482625 0.6820987656249999 0.6196911203125001
1 0.7476851859375 0.6196911203125001 0.743634259375 0.6196911203125001 0.7283950625 0.6216216218749999 0.722222221875 0.6332046328125001 0.7268518515625 0.6621621625 0.7345679015625 0.6708494203125 0.74228395 0.6708494203125 0.7515432093750001 0.6621621625 0.7584876546875 0.646718146875 0.7600308640625 0.63127413125 0.7546296296875 0.6225868718750001 0.7476851859375 0.6196911203125001
1 0.8063271609375 0.6177606171875001 0.80169753125 0.6177606171875001 0.788580246875 0.6206563703125 0.7824074078125001 0.634169884375 0.7878086421875 0.6611969109375 0.7970679015625 0.6698841703125 0.8117283953125 0.666023165625 0.8155864203125001 0.6611969109375 0.82021605 0.6447876453125 0.8209876546875 0.6283783781250001 0.8132716046875 0.6196911203125001 0.8063271609375 0.6177606171875001
1 0.8773148140625 0.6196911203125001 0.8688271609375 0.6167953671874999 0.8638117281250001 0.6167953671874999 0.8518518515625001 0.6196911203125001 0.8464506171874999 0.6332046328125001 0.8503086421875 0.659266409375 0.8549382718749999 0.666023165625 0.8595679015625001 0.6679536671874999 0.8703703703125001 0.665057915625 0.8765432093750001 0.659266409375 0.8819444437499999 0.6380308875 0.8811728390625 0.624517375 0.8773148140625 0.6196911203125001
1 0.9351851859375 0.6167953671874999 0.9251543203124999 0.614864865625 0.9197530859375 0.614864865625 0.9104938265625 0.6196911203125001 0.9058641968750001 0.6293436296875 0.909722221875 0.65637065625 0.9197530859375 0.6679536671874999 0.9290123453125 0.666023165625 0.9367283953125 0.6583011578125 0.9421296296874999 0.6361003859375 0.9421296296874999 0.6274131281249999 0.9390432093750001 0.6206563703125 0.9351851859375 0.6167953671874999
1 1 0.6196911203125001 0.9930555562500001 0.6138996140625 0.9886828703124999 0.6138996140625 0.9745370375 0.6167953671874999 0.9683641968750001 0.6283783781250001 0.9714506171874999 0.653474903125 0.9745370375 0.6611969109375 0.9791666671874999 0.665057915625 0.9845679015625001 0.666023165625 0.99228395 0.6621621625 0.9984567906249999 0.6515444015625 1 0.6418918921875 1 0.6196911203125001
0 0.24133428281249997 0 0.23919753125 0.008687259375 0.24151234531250002 0.01930501875 0.2492283953125 0.025096524999999998 0.25771605000000003 0.0231660234375 0.2638888890625 0.0106177609375 0.2633230453125 0 0.24133428281249997 0
0 0.22839506250000002 0.0106177609375 0.2199074078125 0.012548262499999999 0.2145061734375 0.021235521875 0.2160493828125 0.038610039062500004 0.222222221875 0.047297296875 0.22762345625 0.047297296875 0.23456790156250001 0.0424710421875 0.240740740625 0.0260617765625 0.23765432031249997 0.01833976875 0.22916666718749998 0.0106177609375 0.22839506250000002 0.0106177609375
0 0.240740740625 0.0376447875 0.23765432031249997 0.05308880312499999 0.24228394999999997 0.0637065640625 0.25077160468750004 0.0675675671875 0.2600308640625 0.059845559375 0.2615740734375 0.046332046875 0.2600308640625 0.0357142859375 0.25154320937499997 0.030888031249999996 0.25 0.030888031249999996 0.240740740625 0.0376447875
0 0.219135803125 0.059845559375 0.2175925921875 0.0675675671875 0.218364196875 0.0859073359375 0.22453703749999998 0.0926640921875 0.23456790156250001 0.0859073359375 0.240740740625 0.06853281875 0.23611111093749998 0.059845559375 0.22916666718749998 0.0540540546875 0.22685185156249998 0.0540540546875 0.219135803125 0.059845559375
0 0.246141975 0.0733590734375 0.23996913593750002 0.08108108124999999 0.23611111093749998 0.0984555984375 0.24228394999999997 0.10810810781249999 0.2492283953125 0.1119691125 0.253858025 0.1110038609375 0.25771605000000003 0.10521235468750001 0.259259259375 0.08108108124999999 0.25771605000000003 0.0762548265625 0.2530864203125 0.0733590734375 0.246141975 0.0733590734375
0 0.222222221875 0.10810810781249999 0.2214506171875 0.1293436296875 0.22916666718749998 0.1361003859375 0.24228394999999997 0.1303088796875 0.2469135796875 0.12258687187499999 0.2469135796875 0.11679536718750001 0.2438271609375 0.1119691125 0.23148148124999998 0.1013513515625 0.22762345625 0.1013513515625 0.222222221875 0.10810810781249999
0 0.2469135796875 0.1322393828125 0.23148148124999998 0.1428571421875 0.22839506250000002 0.1515444015625 0.23379629687499998 0.1631274125 0.246141975 0.165057915625 0.253858025 0.16023166093750002 0.25694444375000003 0.1515444015625 0.25694444375000003 0.1380308875 0.253858025 0.134169884375 0.2476851859375 0.1332046328125 0.2469135796875 0.1322393828125
0 0.22762345625 0.17277992343749998 0.22453703749999998 0.1862934359375 0.229938271875 0.1988416984375 0.2384259265625 0.20077219999999998 0.25 0.1959459453125 0.2546296296875 0.1862934359375 0.2523148140625 0.174710425 0.24151234531250002 0.16891891875 0.23765432031249997 0.16891891875 0.22762345625 0.17277992343749998
0 0.2322530859375 0.20656370625 0.22685185156249998 0.2142857140625 0.22762345625 0.23069498125000001 0.23688271562500002 0.2393822390625 0.2469135796875 0.2364864859375 0.2523148140625 0.228764478125 0.253858025 0.21235521249999997 0.2453703703125 0.2046332046875 0.24112654375 0.2046332046875 0.2322530859375 0.20656370625
0 0.24151234531250002 0.24324324375 0.23456790156250001 0.24517374531249997 0.22839506250000002 0.25482625468750003 0.229938271875 0.272200771875 0.23688271562500002 0.2799227796875 0.2469135796875 0.2789575296875 0.2523148140625 0.26833976875 0.2523148140625 0.2509652515625 0.248456790625 0.24517374531249997 0.24305555625 0.24324324375 0.24151234531250002 0.24324324375
0 0.24151234531250002 0.28571428593750003 0.23379629687499998 0.28957528906249996 0.23070987656250003 0.29633204687500003 0.23070987656250003 0.3166023171875 0.23765432031249997 0.3262548265625 0.246141975 0.32432432499999997 0.25077160468750004 0.3166023171875 0.25154320937499997 0.29440154375 0.248456790625 0.2886100390625 0.24305555625 0.28571428593750003 0.24151234531250002 0.28571428593750003
0 0.23302469062500003 0.3378378375 0.23070987656250003 0.3484555984375 0.2322530859375 0.364864865625 0.2384259265625 0.37162162187500003 0.2476851859375 0.3706563703125 0.2523148140625 0.3629343625 0.2523148140625 0.3416988421875 0.244598765625 0.33204633281249996 0.23996913593750002 0.33204633281249996 0.23302469062500003 0.3378378375
0 0.23070987656250003 0.40347490312499995 0.2384259265625 0.4169884171875 0.2476851859375 0.41602316562499997 0.2530864203125 0.4044401546875 0.2523148140625 0.384169884375 0.2453703703125 0.3764478765625 0.23996913593750002 0.3764478765625 0.23148148124999998 0.38610038593749996 0.23070987656250003 0.40347490312499995
0 0.23302469062500003 0.44980695 0.2384259265625 0.4575289578125 0.2476851859375 0.45656370625 0.2523148140625 0.4507722 0.2530864203125 0.4324324328125 0.246141975 0.4237451734375 0.240740740625 0.4237451734375 0.2322530859375 0.43050193124999997 0.23302469062500003 0.44980695
0 0.2322530859375 0.491312740625 0.23996913593750002 0.5019305015625 0.2476851859375 0.5009652515624999 0.253858025 0.49324324375 0.253858025 0.4729729734375 0.2469135796875 0.46332046406250005 0.23996913593750002 0.46332046406250005 0.2322530859375 0.472007721875 0.2322530859375 0.491312740625
0 0.23302469062500003 0.5144787640625 0.2322530859375 0.525096525 0.23456790156250001 0.5395752890625001 0.24151234531250002 0.546332046875 0.25 0.54440154375 0.2546296296875 0.533783784375 0.253858025 0.515444015625 0.2469135796875 0.5067567562499999 0.240740740625 0.5067567562499999 0.23302469062500003 0.5144787640625
0 0.23379629687499998 0.559845559375 0.23302469062500003 0.5762548265625 0.23611111093749998 0.5878378375 0.24228394999999997 0.5916988421875 0.2492283953125 0.590733590625 0.255401234375 0.58108108125 0.2546296296875 0.559845559375 0.2476851859375 0.5521235515625 0.24151234531250002 0.5521235515625 0.23379629687499998 0.559845559375
0 0.23765432031249997 0.5984555984375 0.23302469062500003 0.610038609375 0.23379629687499998 0.624517375 0.24151234531250002 0.63127413125 0.25154320937499997 0.6264478765625 0.2561728390625 0.6177606171875001 0.2546296296875 0.603281853125 0.248456790625 0.597490346875 0.2438271609375 0.597490346875 0.23765432031249997 0.5984555984375
0 0.328703703125 0.625482625 0.32330246875 0.63127413125 0.3225308640625 0.6428571421875 0.328703703125 0.6515444015625 0.34413580312500003 0.6515444015625 0.3541666671875 0.6428571421875 0.3533950625 0.6322393828124999 0.3425925921875 0.625482625 0.3379629625 0.625482625 0.328703703125 0.625482625
0 0.3626543203125 0.6293436296875 0.3626543203125 0.646718146875 0.36728394999999997 0.65057915 0.3811728390625 0.6515444015625 0.3904320984375 0.6447876453125 0.391203703125 0.634169884375 0.3888888890625 0.6274131281249999 0.378858025 0.624517375 0.3726851859375 0.624517375 0.3626543203125 0.6293436296875
0 0.497428240625 0.6225868718750001 0.48533950625 0.6235521234375 0.48070987656249997 0.6283783781250001 0.4791666671875 0.6380308875 0.4822530859375 0.646718146875 0.5061728390625 0.646718146875 0.509259259375 0.6418918921875 0.5100308640625 0.6303088796874999 0.5069444437499999 0.624517375 0.5015432093750001 0.6225868718750001 0.497428240625 0.6225868718750001
0 0.5802469140625 0.6361003859375 0.5763888890625 0.6496139000000001 0.57716049375 0.6621621625 0.5841049375 0.6708494203125 0.594135803125 0.66891891875 0.5995370375 0.6573359078125 0.5987654328125 0.6361003859375 0.5910493828125001 0.6283783781250001 0.5871913578125 0.6283783781250001 0.5802469140625 0.6361003859375
0 0.6427469140625 0.6418918921875 0.6388888890625 0.6573359078125 0.63966049375 0.6679536671874999 0.6442901234375 0.674710425 0.6550925921874999 0.6737451734375 0.6620370375 0.6640926640625 0.6604938265625 0.646718146875 0.6520061734375 0.6370656375 0.6496913578125 0.6370656375 0.6427469140625 0.6418918921875
0 0.703703703125 0.6418918921875 0.6990740734374999 0.6554054046875 0.6998456796875 0.6679536671874999 0.7052469140625 0.6737451734375 0.7137345671875 0.6737451734375 0.722222221875 0.6631274125 0.719135803125 0.64382239375 0.711419753125 0.6380308875 0.7106481484375 0.6380308875 0.703703703125 0.6418918921875
0 0.7716049375 0.635135134375 0.7654320984375 0.6389961390625001 0.7600308640625 0.6554054046875 0.7615740734374999 0.6679536671874999 0.766975309375 0.671814671875 0.7770061734375 0.6698841703125 0.7824074078125001 0.6611969109375 0.781635803125 0.646718146875 0.777777778125 0.6380308875 0.7731481484375 0.635135134375 0.7716049375 0.635135134375
0 0.8325617281250001 0.634169884375 0.8279320984374999 0.6370656375 0.8225308640625 0.652509653125 0.82330246875 0.6640926640625 0.828703703125 0.6698841703125 0.8379629625 0.66891891875 0.8441358031249999 0.6602316609375001 0.8441358031249999 0.6457528953125 0.8410493828125001 0.6370656375 0.8371913578125 0.634169884375 0.8325617281250001 0.634169884375
0 0.888117284375 0.6380308875 0.88271605 0.6544401546875 0.8834876546875 0.665057915625 0.8888888890625 0.6698841703125 0.8996913578125 0.6669884171875 0.9043209875 0.659266409375 0.902777778125 0.6428571421875 0.8966049375 0.634169884375 0.8927469140625 0.634169884375 0.888117284375 0.6380308875
0 0.9475308640625 0.6389961390625001 0.94521605 0.653474903125 0.9459876546875 0.6621621625 0.9529320984374999 0.6679536671874999 0.9614197531249999 0.665057915625 0.965277778125 0.6583011578125 0.965277778125 0.6447876453125 0.9591049375 0.6322393828124999 0.9529320984374999 0.6322393828124999 0.9475308640625 0.6389961390625001