1 0.012318840624999999 0.5806159421875 0.0079710140625 0.586956521875 0.007246376562499999 0.61141304375 0.013043478124999999 0.6259057968749999 0.0304347828125 0.6286231890625 0.0413043484375 0.6195652171875 0.0442028984375 0.61141304375 0.0442028984375 0.596920290625 0.037681159375 0.5815217390625 0.029710145312500002 0.576992753125 0.0210144921875 0.576992753125 0.012318840624999999 0.5806159421875
1 0 0.6231884062499999 0.0050724640625 0.6132246375 0.0036231890624999997 0.588768115625 0 0.584935896875 0 0.6231884062499999
1 0.047826087499999996 0.6086956515625 0.0565217390625 0.6240942031250001 0.0695652171875 0.6268115937500001 0.0789855078125 0.6204710140625 0.08333333281250001 0.61141304375 0.08333333281250001 0.5951086953125 0.07536231875 0.5797101453125 0.05869565156249999 0.576992753125 0.047826087499999996 0.590579709375 0.047826087499999996 0.6086956515625
1 0.089130434375 0.586956521875 0.088405796875 0.61141304375 0.0942028984375 0.622282609375 0.1072463765625 0.6259057968749999 0.1202898546875 0.6186594203125 0.12391304375000001 0.6050724640625 0.12318840625000001 0.5932971015625 0.1166666671875 0.5806159421875 0.1072463765625 0.57608695625 0.09710145 0.576992753125 0.089130434375 0.586956521875
1 0.12681159375 0.6068840578125 0.1326086953125 0.6204710140625 0.139130434375 0.625 0.1507246375 0.625 0.160144928125 0.6159420296875 0.161594203125 0.5951086953125 0.15289855000000002 0.5788043484375 0.139130434375 0.57608695625 0.12753623125 0.5914855078125 0.12681159375 0.6068840578125
1 0.16739130468750002 0.585144928125 0.1659420296875 0.6050724640625 0.1717391296875 0.6150362312500001 0.1789855078125 0.6186594203125 0.18768115937500002 0.6177536234375001 0.20289855 0.6059782609375 0.209420290625 0.5960144921875 0.20869565156249997 0.5842391296875 0.2 0.575181159375 0.17608695624999998 0.575181159375 0.16739130468750002 0.585144928125
1 0.3492753625 0.5896739125 0.3565217390625 0.596920290625 0.3992753625 0.5960144921875 0.4079710140625 0.5914855078125 0.410869565625 0.586050725 0.4079710140625 0.5742753625 0.39782608750000004 0.5706521734375001 0.35724637656249997 0.5715579703125 0.3492753625 0.57789855 0.3492753625 0.5896739125
1 0.46086956562500003 0.586956521875 0.46666666718750005 0.5951086953125 0.5079710140625 0.5960144921875 0.5173913046874999 0.590579709375 0.5202898546875 0.5806159421875 0.5181159421875 0.5742753625 0.510869565625 0.5697463765624999 0.47608695624999997 0.5688405796875 0.463043478125 0.5724637687499999 0.46086956562500003 0.586956521875
1 0.5478260875000001 0.60960145 0.5507246375 0.6177536234375001 0.5666666671875 0.6186594203125 0.57681159375 0.60960145 0.5833333328125 0.585144928125 0.5811594203125 0.575181159375 0.5775362312500001 0.5715579703125 0.5572463765625 0.5697463765624999 0.5492753625 0.5842391296875 0.5478260875000001 0.60960145
1 0.6065217390625001 0.6041666671875 0.615217390625 0.6168478265624999 0.6246376812500001 0.6168478265624999 0.636956521875 0.6041666671875 0.6413043484375 0.5797101453125 0.636231884375 0.5715579703125 0.6159420296875 0.5670289859375 0.6079710140625 0.5697463765624999 0.60289855 0.57789855 0.6065217390625001 0.6041666671875
1 0.663043478125 0.590579709375 0.6688405796875 0.60960145 0.67536231875 0.6159420296875 0.690579709375 0.61141304375 0.6949275359375 0.6032608703125 0.6963768109374999 0.575181159375 0.6898550718750001 0.5679347828125 0.6724637687499999 0.5670289859375 0.663768115625 0.57608695625 0.663043478125 0.590579709375
1 0.72246376875 0.600543478125 0.72753623125 0.612318840625 0.738405796875 0.6150362312500001 0.7514492749999999 0.6041666671875 0.7565217390625001 0.5788043484375 0.7507246375000001 0.5679347828125 0.7304347828125 0.565217390625 0.72536231875 0.5679347828125 0.7210144921875 0.57608695625 0.72246376875 0.600543478125
1 0.7804347828125 0.5932971015625 0.786231884375 0.6086956515625 0.7956521734375 0.6132246375 0.8079710140625 0.6050724640625 0.8137681156250001 0.5806159421875 0.8123188406249999 0.5724637687499999 0.8021739125 0.5643115937500001 0.790579709375 0.5643115937500001 0.7818840578125 0.5715579703125 0.7804347828125 0.5932971015625
1 0.8369565218749999 0.586956521875 0.8434782609375 0.6086956515625 0.8543478265625 0.61141304375 0.863043478125 0.6059782609375 0.8702898546875 0.5815217390625 0.8673913046875 0.5670289859375 0.861594203125 0.5634057968749999 0.84710145 0.5634057968749999 0.8391304343750001 0.5697463765624999 0.8369565218749999 0.586956521875
1 0.8942028984375 0.5842391296875 0.8992753625000001 0.6041666671875 0.9072463765625001 0.610507246875 0.9166666671874999 0.6077898546875 0.92608695625 0.5833333328125 0.9231884062500001 0.5670289859375 0.9166666671874999 0.5615942031250001 0.9057971015625 0.5615942031250001 0.8956521734375 0.5715579703125 0.8942028984375 0.5842391296875
1 0.9507246374999999 0.585144928125 0.9565217390624999 0.6050724640625 0.961594203125 0.6086956515625 0.97318840625 0.6059782609375 0.9826086953125 0.5842391296875 0.9797101453125 0.565217390625 0.97246376875 0.5606884062499999 0.960144928125 0.5606884062499999 0.9521739124999999 0.5697463765624999 0.9507246374999999 0.585144928125
0 0.1942028984375 0 0.1942028984375 0.0081521734375 0.2 0.0172101453125 0.20797101406250001 0.016304348437499998 0.214492753125 0.009963768750000001 0.21677018593750003 0 0.1942028984375 0
0 0.2166666671875 0.023550725 0.2195652171875 0.0317028984375 0.22463768125 0.03713768125 0.2340579703125 0.0353260875 0.23840579687500002 0.026268115624999998 0.23840579687500002 0.0090579703125 0.2340579703125 0.0036231890624999997 0.22681159375 0.002717390625 0.2173913046875 0.012681159375 0.2166666671875 0.023550725
0 0.209420290625 0.057971014062500006 0.2181159421875 0.0452898546875 0.2173913046875 0.0317028984375 0.20869565156249997 0.023550725 0.19710144999999998 0.0298913046875 0.1992753625 0.055253623437499996 0.20289855 0.0588768109375 0.209420290625 0.057971014062500006
0 0.22391304375 0.0788043484375 0.23043478281250002 0.07971014531250001 0.234782609375 0.07608695625 0.236956521875 0.049818840625 0.2340579703125 0.0452898546875 0.22318840624999997 0.0452898546875 0.2166666671875 0.057065217187499996 0.2181159421875 0.0706521734375 0.22391304375 0.0788043484375
0 0.20289855 0.0960144921875 0.210869565625 0.0960144921875 0.2210144921875 0.086050725 0.2210144921875 0.07789855 0.213043478125 0.0661231890625 0.2043478265625 0.06521739062500001 0.1992753625 0.0715579703125 0.2 0.090579709375 0.20289855 0.0960144921875
0 0.22681159375 0.12228260937499999 0.23333333281250002 0.1159420296875 0.234782609375 0.096920290625 0.2326086953125 0.0932971015625 0.22391304375 0.0914855078125 0.210869565625 0.102355071875 0.20869565156249997 0.10778985468749999 0.211594203125 0.11865942031250001 0.22681159375 0.12228260937499999
0 0.209420290625 0.15307970937499998 0.22391304375 0.1521739125 0.23043478281250002 0.14492753593750002 0.23115942031249997 0.13586956562500002 0.22536231875 0.127717390625 0.210144928125 0.125905796875 0.2043478265625 0.1313405796875 0.2043478265625 0.1440217390625 0.209420290625 0.15307970937499998
0 0.210869565625 0.186594203125 0.22318840624999997 0.186594203125 0.23043478281250002 0.17934782656249998 0.23115942031249997 0.163949275 0.22536231875 0.1585144921875 0.210144928125 0.15942029062500002 0.2050724640625 0.1657608703125 0.20579710156250003 0.1802536234375 0.210869565625 0.186594203125
0 0.20869565156249997 0.2210144921875 0.2181159421875 0.22373188437499997 0.22826087031250003 0.2173913046875 0.23043478281250002 0.20108695625 0.22681159375 0.1938405796875 0.2188405796875 0.1911231890625 0.20724637656249997 0.1965579703125 0.20579710156250003 0.20833333281250002 0.20869565156249997 0.2210144921875
0 0.20797101406250001 0.25 0.210869565625 0.260869565625 0.214492753125 0.264492753125 0.22463768125 0.26358695625 0.2289855078125 0.2536231890625 0.2289855078125 0.2336956515625 0.22318840624999997 0.22916666718749998 0.213043478125 0.23007246406249998 0.209420290625 0.2336956515625 0.20797101406250001 0.25
0 0.22536231875 0.301630434375 0.22971014531249997 0.288043478125 0.22681159375 0.27536231875 0.2173913046875 0.27173912968749997 0.210144928125 0.278079709375 0.210144928125 0.29891304375 0.2159420296875 0.3034420296875 0.22536231875 0.301630434375
0 0.2188405796875 0.3451086953125 0.22463768125 0.34329710156250004 0.22971014531249997 0.33514492812499996 0.2289855078125 0.31431159375 0.22536231875 0.309782609375 0.2188405796875 0.3088768109375 0.210144928125 0.3161231890625 0.211594203125 0.340579709375 0.2188405796875 0.3451086953125
0 0.22536231875 0.38496376875 0.23043478281250002 0.37590579687500003 0.22971014531249997 0.3559782609375 0.22318840624999997 0.34963768125 0.210869565625 0.3550724640625 0.210869565625 0.3786231890625 0.2159420296875 0.385869565625 0.22536231875 0.38496376875
0 0.2202898546875 0.4293478265625 0.2289855078125 0.4257246375 0.23115942031249997 0.4175724640625 0.22971014531249997 0.39673912968749997 0.22463768125 0.3922101453125 0.2188405796875 0.3922101453125 0.210869565625 0.40036231874999995 0.211594203125 0.42391304375 0.2202898546875 0.4293478265625
0 0.212318840625 0.4646739125 0.2166666671875 0.47010869531250005 0.22753623125 0.46829710156250004 0.23115942031249997 0.46376811562500003 0.23043478281250002 0.44112318906250003 0.2210144921875 0.434782609375 0.21376811562500003 0.43931159375 0.210144928125 0.4447463765625 0.212318840625 0.4646739125
0 0.213043478125 0.5072463765624999 0.22318840624999997 0.510869565625 0.2289855078125 0.5081521734375001 0.2326086953125 0.4945652171875 0.22971014531249997 0.4800724640625 0.2195652171875 0.475543478125 0.212318840625 0.4818840578125 0.210869565625 0.49637681093749997 0.213043478125 0.5072463765624999
0 0.21376811562500003 0.5461956515625 0.2181159421875 0.549818840625 0.22826087031250003 0.548007246875 0.2326086953125 0.539855071875 0.23043478281250002 0.5208333328125 0.2202898546875 0.5163043484375 0.213043478125 0.5217391296875 0.211594203125 0.538043478125 0.21376811562500003 0.5461956515625
0 0.2159420296875 0.5833333328125 0.2202898546875 0.58786231875 0.2289855078125 0.585144928125 0.234782609375 0.5724637687499999 0.2326086953125 0.559782609375 0.22536231875 0.5543478265624999 0.212318840625 0.559782609375 0.211594203125 0.5697463765624999 0.2159420296875 0.5833333328125
0 0.32173912968749996 0.596920290625 0.33623188437499996 0.596920290625 0.3456521734375 0.58786231875 0.34492753593750003 0.57789855 0.340579709375 0.573369565625 0.32173912968749996 0.5724637687499999 0.3159420296875 0.57608695625 0.3159420296875 0.590579709375 0.32173912968749996 0.596920290625
0 0.43550724687500003 0.5951086953125 0.45 0.5951086953125 0.4579710140625 0.58786231875 0.4579710140625 0.575181159375 0.45434782656249995 0.5706521734375001 0.434782609375 0.5706521734375001 0.4289855078125 0.57608695625 0.4297101453125 0.5896739125 0.43550724687500003 0.5951086953125
0 0.52536231875 0.5960144921875 0.5282608703125 0.6077898546875 0.5340579703125 0.612318840625 0.5413043484375 0.6086956515625 0.54710145 0.588768115625 0.5456521734375 0.575181159375 0.5420289859375 0.5715579703125 0.5340579703125 0.5724637687499999 0.52681159375 0.585144928125 0.52536231875 0.5960144921875
0 0.586956521875 0.6195652171875 0.5963768109375 0.6195652171875 0.6043478265625 0.610507246875 0.6021739125 0.5942028984375 0.5963768109375 0.585144928125 0.586956521875 0.58786231875 0.5826086953125 0.59963768125 0.5818840578125 0.6132246375 0.586956521875 0.6195652171875
0 0.660144928125 0.6132246375 0.663043478125 0.600543478125 0.6565217390625 0.5842391296875 0.648550725 0.5842391296875 0.6420289859375 0.5942028984375 0.6405797093750001 0.60960145 0.6449275359375 0.6177536234375001 0.660144928125 0.6132246375
0 0.7181159421875 0.6068840578125 0.7181159421875 0.588768115625 0.713768115625 0.5806159421875 0.7043478265625 0.5815217390625 0.7 0.590579709375 0.701449275 0.610507246875 0.709420290625 0.614130434375 0.7181159421875 0.6068840578125
0 0.7782608703125 0.6050724640625 0.77753623125 0.5914855078125 0.7717391296875 0.5806159421875 0.763043478125 0.5824275359375 0.7579710140625 0.5951086953125 0.7594202906249999 0.6132246375 0.7702898546875 0.614130434375 0.7782608703125 0.6050724640625
0 0.8173913046875001 0.61141304375 0.82608695625 0.6132246375 0.8326086953124999 0.6086956515625 0.8340579703125 0.5932971015625 0.8304347828124999 0.5815217390625 0.8202898546874999 0.5815217390625 0.8152173906250001 0.5951086953125 0.8144927531249999 0.6050724640625 0.8173913046875001 0.61141304375
0 0.886956521875 0.610507246875 0.8920289859375 0.59963768125 0.888405796875 0.5806159421875 0.8797101453125 0.5788043484375 0.87318840625 0.588768115625 0.87246376875 0.6077898546875 0.8797101453125 0.6132246375 0.886956521875 0.610507246875
0 0.9282608703124999 0.6050724640625 0.9311594203125001 0.6086956515625 0.9376811593750001 0.610507246875 0.9449275359374999 0.6068840578125 0.9485507249999999 0.5960144921875 0.9456521734375001 0.5806159421875 0.9420289859375 0.576992753125 0.9355072468750001 0.57789855 0.9282608703124999 0.5960144921875 0.9282608703124999 0.6050724640625
0 1 0.5799365937500001 0.9992753625 0.576992753125 0.9913043484375 0.576992753125 0.986231884375 0.5896739125 0.9869565218749999 0.6077898546875 0.989855071875 0.610507246875 1 0.6086956515625 1 0.5799365937500001
1 0.23985507187500002 0.5815217390625 0.235507246875 0.5896739125 0.2434782609375 0.5978260875 0.29420289843749997 0.5978260875 0.3007246375 0.5896739125 0.3 0.5815217390625 0.290579709375 0.5742753625 0.285507246875 0.57789855 0.28188405781250003 0.575181159375 0.2579710140625 0.5815217390625 0.23985507187500002 0.5815217390625