1 0 0.6690855171875 0.0007496250000000001 0.6694756546875 0.015742129687500002 0.6638576781250001 0.0217391296875 0.6526217234375 0.0194902546875 0.6292134828125 0.014992503125 0.6226591765625 0.0074962515625 0.6179775281250001 0.0037481265625 0.6179775281250001 0 0.61831193125 0 0.6690855171875
1 0.0479760125 0.6170411984374999 0.0412293859375 0.6170411984374999 0.034482759375 0.6189138578125 0.02623688125 0.6320224718749999 0.026986506249999997 0.6554307109375 0.032233882812499996 0.6638576781250001 0.039730134375 0.6685393265624999 0.0547226390625 0.6657303375 0.062218890625 0.6544943812499999 0.062218890625 0.6329588015625001 0.056221889062499995 0.621722846875 0.0479760125 0.6170411984374999
1 0.0937031484375 0.6198501875 0.087706146875 0.6170411984374999 0.0839580203125 0.6170411984374999 0.07571214375 0.6189138578125 0.0697151421875 0.62640449375 0.0659670171875 0.642322096875 0.0697151421875 0.6591760296875 0.0802098953125 0.6685393265624999 0.0914542734375 0.667602996875 0.097451275 0.6638576781250001 0.1041979015625 0.65168539375 0.10119940000000001 0.6301498125 0.0937031484375 0.6198501875
1 0.139430284375 0.6151685390625 0.135682159375 0.6151685390625 0.1184407796875 0.61610486875 0.110194903125 0.6226591765625 0.10719640156250002 0.6413857671875001 0.111694153125 0.6544943812499999 0.12668665625 0.660112359375 0.1431784109375 0.6488764046875 0.1514242875 0.6385767796875 0.1521739125 0.6273408234375 0.1499250375 0.621722846875 0.139430284375 0.6151685390625
1 0.32983508281249996 0.6114232203125 0.32383808125 0.6114232203125 0.3170914546875 0.61610486875 0.31559220312499997 0.6226591765625 0.3178410796875 0.63389513125 0.3215892046875 0.6367041203125 0.3658170921875 0.6376404499999999 0.37556221875 0.6348314609375 0.3800599703125 0.6273408234375 0.3793103453125 0.6170411984374999 0.37406296875 0.6123595500000001 0.32983508281249996 0.6114232203125
1 0.48275862031249994 0.6123595500000001 0.47526236875 0.6095505625000001 0.4712331328125 0.6095505625000001 0.435532234375 0.6114232203125 0.4310344828125 0.6198501875 0.43178410781250004 0.628277153125 0.438530734375 0.635767790625 0.45577211406249996 0.6367041203125 0.4707646171875 0.6432584265625 0.4797601203125 0.642322096875 0.48725637187500004 0.6329588015625001 0.488005996875 0.6189138578125 0.48275862031249994 0.6123595500000001
1 0.537481259375 0.6095505625000001 0.5337331328125 0.6095505625000001 0.5194902546875 0.6114232203125 0.5142428781249999 0.6226591765625 0.5157421296875 0.6507490640625 0.5194902546875 0.6582397 0.52398800625 0.6610486890625 0.538230884375 0.6582397 0.5472263875000001 0.6460674156249999 0.5502248875 0.6207865171875 0.5472263875000001 0.614232209375 0.537481259375 0.6095505625000001
1 0.6056971515625 0.6123595500000001 0.5944527734375 0.607677903125 0.589955021875 0.607677903125 0.5787106453125 0.6104868906250001 0.5742128937500001 0.6170411984374999 0.57271364375 0.6245318359375001 0.5772113937500001 0.647940075 0.5832083953125 0.6573033703125 0.588455771875 0.660112359375 0.600449775 0.653558053125 0.610194903125 0.628277153125 0.609445278125 0.6170411984374999 0.6056971515625 0.6123595500000001
1 0.6686656671875 0.6179775281250001 0.662668665625 0.6095505625000001 0.6581709140625 0.607677903125 0.6538605703125 0.607677903125 0.6386806593750001 0.6086142328124999 0.6319340328124999 0.6189138578125 0.6319340328124999 0.63389513125 0.637181409375 0.65168539375 0.6416791609375 0.656367040625 0.6476761625 0.6573033703125 0.6559220390625 0.65168539375 0.6619190406250001 0.6460674156249999 0.6656671671875001 0.6376404499999999 0.6686656671875 0.6179775281250001
1 0.711394303125 0.60580524375 0.7076461765625 0.60580524375 0.6964017984375 0.6086142328124999 0.690404796875 0.6189138578125 0.6941529234375 0.6451310859375 0.7031484265625 0.656367040625 0.7158920546875 0.6544943812499999 0.7226386812500001 0.6460674156249999 0.72788605625 0.6292134828125 0.72713643125 0.6151685390625 0.7211394296875 0.6086142328124999 0.711394303125 0.60580524375
1 0.7818590703125 0.607677903125 0.77586206875 0.6048689140625 0.77211394375 0.6048689140625 0.7578710640625 0.6067415734375 0.7518740625 0.6179775281250001 0.7511244375 0.6254681640624999 0.7548725640625 0.64419475625 0.763118440625 0.653558053125 0.77436281875 0.6526217234375 0.7796101953125001 0.647940075 0.7841079453125 0.6367041203125 0.786356821875 0.6170411984374999 0.7818590703125 0.607677903125
1 0.8350824593749999 0.6039325843750001 0.8311469265625 0.6039325843750001 0.8193403296874999 0.6039325843750001 0.8140929531250001 0.6086142328124999 0.810344828125 0.6170411984374999 0.813343328125 0.6432584265625 0.8200899546875 0.653558053125 0.8335832078125 0.65168539375 0.8418290859375 0.6385767796875 0.8455772109374999 0.6170411984374999 0.8425787109374999 0.6095505625000001 0.8350824593749999 0.6039325843750001
1 0.889055471875 0.602059925 0.8755622187500001 0.60580524375 0.8703148421875 0.6179775281250001 0.87406296875 0.6432584265625 0.8815592203125 0.65168539375 0.8935532234375 0.6488764046875 0.90029985 0.6376404499999999 0.9032983515625 0.61610486875 0.90029985 0.60580524375 0.8943028484375001 0.602059925 0.889055471875 0.602059925
1 0.9472766109374999 0.6011235953125 0.9347826093749999 0.6029962546875 0.92728635625 0.6170411984374999 0.9332833578124999 0.6451310859375 0.9415292359375 0.65168539375 0.9527736125 0.647940075 0.960269865625 0.6301498125 0.9610194906249999 0.6114232203125 0.9580209890625 0.6039325843750001 0.9520239875 0.6011235953125 0.9472766109374999 0.6011235953125
1 1 0.5997191015625 0.9925037484375 0.602059925 0.988005996875 0.6123595500000001 0.9902548718749999 0.6348314609375 0.9962518734374999 0.6460674156249999 1 0.647940075 1 0.5997191015625
0 0.13369565156250002 0 0.134932534375 0.010299625 0.1416791609375 0.01404494375 0.1521739125 0.011235954687499999 0.1581709140625 0.0018726593749999998 0.158307209375 0 0.13369565156250002 0
0 0.1674162921875 0 0.163418290625 0.0018726593749999998 0.1589205390625 0.01404494375 0.160419790625 0.026217228125000002 0.1664167921875 0.03183520625 0.17766116875 0.029962546875000003 0.1829085453125 0.0187265921875 0.1821589203125 0.0046816484375 0.17528735625 0 0.1674162921875 0
0 0.134932534375 0.0271535578125 0.137181409375 0.047752809375 0.1431784109375 0.054307115625 0.1499250375 0.0533707859375 0.1536731640625 0.04962546875 0.159670165625 0.0374531828125 0.159670165625 0.029962546875000003 0.1499250375 0.0187265921875 0.1446776609375 0.0187265921875 0.134932534375 0.0271535578125
0 0.161919040625 0.04213483125 0.1574212890625 0.054307115625 0.160419790625 0.068352059375 0.16566716718750002 0.0730337078125 0.17466266875 0.0711610484375 0.17991004531250002 0.06273408281250001 0.18065967031250002 0.0468164796875 0.17466266875 0.0383895125 0.1705397296875 0.0383895125 0.161919040625 0.04213483125
0 0.140179909375 0.0646067421875 0.137931034375 0.072097378125 0.13868065937500001 0.0908239703125 0.1431784109375 0.0973782765625 0.1499250375 0.09644194687499999 0.159670165625 0.07771535625 0.1581709140625 0.0692883890625 0.1499250375 0.06086142343749999 0.1469265375 0.06086142343749999 0.140179909375 0.0646067421875
0 0.160419790625 0.0852059921875 0.15517241406249999 0.09831460625 0.1566716640625 0.10674157343749999 0.16566716718750002 0.11610486874999999 0.17241379375000002 0.11610486874999999 0.17691154375 0.10955056249999999 0.17841079531249998 0.08614232187500001 0.17241379375000002 0.079588015625 0.16566716718750002 0.079588015625 0.160419790625 0.0852059921875
0 0.1499250375 0.107677903125 0.1446776609375 0.1086142328125 0.1416791609375 0.117977528125 0.1416791609375 0.132022471875 0.1439280359375 0.13764045 0.1484257875 0.1404494375 0.15517241406249999 0.139513109375 0.1664167921875 0.1292134828125 0.164917540625 0.1189138578125 0.1536731640625 0.107677903125 0.1499250375 0.107677903125
0 0.1529235375 0.146067415625 0.1484257875 0.15355805312499998 0.1491754125 0.16198501875 0.1581709140625 0.1694756546875 0.1686656671875 0.16853932656249998 0.17541229375 0.1610486890625 0.17616191875 0.14419475625 0.1694152921875 0.13857677968749998 0.164917540625 0.13857677968749998 0.1529235375 0.146067415625
0 0.1469265375 0.17883895156250001 0.1446776609375 0.1891385765625 0.14767616249999999 0.1994382015625 0.1566716640625 0.20411985000000002 0.1709145421875 0.1985018734375 0.17391304375 0.1891385765625 0.1701649171875 0.17696629218749999 0.159670165625 0.1732209734375 0.1559220390625 0.1732209734375 0.1469265375 0.17883895156250001
0 0.1506746625 0.21067415781249998 0.1469265375 0.21816479375000003 0.1491754125 0.2368913859375 0.1581709140625 0.2425093640625 0.1671664171875 0.2387640453125 0.17316341875000002 0.223782771875 0.1716641671875 0.21254681718750001 0.163418290625 0.20786516875 0.1581709140625 0.20786516875 0.1506746625 0.21067415781249998
0 0.1581709140625 0.2453183515625 0.1514242875 0.2509363296875 0.1484257875 0.258426965625 0.1491754125 0.27153558125 0.1514242875 0.2771535578125 0.1574212890625 0.28183520624999997 0.1664167921875 0.279962546875 0.1716641671875 0.2687265921875 0.1716641671875 0.25374531875 0.163418290625 0.2453183515625 0.1581709140625 0.2453183515625
0 0.1521739125 0.29213483125 0.1499250375 0.3033707859375 0.1514242875 0.3192883890625 0.1574212890625 0.3267790265625 0.164917540625 0.325842696875 0.1701649171875 0.318352059375 0.1709145421875 0.29588015 0.164917540625 0.2874531828125 0.161169415625 0.2874531828125 0.1521739125 0.29213483125
0 0.160419790625 0.332397003125 0.1521739125 0.3389513109375 0.1506746625 0.3492509359375 0.1514242875 0.364232209375 0.15517241406249999 0.3689138578125 0.161919040625 0.3707865171875 0.1709145421875 0.364232209375 0.17241379375000002 0.3511235953125 0.1709145421875 0.3389513109375 0.163418290625 0.332397003125 0.160419790625 0.332397003125
0 0.1521739125 0.3810861421875 0.1506746625 0.399812734375 0.1529235375 0.4091760296875 0.161919040625 0.4147940078125 0.1701649171875 0.41104868906250003 0.17241379375000002 0.403558053125 0.1716641671875 0.3829588015625 0.164917540625 0.3754681640625 0.159670165625 0.3754681640625 0.1521739125 0.3810861421875
0 0.1529235375 0.4447565546875 0.1581709140625 0.45411985 0.1664167921875 0.45318352031250003 0.1716641671875 0.44756554375 0.17241379375000002 0.42977528125 0.1664167921875 0.42134831406249995 0.159670165625 0.42134831406249995 0.1521739125 0.4288389515625 0.1529235375 0.4447565546875
0 0.1521739125 0.46816479375000003 0.1521739125 0.48595505625 0.1574212890625 0.49625468125000005 0.161919040625 0.4971910109375 0.1694152921875 0.4953183515625 0.17391304375 0.4831460671875 0.17241379375000002 0.466292134375 0.1671664171875 0.459737828125 0.160419790625 0.459737828125 0.1521739125 0.46816479375000003
0 0.1559220390625 0.5046816484375001 0.1529235375 0.510299625 0.1529235375 0.5280898875 0.1581709140625 0.5393258421875 0.1664167921875 0.5393258421875 0.17316341875000002 0.5327715359375 0.17241379375000002 0.5074906359375 0.164167915625 0.501872659375 0.161169415625 0.501872659375 0.1559220390625 0.5046816484375001
0 0.1529235375 0.5552434453124999 0.1529235375 0.5674157296875 0.15517241406249999 0.579588015625 0.161919040625 0.5833333328125 0.17241379375000002 0.579588015625 0.17466266875 0.5730337078125001 0.17316341875000002 0.5514981265625 0.1671664171875 0.54588015 0.161169415625 0.54588015 0.1529235375 0.5552434453124999
0 0.161919040625 0.5889513109375 0.1566716640625 0.5908239703125 0.1529235375 0.5992509359375 0.1529235375 0.6104868906250001 0.1566716640625 0.6189138578125 0.161919040625 0.6226591765625 0.1701649171875 0.6207865171875 0.17616191875 0.6123595500000001 0.17316341875000002 0.593632959375 0.1664167921875 0.5889513109375 0.161919040625 0.5889513109375
0 0.264617690625 0.6132958796875 0.25337331406249997 0.6132958796875 0.2481259375 0.61610486875 0.24512743593750003 0.6254681640624999 0.2488755625 0.6367041203125 0.2661169421875 0.6385767796875 0.27436281875 0.6348314609375 0.27736131875000003 0.6310861421875 0.27736131875000003 0.6207865171875 0.26836581718749997 0.6132958796875 0.264617690625 0.6132958796875
0 0.28560719687499997 0.6151685390625 0.28335832031249997 0.621722846875 0.284857571875 0.63389513125 0.2938530734375 0.6385767796875 0.309595203125 0.635767790625 0.312593703125 0.6207865171875 0.309595203125 0.614232209375 0.3035982015625 0.6123595500000001 0.298350825 0.6123595500000001 0.28560719687499997 0.6151685390625
0 0.4160419796875 0.6104868906250001 0.4040479765625 0.6114232203125 0.40029985 0.6151685390625 0.3988006 0.62640449375 0.40254872500000005 0.6348314609375 0.42203898124999994 0.635767790625 0.42728635625000005 0.6310861421875 0.4287856078125 0.6179775281250001 0.42503748124999996 0.6123595500000001 0.4197901046875 0.6104868906250001 0.4160419796875 0.6104868906250001
0 0.4940029984375 0.6245318359375001 0.489505246875 0.6404494374999999 0.49100449843750005 0.6526217234375 0.499250375 0.6591760296875 0.5082458765625 0.6554307109375 0.511994003125 0.6470037453125 0.5104947531249999 0.6245318359375001 0.5037481265625 0.6179775281250001 0.502248875 0.6179775281250001 0.4940029984375 0.6245318359375001
0 0.563718140625 0.6245318359375001 0.560719640625 0.6245318359375001 0.5532233890625 0.6310861421875 0.5502248875 0.6432584265625 0.5509745125000001 0.6554307109375 0.5532233890625 0.660112359375 0.5577211390625 0.66198501875 0.5629685156249999 0.66198501875 0.5704647671874999 0.656367040625 0.5734632687500001 0.6470037453125 0.5704647671874999 0.6320224718749999 0.563718140625 0.6245318359375001
0 0.6214392796875 0.6254681640624999 0.613943028125 0.6292134828125 0.6086956515625 0.64419475625 0.610944528125 0.656367040625 0.6169415296875 0.6610486890625 0.62593703125 0.6582397 0.6311844078125 0.65168539375 0.6311844078125 0.6385767796875 0.62668665625 0.628277153125 0.62218890625 0.6254681640624999 0.6214392796875 0.6254681640624999
0 0.67391304375 0.62640449375 0.6679160421875 0.64419475625 0.6679160421875 0.65168539375 0.67316341875 0.6582397 0.6806596703125 0.6582397 0.6896551718749999 0.647940075 0.6889055468749999 0.6348314609375 0.6821589203125 0.62359550625 0.6791604203125 0.62359550625 0.67391304375 0.62640449375
0 0.739880059375 0.621722846875 0.7323838078125 0.6273408234375 0.7293853078125 0.6367041203125 0.7286356828125 0.6470037453125 0.7338830578125 0.656367040625 0.7443778109375 0.6554307109375 0.7503748125 0.6470037453125 0.7496251875 0.6310861421875 0.7458770609375 0.62359550625 0.7406296859375 0.621722846875 0.739880059375 0.621722846875
0 0.7923538234375 0.6254681640624999 0.787106446875 0.642322096875 0.788605696875 0.6526217234375 0.7946026984375 0.656367040625 0.8020989500000001 0.6544943812499999 0.8080959515625 0.6451310859375 0.8058470765625 0.6254681640624999 0.801349325 0.621722846875 0.7976012 0.621722846875 0.7923538234375 0.6254681640624999
0 0.8508245875 0.6254681640624999 0.8478260875 0.6413857671875001 0.8478260875 0.647940075 0.8530734624999999 0.6544943812499999 0.862068965625 0.653558053125 0.8680659671875001 0.6460674156249999 0.8665667171875 0.6292134828125 0.8613193406249999 0.6198501875 0.8560719640625001 0.6198501875 0.8508245875 0.6254681640624999
0 0.9077961015625 0.6254681640624999 0.9047976015625 0.6376404499999999 0.9070464765624999 0.6507490640625 0.912293853125 0.653558053125 0.9205397296875001 0.65168539375 0.9250374812500001 0.6432584265625 0.92353823125 0.6226591765625 0.9205397296875001 0.6179775281250001 0.914542728125 0.6179775281250001 0.9077961015625 0.6254681640624999
1 0.1829085453125 0.6132958796875 0.17391304375 0.6254681640624999 0.17541229375 0.6329588015625001 0.1829085453125 0.6385767796875 0.2308845578125 0.6385767796875 0.238380809375 0.6348314609375 0.24137931093749998 0.6292134828125 0.24062968593749998 0.6207865171875 0.23388305781250002 0.614232209375 0.18590704687499998 0.6132958796875 0.1829085453125 0.6132958796875