0 0.20987654375 0.559845559375 0.215277778125 0.56853281875 0.23765432031249997 0.5675675671875 0.244598765625 0.5617760625 0.246141975 0.55598455625 0.24228394999999997 0.54440154375 0.23533950625000002 0.5415057921875001 0.215277778125 0.5415057921875001 0.21064814843750002 0.547297296875 0.20987654375 0.559845559375
0 0.34027777812500004 0.5666023171875 0.358796296875 0.565637065625 0.365740740625 0.55694980625 0.36419753125 0.54440154375 0.3595679015625 0.540540540625 0.34027777812500004 0.540540540625 0.3341049375 0.546332046875 0.3341049375 0.559845559375 0.34027777812500004 0.5666023171875
0 0.45987654375 0.5646718140625 0.47762345625 0.5646718140625 0.48456790156249996 0.5579150578125 0.48533950625 0.54440154375 0.4822530859375 0.5395752890625001 0.4606481484375 0.5386100390624999 0.45447530937499997 0.5453667953125 0.45447530937499997 0.5579150578125 0.45987654375 0.5646718140625
0 0.5354938265625 0.5916988421875 0.546296296875 0.5916988421875 0.5555555562500001 0.5820463328125001 0.5540123453125 0.5675675671875 0.54783950625 0.55694980625 0.5393518515625 0.55694980625 0.531635803125 0.5714285718750001 0.5300925921874999 0.584942084375 0.5354938265625 0.5916988421875
0 0.5925925921874999 0.574324325 0.594135803125 0.5878378375 0.5979938265625 0.5916988421875 0.611882715625 0.5878378375 0.615740740625 0.5801158296875 0.611882715625 0.559845559375 0.608024690625 0.55598455625 0.6003086421875 0.55598455625 0.5949074078125001 0.5627413125 0.5925925921874999 0.574324325
0 0.6581790125 0.5878378375 0.6666666671875 0.5897683390624999 0.67669753125 0.583976834375 0.6790123453125 0.5714285718750001 0.670524690625 0.5550193046875 0.6620370375 0.5550193046875 0.6574074078125001 0.5617760625 0.6543209875 0.578185328125 0.6581790125 0.5878378375
0 0.7214506171874999 0.5878378375 0.733024690625 0.5859073359375 0.73919753125 0.575289575 0.7376543203125 0.5617760625 0.7322530859375 0.553088803125 0.7229938265625 0.5540540546875 0.7168209875 0.5704633203125 0.7168209875 0.5830115828125 0.7214506171874999 0.5878378375
0 0.796296296875 0.5830115828125 0.8009259265625 0.5762548265625 0.79783950625 0.5540540546875 0.7878086421875 0.5501930500000001 0.781635803125 0.558880309375 0.7800925921874999 0.5801158296875 0.788580246875 0.5859073359375 0.796296296875 0.5830115828125
0 0.8441358031249999 0.584942084375 0.8557098765625 0.5830115828125 0.8603395062500001 0.574324325 0.8603395062500001 0.5627413125 0.8533950625 0.5492277999999999 0.8433641968750001 0.5540540546875 0.8395061734375 0.5675675671875 0.8395061734375 0.5791505796875 0.8441358031249999 0.584942084375
0 0.9043209875 0.5820463328125001 0.9120370375 0.5830115828125 0.91898148125 0.5791505796875 0.9220679015625001 0.5637065640625 0.9182098765625 0.5492277999999999 0.9074074078125 0.5482625484375 0.9012345671875 0.5617760625 0.9004629625 0.5762548265625 0.9043209875 0.5820463328125001
0 0.9629629625 0.58108108125 0.9737654328125 0.5820463328125001 0.9799382718749999 0.575289575 0.98148148125 0.5627413125 0.9753086421875 0.546332046875 0.9675925921875 0.547297296875 0.9606481484374999 0.5627413125 0.9598765437500001 0.5762548265625 0.9629629625 0.58108108125
1 1 0.5275418265625 0.994598765625 0.5279922781249999 0.983796296875 0.540540540625 0.983024690625 0.553088803125 0.9899691359375 0.575289575 0.9961419749999999 0.5801158296875 1 0.5790997765625 1 0.5275418265625
1 0.010802468749999999 0.5801158296875 0.018518518749999997 0.5955598453125 0.023919753125000002 0.59942085 0.0331790125 0.5984555984375 0.046296296875 0.5888030890625 0.0486111109375 0.565637065625 0.038580246875 0.547297296875 0.0208333328125 0.547297296875 0.0115740734375 0.558880309375 0.010802468749999999 0.5801158296875
1 0.0524691359375 0.575289575 0.057870370312499995 0.5916988421875 0.06327160468750001 0.597490346875 0.08101851875 0.596525096875 0.0910493828125 0.584942084375 0.090277778125 0.559845559375 0.079475309375 0.546332046875 0.06327160468750001 0.546332046875 0.053240740625000005 0.5617760625 0.0524691359375 0.575289575
1 0.0949074078125 0.5820463328125001 0.097222221875 0.5888030890625 0.1095679015625 0.5984555984375 0.1242283953125 0.5955598453125 0.13348765468749998 0.5762548265625 0.12654320937500002 0.5511583015625 0.119598765625 0.5453667953125 0.1111111109375 0.54440154375 0.0964506171875 0.5540540546875 0.0949074078125 0.5820463328125001
1 0.1365740734375 0.55598455625 0.1373456796875 0.5704633203125 0.1466049375 0.5820463328125001 0.1550925921875 0.5820463328125001 0.170524690625 0.572393821875 0.1905864203125 0.5675675671875 0.19598765468749998 0.5608108109375001 0.1921296296875 0.5511583015625 0.17206790156250001 0.5415057921875001 0.145061728125 0.54440154375 0.1365740734375 0.55598455625
0 0.157581640625 0 0.1574074078125 0.00675675625 0.1658950625 0.0115830109375 0.17361111093749998 0.0048262546875 0.1748971203125 0 0.157581640625 0
0 0.17988683125 0 0.1759259265625 0.00675675625 0.1751543203125 0.0173745171875 0.182098765625 0.027992278125 0.19444444375 0.027992278125 0.1975308640625 0.0106177609375 0.1975308640625 0 0.17988683125 0
0 0.163580246875 0.0521235515625 0.170524690625 0.05308880312499999 0.1828703703125 0.04440154375 0.18364197499999999 0.033783784375 0.17438271562500002 0.021235521875 0.167438271875 0.01833976875 0.1604938265625 0.0231660234375 0.15972222187500001 0.0415057921875 0.163580246875 0.0521235515625
0 0.171296296875 0.08108108124999999 0.1851851859375 0.083976834375 0.1936728390625 0.0762548265625 0.19521605 0.057915057812500004 0.1851851859375 0.050193049999999996 0.17206790156250001 0.057915057812500004 0.1666666671875 0.065637065625 0.1666666671875 0.075289575 0.171296296875 0.08108108124999999
0 0.167438271875 0.11679536718750001 0.18055555625 0.1196911203125 0.19135802500000001 0.1119691125 0.192901234375 0.1013513515625 0.18827160468749998 0.09169884218749999 0.17206790156250001 0.08880308906249999 0.16512345625 0.0945945953125 0.163580246875 0.109073359375 0.167438271875 0.11679536718750001
0 0.171296296875 0.1573359078125 0.1813271609375 0.1583011578125 0.1898148140625 0.14961390000000002 0.19135802500000001 0.1322393828125 0.18672839531250002 0.12548262500000001 0.17438271562500002 0.124517375 0.1658950625 0.1322393828125 0.1658950625 0.14961390000000002 0.171296296875 0.1573359078125
0 0.170524690625 0.1959459453125 0.1813271609375 0.1988416984375 0.18827160468749998 0.19305019375000002 0.1905864203125 0.1853281859375 0.18827160468749998 0.166023165625 0.1759259265625 0.16216216249999998 0.167438271875 0.171814671875 0.167438271875 0.18918918906249999 0.170524690625 0.1959459453125
0 0.17438271562500002 0.24420849375000003 0.182098765625 0.24517374531249997 0.1898148140625 0.23359073281249998 0.18904320937500002 0.2104247109375 0.1844135796875 0.2046332046875 0.17669753125 0.2046332046875 0.16898148125 0.21235521249999997 0.16898148125 0.2364864859375 0.17438271562500002 0.24420849375000003
0 0.170524690625 0.2789575296875 0.1751543203125 0.28571428593750003 0.1851851859375 0.284749034375 0.1905864203125 0.27509652500000004 0.1905864203125 0.2615830109375 0.1851851859375 0.252895753125 0.17361111093749998 0.25386100312500004 0.1697530859375 0.258687259375 0.170524690625 0.2789575296875
0 0.1844135796875 0.3291505796875 0.1905864203125 0.3233590734375 0.1898148140625 0.297297296875 0.17978395 0.2915057921875 0.170524690625 0.29922780000000004 0.1697530859375 0.3204633203125 0.17438271562500002 0.328185328125 0.1844135796875 0.3291505796875
0 0.178240740625 0.3735521234375 0.18595679062499998 0.372586871875 0.19135802500000001 0.36389961406250004 0.1905864203125 0.340733590625 0.1851851859375 0.334942084375 0.178240740625 0.334942084375 0.170524690625 0.3426640921875 0.171296296875 0.3667953671875 0.178240740625 0.3735521234375
0 0.18595679062499998 0.41988417031249997 0.192901234375 0.40637065625 0.1905864203125 0.385135134375 0.18055555625 0.3793436296875 0.171296296875 0.3880308875 0.170524690625 0.40733590781249995 0.17361111093749998 0.4169884171875 0.18595679062499998 0.41988417031249997
0 0.17438271562500002 0.459459459375 0.178240740625 0.46332046406250005 0.1898148140625 0.4604247109375 0.192901234375 0.44980695 0.19135802500000001 0.4324324328125 0.1844135796875 0.42664092656249997 0.171296296875 0.4324324328125 0.170524690625 0.4517374515625 0.17438271562500002 0.459459459375
0 0.171296296875 0.49227799218749996 0.17438271562500002 0.503861003125 0.1774691359375 0.5067567562499999 0.18904320937500002 0.5048262546875 0.1936728390625 0.49613899687499996 0.1921296296875 0.47490347499999996 0.1844135796875 0.46911196874999994 0.17669753125 0.47104247031249996 0.17206790156250001 0.47779922812500003 0.171296296875 0.49227799218749996
0 0.19598765468749998 0.5453667953125 0.192901234375 0.51930501875 0.18904320937500002 0.5135135140625 0.178240740625 0.5125482625 0.17283950625 0.51833976875 0.17283950625 0.5366795359375 0.18672839531250002 0.546332046875 0.19598765468749998 0.5453667953125
1 0.25 0.5608108109375001 0.259259259375 0.56853281875 0.3024691359375 0.56853281875 0.3101851859375 0.565637065625 0.316358025 0.5579150578125 0.316358025 0.5501930500000001 0.3078703703125 0.5415057921875001 0.25694444375000003 0.5415057921875001 0.25077160468750004 0.547297296875 0.25 0.5608108109375001
1 0.37654320937499997 0.5666023171875 0.424382715625 0.5646718140625 0.43441357968750005 0.5540540546875 0.433641975 0.5453667953125 0.4236111109375 0.5395752890625001 0.37577160468750004 0.5395752890625001 0.3688271609375 0.546332046875 0.369598765625 0.5617760625 0.37654320937499997 0.5666023171875
1 0.5100308640625 0.58108108125 0.5246913578125 0.5772200765625 0.5339506171874999 0.5579150578125 0.5331790125 0.546332046875 0.5246913578125 0.5386100390624999 0.496141975 0.5376447875 0.48842592656250006 0.5453667953125 0.48919753125 0.565637065625 0.5100308640625 0.58108108125
1 0.5578703703125 0.574324325 0.566358025 0.5888030890625 0.5763888890625 0.5897683390624999 0.5856481484375 0.5820463328125001 0.594135803125 0.5579150578125 0.594135803125 0.5492277999999999 0.5895061734375 0.5415057921875001 0.5655864203125 0.5376447875 0.55478395 0.5482625484375 0.5578703703125 0.574324325
1 0.6219135796875 0.5376447875 0.615740740625 0.5453667953125 0.6149691359375 0.5608108109375001 0.6234567906249999 0.583976834375 0.634259259375 0.5888030890625 0.64737654375 0.58108108125 0.6550925921874999 0.5579150578125 0.6543209875 0.546332046875 0.6504629625 0.5415057921875001 0.645061728125 0.5366795359375 0.6311728390625 0.5357142859375 0.6219135796875 0.5376447875
1 0.678240740625 0.547297296875 0.6790123453125 0.5617760625 0.6875 0.5801158296875 0.6990740734374999 0.5830115828125 0.7106481484375 0.575289575 0.7168209875 0.553088803125 0.7168209875 0.5453667953125 0.7121913578125 0.5386100390624999 0.7052469140625 0.534749034375 0.6882716046875 0.534749034375 0.678240740625 0.547297296875
1 0.7399691359375 0.54440154375 0.7399691359375 0.5627413125 0.7438271609375 0.5762548265625 0.7492283953125 0.5830115828125 0.7584876546875 0.5859073359375 0.7716049375 0.5762548265625 0.777777778125 0.5511583015625 0.7754629625 0.540540540625 0.766975309375 0.533783784375 0.7515432093750001 0.533783784375 0.7399691359375 0.54440154375
1 0.803240740625 0.5453667953125 0.8040123453125 0.5646718140625 0.8109567906249999 0.58108108125 0.821759259375 0.5830115828125 0.8317901234375 0.5762548265625 0.8379629625 0.553088803125 0.8371913578125 0.540540540625 0.8333333328125001 0.534749034375 0.82330246875 0.53185328125 0.8109567906249999 0.533783784375 0.803240740625 0.5453667953125
1 0.8626543203124999 0.55598455625 0.8680555562500001 0.575289575 0.8765432093750001 0.5830115828125 0.888117284375 0.5791505796875 0.8973765437500001 0.55598455625 0.8958333328125001 0.5366795359375 0.888117284375 0.5308880312500001 0.875 0.5308880312500001 0.865740740625 0.5376447875 0.8626543203124999 0.55598455625
1 0.924382715625 0.5540540546875 0.9305555562500001 0.5772200765625 0.9367283953125 0.58108108125 0.9490740734375 0.5772200765625 0.9583333328125001 0.5501930500000001 0.9552469140625 0.534749034375 0.9498456796875001 0.5299227796875 0.9344135796874999 0.5299227796875 0.92669753125 0.5376447875 0.924382715625 0.5540540546875