1 0 0.6486527171875001 0.006259781250000001 0.6438356171875 0.01017214375 0.6340508812500001 0.009389671875 0.6174168296875 0.0007824718749999999 0.5998043046875 0 0.5996645234375 0 0.6486527171875001
1 0.0140845078125 0.6115459875 0.013302034374999999 0.6262230921875 0.0179968703125 0.64187866875 0.023474178125 0.6477495109375 0.043818465625000004 0.6457925640625 0.053208137499999995 0.6340508812500001 0.05242566562499999 0.6125244624999999 0.042253521875 0.5978473578125 0.024256651562500002 0.596868884375 0.0179968703125 0.6017612531250001 0.0140845078125 0.6115459875
1 0.0571205015625 0.6320939328125 0.0641627546875 0.6438356171875 0.07981220624999999 0.648727984375 0.0876369328125 0.6457925640625 0.093114240625 0.637964775 0.0946791859375 0.6115459875 0.0845070421875 0.596868884375 0.06885759062499999 0.5958904109375001 0.0571205015625 0.6086105671875 0.0571205015625 0.6320939328125
1 0.10093896718749999 0.6340508812500001 0.109546165625 0.6477495109375 0.1228482 0.648727984375 0.132237871875 0.6438356171875 0.1369327078125 0.636007828125 0.1377151796875 0.6125244624999999 0.128325509375 0.5978473578125 0.11032863906249998 0.5958904109375001 0.10015649374999999 0.6115459875 0.10093896718749999 0.6340508812500001
1 0.152582159375 0.6457925640625 0.1674491390625 0.6457925640625 0.18231611875 0.6281800390625001 0.1838810640625 0.6115459875 0.172143975 0.5958904109375001 0.152582159375 0.5949119375 0.1431924875 0.6066536203124999 0.1431924875 0.6330724078125 0.152582159375 0.6457925640625
1 0.2003129890625 0.62035225 0.24413145468750003 0.6174168296875 0.251173709375 0.6037182 0.2464788734375 0.5939334640625 0.21909233125 0.588062621875 0.19874804375 0.5919765171875 0.19170579062499998 0.6007827781249999 0.19170579062499998 0.6125244624999999 0.2003129890625 0.62035225
1 0.3333333328125 0.6115459875 0.34350547656249997 0.618395303125 0.3888888890625 0.61643835625 0.3951486703125 0.6135029359375 0.400625978125 0.6037182 0.3959311421875 0.592954990625 0.388106415625 0.5900195687500001 0.3419405328125 0.5900195687500001 0.33255086093749997 0.5958904109375001 0.3333333328125 0.6115459875
1 0.46087636875 0.61643835625 0.5109546171875 0.614481409375 0.5187793421875 0.6037182 0.5179968703125 0.5949119375 0.51017214375 0.588062621875 0.460093896875 0.588062621875 0.4522691703125 0.5958904109375001 0.4522691703125 0.60763209375 0.46087636875 0.61643835625
1 0.5649452265625 0.5919765171875 0.5610328640625 0.6046966734375 0.5579029734375001 0.6242661453125 0.55946791875 0.6350293546875 0.5641627546875 0.6409001953125 0.5712050078125 0.64187866875 0.5805946796875 0.639921721875 0.58998435 0.631115459375 0.5978090765624999 0.6007827781249999 0.589201878125 0.5890410953125 0.5712050078125 0.5870841484375 0.5649452265625 0.5919765171875
1 0.625978090625 0.588062621875 0.6212832546875 0.5958904109375001 0.6205007828125 0.609589040625 0.6251956187500001 0.6281800390625001 0.6353677625 0.6389432484374999 0.6486697968749999 0.6350293546875 0.654929578125 0.62524461875 0.6596244125 0.6066536203124999 0.6580594671875 0.5939334640625 0.6510172140625 0.5870841484375 0.6314553984375 0.586105675 0.625978090625 0.588062621875
1 0.6846635375 0.59099804375 0.681533646875 0.6066536203124999 0.6885759 0.6320939328125 0.6940532078125 0.637964775 0.708137715625 0.6350293546875 0.71517996875 0.62524461875 0.7198748046875 0.6037182 0.7183098593749999 0.5919765171875 0.7065727703125 0.5851272015625 0.6909233171875 0.5851272015625 0.6846635375 0.59099804375
1 0.75195618125 0.6340508812500001 0.7636932703125 0.6369863015624999 0.777777778125 0.62524461875 0.7824726140625 0.5949119375 0.7746478875 0.5851272015625 0.7511737093749999 0.5851272015625 0.7441314546875 0.596868884375 0.7464788734375001 0.6242661453125 0.75195618125 0.6340508812500001
1 0.8098591546874999 0.618395303125 0.8161189359375 0.6320939328125 0.8262910796874999 0.6350293546875 0.83802816875 0.62524461875 0.84428795 0.6037182 0.84428795 0.5949119375 0.8395931140625 0.586105675 0.8169014078125001 0.5831702546875001 0.8082942093750001 0.5949119375 0.8098591546874999 0.618395303125
1 0.8693270734375 0.6125244624999999 0.8787167453125001 0.6320939328125 0.89123630625 0.6330724078125 0.8998435062500001 0.62524461875 0.9053208140625 0.5939334640625 0.8990610328124999 0.5831702546875001 0.880281690625 0.5812133078125 0.8732394359375 0.5851272015625 0.8685446015625 0.5939334640625 0.8693270734375 0.6125244624999999
1 0.9319248828125 0.6046966734375 0.9366197187499999 0.62524461875 0.9444444437499999 0.6320939328125 0.95696400625 0.6281800390625001 0.9663536781250001 0.6027397265625 0.9640062593750001 0.5851272015625 0.9585289515625 0.580234834375 0.9452269171875001 0.579256359375 0.9350547734375001 0.586105675 0.9319248828125 0.6046966734375
0 0.210093896875 0 0.20970266093749998 0.0048923671875 0.21674491406250002 0.017612525 0.2269170578125 0.017612525 0.232394365625 0.010763209375 0.2332141 0 0.210093896875 0
0 0.20892018750000002 0.0332681015625 0.212050078125 0.0166340515625 0.20187793437499998 0.0048923671875 0.19483568125 0.0058708421875 0.189358371875 0.01272015625 0.1909233171875 0.0401174171875 0.20187793437499998 0.0420743640625 0.20892018750000002 0.0332681015625
0 0.20970266093749998 0.04794520625 0.21283255156249997 0.057729940625 0.21909233125 0.06457925625 0.22769953125 0.06457925625 0.23161189375000002 0.053816046875 0.2308294203125 0.029354207812499998 0.2269170578125 0.0254403125 0.218309859375 0.0254403125 0.212050078125 0.032289628125 0.20970266093749998 0.04794520625
0 0.19170579062499998 0.0772994125 0.19640062656249999 0.0870841484375 0.20187793437499998 0.088062621875 0.20970266093749998 0.0831702546875 0.21674491406250002 0.07338551875 0.21596244062499997 0.06457925625 0.205790296875 0.051859100000000005 0.197965571875 0.050880626562499996 0.1924882625 0.059686889062500005 0.19170579062499998 0.0772994125
0 0.2065727703125 0.1115459875 0.21909233125 0.11350293593750001 0.22848200312500003 0.10567514687499999 0.229264475 0.086105675 0.22378716718749997 0.080234834375 0.21596244062499997 0.0812133078125 0.20266040625 0.0958904109375 0.20109546093750003 0.10371820000000001 0.2065727703125 0.1115459875
0 0.20500782499999998 0.148727984375 0.21909233125 0.1467710375 0.22535211249999998 0.13992172187500002 0.2261345859375 0.127201565625 0.21909233125 0.11839530312499999 0.20500782499999998 0.1174168296875 0.197965571875 0.1262230921875 0.19718309843749998 0.13992172187500002 0.20500782499999998 0.148727984375
0 0.20500782499999998 0.1859099796875 0.21674491406250002 0.18688845468749998 0.22535211249999998 0.17808219218750002 0.2269170578125 0.1634050875 0.2198748046875 0.1536203515625 0.2065727703125 0.1536203515625 0.19874804375 0.161448140625 0.19874804375 0.17808219218750002 0.20500782499999998 0.1859099796875
0 0.2034428796875 0.2250489234375 0.21283255156249997 0.22798434374999998 0.22378716718749997 0.22015655625 0.22535211249999998 0.20254403124999998 0.2198748046875 0.1927592953125 0.20892018750000002 0.191780821875 0.2003129890625 0.200587084375 0.2003129890625 0.21722113437499999 0.2034428796875 0.2250489234375
0 0.2104851328125 0.273972603125 0.21674491406250002 0.2729941296875 0.22378716718749997 0.26125244687500004 0.222222221875 0.23874755312499998 0.21752738593749998 0.23287671250000003 0.20970266093749998 0.23287671250000003 0.20266040625 0.24168297500000002 0.20422535156250002 0.269080234375 0.2104851328125 0.273972603125
0 0.20892018750000002 0.3189823875 0.2198748046875 0.31702544062500004 0.224569640625 0.308219178125 0.2230046953125 0.2847358125 0.21909233125 0.27984344375000003 0.20970266093749998 0.27984344375000003 0.2034428796875 0.2876712328125 0.2034428796875 0.3131115453125 0.20892018750000002 0.3189823875
0 0.2104851328125 0.3649706453125 0.2198748046875 0.363992171875 0.224569640625 0.3571428578125 0.2230046953125 0.329745596875 0.21909233125 0.3248532296875 0.20970266093749998 0.3248532296875 0.20422535156250002 0.3307240703125 0.20500782499999998 0.3610567515625 0.2104851328125 0.3649706453125
0 0.20422535156250002 0.39334637968749997 0.2073552421875 0.40508806249999996 0.21517996875 0.407045009375 0.222222221875 0.4041095890625 0.22535211249999998 0.3953033265625 0.224569640625 0.37964775 0.21909233125 0.37279843437500004 0.21126760625 0.37279843437500004 0.20500782499999998 0.3786692765625 0.20422535156250002 0.39334637968749997
0 0.212050078125 0.4510763203125 0.22065727656249998 0.450097846875 0.2261345859375 0.4403131109375 0.224569640625 0.4187866921875 0.21909233125 0.4129158515625 0.21283255156249997 0.4129158515625 0.20500782499999998 0.419765165625 0.205790296875 0.4452054796875 0.212050078125 0.4510763203125
0 0.20422535156250002 0.4814090015625 0.2073552421875 0.49315068437500004 0.2104851328125 0.49608610625000005 0.2230046953125 0.49315068437500004 0.2261345859375 0.482387475 0.22535211249999998 0.4628180046875 0.2198748046875 0.4569471625 0.212050078125 0.4569471625 0.20500782499999998 0.4647749515625 0.20422535156250002 0.4814090015625
0 0.224569640625 0.53913894375 0.22769953125 0.53033268125 0.22535211249999998 0.506849315625 0.2143974953125 0.501956946875 0.20500782499999998 0.5117416828125 0.2065727703125 0.5371819953125 0.2136150234375 0.5420743640625 0.224569640625 0.53913894375
0 0.2073552421875 0.579256359375 0.2143974953125 0.5831702546875001 0.22535211249999998 0.580234834375 0.22848200312500003 0.56849315 0.2261345859375 0.5547945203125 0.2198748046875 0.5489236796875 0.20892018750000002 0.5518590999999999 0.20500782499999998 0.5587084156250001 0.2073552421875 0.579256359375
0 0.26447574375 0.618395303125 0.2801251953125 0.618395303125 0.28951486718749997 0.6086105671875 0.28951486718749997 0.6017612531250001 0.284037559375 0.592954990625 0.26525821562499996 0.59099804375 0.25743348906249996 0.596868884375 0.2566510171875 0.6086105671875 0.26447574375 0.618395303125
0 0.3059467921875 0.618395303125 0.3200312984375 0.6174168296875 0.328638496875 0.60763209375 0.327073553125 0.5958904109375001 0.3200312984375 0.59099804375 0.3059467921875 0.59099804375 0.2989045390625 0.59882583125 0.298122065625 0.6086105671875 0.3059467921875 0.618395303125
0 0.42410015625 0.61643835625 0.44131455468749997 0.6154598828125 0.4491392796875 0.60763209375 0.4491392796875 0.596868884375 0.44444444375 0.5900195687500001 0.4248826296875 0.5890410953125 0.4194053203125 0.5939334640625 0.41784037500000004 0.60763209375 0.42410015625 0.61643835625
0 0.5352112671875 0.6046966734375 0.535993740625 0.6174168296875 0.54303599375 0.627201565625 0.550078246875 0.6281800390625001 0.5586854453125001 0.6105675140625 0.560250390625 0.5949119375 0.5571205015625 0.5900195687500001 0.549295775 0.588062621875 0.5383411578125 0.5958904109375001 0.5352112671875 0.6046966734375
0 0.599374021875 0.6389432484374999 0.6017214390625 0.64187866875 0.6150234734375 0.6409001953125 0.6212832546875 0.631115459375 0.6165884187499999 0.6066536203124999 0.6064162750000001 0.6037182 0.59859155 0.614481409375 0.5970266046875 0.6301369859375 0.599374021875 0.6389432484374999
0 0.6643192484375 0.6409001953125 0.6768388109375 0.637964775 0.681533646875 0.631115459375 0.6807511734375 0.61643835625 0.6744913921875 0.605675146875 0.6643192484375 0.60763209375 0.658841940625 0.62035225 0.6580594671875 0.6320939328125 0.6643192484375 0.6409001953125
0 0.7245696406250001 0.6369863015624999 0.7394366203125 0.6320939328125 0.7425665109375 0.62524461875 0.7402190921875 0.60763209375 0.7339593109375 0.6007827781249999 0.7269170578125 0.6027397265625 0.7198748046875 0.618395303125 0.7198748046875 0.631115459375 0.7245696406250001 0.6369863015624999
0 0.7871674484375 0.6350293546875 0.794209703125 0.6369863015624999 0.804381846875 0.631115459375 0.8059467921874999 0.6154598828125 0.8004694828125001 0.6017612531250001 0.7910798125 0.6017612531250001 0.78482003125 0.6135029359375 0.7832550859375 0.627201565625 0.7871674484375 0.6350293546875
0 0.8497652578125001 0.636007828125 0.860719875 0.6350293546875 0.867762128125 0.6223091968750001 0.8654147109375 0.6086105671875 0.860719875 0.6007827781249999 0.8521126765625 0.6017612531250001 0.8450704218749999 0.6193737765625 0.8450704218749999 0.6291585125 0.8497652578125001 0.636007828125
0 0.9115805953124999 0.6320939328125 0.9194053203125 0.6340508812500001 0.9287949921875001 0.62524461875 0.9295774640625 0.6135029359375 0.92410015625 0.59882583125 0.914710484375 0.5998043046875 0.9092331765624999 0.614481409375 0.9084507046875 0.6262230921875 0.9115805953124999 0.6320939328125
0 0.9710485140625 0.6320939328125 0.983568075 0.6320939328125 0.9890453828125001 0.6262230921875 0.98982785625 0.6135029359375 0.9851330203125 0.5978473578125 0.974178403125 0.59882583125 0.9687010953125 0.6125244624999999 0.9679186234375001 0.623287671875 0.9710485140625 0.6320939328125