0 0.18308845625 0 0.185157421875 0.021535581249999998 0.188905546875 0.025280898437499998 0.1964017984375 0.02434456875 0.2053973015625 0.012172284375 0.20609338125 0 0.18308845625 0
0 0.21289355312499997 0.0449438203125 0.2196401796875 0.0449438203125 0.22488755624999998 0.040262171875 0.22713643125 0.015917603125 0.22338830625 0.010299625 0.21289355312499997 0.0093632953125 0.2053973015625 0.021535581249999998 0.2046476765625 0.0308988765625 0.21289355312499997 0.0449438203125
0 0.2076461765625 0.0514981265625 0.2061469265625 0.040262171875 0.198650675 0.03183520625 0.1919040484375 0.03183520625 0.18590704687499998 0.0393258421875 0.187406296875 0.06741572968750001 0.198650675 0.06741572968750001 0.2076461765625 0.0514981265625
0 0.2091454265625 0.0852059921875 0.2181409296875 0.08801498125 0.22413793124999998 0.082397003125 0.22563718124999999 0.0571161046875 0.22188905625 0.0514981265625 0.211394303125 0.052434456250000004 0.2031484265625 0.0664794 0.20239880000000002 0.0739700375 0.2091454265625 0.0852059921875
0 0.1919040484375 0.11048689062499999 0.2031484265625 0.11235955 0.21364317812500003 0.103932584375 0.21439280312500003 0.09550561875 0.2031484265625 0.082397003125 0.19565217343750002 0.0805243453125 0.188905546875 0.0870786515625 0.188905546875 0.103932584375 0.1919040484375 0.11048689062499999
0 0.2031484265625 0.1432584265625 0.2158920546875 0.142322096875 0.22338830625 0.1292134828125 0.22263868125 0.11985018750000001 0.21439280312500003 0.11235955 0.2046476765625 0.11516853906249999 0.1949025484375 0.12453183593749999 0.19565217343750002 0.13764045 0.2031484265625 0.1432584265625
0 0.200149925 0.17696629218749999 0.21364317812500003 0.17696629218749999 0.2211394296875 0.1657303375 0.2203898046875 0.1554307109375 0.21439280312500003 0.14887640468750002 0.200149925 0.14887640468750002 0.19340329843749998 0.1573033703125 0.19415292343749999 0.170411984375 0.200149925 0.17696629218749999
0 0.19790105 0.214419475 0.20989505312499998 0.216292134375 0.215142428125 0.21348314531249998 0.2196401796875 0.193820225 0.2173913046875 0.1863295875 0.20389805156250002 0.1825842703125 0.1949025484375 0.1910112359375 0.19415292343749999 0.202247190625 0.19790105 0.214419475
0 0.197151425 0.25 0.201649175 0.255617978125 0.20989505312499998 0.2565543078125 0.2158920546875 0.251872659375 0.21889055468750002 0.2425093640625 0.2181409296875 0.22565543125 0.2068965515625 0.220037453125 0.1994003 0.223782771875 0.1964017984375 0.22940074843749997 0.197151425 0.25
0 0.2053973015625 0.30149812656249997 0.21364317812500003 0.29962546875 0.21889055468750002 0.2911985015625 0.2181409296875 0.269662921875 0.21289355312499997 0.262172284375 0.2068965515625 0.262172284375 0.19790105 0.272471909375 0.1994003 0.2968164796875 0.2053973015625 0.30149812656249997
0 0.215142428125 0.33801498125 0.21889055468750002 0.332397003125 0.2173913046875 0.3127340828125 0.2068965515625 0.308052434375 0.1994003 0.3136704125 0.1994003 0.3352059921875 0.20389805156250002 0.3408239703125 0.215142428125 0.33801498125
0 0.2181409296875 0.378277153125 0.2181409296875 0.352059925 0.21439280312500003 0.34737827656250003 0.2068965515625 0.346441946875 0.1994003 0.35393258437499997 0.200149925 0.37734082343750003 0.2053973015625 0.3829588015625 0.2181409296875 0.378277153125
0 0.2053973015625 0.4260299625 0.21439280312500003 0.4250936328125 0.2196401796875 0.41947565468750003 0.21889055468750002 0.39419475625 0.21439280312500003 0.389513109375 0.2068965515625 0.38857677968750004 0.1994003 0.39606741562500003 0.1994003 0.4185393265625 0.2053973015625 0.4260299625
0 0.198650675 0.45692883906250004 0.2031484265625 0.46816479375000003 0.2068965515625 0.4709737828125 0.2181409296875 0.46816479375000003 0.2211394296875 0.45880149843750007 0.2196401796875 0.438202246875 0.21364317812500003 0.43258427031249996 0.2076461765625 0.43258427031249996 0.1994003 0.44101123593749997 0.198650675 0.45692883906250004
0 0.200149925 0.5028089890625 0.2031484265625 0.510299625 0.2091454265625 0.51404494375 0.2181409296875 0.510299625 0.2211394296875 0.50374531875 0.2196401796875 0.4822097375 0.21364317812500003 0.4765917609375 0.20839580156249998 0.4765917609375 0.200149925 0.484082396875 0.200149925 0.5028089890625
0 0.2053973015625 0.55243445625 0.21364317812500003 0.5533707859375 0.22188905625 0.5468164796874999 0.22263868125 0.533707865625 0.2196401796875 0.522471909375 0.20839580156249998 0.5187265921875001 0.20089955 0.5271535578125001 0.200149925 0.5421348312500001 0.2053973015625 0.55243445625
0 0.2031484265625 0.589887640625 0.20989505312499998 0.589887640625 0.22263868125 0.5777153562499999 0.22263868125 0.5664794 0.2158920546875 0.558052434375 0.2046476765625 0.5589887640625 0.200149925 0.5674157296875 0.198650675 0.5805243453125 0.2031484265625 0.589887640625
0 0.3050974515625 0.60580524375 0.3200899546875 0.6048689140625 0.32608695625 0.596441946875 0.32458770625 0.5852059921875 0.3185907046875 0.5805243453125 0.30209895000000003 0.5805243453125 0.2953523234375 0.58801498125 0.2961019484375 0.6011235953125 0.3050974515625 0.60580524375
0 0.4167916046875 0.6039325843750001 0.434782609375 0.6039325843750001 0.4422788609375 0.596441946875 0.4430284859375 0.5870786515625 0.438530734375 0.579588015625 0.41904047968749997 0.5786516859375 0.413793103125 0.582397003125 0.411544228125 0.593632959375 0.4167916046875 0.6039325843750001
0 0.52248875625 0.589887640625 0.5209895046875 0.6039325843750001 0.52323838125 0.6132958796875 0.5299850078125 0.6198501875 0.5337331328125 0.6189138578125 0.538980509375 0.614232209375 0.5434782609375 0.6029962546875 0.5434782609375 0.582397003125 0.539730134375 0.5786516859375 0.5314842578125 0.5786516859375 0.52248875625 0.589887640625
0 0.5832083953125 0.6292134828125 0.5937031484374999 0.6292134828125 0.6019490249999999 0.6179775281250001 0.59970015 0.6029962546875 0.5937031484374999 0.593632959375 0.5832083953125 0.5973782765625 0.5794602703125 0.6086142328124999 0.5787106453125 0.6226591765625 0.5832083953125 0.6292134828125
0 0.6439280359375 0.628277153125 0.6521739125 0.6273408234375 0.6596701656249999 0.6179775281250001 0.6574212890625 0.600187265625 0.6529235375 0.5945692890625 0.6439280359375 0.5955056187500001 0.637931034375 0.6095505625000001 0.637181409375 0.6207865171875 0.6439280359375 0.628277153125
0 0.70089955 0.6198501875 0.712893553125 0.6226591765625 0.7181409296875 0.6179775281250001 0.7203898046874999 0.6095505625000001 0.714392803125 0.5889513109375 0.7061469265625 0.58801498125 0.6994003 0.5992509359375 0.698650675 0.6151685390625 0.70089955 0.6198501875
0 0.761619190625 0.62359550625 0.77211394375 0.62359550625 0.7788605703125 0.6151685390625 0.77811094375 0.600187265625 0.77211394375 0.5908239703125 0.763868065625 0.5917603 0.7586206890625 0.60580524375 0.7571214390625001 0.614232209375 0.761619190625 0.62359550625
0 0.82458770625 0.6226591765625 0.8335832078125 0.6207865171875 0.839580209375 0.6114232203125 0.8380809593749999 0.5973782765625 0.8335832078125 0.5889513109375 0.8253373312500001 0.589887640625 0.8185907046875001 0.6048689140625 0.8185907046875001 0.61610486875 0.82458770625 0.6226591765625
0 0.884557721875 0.6226591765625 0.8928035984375 0.6198501875 0.89730135 0.6123595500000001 0.8958020984375 0.5945692890625 0.8920539734374999 0.58801498125 0.8838080953125 0.5889513109375 0.87706146875 0.6048689140625 0.8763118437499999 0.6132958796875 0.884557721875 0.6226591765625
0 0.938530734375 0.6189138578125 0.9482758625000001 0.6198501875 0.9535232390624999 0.614232209375 0.9557721140625001 0.59831460625 0.9520239875 0.5861423218749999 0.9422788609375001 0.5870786515625 0.936281859375 0.600187265625 0.935532234375 0.614232209375 0.938530734375 0.6189138578125
0 1 0.5868111296875 0.9955022484375 0.596441946875 0.9932533734375 0.6048689140625 0.9955022484375 0.6151685390625 1 0.6168971484375 1 0.5868111296875
1 0 0.637044603125 0.0089955015625 0.6385767796875 0.0217391296875 0.6292134828125 0.02473763125 0.621722846875 0.02398800625 0.6039325843750001 0.0172413796875 0.589887640625 0 0.5854010609375 0 0.637044603125
1 0.02773613125 0.600187265625 0.02773613125 0.6179775281250001 0.038980509375 0.6348314609375 0.0532233890625 0.635767790625 0.062218890625 0.6273408234375 0.06521739062500001 0.61610486875 0.06446776562499999 0.6029962546875 0.056221889062499995 0.58801498125 0.038230884375 0.5861423218749999 0.0292353828125 0.5945692890625 0.02773613125 0.600187265625
1 0.07721139375 0.6329588015625001 0.0952023984375 0.6348314609375 0.1056971515625 0.62359550625 0.10494752656249999 0.5973782765625 0.097451275 0.5870786515625 0.07796101875 0.5861423218749999 0.0697151421875 0.600187265625 0.0689655171875 0.614232209375 0.07721139375 0.6329588015625001
1 0.110194903125 0.596441946875 0.110194903125 0.6198501875 0.1169415296875 0.6320224718749999 0.12293853125000001 0.635767790625 0.1334332828125 0.635767790625 0.1439280359375 0.6273408234375 0.1469265375 0.6198501875 0.1469265375 0.6048689140625 0.13868065937500001 0.58801498125 0.12368815625 0.5842696625 0.110194903125 0.596441946875
1 0.1514242875 0.6151685390625 0.1581709140625 0.62640449375 0.1671664171875 0.6301498125 0.189655171875 0.6151685390625 0.19415292343749999 0.6048689140625 0.189655171875 0.5889513109375 0.1814092953125 0.5833333328125 0.160419790625 0.5842696625 0.1506746625 0.5992509359375 0.1514242875 0.6151685390625
1 0.22188905625 0.582397003125 0.21289355312499997 0.5926966296875 0.215142428125 0.6039325843750001 0.22638680625 0.6067415734375 0.2691154421875 0.6067415734375 0.27736131875000003 0.6039325843750001 0.2818590703125 0.596441946875 0.2796101953125 0.5870786515625 0.2668665671875 0.582397003125 0.2466266859375 0.5861423218749999 0.23013493281250003 0.5805243453125 0.22188905625 0.582397003125
1 0.32983508281249996 0.5870786515625 0.3305847078125 0.600187265625 0.3440779609375 0.6067415734375 0.385307346875 0.6048689140625 0.39205397343750004 0.600187265625 0.3943028484375 0.5908239703125 0.3935532234375 0.5861423218749999 0.385307346875 0.579588015625 0.338830584375 0.579588015625 0.33283358281250003 0.5814606734375001 0.32983508281249996 0.5870786515625
1 0.4467766109375 0.59831460625 0.4505247375 0.6029962546875 0.46026986562500005 0.6048689140625 0.500749625 0.6029962546875 0.509745128125 0.589887640625 0.5082458765625 0.5842696625 0.5 0.5777153562499999 0.4550224890625 0.5777153562499999 0.4460269859375 0.5852059921875 0.4467766109375 0.59831460625
1 0.5449775109375 0.62640449375 0.560719640625 0.628277153125 0.5682158921875 0.6245318359375001 0.5742128937500001 0.61610486875 0.5794602703125 0.58801498125 0.5719640187499999 0.5786516859375 0.5539730140625 0.5777153562499999 0.5494752625 0.5814606734375001 0.5442278859375 0.6011235953125 0.5449775109375 0.62640449375
1 0.600449775 0.5861423218749999 0.600449775 0.5992509359375 0.6079460265625001 0.6198501875 0.6161919046875 0.6273408234375 0.62743628125 0.62359550625 0.635682159375 0.6067415734375 0.637181409375 0.5842696625 0.62593703125 0.575842696875 0.6124437781250001 0.575842696875 0.6034482765625 0.5805243453125 0.600449775 0.5861423218749999
1 0.660419790625 0.5842696625 0.6596701656249999 0.5992509359375 0.6694152921875001 0.6245318359375001 0.67766116875 0.62640449375 0.6919040484375001 0.6189138578125 0.6964017984375 0.5992509359375 0.6964017984375 0.5861423218749999 0.6919040484375001 0.5786516859375 0.67316341875 0.5739700375 0.6649175406250001 0.5767790265625 0.660419790625 0.5842696625
1 0.7226386812500001 0.5861423218749999 0.7226386812500001 0.602059925 0.72713643125 0.6179775281250001 0.736131934375 0.6245318359375001 0.7466266859374999 0.6207865171875 0.7571214390625001 0.5955056187500001 0.7578710640625 0.5861423218749999 0.7548725640625 0.579588015625 0.7458770609375 0.5739700375 0.7316341828125 0.5739700375 0.7226386812500001 0.5861423218749999
1 0.7811094453125 0.600187265625 0.788605696875 0.6198501875 0.798350825 0.6226591765625 0.810344828125 0.614232209375 0.8170914546875 0.5889513109375 0.8110944531250001 0.5749063671875 0.790104946875 0.5730337078125001 0.785607196875 0.5749063671875 0.7811094453125 0.5833333328125 0.7811094453125 0.600187265625
1 0.8478260875 0.5739700375 0.8418290859375 0.5842696625 0.8410794609375 0.5945692890625 0.8455772109374999 0.614232209375 0.8538230890625 0.621722846875 0.864317840625 0.6189138578125 0.87406296875 0.5973782765625 0.8755622187500001 0.5842696625 0.8733133437499999 0.5777153562499999 0.864317840625 0.5711610484375 0.8538230890625 0.5711610484375 0.8478260875 0.5739700375
1 0.9047976015625 0.5730337078125001 0.90029985 0.5814606734375001 0.90029985 0.5992509359375 0.9040479765624999 0.6132958796875 0.9130434781250001 0.6198501875 0.9257871062499999 0.6151685390625 0.9310344828125 0.6048689140625 0.9332833578124999 0.5908239703125 0.9302848578124999 0.5739700375 0.92428785625 0.57022471875 0.910044978125 0.57022471875 0.9047976015625 0.5730337078125001
1 0.960269865625 0.579588015625 0.959520240625 0.593632959375 0.9640179906249999 0.6123595500000001 0.9707646171875 0.6189138578125 0.9812593703125 0.6170411984374999 0.9902548718749999 0.5973782765625 0.9917541234374999 0.5842696625 0.988755621875 0.5730337078125001 0.9812593703125 0.568352059375 0.9677661171875 0.5692883890625 0.960269865625 0.579588015625