0 0.11905705156249999 0 0.11806656093750001 0.0009900984375 0.11806656093750001 0.0237623765625 0.12282091875000001 0.0297029703125 0.12995245625000001 0.030693068750000004 0.1394611734375 0.018811881250000002 0.1418383515625 0.0069306937499999995 0.1362916 0 0.11905705156249999 0
0 0.1418383515625 0.046534653125 0.1481774953125 0.053465346875 0.15768621249999998 0.053465346875 0.161648178125 0.0198019796875 0.15610142656249998 0.014851484374999998 0.147385103125 0.014851484374999998 0.140253565625 0.024752475 0.1386687796875 0.037623762500000005 0.1418383515625 0.046534653125
0 0.11965134687500001 0.0673267328125 0.1236133125 0.07524752500000001 0.13074485 0.0762376234375 0.140253565625 0.0673267328125 0.1434231375 0.051485148437499996 0.133122028125 0.037623762500000005 0.12282091875000001 0.0396039609375 0.11965134687500001 0.043564356250000005 0.11965134687500001 0.0673267328125
0 0.1481774953125 0.1 0.1584786046875 0.091089109375 0.1592709984375 0.071287128125 0.153724246875 0.0643564359375 0.147385103125 0.0643564359375 0.1323296359375 0.085148515625 0.1378763859375 0.097029703125 0.1481774953125 0.1
0 0.133122028125 0.1326732671875 0.14421553125 0.1326732671875 0.15451664062499998 0.12079207968750001 0.15293185468749998 0.109900990625 0.146592709375 0.10396039531250001 0.13153724218750001 0.1 0.12519809843750002 0.10594059375 0.12519809843750002 0.121782178125 0.133122028125 0.1326732671875
0 0.1347068140625 0.16930693125000001 0.147385103125 0.16930693125000001 0.15610142656249998 0.15643564375000002 0.15610142656249998 0.1455445546875 0.1489698890625 0.1376237625 0.133122028125 0.1386138609375 0.12678288437500002 0.147524753125 0.1275752765625 0.1613861390625 0.1347068140625 0.16930693125000001
0 0.133122028125 0.2079207921875 0.1426307453125 0.209900990625 0.1521394609375 0.202970296875 0.15451664062499998 0.18118811875000002 0.15134706874999998 0.17722772343749998 0.1386687796875 0.17425742500000002 0.12836767031250002 0.18316831718749998 0.12836767031250002 0.2 0.133122028125 0.2079207921875
0 0.1323296359375 0.24851485156250003 0.1394611734375 0.2544554453125 0.1481774953125 0.2514851484375 0.15293185468749998 0.24356435625 0.15293185468749998 0.22079207968749998 0.14421553125 0.21386138593749998 0.1323296359375 0.2198019796875 0.12995245625000001 0.2237623765625 0.1323296359375 0.24851485156250003
0 0.1489698890625 0.29900990156249996 0.153724246875 0.2861386140625 0.1521394609375 0.266336634375 0.1418383515625 0.259405940625 0.13153724218750001 0.26930693125 0.133122028125 0.2950495046875 0.1386687796875 0.3 0.1489698890625 0.29900990156249996
0 0.147385103125 0.346534653125 0.153724246875 0.3366336640625 0.1521394609375 0.309900990625 0.1426307453125 0.3049504953125 0.1323296359375 0.314851484375 0.133914421875 0.3415841578125 0.140253565625 0.347524753125 0.147385103125 0.346534653125
0 0.1394611734375 0.3891089109375 0.14976228281249998 0.38712871249999997 0.153724246875 0.38118811875 0.15293185468749998 0.359405940625 0.1481774953125 0.3544554453125 0.140253565625 0.3544554453125 0.133122028125 0.359405940625 0.1347068140625 0.3831683171875 0.1394611734375 0.3891089109375
0 0.141045959375 0.433663365625 0.14976228281249998 0.43168316874999996 0.15451664062499998 0.425742575 0.153724246875 0.4009900984375 0.1481774953125 0.3950495046875 0.140253565625 0.3950495046875 0.133122028125 0.40297029687499997 0.133122028125 0.425742575 0.141045959375 0.433663365625
0 0.1354992078125 0.47326732656250003 0.141045959375 0.4792079203125 0.1521394609375 0.47722772343750003 0.15610142656249998 0.466336634375 0.153724246875 0.44455445468750004 0.1434231375 0.4386138609375 0.133914421875 0.44653465312499996 0.133122028125 0.46732673281250003 0.1354992078125 0.47326732656250003
0 0.13708399375 0.5237623765625 0.1489698890625 0.525742575 0.15293185468749998 0.5227722765625 0.15610142656249998 0.5148514843750001 0.153724246875 0.4891089109375 0.14421553125 0.485148515625 0.1347068140625 0.49306930624999995 0.133914421875 0.5138613859375 0.13708399375 0.5237623765625
0 0.13708399375 0.566336634375 0.140253565625 0.56930693125 0.1521394609375 0.5673267328125 0.15689381875 0.5574257421875 0.15451664062499998 0.5376237625 0.1418383515625 0.533663365625 0.1347068140625 0.5415841578125 0.133914421875 0.559405940625 0.13708399375 0.566336634375
0 0.1354992078125 0.58118811875 0.1347068140625 0.5861386140625 0.1394611734375 0.59306930625 0.161648178125 0.6128712875 0.17115689375 0.6138613859375 0.1759112515625 0.608910890625 0.1727416796875 0.5990099015625 0.160855784375 0.59405940625 0.153724246875 0.5762376234375 0.1434231375 0.5732673265625 0.1354992078125 0.58118811875
0 0.188589540625 0.6039603953125 0.188589540625 0.6128712875 0.1933438984375 0.6217821781249999 0.2099841515625 0.6237623765625 0.21949286875000001 0.6168316828125 0.22028526093749998 0.6049504953125 0.21711568906249998 0.5990099015625 0.20522979375 0.5960396046875001 0.19255150625 0.5990099015625 0.188589540625 0.6039603953125
0 0.319334390625 0.6217821781249999 0.33518225 0.6217821781249999 0.34310618125 0.6128712875 0.3415213953125 0.5980198015625 0.33518225 0.59405940625 0.31695721093749996 0.5950495046875 0.311410459375 0.6019801984375001 0.311410459375 0.6138613859375 0.319334390625 0.6217821781249999
0 0.43819334374999996 0.61881188125 0.45562599062500003 0.6217821781249999 0.46513470625000003 0.6138613859375 0.4667194921875 0.5990099015625 0.46196513437500003 0.59306930625 0.44532488125 0.5920792078125 0.43423137812499996 0.5990099015625 0.4334389859375 0.608910890625 0.43819334374999996 0.61881188125
0 0.5134706812500001 0.6455445546874999 0.5269413625 0.647524753125 0.5340729 0.6415841578125 0.5356576859375 0.6306930687500001 0.5293185421875 0.6118811875 0.517432646875 0.6118811875 0.5118858953125 0.6237623765625 0.5103011093750001 0.6396039609375 0.5134706812500001 0.6455445546874999
0 0.5768621234375 0.646534653125 0.584786053125 0.6485148515625 0.59667195 0.6386138609375 0.59587955625 0.6207920796875 0.5903328046875 0.6108910890625 0.5800316953125 0.6118811875 0.5736925515625 0.6267326734374999 0.5729001578124999 0.6386138609375 0.5768621234375 0.646534653125
0 0.6378763859375 0.64356435625 0.64421553125 0.646534653125 0.6576862125 0.6396039609375 0.6584786046875 0.6227722765625 0.65134706875 0.6108910890625 0.6426307453125 0.6118811875 0.63708399375 0.6227722765625 0.6354992078125 0.6386138609375 0.6378763859375 0.64356435625
0 0.7210776546875 0.6366336640625 0.722662440625 0.6207920796875 0.718700475 0.608910890625 0.709191759375 0.6069306937500001 0.701267828125 0.61881188125 0.701267828125 0.6396039609375 0.7099841515625 0.64356435625 0.7210776546875 0.6366336640625
0 0.7630744843749999 0.6366336640625 0.7694136296874999 0.6425742578125 0.7789223453125 0.6405940593749999 0.7852614890625 0.6306930687500001 0.781299525 0.608910890625 0.7725832015625 0.60594059375 0.7662440578124999 0.6118811875 0.7614896984375 0.6297029703125 0.7630744843749999 0.6366336640625
0 0.8296354984375001 0.6386138609375 0.839144215625 0.6396039609375 0.8478605390625 0.63168316875 0.8470681453125 0.6138613859375 0.8407290015625 0.6039603953125 0.8343898578125 0.6049504953125 0.8272583203125 0.6198019796875001 0.8264659265625 0.6306930687500001 0.8296354984375001 0.6386138609375
0 0.8906497625 0.6376237625 0.900950871875 0.6396039609375 0.9064976234375001 0.6356435640625 0.9096671953125 0.6217821781249999 0.9049128375000001 0.6039603953125 0.894611728125 0.6039603953125 0.8882725828125 0.6178217828125 0.8874801906249999 0.63168316875 0.8906497625 0.6376237625
0 0.9667194921875 0.633663365625 0.97226624375 0.6227722765625 0.9675118859375 0.6019801984375001 0.95958795625 0.6 0.951664025 0.609900990625 0.9500792390624999 0.63168316875 0.9572107765625001 0.6376237625 0.9667194921875 0.633663365625
1 1 0.5821782171875001 0.9849445328125 0.5821782171875001 0.9754358156249999 0.5950495046875 0.9754358156249999 0.614851484375 0.9817749609374999 0.63168316875 1 0.63168316875 1 0.5821782171875001
1 0 0.652277228125 0.0055467515625 0.6495049500000001 0.010301109375 0.6415841578125 0.011093503125 0.61881188125 0.0023771796875 0.6029702968749999 0 0.602846534375 0 0.652277228125
1 0.017432646875 0.6118811875 0.0158478609375 0.6356435640625 0.0229793984375 0.65049505 0.0419968296875 0.653465346875 0.051505546874999995 0.646534653125 0.054675118749999994 0.6376237625 0.054675118749999994 0.6207920796875 0.04754358125 0.6049504953125 0.0427892234375 0.6009900984375001 0.0293185421875 0.6 0.017432646875 0.6118811875
1 0.0705229796875 0.653465346875 0.085578446875 0.653465346875 0.09667194999999999 0.6415841578125 0.099049128125 0.6227722765625 0.0879556265625 0.6019801984375001 0.072107765625 0.6 0.05942947656250001 0.614851484375 0.05942947656250001 0.6386138609375 0.0705229796875 0.653465346875
1 0.10459587968749999 0.6079207921875 0.10459587968749999 0.6257425750000001 0.11172741718750001 0.633663365625 0.1236133125 0.633663365625 0.1418383515625 0.624752475 0.1584786046875 0.6237623765625 0.1624405703125 0.61881188125 0.15768621249999998 0.6079207921875 0.1386687796875 0.5950495046875 0.11251980937499999 0.5980198015625 0.10459587968749999 0.6079207921875
1 0.23454833593750002 0.6237623765625 0.2820919171875 0.6227722765625 0.2931854203125 0.6138613859375 0.2923930265625 0.6029702968749999 0.2828843109375 0.5960396046875001 0.23217115625 0.5960396046875001 0.22503962031250002 0.6039603953125 0.2258320125 0.6168316828125 0.23454833593750002 0.6237623765625
1 0.3470681453125 0.614851484375 0.35578446874999997 0.6217821781249999 0.4025356578125 0.6207920796875 0.40808240937500007 0.61881188125 0.413629159375 0.609900990625 0.4120443734375 0.5980198015625 0.4064976234375 0.59405940625 0.353407290625 0.59405940625 0.3470681453125 0.5990099015625 0.3470681453125 0.614851484375
1 0.49128367656250005 0.6425742578125 0.5047543578125 0.6326732671874999 0.5126782890625 0.6108910890625 0.511093503125 0.6 0.49762282031250005 0.5920792078125 0.4746434234375 0.59405940625 0.4683042796875 0.6079207921875 0.4675118859375 0.6257425750000001 0.49128367656250005 0.6425742578125
1 0.54041204375 0.5950495046875 0.5356576859375 0.6029702968749999 0.53486529375 0.6168316828125 0.5396196515625 0.634653465625 0.5499207609375001 0.6455445546874999 0.557844690625 0.6455445546874999 0.5641838359375 0.6405940593749999 0.5736925515625 0.6138613859375 0.5729001578124999 0.5990099015625 0.5665610140624999 0.59306930625 0.5530903328125001 0.591089109375 0.54041204375 0.5950495046875
1 0.59667195 0.6039603953125 0.6006339140625 0.6306930687500001 0.606973059375 0.6415841578125 0.619651346875 0.64356435625 0.6307448499999999 0.63168316875 0.6362916000000001 0.6118811875 0.6354992078125 0.6 0.6307448499999999 0.59405940625 0.61014263125 0.590099009375 0.60301109375 0.59306930625 0.59667195 0.6039603953125
1 0.6584786046875 0.6 0.6592709984375 0.61881188125 0.6656101421875 0.633663365625 0.6759112515625 0.6405940593749999 0.6838351828125 0.6405940593749999 0.69255150625 0.633663365625 0.6996830421875 0.6079207921875 0.69889065 0.5990099015625 0.69255150625 0.591089109375 0.6656101421875 0.590099009375 0.6584786046875 0.6
1 0.7250396203125 0.614851484375 0.73217115625 0.6376237625 0.7464342312500001 0.6405940593749999 0.7559429484375 0.6306930687500001 0.7622820921875 0.608910890625 0.7591125203125 0.59306930625 0.7496038031250001 0.5881188125000001 0.7353407296875 0.5881188125000001 0.7258320125 0.5990099015625 0.7250396203125 0.614851484375
1 0.786846275 0.5990099015625 0.7892234546875 0.6267326734374999 0.7955625984375 0.6366336640625 0.8074484937499999 0.6396039609375 0.8185419968750001 0.6306930687500001 0.8240887484374999 0.6079207921875 0.8240887484374999 0.5990099015625 0.8185419968750001 0.5891089109375 0.811410459375 0.5861386140625 0.7955625984375 0.5881188125000001 0.786846275 0.5990099015625
1 0.8510301109375 0.5990099015625 0.8510301109375 0.614851484375 0.8565768625000001 0.6326732671874999 0.8629160062500001 0.6376237625 0.8755942953125 0.633663365625 0.8858954046875 0.608910890625 0.8835182250000001 0.591089109375 0.8787638671875 0.5861386140625 0.8629160062500001 0.585148515625 0.8557844687499999 0.5891089109375 0.8510301109375 0.5990099015625
1 0.9223454828125 0.5841584156249999 0.9120443734375 0.5960396046875001 0.9120443734375 0.614851484375 0.9167987328124999 0.6306930687500001 0.9239302687500001 0.6366336640625 0.9374009515624999 0.633663365625 0.9445324875000001 0.6227722765625 0.9469096671875 0.6118811875 0.9477020609375 0.5990099015625 0.9437400953124999 0.5871287125 0.935023771875 0.5831683171875001 0.9223454828125 0.5841584156249999