1 0 0.61848455625 0.001543209375 0.6216216218749999 0.0177469140625 0.6264478765625 0.0293209875 0.6196911203125001 0.0331790125 0.6119691125 0.0339506171875 0.596525096875 0.028549382812500003 0.5801158296875 0.013117284375 0.5733590734375 0.0030864203125 0.5762548265625 0 0.5805448296875 0 0.61848455625
1 0.038580246875 0.6110038609374999 0.047839506250000004 0.625482625 0.061728395312499997 0.6264478765625 0.071759259375 0.6196911203125001 0.07561728437500001 0.610038609375 0.07561728437500001 0.5945945953125 0.0655864203125 0.5762548265625 0.047839506250000004 0.574324325 0.037808642187500005 0.5888030890625 0.038580246875 0.6110038609374999
1 0.08796296249999999 0.6235521234375 0.104938271875 0.6235521234375 0.11651234531250002 0.6129343625 0.119598765625 0.590733590625 0.1095679015625 0.575289575 0.0910493828125 0.5733590734375 0.0817901234375 0.5830115828125 0.08101851875 0.6110038609374999 0.08796296249999999 0.6235521234375
1 0.125 0.58108108125 0.12654320937500002 0.59362934375 0.134259259375 0.59942085 0.1844135796875 0.596525096875 0.1975308640625 0.5868725875 0.1936728390625 0.574324325 0.1844135796875 0.5704633203125 0.1512345671875 0.5772200765625 0.141975309375 0.5714285718750001 0.134259259375 0.5714285718750001 0.125 0.58108108125
1 0.25 0.5897683390624999 0.2623456796875 0.596525096875 0.3040123453125 0.5955598453125 0.3148148140625 0.5859073359375 0.31327160468750004 0.574324325 0.30478394999999997 0.56949806875 0.2615740734375 0.56853281875 0.2530864203125 0.5704633203125 0.2492283953125 0.5762548265625 0.25 0.5897683390624999
1 0.3688271609375 0.5888030890625 0.3773148140625 0.5945945953125 0.42206790156249996 0.59362934375 0.43132716093749995 0.5868725875 0.433641975 0.5772200765625 0.43055555625 0.5704633203125 0.41820987656249997 0.5666023171875 0.3773148140625 0.5666023171875 0.36805555624999997 0.5733590734375 0.3688271609375 0.5888030890625
1 0.48070987656249997 0.6081081078125 0.4953703703125 0.6167953671874999 0.50771605 0.6119691125 0.51466049375 0.603281853125 0.5192901234375 0.575289575 0.5123456796875 0.5666023171875 0.490740740625 0.565637065625 0.4861111109375 0.56853281875 0.48148148125 0.5820463328125001 0.48070987656249997 0.6081081078125
1 0.5447530859375 0.603281853125 0.5555555562500001 0.6177606171875001 0.5655864203125 0.615830115625 0.5709876546875 0.610038609375 0.5802469140625 0.5859073359375 0.578703703125 0.572393821875 0.5655864203125 0.5646718140625 0.549382715625 0.565637065625 0.5408950625 0.578185328125 0.5447530859375 0.603281853125
1 0.6018518515625 0.5762548265625 0.6018518515625 0.5916988421875 0.61033950625 0.6129343625 0.6226851859375 0.615830115625 0.6350308640625 0.60617760625 0.641203703125 0.5859073359375 0.641203703125 0.574324325 0.6350308640625 0.5666023171875 0.6126543203125 0.5637065640625 0.60648148125 0.5666023171875 0.6018518515625 0.5762548265625
1 0.6666666671875 0.572393821875 0.66512345625 0.5859073359375 0.66898148125 0.6042471046875 0.67669753125 0.6138996140625 0.6882716046875 0.6129343625 0.6975308640625 0.6013513515625 0.7029320984375 0.5733590734375 0.69830246875 0.5666023171875 0.6898148140625 0.5627413125 0.6759259265625001 0.5627413125 0.6666666671875 0.572393821875
1 0.7345679015625 0.610038609375 0.746141975 0.6129343625 0.75771605 0.6042471046875 0.7638888890625 0.574324325 0.7561728390625 0.5627413125 0.73533950625 0.5617760625 0.726080246875 0.5733590734375 0.7268518515625 0.5916988421875 0.7345679015625 0.610038609375
1 0.79012345625 0.5714285718750001 0.7893518515625 0.5868725875 0.795524690625 0.6071428578125 0.8040123453125 0.6119691125 0.8148148140625 0.60617760625 0.8240740734375 0.5820463328125001 0.821759259375 0.565637065625 0.8109567906249999 0.559845559375 0.8024691359375 0.559845559375 0.796296296875 0.5617760625 0.79012345625 0.5714285718750001
1 0.8487654328125 0.5820463328125001 0.8541666671874999 0.603281853125 0.8634259265625 0.610038609375 0.875 0.60617760625 0.8811728390625 0.5955598453125 0.8850308640625 0.578185328125 0.8796296296874999 0.5617760625 0.8603395062500001 0.558880309375 0.8495370375 0.56949806875 0.8487654328125 0.5820463328125001
1 0.9158950625 0.603281853125 0.921296296875 0.609073359375 0.9351851859375 0.6042471046875 0.9444444437499999 0.5772200765625 0.9405864203125001 0.5608108109375001 0.924382715625 0.55694980625 0.9128086421875 0.565637065625 0.9104938265625 0.5859073359375 0.9158950625 0.603281853125
1 1 0.5591560953125 0.990740740625 0.5550193046875 0.9799382718749999 0.55598455625 0.9699074078125 0.56853281875 0.9706790125 0.590733590625 0.9760802468750001 0.6023166015625 0.983796296875 0.6071428578125 0.9953703703125001 0.6052123546875 1 0.590470340625 1 0.5591560953125
0 0.14827675 0 0.1481481484375 0.0019305015625000002 0.1543209875 0.0135135140625 0.1628086421875 0.015444015624999998 0.1682098765625 0.0115830109375 0.171296296875 0.002895753125 0.171296296875 0 0.14827675 0
0 0.1504629625 0.0241312734375 0.1504629625 0.012548262499999999 0.141203703125 0.0019305015625000002 0.13580246875 0.0019305015625000002 0.1296296296875 0.007722007812499999 0.1296296296875 0.0376447875 0.13966049375 0.040540540624999996 0.1504629625 0.0241312734375
0 0.1466049375 0.047297296875 0.156635803125 0.058880309374999995 0.1658950625 0.057915057812500004 0.16898148125 0.0521235515625 0.16898148125 0.0260617765625 0.1620370375 0.021235521875 0.1520061734375 0.0260617765625 0.1466049375 0.038610039062500004 0.1466049375 0.047297296875
0 0.13580246875 0.0830115828125 0.145061728125 0.083976834375 0.156635803125 0.0733590734375 0.155864196875 0.065637065625 0.145061728125 0.051158301562499994 0.13580246875 0.051158301562499994 0.13194444375 0.057915057812500004 0.13194444375 0.07722007656249999 0.13580246875 0.0830115828125
0 0.1373456796875 0.10521235468750001 0.141975309375 0.1129343625 0.1550925921875 0.11583011562500001 0.1658950625 0.10810810781249999 0.167438271875 0.0926640921875 0.1643518515625 0.0859073359375 0.1574074078125 0.0830115828125 0.1442901234375 0.08880308906249999 0.13811728437499998 0.097490346875 0.1373456796875 0.10521235468750001
0 0.1442901234375 0.15057915 0.1574074078125 0.14961390000000002 0.16512345625 0.139961390625 0.16512345625 0.1303088796875 0.1574074078125 0.12065637031250001 0.1427469140625 0.12065637031250001 0.1365740734375 0.1293436296875 0.1365740734375 0.1428571421875 0.1442901234375 0.15057915
0 0.141975309375 0.18725868750000002 0.1550925921875 0.18918918906249999 0.15972222187500001 0.1853281859375 0.163580246875 0.1640926640625 0.1581790125 0.15637065625 0.14737654375 0.1554054046875 0.13811728437499998 0.165057915625 0.1373456796875 0.17760617812499999 0.141975309375 0.18725868750000002
0 0.1604938265625 0.224903475 0.1628086421875 0.202702703125 0.1581790125 0.1959459453125 0.14737654375 0.1949806953125 0.13966049375 0.2046332046875 0.141975309375 0.227799228125 0.1543209875 0.23069498125000001 0.1604938265625 0.224903475
0 0.1427469140625 0.272200771875 0.148919753125 0.2770270265625 0.1574074078125 0.2760617765625 0.1628086421875 0.26544401562500003 0.15972222187500001 0.2393822390625 0.1496913578125 0.2364864859375 0.141975309375 0.24420849375000003 0.14043209843749999 0.2625482625 0.1427469140625 0.272200771875
0 0.1581790125 0.3166023171875 0.1628086421875 0.30984555937499997 0.1620370375 0.2915057921875 0.1520061734375 0.283783784375 0.1427469140625 0.2924710421875 0.141975309375 0.3127413125 0.14737654375 0.3175675671875 0.1581790125 0.3166023171875
0 0.141975309375 0.3523166015625 0.1442901234375 0.3581081078125 0.148919753125 0.3619691125 0.1581790125 0.36100386093750003 0.163580246875 0.3523166015625 0.1620370375 0.33011582968750003 0.1581790125 0.325289575 0.1504629625 0.32432432499999997 0.1427469140625 0.33204633281249996 0.141975309375 0.3523166015625
0 0.1458333328125 0.40347490312499995 0.156635803125 0.40540540468749997 0.1620370375 0.40154440156250004 0.1620370375 0.372586871875 0.1574074078125 0.36776061718749997 0.148919753125 0.36776061718749997 0.1427469140625 0.37548262499999996 0.141975309375 0.390926640625 0.1458333328125 0.40347490312499995
0 0.1620370375 0.4488416984375 0.16512345625 0.44015444062500003 0.1628086421875 0.4169884171875 0.1520061734375 0.41216216250000004 0.1427469140625 0.42277992343750004 0.14351851875 0.4459459453125 0.1504629625 0.4517374515625 0.1620370375 0.4488416984375
0 0.148919753125 0.4951737453125 0.1581790125 0.4951737453125 0.1643518515625 0.4893822390625 0.16512345625 0.46911196874999994 0.1620370375 0.4623552125 0.1504629625 0.45849420781249994 0.14351851875 0.46718146718750003 0.14351851875 0.48648648593750005 0.148919753125 0.4951737453125
0 0.145061728125 0.533783784375 0.155864196875 0.5376447875 0.1620370375 0.5357142859375 0.1658950625 0.5289575296875 0.163580246875 0.5067567562499999 0.1550925921875 0.5009652515624999 0.1458333328125 0.5067567562499999 0.14351851875 0.5125482625 0.145061728125 0.533783784375
0 0.145061728125 0.5714285718750001 0.15972222187500001 0.575289575 0.167438271875 0.5704633203125 0.1666666671875 0.5550193046875 0.1628086421875 0.546332046875 0.1512345671875 0.54343629375 0.14351851875 0.5540540546875 0.1427469140625 0.56853281875 0.145061728125 0.5714285718750001
0 0.2214506171875 0.596525096875 0.23533950625000002 0.596525096875 0.244598765625 0.5868725875 0.24305555625 0.575289575 0.23688271562500002 0.5704633203125 0.2206790125 0.56949806875 0.2121913578125 0.578185328125 0.21296296250000002 0.590733590625 0.2214506171875 0.596525096875
0 0.34104938281249997 0.5945945953125 0.35802469062500003 0.59362934375 0.3649691359375 0.583976834375 0.3634259265625 0.5714285718750001 0.35802469062500003 0.5675675671875 0.34027777812500004 0.5675675671875 0.332561728125 0.5762548265625 0.3341049375 0.590733590625 0.34104938281249997 0.5945945953125
0 0.47067901250000005 0.5984555984375 0.4783950625 0.590733590625 0.4791666671875 0.56853281875 0.4645061734375 0.565637065625 0.45447530937499997 0.5733590734375 0.45447530937499997 0.5878378375 0.46141975312500005 0.596525096875 0.47067901250000005 0.5984555984375
0 0.5208333328125 0.61872586875 0.5300925921874999 0.6206563703125 0.54012345625 0.6138996140625 0.5416666671875 0.6013513515625 0.534722221875 0.584942084375 0.5246913578125 0.5859073359375 0.520061728125 0.5945945953125 0.516975309375 0.6119691125 0.5208333328125 0.61872586875
0 0.58101851875 0.615830115625 0.5918209875 0.6196911203125001 0.5987654328125 0.614864865625 0.6018518515625 0.6013513515625 0.5979938265625 0.5878378375 0.5871913578125 0.583976834375 0.5817901234375 0.590733590625 0.578703703125 0.6023166015625 0.58101851875 0.615830115625
0 0.64351851875 0.615830115625 0.6520061734375 0.6177606171875001 0.663580246875 0.6052123546875 0.6620370375 0.5868725875 0.6589506171874999 0.5820463328125001 0.6496913578125 0.58108108125 0.6427469140625 0.590733590625 0.6404320984375 0.6071428578125 0.64351851875 0.615830115625
0 0.7067901234375 0.614864865625 0.718364196875 0.6138996140625 0.7253086421875 0.6042471046875 0.7229938265625 0.5868725875 0.718364196875 0.58108108125 0.7083333328125 0.5830115828125 0.703703703125 0.5945945953125 0.70216049375 0.6042471046875 0.7067901234375 0.614864865625
0 0.7692901234375 0.6119691125 0.7785493828125001 0.6119691125 0.7870370375 0.6042471046875 0.7870370375 0.5916988421875 0.7800925921874999 0.578185328125 0.77237654375 0.5801158296875 0.766203703125 0.5916988421875 0.76466049375 0.603281853125 0.7692901234375 0.6119691125
0 0.8302469140625 0.6129343625 0.8379629625 0.6129343625 0.8456790125 0.6052123546875 0.8464506171874999 0.59362934375 0.8425925921875 0.5791505796875 0.8325617281250001 0.5791505796875 0.8263888890625 0.5916988421875 0.8248456796875001 0.6042471046875 0.8302469140625 0.6129343625
0 0.8904320984374999 0.610038609375 0.8981481484374999 0.610038609375 0.9058641968750001 0.603281853125 0.9066358031249999 0.5859073359375 0.9012345671875 0.575289575 0.89351851875 0.5762548265625 0.8865740734375 0.5916988421875 0.88580246875 0.6013513515625 0.8904320984374999 0.610038609375
0 0.9498456796875001 0.609073359375 0.9598765437500001 0.609073359375 0.9660493828125001 0.603281853125 0.9675925921875 0.59362934375 0.9629629625 0.575289575 0.9529320984374999 0.575289575 0.946759259375 0.5897683390624999 0.9459876546875 0.603281853125 0.9498456796875001 0.609073359375