0 0.1280898875 0 0.127608346875 0.006024096875 0.1340288921875 0.01606425625 0.14526484687500002 0.0190763046875 0.15008025625000002 0.014056225 0.1509791328125 0 0.1280898875 0
0 0.11637239218749999 0.044176706249999996 0.1260032109375 0.0451807234375 0.1388443015625 0.0321285140625 0.137239165625 0.025100401562500003 0.1260032109375 0.011044176562499999 0.117174959375 0.011044176562499999 0.11235955 0.0180722890625 0.11235955 0.036144578125 0.11637239218749999 0.044176706249999996
0 0.136436596875 0.07831325312500001 0.146869984375 0.07128514062499999 0.1492776890625 0.055220882812500004 0.1444622796875 0.0461847390625 0.1348314609375 0.0451807234375 0.1252006421875 0.050200803125000006 0.11878009687499999 0.059236948437500006 0.12038523281249999 0.0732931734375 0.136436596875 0.07831325312500001
0 0.1260032109375 0.11445783125 0.1380417328125 0.11345381562500001 0.146869984375 0.1034136546875 0.146869984375 0.09337349375000001 0.1396468703125 0.08333333281250001 0.1260032109375 0.0823293171875 0.117174959375 0.092369478125 0.117174959375 0.10642570312499999 0.1260032109375 0.11445783125
0 0.1227929375 0.1526104421875 0.135634028125 0.1546184734375 0.1428571421875 0.1475903609375 0.14526484687500002 0.12851405625 0.1388443015625 0.1194779109375 0.1252006421875 0.120481928125 0.11878009687499999 0.12851405625 0.117977528125 0.14257028124999999 0.1227929375 0.1526104421875
0 0.14365971093750002 0.1877510046875 0.1444622796875 0.1686746984375 0.1388443015625 0.1606425703125 0.127608346875 0.1606425703125 0.12038523281249999 0.17068273125 0.12359550625 0.19477911718750002 0.1348314609375 0.1977911640625 0.14365971093750002 0.1877510046875
0 0.1211878015625 0.2309236953125 0.1243980734375 0.24196787187500002 0.13162118750000001 0.2459839359375 0.1396468703125 0.243975903125 0.1444622796875 0.23393574374999998 0.14205457500000002 0.208835340625 0.13162118750000001 0.2038152609375 0.1243980734375 0.208835340625 0.12199036875 0.21586345312500002 0.1211878015625 0.2309236953125
0 0.1300160515625 0.2881526109375 0.1404494375 0.286144578125 0.1444622796875 0.28012048125 0.1444622796875 0.264056225 0.14125200625 0.2570281125 0.13242375625 0.25301204843749997 0.12359550625 0.2600401609375 0.12359550625 0.28313252968749997 0.1300160515625 0.2881526109375
0 0.13162118750000001 0.33433735000000003 0.1404494375 0.33232931718750003 0.14526484687500002 0.3242971890625 0.14365971093750002 0.30120481875 0.1388443015625 0.2951807234375 0.1300160515625 0.2951807234375 0.12359550625 0.3032128515625 0.1243980734375 0.32831325312500004 0.13162118750000001 0.33433735000000003
0 0.126805778125 0.3765060234375 0.1300160515625 0.37951807187500003 0.14125200625 0.377510040625 0.14526484687500002 0.37048192812499997 0.1444622796875 0.3463855421875 0.1340288921875 0.3393574296875 0.12359550625 0.34939759062500003 0.1227929375 0.36445783125000003 0.126805778125 0.3765060234375
0 0.1444622796875 0.42369477968749997 0.1476725515625 0.4096385546875 0.1444622796875 0.39156626562499997 0.133226325 0.386546184375 0.1252006421875 0.39457831250000003 0.1252006421875 0.4226907625 0.1300160515625 0.42670682656250003 0.1444622796875 0.42369477968749997
0 0.1260032109375 0.4678714859375 0.133226325 0.472891565625 0.1444622796875 0.4688755015625 0.1476725515625 0.45582329374999997 0.14526484687500002 0.44076305156249995 0.1340288921875 0.43373493906249994 0.1252006421875 0.44176706875000005 0.12359550625 0.45682730937500005 0.1260032109375 0.4678714859375
0 0.1243980734375 0.4899598390625 0.1260032109375 0.5120481921875 0.13162118750000001 0.51606425625 0.1444622796875 0.514056225 0.1476725515625 0.5090361453125001 0.1476725515625 0.4909638546875 0.1444622796875 0.4829317265625 0.133226325 0.47891566250000006 0.126805778125 0.48393574375000004 0.1243980734375 0.4899598390625
0 0.14847512031250001 0.5512048187499999 0.14847512031250001 0.534136546875 0.1428571421875 0.5240963859375001 0.1292134828125 0.5240963859375001 0.1243980734375 0.534136546875 0.1252006421875 0.5522088359375 0.1300160515625 0.5552208828125 0.14847512031250001 0.5512048187499999
0 0.21589085 0.5773092375 0.2327447828125 0.5773092375 0.24077046562499999 0.5672690765625 0.239967896875 0.557228915625 0.2343499203125 0.5512048187499999 0.21508828281249998 0.550200803125 0.20786516875 0.55823293125 0.20866773749999998 0.57228915625 0.21589085 0.5773092375
0 0.3362760828125 0.5753012046875 0.357945425 0.5753012046875 0.3651685390625 0.5682730921875 0.3659711078125 0.55823293125 0.3603531296875 0.5491967875 0.3410914921875 0.5481927703125 0.3322632421875 0.5562249 0.33146067343749996 0.56526104375 0.3362760828125 0.5753012046875
0 0.4703049765625 0.5853413656249999 0.4791332265625 0.5763052203125001 0.4823434984375 0.5532128515625 0.4735152484375 0.5461847390625 0.466292134375 0.5471887546875001 0.4606741578125 0.5512048187499999 0.456661315625 0.5612449796875 0.456661315625 0.5763052203125001 0.4703049765625 0.5853413656249999
0 0.523274478125 0.601405621875 0.5353130015625001 0.6024096390625 0.5441412515625 0.594377509375 0.541733546875 0.571285140625 0.5361155703125 0.56526104375 0.52728731875 0.56526104375 0.5200642046875 0.580321284375 0.5192616375 0.5913654625 0.523274478125 0.601405621875
0 0.5874799359375 0.601405621875 0.597913321875 0.601405621875 0.6067415734375 0.5903614453125 0.6051364359375 0.5742971890625 0.599518459375 0.56526104375 0.590690209375 0.5662650609375001 0.5834670953125001 0.5823293171875 0.5826645265625 0.592369478125 0.5874799359375 0.601405621875
0 0.65168539375 0.5973895578125 0.6621187796875 0.5953815265625 0.6701444624999999 0.5883534140625 0.6701444624999999 0.571285140625 0.665329053125 0.5612449796875 0.6540930984375 0.5622489953125 0.6492776890624999 0.57228915625 0.6476725515624999 0.5913654625 0.65168539375 0.5973895578125
0 0.712680578125 0.594377509375 0.7191011234375 0.598393575 0.7279293734375 0.5963855421875001 0.7351524875 0.5853413656249999 0.731139646875 0.56526104375 0.721508828125 0.5612449796875 0.7142857140625 0.5702811249999999 0.7110754421875 0.58634538125 0.712680578125 0.594377509375
0 0.7817014453125 0.594377509375 0.7897271265625 0.5953815265625 0.797752809375 0.5903614453125 0.7993579453125 0.5742971890625 0.7945425359375 0.5602409640625 0.78410915 0.5602409640625 0.778491171875 0.571285140625 0.7768860359375 0.58634538125 0.7817014453125 0.594377509375
0 0.8386837874999999 0.5853413656249999 0.843499196875 0.594377509375 0.8547351531249999 0.5933734937499999 0.8611556984375 0.5833333328125 0.8595505625 0.5632530124999999 0.8563402890624999 0.55823293125 0.84831460625 0.55823293125 0.8426966296874999 0.564257028125 0.8394863562499999 0.5773092375 0.8386837874999999 0.5853413656249999
0 0.919743178125 0.5903614453125 0.9245585875 0.5783132531249999 0.9221508828125 0.5592369484375 0.910914928125 0.5562249 0.9044943812499999 0.5672690765625 0.9044943812499999 0.5893574296875 0.910112359375 0.5933734937499999 0.919743178125 0.5903614453125
0 0.98154093125 0.5903614453125 0.9871589078125 0.5783132531249999 0.9831460671875 0.557228915625 0.97271268125 0.5552208828125 0.966292134375 0.5682730921875 0.9646869984374999 0.58634538125 0.97110754375 0.592369478125 0.98154093125 0.5903614453125
1 0 0.6094377515625 0.0032102734375 0.6094377515625 0.0128410921875 0.6004016062499999 0.0160513640625 0.5763052203125001 0.00882825 0.5592369484375 0.0024077046875 0.5552208828125 0 0.5552208828125 0 0.6094377515625
1 0.0216693421875 0.592369478125 0.029695023437500002 0.6084337343749999 0.0489566609375 0.60742971875 0.0577849109375 0.599397590625 0.059390048437499995 0.5742971890625 0.0497592296875 0.557228915625 0.0304975921875 0.5552208828125 0.0248796140625 0.5602409640625 0.0208667734375 0.571285140625 0.0216693421875 0.592369478125
1 0.0634028890625 0.5853413656249999 0.065008025 0.594377509375 0.071428571875 0.6034136546875 0.08507223124999999 0.60742971875 0.1051364359375 0.5883534140625 0.10754414062499999 0.571285140625 0.0971107546875 0.5562249 0.0754414125 0.5542168671875001 0.065008025 0.5632530124999999 0.0634028890625 0.5853413656249999
1 0.12038523281249999 0.5542168671875001 0.1155698234375 0.5592369484375 0.1155698234375 0.571285140625 0.1252006421875 0.5783132531249999 0.184590690625 0.5783132531249999 0.193418940625 0.5672690765625 0.18860353125 0.5532128515625 0.1757624390625 0.550200803125 0.15489566562499998 0.550200803125 0.1428571421875 0.5562249 0.1292134828125 0.557228915625 0.12038523281249999 0.5542168671875001
1 0.245585875 0.5702811249999999 0.258426965625 0.5783132531249999 0.3033707859375 0.5763052203125001 0.3105939 0.57228915625 0.3138041734375 0.564257028125 0.3121990375 0.5552208828125 0.30176565 0.5491967875 0.25521669375 0.5491967875 0.24638844375 0.5542168671875001 0.245585875 0.5702811249999999
1 0.3683788125 0.5682730921875 0.37800963125 0.5763052203125001 0.429373996875 0.5742971890625 0.4373996796875 0.5632530124999999 0.43579454218749997 0.5532128515625 0.428571428125 0.5471887546875001 0.382022471875 0.5461847390625 0.373194221875 0.5481927703125 0.3683788125 0.5542168671875001 0.3683788125 0.5682730921875
1 0.485553771875 0.5562249 0.4807383625 0.57931726875 0.47993579531249997 0.5893574296875 0.485553771875 0.5973895578125 0.4927768859375 0.601405621875 0.5064205453125 0.598393575 0.5120385234375 0.594377509375 0.51845906875 0.57931726875 0.5208667734375 0.557228915625 0.50882825 0.5461847390625 0.4927768859375 0.5471887546875001 0.485553771875 0.5562249
1 0.54654895625 0.5813253015625001 0.5545746390625 0.598393575 0.5634028890625 0.6004016062499999 0.5786516859375 0.58634538125 0.5842696625 0.56526104375 0.5842696625 0.557228915625 0.5786516859375 0.5481927703125 0.552166934375 0.5451807234375 0.5441412515625 0.5562249 0.54654895625 0.5813253015625001
1 0.6067415734375 0.57228915625 0.6155698234375 0.594377509375 0.6243980734375 0.599397590625 0.6380417328125 0.594377509375 0.645264846875 0.5763052203125001 0.6460674156249999 0.5522088359375 0.6356340281249999 0.54417670625 0.6179775281250001 0.54417670625 0.6067415734375 0.5552208828125 0.6067415734375 0.57228915625
1 0.6733547343749999 0.57228915625 0.6805778484375 0.5933734937499999 0.6902086671875 0.5973895578125 0.7054574640625 0.5853413656249999 0.711878009375 0.5612449796875 0.7078651687499999 0.5471887546875001 0.7006420546875 0.543172690625 0.6837881218749999 0.543172690625 0.674157303125 0.5542168671875001 0.6733547343749999 0.57228915625
1 0.74478330625 0.592369478125 0.758426965625 0.5953815265625 0.769662921875 0.58433735 0.7752808984375 0.5542168671875001 0.7672552171875 0.5451807234375 0.7471910109375 0.542168675 0.73595505625 0.5532128515625 0.736757625 0.5753012046875 0.74478330625 0.592369478125
1 0.807383628125 0.5883534140625 0.8202247187499999 0.5933734937499999 0.8306581062499999 0.58634538125 0.8378812203124999 0.5592369484375 0.8330658109375 0.543172690625 0.8113964687499999 0.5411646593749999 0.8017656499999999 0.5532128515625 0.8017656499999999 0.57228915625 0.807383628125 0.5883534140625
1 0.8651685390624999 0.5491967875 0.8635634031249999 0.5622489953125 0.8683788124999999 0.58433735 0.8788121984374999 0.5933734937499999 0.8924558593749999 0.587349396875 0.900481540625 0.5602409640625 0.8980738359375 0.5451807234375 0.8932584265625 0.5401606421875 0.882825040625 0.5381526109375 0.8747993578125 0.5391566265625001 0.8651685390624999 0.5491967875
1 0.9285714281249999 0.5491967875 0.9277688609375 0.564257028125 0.9325842703125 0.58433735 0.939807384375 0.5903614453125 0.95345104375 0.587349396875 0.9630818624999999 0.55823293125 0.9598715890625 0.542168675 0.9526484749999999 0.53714859375 0.939807384375 0.53714859375 0.93418940625 0.5391566265625001 0.9285714281249999 0.5491967875
1 1 0.5361445781249999 0.99919743125 0.5361445781249999 0.99036918125 0.5471887546875001 0.9895666125 0.564257028125 0.995987159375 0.58433735 1 0.58852075 1 0.5361445781249999