0 0.2008272625 0 0.2062600328125 0.011044176562499999 0.2174959875 0.013052209375000002 0.22552166875 0.006024096875 0.22766185156250002 0 0.2008272625 0
0 0.2350065671875 0 0.23033707812499998 0.008032128125 0.2295345109375 0.0210843375 0.2343499203125 0.0311244984375 0.245585875 0.0331325296875 0.2520064203125 0.029116465624999997 0.2560192609375 0.013052209375000002 0.2520064203125 0 0.2350065671875 0
0 0.2110754421875 0.0562249 0.220706259375 0.055220882812500004 0.2295345109375 0.041164659375 0.2295345109375 0.029116465624999997 0.221508828125 0.020080321875 0.21187800937499998 0.020080321875 0.20385232812499998 0.02811245 0.20465489531249997 0.0471887546875 0.2110754421875 0.0562249
0 0.2279293734375 0.06325301250000001 0.2327447828125 0.0742971890625 0.2431781703125 0.0773092375 0.249598715625 0.0732931734375 0.2528089890625 0.0612449796875 0.2528089890625 0.0481927703125 0.249598715625 0.042168675 0.2375601921875 0.0401606421875 0.22873194218749998 0.053212851562499996 0.2279293734375 0.06325301250000001
0 0.21348314531249998 0.1024096390625 0.2199036921875 0.10140562187499999 0.23033707812499998 0.08433735 0.2295345109375 0.0732931734375 0.2199036921875 0.06325301250000001 0.212680578125 0.064257028125 0.20706259999999999 0.070281125 0.20866773749999998 0.098393575 0.21348314531249998 0.1024096390625
0 0.22712680624999998 0.10742971875 0.231139646875 0.1174698796875 0.2375601921875 0.12449799218749999 0.24638844375 0.12349397656250001 0.250401284375 0.10943775156249999 0.249598715625 0.0883534140625 0.2375601921875 0.08333333281250001 0.231942215625 0.0883534140625 0.2279293734375 0.099397590625 0.22712680624999998 0.10742971875
0 0.2142857140625 0.1475903609375 0.22391653281249999 0.1465863453125 0.2343499203125 0.136546184375 0.2351524875 0.1255020078125 0.22552166875 0.1124497984375 0.21589085 0.11044176718750001 0.21027287343749998 0.1194779109375 0.21027287343749998 0.1405622484375 0.2142857140625 0.1475903609375
0 0.22873194218749998 0.1757028109375 0.2383627609375 0.1757028109375 0.2471910109375 0.1666666671875 0.2487961484375 0.151606425 0.2439807390625 0.14156626562500002 0.23595505625 0.1405622484375 0.22231139687499998 0.1526104421875 0.2199036921875 0.1666666671875 0.22873194218749998 0.1757028109375
0 0.2231139640625 0.21184738906249997 0.2343499203125 0.21184738906249997 0.245585875 0.1977911640625 0.2439807390625 0.18674698750000002 0.236757625 0.179718875 0.22391653281249999 0.178714859375 0.21589085 0.1877510046875 0.21508828281249998 0.20180722968749998 0.2231139640625 0.21184738906249997
0 0.2247191015625 0.25 0.2383627609375 0.24899598437499998 0.245585875 0.234939759375 0.24478330625 0.2238955828125 0.2375601921875 0.21586345312500002 0.2247191015625 0.21586345312500002 0.21669341874999998 0.22489959843750001 0.21669341874999998 0.2409638546875 0.2247191015625 0.25
0 0.24077046562499999 0.28714859375 0.2439807390625 0.2751004015625 0.241573034375 0.2600401609375 0.2295345109375 0.2550200796875 0.21829855468749998 0.265060240625 0.2199036921875 0.28915662656249996 0.23033707812499998 0.293172690625 0.24077046562499999 0.28714859375
0 0.2199036921875 0.3263052203125 0.2231139640625 0.33634538125 0.231139646875 0.3403614453125 0.236757625 0.3383534140625 0.2423756015625 0.32831325312500004 0.239967896875 0.30220883593750003 0.23595505625 0.2981927703125 0.2279293734375 0.2981927703125 0.220706259375 0.307228915625 0.2199036921875 0.3263052203125
0 0.2279293734375 0.386546184375 0.23916532968749998 0.3835341359375 0.2423756015625 0.37851405625 0.241573034375 0.351405621875 0.236757625 0.3463855421875 0.22873194218749998 0.3463855421875 0.221508828125 0.35441767031250004 0.221508828125 0.38052208906249996 0.2279293734375 0.386546184375
0 0.2279293734375 0.43373493906249994 0.2383627609375 0.43273092343749997 0.2439807390625 0.41867469843749994 0.24077046562499999 0.39558232968749996 0.2335473515625 0.39156626562499997 0.2263242375 0.393574296875 0.221508828125 0.4026104421875 0.22231139687499998 0.42771084375 0.2279293734375 0.43373493906249994
0 0.22231139687499998 0.46285140625 0.22552166875 0.47389558281250005 0.236757625 0.4759036140625 0.241573034375 0.472891565625 0.2439807390625 0.4678714859375 0.2431781703125 0.44779116406249997 0.236757625 0.44076305156249995 0.22873194218749998 0.44176706875000005 0.2231139640625 0.44779116406249997 0.22231139687499998 0.46285140625
0 0.24077046562499999 0.5190763046875 0.24478330625 0.5090361453125001 0.2423756015625 0.48795180781249997 0.2327447828125 0.48192771093750003 0.2231139640625 0.4899598390625 0.22391653281249999 0.51606425625 0.22873194218749998 0.5210843374999999 0.24077046562499999 0.5190763046875
0 0.241573034375 0.56526104375 0.24478330625 0.5602409640625 0.2431781703125 0.5321285140625001 0.231942215625 0.527108434375 0.2231139640625 0.5351405625 0.2247191015625 0.564257028125 0.22873194218749998 0.5682730921875 0.241573034375 0.56526104375
0 0.22873194218749998 0.61445783125 0.239967896875 0.61445783125 0.24638844375 0.6044176703125 0.24478330625 0.5813253015625001 0.2375601921875 0.5742971890625 0.2295345109375 0.5753012046875 0.2247191015625 0.580321284375 0.22391653281249999 0.6084337343749999 0.22873194218749998 0.61445783125
0 0.22552166875 0.6546184734375 0.2383627609375 0.6566265062500001 0.245585875 0.651606425 0.24638844375 0.6315261046875 0.2423756015625 0.6244979921875 0.231942215625 0.62148594375 0.22391653281249999 0.629518071875 0.2231139640625 0.6495983937500001 0.22552166875 0.6546184734375
0 0.28892455781250004 0.69176706875 0.306581059375 0.6907630515625 0.31621187812499996 0.6817269078125 0.3146067421875 0.67068273125 0.306581059375 0.6646586343750001 0.28731942187500004 0.6646586343750001 0.28330658125 0.6726907625 0.28410915000000003 0.685742971875 0.28892455781250004 0.69176706875
0 0.32985553749999996 0.6897590359375 0.3467094703125 0.6907630515625 0.35553772031249997 0.6827309234375 0.35553772031249997 0.67068273125 0.3515248796875 0.6646586343750001 0.33146067343749996 0.66365461875 0.325040128125 0.669678715625 0.3242375609375 0.6817269078125 0.32985553749999996 0.6897590359375
0 0.45345104375 0.6887550203125 0.4703049765625 0.6887550203125 0.4791332265625 0.6807228921874999 0.4791332265625 0.6676706828125 0.4735152484375 0.6616465859375 0.4550561796875 0.6616465859375 0.44783306562499997 0.6686746984374999 0.44703049687499996 0.678714859375 0.45345104375 0.6887550203125
0 0.57624398125 0.7048192765625 0.5834670953125001 0.7008032125 0.590690209375 0.6797188750000001 0.589085071875 0.6646586343750001 0.5818619578125 0.6606425703125 0.5738362765625 0.662650603125 0.56581059375 0.6757028109375 0.5682182984375 0.6987951812500001 0.57624398125 0.7048192765625
0 0.6340288921874999 0.715863453125 0.6444622796874999 0.715863453125 0.6532905296875 0.7038152609375 0.6508828249999999 0.685742971875 0.6444622796874999 0.6757028109375 0.633226325 0.6797188750000001 0.6292134828125 0.69176706875 0.6284109156250001 0.707831325 0.6340288921874999 0.715863453125
0 0.69903691875 0.7148594375 0.7086677375 0.71285140625 0.71589085 0.7028112453124999 0.7134831453125 0.685742971875 0.7062600328124999 0.67771084375 0.69823435 0.6797188750000001 0.6918138046875 0.6937751 0.6918138046875 0.707831325 0.69903691875 0.7148594375
0 0.7656500796875 0.6716867468750001 0.759229534375 0.6767068265625 0.754414125 0.6947791171875 0.75521669375 0.7038152609375 0.760032103125 0.7088353406250001 0.7704654890625 0.7088353406250001 0.777688603125 0.6987951812500001 0.7752808984375 0.6807228921874999 0.7704654890625 0.6726907625 0.7664526484375 0.6726907625 0.7656500796875 0.6716867468750001
0 0.8330658109375 0.6726907625 0.8242375609374999 0.67771084375 0.8194221515625 0.692771084375 0.8202247187499999 0.7038152609375 0.8274478328124999 0.7108433734374999 0.8386837874999999 0.707831325 0.8426966296874999 0.7008032125 0.8410914921874999 0.6807228921874999 0.8378812203124999 0.6746987953125 0.8338683781249999 0.6736947796874999 0.8330658109375 0.6726907625
0 0.8964687 0.6726907625 0.88683788125 0.678714859375 0.882825040625 0.6937751 0.882825040625 0.7038152609375 0.8876404499999999 0.7098393578125 0.8980738359375 0.7088353406250001 0.90529695 0.6987951812500001 0.9036918140625 0.6827309234375 0.9012841093749999 0.6757028109375 0.89727126875 0.6736947796874999 0.8964687 0.6726907625
0 0.95184590625 0.6746987953125 0.947833065625 0.6907630515625 0.947833065625 0.7008032125 0.9542536109374999 0.707831325 0.9638844296875 0.70582329375 0.9695024078125 0.6947791171875 0.967094703125 0.67771084375 0.9606741578125 0.67068273125 0.958266453125 0.67068273125 0.95184590625 0.6746987953125
1 0 0.7259036140624999 0.014446228124999998 0.7259036140624999 0.0248796140625 0.7108433734374999 0.024077046875 0.68473895625 0.0216693421875 0.678714859375 0.0120385234375 0.669678715625 0.007223114062499999 0.669678715625 0 0.6703241531249999 0 0.7259036140624999
1 0.0626003203125 0.6736947796874999 0.053772070312499996 0.6686746984374999 0.049491975 0.6686746984374999 0.036918137499999996 0.67068273125 0.032102728125 0.6767068265625 0.028892456249999997 0.69176706875 0.032905296875000004 0.7138554218750001 0.038523275 0.720883534375 0.04654895625 0.722891565625 0.061797753125 0.7188755015625 0.0690208671875 0.707831325 0.06741572968750001 0.6807228921874999 0.0626003203125 0.6736947796874999
1 0.09470305 0.6676706828125 0.089085071875 0.6676706828125 0.07624398125000001 0.6767068265625 0.0730337078125 0.6887550203125 0.0754414125 0.7098393578125 0.089085071875 0.7238955828125 0.10192616406249999 0.72188755 0.10674157343749999 0.7178714859374999 0.11316211875 0.7028112453124999 0.1115569828125 0.6827309234375 0.10353129999999999 0.67068273125 0.09470305 0.6676706828125
1 0.1388443015625 0.6676706828125 0.13162118750000001 0.6676706828125 0.1227929375 0.6736947796874999 0.117174959375 0.6887550203125 0.12038523281249999 0.7108433734374999 0.128410915625 0.722891565625 0.14847512031250001 0.71987951875 0.1573033703125 0.70582329375 0.1573033703125 0.6897590359375 0.1532905296875 0.67771084375 0.1476725515625 0.67068273125 0.1388443015625 0.6676706828125
1 0.19743178125 0.6716867468750001 0.1861958265625 0.6666666671875 0.1809791328125 0.6666666671875 0.1677367578125 0.67068273125 0.1629213484375 0.6767068265625 0.16051364375 0.6887550203125 0.16372391718749998 0.7098393578125 0.1757624390625 0.720883534375 0.1861958265625 0.7188755015625 0.194221509375 0.71285140625 0.202247190625 0.7018072296875 0.20545746406249998 0.6897590359375 0.19743178125 0.6716867468750001
1 0.2431781703125 0.6616465859375 0.21829855468749998 0.6646586343750001 0.21187800937499998 0.6757028109375 0.212680578125 0.685742971875 0.22231139687499998 0.692771084375 0.259229534375 0.69176706875 0.2664526484375 0.6907630515625 0.277688603125 0.6807228921874999 0.27287319375 0.6666666671875 0.2471910109375 0.6616465859375 0.2431781703125 0.6616465859375
1 0.41974317812499995 0.662650603125 0.41546308125 0.662650603125 0.3651685390625 0.66365461875 0.35874799375 0.6716867468750001 0.35874799375 0.6807228921874999 0.362760834375 0.6887550203125 0.373194221875 0.69176706875 0.42295345156249997 0.6887550203125 0.428571428125 0.6817269078125 0.429373996875 0.6716867468750001 0.4245585875 0.6646586343750001 0.41974317812499995 0.662650603125
1 0.5120385234375 0.6596385546875 0.5080256828125 0.6596385546875 0.486356340625 0.662650603125 0.4823434984375 0.6736947796874999 0.484751203125 0.68473895625 0.4919743171875 0.6887550203125 0.532102728125 0.6887550203125 0.5441412515625 0.6867469875000001 0.5505617984375 0.67771084375 0.5505617984375 0.6676706828125 0.5441412515625 0.6616465859375 0.5120385234375 0.6596385546875
1 0.6203852328125 0.6616465859375 0.6107544140625001 0.6596385546875 0.6067415734375 0.6596385546875 0.5987158906250001 0.6616465859375 0.5922953453125 0.6746987953125 0.5882825046875 0.7008032125 0.590690209375 0.7118473890625 0.59470305 0.715863453125 0.6099518453125 0.7148594375 0.6179775281250001 0.7098393578125 0.6268057781249999 0.69176706875 0.627608346875 0.669678715625 0.6203852328125 0.6616465859375
1 0.6894061 0.6646586343750001 0.67977528125 0.6586345375 0.6717495984374999 0.6586345375 0.67094703125 0.657630521875 0.6581059390624999 0.6616465859375 0.6524879609375 0.6716867468750001 0.6524879609375 0.68473895625 0.655698234375 0.6967871484375 0.6613162125 0.707831325 0.66934189375 0.7138554218750001 0.6821829859374999 0.7088353406250001 0.6894061 0.692771084375 0.692616371875 0.6757028109375 0.6894061 0.6646586343750001
1 0.740770465625 0.657630521875 0.736757625 0.657630521875 0.721508828125 0.6596385546875 0.7150882828125 0.6757028109375 0.722311396875 0.70582329375 0.731942215625 0.7118473890625 0.7439807390625 0.7088353406250001 0.7487961484375 0.7028112453124999 0.7528089890625 0.6887550203125 0.75361155625 0.6686746984374999 0.749598715625 0.6616465859375 0.740770465625 0.657630521875
1 0.80256821875 0.655622490625 0.7973515250000001 0.655622490625 0.78330658125 0.6606425703125 0.778491171875 0.6716867468750001 0.78330658125 0.7018072296875 0.7921348312500001 0.7108433734374999 0.8065810593749999 0.707831325 0.8130016046874999 0.699799196875 0.8186195828124999 0.6797188750000001 0.8178170140625 0.66566265 0.8113964687499999 0.6586345375 0.80256821875 0.655622490625
1 0.8691813796875 0.6546184734375 0.8619582671874999 0.6546184734375 0.8507223109375 0.657630521875 0.8443017656249999 0.6716867468750001 0.849117175 0.699799196875 0.8547351531249999 0.706827309375 0.8603531296875 0.7088353406250001 0.8699839484374999 0.7048192765625 0.8756019265624999 0.6987951812500001 0.8820224718749999 0.6736947796874999 0.8796147671875 0.6616465859375 0.8691813796875 0.6546184734375
1 0.9414125203125 0.6586345375 0.93418940625 0.6536144578124999 0.930176565625 0.6536144578124999 0.9181380421875 0.6536144578124999 0.9133226328124999 0.6566265062500001 0.9069020859375 0.6676706828125 0.9060995187499999 0.6757028109375 0.910112359375 0.6937751 0.919743178125 0.707831325 0.9333868375 0.7048192765625 0.9414125203125 0.6907630515625 0.9446227921875 0.66566265 0.9414125203125 0.6586345375
1 1 0.653837571875 0.995987159375 0.651606425 0.9915730343750001 0.651606425 0.976725521875 0.655622490625 0.97110754375 0.6676706828125 0.975922953125 0.6977911640625 0.984751203125 0.70582329375 0.9967897265625 0.7028112453124999 1 0.6963855421875 1 0.653837571875