0 0.10816164843750001 0 0.10776545156249999 0.0039603953125 0.11172741718750001 0.013861385937500002 0.11806656093750001 0.0207920796875 0.12678288437500002 0.0198019796875 0.13074485 0.00594059375 0.1305184515625 0 0.10816164843750001 0
0 0.0950871625 0.043564356250000005 0.10459587968749999 0.0425742578125 0.11489698906250001 0.0326732671875 0.11568938124999999 0.021782178125000003 0.10618066562499999 0.008910890624999999 0.09667194999999999 0.0069306937499999995 0.0911251984375 0.015841584375000002 0.0911251984375 0.0366336640625 0.0950871625 0.043564356250000005
0 0.10935023749999999 0.071287128125 0.1188589546875 0.071287128125 0.1275752765625 0.0623762375 0.1291600640625 0.047524753125 0.12440570468750001 0.037623762500000005 0.11648177500000001 0.0366336640625 0.10301109374999999 0.0485148515625 0.1006339140625 0.0623762375 0.10935023749999999 0.071287128125
0 0.1038034859375 0.10693069375 0.11489698906250001 0.10693069375 0.125990490625 0.09306930625 0.12440570468750001 0.0821782171875 0.11727416875 0.07524752500000001 0.10459587968749999 0.074257425 0.09667194999999999 0.0831683171875 0.09587955625 0.097029703125 0.1038034859375 0.10693069375
0 0.105388271875 0.1445544546875 0.1188589546875 0.14356435625 0.125990490625 0.1297029703125 0.12519809843750002 0.11881188125 0.11806656093750001 0.1108910890625 0.105388271875 0.1108910890625 0.0974643421875 0.11980197968749999 0.0974643421875 0.1356435640625 0.105388271875 0.1445544546875
0 0.12123613281250001 0.18118811875000002 0.12440570468750001 0.16930693125000001 0.1220285265625 0.1544554453125 0.11014263124999998 0.14950495 0.099049128125 0.159405940625 0.1006339140625 0.18316831718749998 0.11093502343749999 0.18712871250000002 0.12123613281250001 0.18118811875000002
0 0.1006339140625 0.2198019796875 0.1038034859375 0.22970297031250003 0.11172741718750001 0.233663365625 0.11727416875 0.23168316875 0.12282091875000001 0.221782178125 0.120443740625 0.19603960468749998 0.11648177500000001 0.1920792078125 0.10855784531249998 0.1920792078125 0.10142630781249999 0.20099009843750001 0.1006339140625 0.2198019796875
0 0.10855784531249998 0.2792079203125 0.11965134687500001 0.2762376234375 0.12282091875000001 0.271287128125 0.1220285265625 0.24455445468749998 0.11727416875 0.23960396093749997 0.10935023749999999 0.23960396093749997 0.1022187 0.247524753125 0.1022187 0.27326732656249997 0.10855784531249998 0.2792079203125
0 0.10855784531249998 0.325742575 0.1188589546875 0.32475247500000004 0.12440570468750001 0.31089108906249996 0.12123613281250001 0.2881188125 0.11410459531249999 0.284158415625 0.10697305937499998 0.2861386140625 0.1022187 0.2950495046875 0.10301109374999999 0.3198019796875 0.10855784531249998 0.325742575
0 0.10301109374999999 0.3544554453125 0.10618066562499999 0.36534653437500003 0.11727416875 0.3673267328125 0.1220285265625 0.3643564359375 0.12440570468750001 0.359405940625 0.1236133125 0.3396039609375 0.11727416875 0.3326732671875 0.10935023749999999 0.333663365625 0.1038034859375 0.3396039609375 0.10301109374999999 0.3544554453125
0 0.12123613281250001 0.409900990625 0.12519809843750002 0.4 0.12282091875000001 0.3792079203125 0.11331220312500001 0.3732673265625 0.1038034859375 0.38118811875 0.10459587968749999 0.40693069375 0.10935023749999999 0.41188118749999997 0.12123613281250001 0.409900990625
0 0.1220285265625 0.4554455453125 0.12519809843750002 0.45049504999999995 0.1236133125 0.4227722765625 0.11251980937499999 0.4178217828125 0.1038034859375 0.425742575 0.105388271875 0.45445544531250004 0.10935023749999999 0.45841584218750003 0.1220285265625 0.4554455453125
0 0.10935023749999999 0.5039603953125 0.120443740625 0.5039603953125 0.12678288437500002 0.49405940625 0.12519809843750002 0.471287128125 0.11806656093750001 0.4643564359375 0.11014263124999998 0.46534653437499995 0.105388271875 0.4702970296875 0.10459587968749999 0.4980198015625 0.10935023749999999 0.5039603953125
0 0.10618066562499999 0.54356435625 0.1188589546875 0.5455445546875 0.125990490625 0.5405940593749999 0.12678288437500002 0.5207920796875001 0.12282091875000001 0.5138613859375 0.11251980937499999 0.5108910890625 0.10459587968749999 0.51881188125 0.1038034859375 0.5386138609375 0.10618066562499999 0.54356435625
0 0.1687797140625 0.5801980203125 0.1862123609375 0.5792079203125 0.195721078125 0.5702970296875 0.1941362921875 0.559405940625 0.1862123609375 0.553465346875 0.167194928125 0.553465346875 0.1632329640625 0.5613861390625 0.16402535625 0.574257425 0.1687797140625 0.5801980203125
0 0.20919175937499998 0.578217821875 0.2258320125 0.5792079203125 0.23454833593750002 0.571287128125 0.23454833593750002 0.559405940625 0.2305863703125 0.553465346875 0.21077654531249998 0.552475246875 0.20443740156249998 0.5584158421875001 0.2036450078125 0.5702970296875 0.20919175937499998 0.578217821875
0 0.3312202859375 0.5772277234375001 0.3478605390625 0.5772277234375001 0.3565768625 0.56930693125 0.3565768625 0.55643564375 0.3510301109375 0.55049505 0.332805071875 0.55049505 0.325673534375 0.5574257421875 0.324881140625 0.5673267328125 0.3312202859375 0.5772277234375001
0 0.45245641875000003 0.59306930625 0.45958795625000004 0.5891089109375 0.4667194921875 0.56831683125 0.46513470625000003 0.553465346875 0.4580031703125 0.54950495 0.45007923906249997 0.5514851484375 0.442155309375 0.5643564359375 0.44453248749999996 0.5871287125 0.45245641875000003 0.59306930625
0 0.509508715625 0.6039603953125 0.5198098250000001 0.6039603953125 0.5285261484375 0.5920792078125 0.5261489703125 0.574257425 0.5198098250000001 0.5643564359375 0.5087163234375 0.56831683125 0.5047543578125 0.5801980203125 0.5039619656250001 0.5960396046875001 0.509508715625 0.6039603953125
0 0.5736925515625 0.6029702968749999 0.5832012671875 0.6009900984375001 0.5903328046875 0.591089109375 0.5879556265625 0.574257425 0.5808240890625 0.566336634375 0.5729001578124999 0.56831683125 0.5665610140624999 0.5821782171875001 0.5665610140624999 0.5960396046875001 0.5736925515625 0.6029702968749999
0 0.6394611734375 0.5603960390625 0.6331220281250001 0.5653465343749999 0.6283676703125 0.5831683171875001 0.6291600640625 0.5920792078125 0.6339144218749999 0.597029703125 0.64421553125 0.597029703125 0.65134706875 0.5871287125 0.6489698890625 0.56930693125 0.64421553125 0.5613861390625 0.640253565625 0.5613861390625 0.6394611734375 0.5603960390625
0 0.7060221875 0.5613861390625 0.6973058640625001 0.566336634375 0.69255150625 0.58118811875 0.6933438984375 0.5920792078125 0.7004754359375001 0.5990099015625 0.7115689374999999 0.5960396046875001 0.715530903125 0.5891089109375 0.7139461171875 0.56930693125 0.7107765453125 0.5633663359375001 0.7068145796875 0.5623762375 0.7060221875 0.5613861390625
0 0.7686212359375 0.5613861390625 0.7591125203125 0.5673267328125 0.7551505546875 0.5821782171875001 0.7551505546875 0.5920792078125 0.7599049124999999 0.5980198015625 0.770206021875 0.597029703125 0.777337559375 0.5871287125 0.7757527734375 0.571287128125 0.77337559375 0.5643564359375 0.7694136296874999 0.5623762375 0.7686212359375 0.5613861390625
0 0.8232963546875001 0.5633663359375001 0.819334390625 0.5792079203125 0.819334390625 0.5891089109375 0.825673534375 0.5960396046875001 0.8351822500000001 0.59405940625 0.8407290015625 0.5831683171875001 0.838351821875 0.566336634375 0.832012678125 0.559405940625 0.8296354984375001 0.559405940625 0.8232963546875001 0.5633663359375001
0 0.8914421546875 0.5584158421875001 0.8874801906249999 0.5584158421875001 0.8835182250000001 0.5633663359375001 0.879556259375 0.578217821875 0.880348653125 0.590099009375 0.8858954046875 0.5950495046875 0.894611728125 0.59405940625 0.9001584781249999 0.5881188125000001 0.8993660859375 0.5643564359375 0.8954041203124999 0.5584158421875001 0.8914421546875 0.5584158421875001
0 0.951664025 0.5544554453125 0.94532488125 0.5603960390625 0.9421553093749999 0.5732673265625 0.9421553093749999 0.5871287125 0.9469096671875 0.5920792078125 0.955625990625 0.591089109375 0.96513470625 0.5821782171875001 0.961965134375 0.559405940625 0.9580031703125 0.5554455453125 0.95245641875 0.5554455453125 0.951664025 0.5544554453125
1 0 0.5826732671875 0.0023771796875 0.5990099015625 0.010301109375 0.6108910890625 0.030110934375 0.6079207921875 0.0388272578125 0.59405940625 0.0388272578125 0.578217821875 0.03486529375 0.566336634375 0.0293185421875 0.559405940625 0.02060221875 0.55643564375 0.01347068125 0.55643564375 0.0047543578125 0.5623762375 0 0.5751060828125001 0 0.5826732671875
1 0.078446909375 0.5603960390625 0.0673534078125 0.5554455453125 0.062202853125 0.5554455453125 0.0491283671875 0.559405940625 0.044374009375 0.5653465343749999 0.0419968296875 0.5772277234375001 0.045166403125 0.5980198015625 0.0570522984375 0.608910890625 0.0673534078125 0.6069306937500001 0.0752773375 0.6009900984375001 0.08320126718750001 0.590099009375 0.086370840625 0.578217821875 0.078446909375 0.5603960390625
1 0.1236133125 0.55049505 0.099049128125 0.553465346875 0.092709984375 0.5643564359375 0.0935023765625 0.574257425 0.10301109374999999 0.58118811875 0.1394611734375 0.5801980203125 0.146592709375 0.5792079203125 0.15768621249999998 0.56930693125 0.15293185468749998 0.5554455453125 0.1275752765625 0.55049505 0.1236133125 0.55049505
1 0.297939778125 0.5514851484375 0.29371394687499996 0.5514851484375 0.24405705156250002 0.552475246875 0.23771790781250002 0.5603960390625 0.23771790781250002 0.56930693125 0.2416798734375 0.5772277234375001 0.25198098281250003 0.5801980203125 0.30110935 0.5772277234375001 0.3066561015625 0.5702970296875 0.30744849375 0.5603960390625 0.3026941359375 0.553465346875 0.297939778125 0.5514851484375
1 0.3890649765625 0.5485148515625 0.3851030109375 0.5485148515625 0.36370840000000004 0.5514851484375 0.359746434375 0.5623762375 0.36212361406250004 0.5732673265625 0.36925515 0.5772277234375001 0.4088748015625 0.5772277234375001 0.42076069687500006 0.575247525 0.4270998421875 0.566336634375 0.4270998421875 0.55643564375 0.42076069687500006 0.55049505 0.3890649765625 0.5485148515625
1 0.496038034375 0.55049505 0.48652931875 0.5485148515625 0.482567353125 0.5485148515625 0.4746434234375 0.55049505 0.4683042796875 0.5633663359375001 0.4643423140625 0.5891089109375 0.4667194921875 0.6 0.4706814578125 0.6039603953125 0.485736925 0.6029702968749999 0.49366085625 0.5980198015625 0.5023771796875 0.5801980203125 0.503169571875 0.5584158421875001 0.496038034375 0.55049505
1 0.5641838359375 0.553465346875 0.55467511875 0.547524753125 0.5467511890625001 0.547524753125 0.5459587953125 0.5465346531249999 0.5332805078125 0.55049505 0.52773375625 0.5603960390625 0.52773375625 0.5732673265625 0.530903328125 0.585148515625 0.5364500796875 0.5960396046875001 0.544374009375 0.6019801984375001 0.5570522984374999 0.597029703125 0.5641838359375 0.58118811875 0.5673534078125 0.5643564359375 0.5641838359375 0.553465346875
1 0.6148969890625 0.5465346531249999 0.6109350234375001 0.5465346531249999 0.59587955625 0.5485148515625 0.5895404125 0.5643564359375 0.59667195 0.59405940625 0.606180665625 0.6 0.6180665609375 0.597029703125 0.62282091875 0.591089109375 0.6267828843750001 0.5772277234375001 0.6275752765625 0.5574257421875 0.6236133125000001 0.55049505 0.6148969890625 0.5465346531249999
1 0.6759112515625 0.5445544546875001 0.6707606968750001 0.5445544546875001 0.65689381875 0.54950495 0.6521394609375 0.5603960390625 0.65689381875 0.590099009375 0.6656101421875 0.5990099015625 0.6798732171874999 0.5960396046875001 0.6862123609374999 0.5881188125000001 0.6917591125 0.56831683125 0.69096671875 0.5544554453125 0.684627575 0.547524753125 0.6759112515625 0.5445544546875001
1 0.7416798734375 0.54356435625 0.7345483359375 0.54356435625 0.723454834375 0.5465346531249999 0.7171156890625 0.5603960390625 0.721870046875 0.5881188125000001 0.7274167984375 0.5950495046875 0.73296355 0.597029703125 0.742472265625 0.59306930625 0.7480190171875 0.5871287125 0.7543581609375 0.5623762375 0.7519809828125 0.55049505 0.7416798734375 0.54356435625
1 0.8129952453125 0.547524753125 0.8058637078125 0.5425742578125 0.80190174375 0.5425742578125 0.7900158484375 0.5425742578125 0.7852614890625 0.5455445546875 0.7789223453125 0.55643564375 0.778129953125 0.5643564359375 0.7820919171875 0.5821782171875001 0.7916006343750001 0.5960396046875001 0.805071315625 0.59306930625 0.8129952453125 0.5792079203125 0.8161648171874999 0.5544554453125 0.8129952453125 0.547524753125
1 0.8625198093750001 0.5405940593749999 0.8478605390625 0.5445544546875001 0.8423137875 0.55643564375 0.8470681453125 0.5861386140625 0.8557844687499999 0.59405940625 0.8676703640625 0.591089109375 0.8755942953125 0.575247525 0.8771790812500001 0.5514851484375 0.874009509375 0.5445544546875001 0.866877971875 0.5405940593749999 0.8625198093750001 0.5405940593749999
1 0.9302694140625001 0.5396039609375001 0.9255150546875001 0.5396039609375001 0.9104595874999999 0.5425742578125 0.9041204437499999 0.5544554453125 0.9041204437499999 0.5673267328125 0.908082409375 0.5831683171875001 0.915213946875 0.59306930625 0.928684628125 0.591089109375 0.9358161640624999 0.578217821875 0.9397781296875 0.55643564375 0.9358161640624999 0.54356435625 0.9302694140625001 0.5396039609375001
1 0.9833597468749999 0.5376237625 0.9730586375 0.5405940593749999 0.9675118859375 0.5514851484375 0.9690966718749999 0.574257425 0.97226624375 0.5841584156249999 0.9786053875 0.590099009375 0.9881141046874999 0.590099009375 0.9968304281249999 0.5792079203125 0.9984152140625 0.5445544546875001 0.9904912843749999 0.5376237625 0.9833597468749999 0.5376237625