1 0 0.612847221875 0.0020833328125000002 0.613715278125 0.0041666671875 0.6267361109375 0.013194443750000001 0.6310763890625 0.0208333328125 0.6302083328125 0.0298611109375 0.625 0.034722221875 0.6145833328125 0.0333333328125 0.5954861109375 0.027777778125000003 0.5859375 0.021527778125 0.581597221875 0.017708332812499998 0.581597221875 0.007638889062499999 0.5833333328125 0 0.590277778125 0 0.612847221875
1 0.040277778125000004 0.6189236109375 0.0451388890625 0.6258680562500001 0.05069444375 0.628472221875 0.06527777812499999 0.6241319437499999 0.06875 0.620659721875 0.071527778125 0.6119791671875 0.06944444375 0.5920138890625 0.06319444375 0.5833333328125 0.054166667187499996 0.5807291671875 0.052777778124999994 0.5807291671875 0.04444444375 0.5842013890625 0.040277778125000004 0.589409721875 0.0375 0.5989583328125 0.040277778125000004 0.6189236109375
1 0.077777778125 0.6197916671875 0.0826388890625 0.625 0.0895833328125 0.6267361109375 0.10138888906250001 0.625 0.109027778125 0.6145833328125 0.1076388890625 0.5911458328125 0.097222221875 0.5807291671875 0.09305555625 0.5807291671875 0.0826388890625 0.581597221875 0.075 0.5946180562500001 0.075 0.609375 0.077777778125 0.6197916671875
1 0.12291666718750001 0.6267361109375 0.13263888906250001 0.628472221875 0.13819444375 0.6267361109375 0.14375 0.6197916671875 0.14791666718750002 0.6067708328125 0.147222221875 0.598090278125 0.14305555625 0.5885416671875 0.13819444375 0.581597221875 0.13194444375 0.5798611109375 0.12569444375 0.5798611109375 0.1166666671875 0.5859375 0.11319444375000001 0.5920138890625 0.11319444375000001 0.613715278125 0.12291666718750001 0.6267361109375
1 0.1548611109375 0.6180555562500001 0.16180555624999998 0.6276041671875 0.1770833328125 0.6241319437499999 0.18680555625 0.609375 0.18680555625 0.597222221875 0.18402777812499999 0.589409721875 0.17569444375 0.5807291671875 0.1666666671875 0.5789930562500001 0.165277778125 0.5789930562500001 0.15555555625 0.5850694437499999 0.15069444375000002 0.598090278125 0.15069444375000002 0.6067708328125 0.1548611109375 0.6180555562500001
1 0.19444444375 0.6032986109375 0.20486111093749998 0.605902778125 0.2208333328125 0.6006944437499999 0.240277778125 0.5998263890625 0.2479166671875 0.5920138890625 0.2479166671875 0.5850694437499999 0.24236111093749999 0.5789930562500001 0.23402777812500003 0.5772569437499999 0.2201388890625 0.5798611109375 0.21458333281250003 0.5772569437499999 0.21111111093749999 0.5772569437499999 0.196527778125 0.5789930562500001 0.1916666671875 0.5842013890625 0.1895833328125 0.5911458328125 0.19444444375 0.6032986109375
1 0.30555555624999997 0.6006944437499999 0.34375 0.5998263890625 0.3548611109375 0.5911458328125 0.3548611109375 0.5850694437499999 0.35 0.578125 0.3201388890625 0.5755208328125 0.3166666671875 0.5755208328125 0.3 0.578125 0.29652777812500003 0.5859375 0.2986111109375 0.597222221875 0.30555555624999997 0.6006944437499999
1 0.427777778125 0.5963541671875 0.4375 0.5989583328125 0.478472221875 0.597222221875 0.48333333281249996 0.5920138890625 0.48541666718750004 0.5833333328125 0.4826388890625 0.5772569437499999 0.475 0.573784721875 0.4713541671875 0.573784721875 0.43125 0.573784721875 0.425 0.5798611109375 0.425 0.5911458328125 0.427777778125 0.5963541671875
1 0.522222221875 0.6145833328125 0.5291666671875 0.6197916671875 0.54444444375 0.6180555562500001 0.5527777781250001 0.6067708328125 0.55694444375 0.589409721875 0.55625 0.5833333328125 0.5527777781250001 0.5772569437499999 0.5451388890625 0.5729166671875 0.5409722218749999 0.5729166671875 0.5298611109375 0.574652778125 0.5243055562500001 0.5868055562500001 0.5208333328125 0.609375 0.522222221875 0.6145833328125
1 0.590277778125 0.6189236109375 0.597222221875 0.6189236109375 0.6041666671875 0.6145833328125 0.609027778125 0.6067708328125 0.6125 0.5911458328125 0.61180555625 0.5798611109375 0.6076388890625 0.574652778125 0.59930555625 0.5720486109375 0.5958333328125 0.5720486109375 0.58194444375 0.574652778125 0.577777778125 0.5868055562500001 0.58194444375 0.6102430562500001 0.590277778125 0.6189236109375
1 0.6361111109375 0.605034721875 0.6395833328125 0.612847221875 0.6451388890625 0.6180555562500001 0.653472221875 0.6180555562500001 0.66180555625 0.609375 0.6673611109375 0.589409721875 0.6659722218749999 0.5772569437499999 0.6569444437499999 0.5711805562500001 0.6532986109375 0.5711805562500001 0.640972221875 0.5720486109375 0.6347222218749999 0.5798611109375 0.6333333328124999 0.5859375 0.6361111109375 0.605034721875
1 0.69305555625 0.6111111109375 0.69930555625 0.6163194437499999 0.7118055562500001 0.612847221875 0.715277778125 0.6085069437499999 0.7208333328125 0.5920138890625 0.7208333328125 0.578125 0.7173611109375 0.5729166671875 0.7090277781250001 0.5694444437499999 0.7041666671875 0.5694444437499999 0.69305555625 0.5729166671875 0.6881944437499999 0.5842013890625 0.690972221875 0.605902778125 0.69305555625 0.6111111109375
1 0.7548611109375 0.6163194437499999 0.7638888890625 0.6154513890625 0.7708333328125 0.6085069437499999 0.7770833328125 0.5859375 0.7743055562500001 0.574652778125 0.7708333328125 0.5711805562500001 0.7597222218749999 0.5685763890625 0.7576388890625 0.5685763890625 0.7479166671875 0.5711805562500001 0.7416666671875001 0.5833333328125 0.7458333328125 0.6067708328125 0.7548611109375 0.6163194437499999
1 0.80694444375 0.6119791671875 0.8111111109375001 0.613715278125 0.8222222218749999 0.6102430562500001 0.827777778125 0.5989583328125 0.83055555625 0.5798611109375 0.8263888890625 0.5703125 0.8201388890624999 0.5677083328125 0.815277778125 0.5677083328125 0.803472221875 0.5711805562500001 0.7986111109375 0.5833333328125 0.8020833328125001 0.605034721875 0.80694444375 0.6119791671875
1 0.8625 0.612847221875 0.8708333328125001 0.612847221875 0.8763888890624999 0.609375 0.884027778125 0.5911458328125 0.884027778125 0.5755208328125 0.88055555625 0.5694444437499999 0.872222221875 0.565972221875 0.86875 0.565972221875 0.859027778125 0.5685763890625 0.852777778125 0.5798611109375 0.85625 0.605034721875 0.8625 0.612847221875
1 0.91805555625 0.6111111109375 0.9291666671875 0.609375 0.9361111109375001 0.597222221875 0.9381944437499999 0.578125 0.9361111109375001 0.5694444437499999 0.9298611109375001 0.5651041671875 0.925 0.5651041671875 0.9145833328125 0.566840278125 0.9083333328125001 0.578125 0.9104166671874999 0.6006944437499999 0.91805555625 0.6111111109375
1 0.9645833328125001 0.5989583328125 0.9708333328125001 0.6102430562500001 0.9861111109375 0.6085069437499999 0.9923611109375001 0.5920138890625 0.9930555562500001 0.5711805562500001 0.9895833328125001 0.565972221875 0.984722221875 0.5642361109375 0.98032430625 0.5642361109375 0.96875 0.5651041671875 0.9638888890624999 0.5711805562500001 0.9611111109375001 0.5798611109375 0.9645833328125001 0.5989583328125
0 0.23740069375 0 0.21597222187499998 0.0017361109374999999 0.22152777812500002 0.013888889062500001 0.23263888906250002 0.015625 0.2388888890625 0.010416667187500001 0.24097222187499998 0 0.23740069375 0
0 0.2 0.034722221875 0.2104166671875 0.0329861109375 0.21805555625 0.0208333328125 0.215277778125 0.00868055625 0.209027778125 0.004340278125 0.20833333281250002 0.0034722218749999997 0.2 0.0052083328125 0.19444444375 0.014756943750000001 0.19513888906250001 0.0286458328125 0.2 0.034722221875
0 0.22569444375 0.053819443749999994 0.23333333281250002 0.05208333281250001 0.2375 0.04600694375 0.23819444375 0.027777778125000003 0.23263888906250002 0.0217013890625 0.22881944375000002 0.0217013890625 0.222222221875 0.0234375 0.2173611109375 0.0329861109375 0.21875 0.04774305625 0.22569444375 0.053819443749999994
0 0.20416666718749998 0.073784721875 0.21319444375000002 0.06944444375 0.21875 0.05729166718749999 0.2166666671875 0.046875 0.20972222187499998 0.03993055625 0.20416666718749998 0.03993055625 0.1986111109375 0.0442708328125 0.196527778125 0.050347221875 0.1979166671875 0.06857638906249999 0.20416666718749998 0.073784721875
0 0.21944444375 0.089409721875 0.22430555624999998 0.09461805625 0.23194444375 0.09375 0.23541666718749998 0.0859375 0.23611111093749998 0.06770833281250001 0.23472222187499997 0.06336805625 0.2298611109375 0.05989583281250001 0.22569444375 0.05989583281250001 0.21875 0.065972221875 0.21597222187499998 0.07291666718749999 0.21597222187499998 0.08072916718749999 0.21944444375 0.089409721875
0 0.20416666718749998 0.112847221875 0.21180555625 0.109375 0.21875 0.09895833281250001 0.2166666671875 0.08680555625 0.209027778125 0.07899305625 0.20694444375 0.07899305625 0.2 0.08420138906249999 0.1986111109375 0.08854166718749999 0.19930555625 0.1076388890625 0.20416666718749998 0.112847221875
0 0.2236111109375 0.13194444375 0.22916666718749998 0.13107638906250002 0.23333333281250002 0.12673611093749998 0.23402777812500003 0.105034721875 0.228472221875 0.10069444375 0.22430555624999998 0.10069444375 0.2173611109375 0.105902778125 0.2104166671875 0.1189236109375 0.21597222187499998 0.12934027812499999 0.2236111109375 0.13194444375
0 0.225 0.15625 0.22916666718749998 0.1484375 0.228472221875 0.140625 0.225 0.13628472187500001 0.21319444375000002 0.13107638906250002 0.21111111093749999 0.13107638906250002 0.20347222187499997 0.13628472187500001 0.20347222187499997 0.1536458328125 0.209027778125 0.15972222187500001 0.225 0.15625
0 0.2173611109375 0.19097222187500001 0.22430555624999998 0.18923611093749998 0.2298611109375 0.18402777812499999 0.23194444375 0.1770833328125 0.23055555625 0.1666666671875 0.22152777812500002 0.16232638906250002 0.2208333328125 0.1614583328125 0.20694444375 0.16840277812499999 0.20486111093749998 0.1770833328125 0.209027778125 0.18836805625 0.2173611109375 0.19097222187500001
0 0.21111111093749999 0.223090278125 0.2201388890625 0.22395833281250002 0.228472221875 0.21788194375 0.23055555625 0.203125 0.228472221875 0.1979166671875 0.22291666718749997 0.19444444375 0.21909722187499997 0.19444444375 0.2125 0.1953125 0.20625 0.20225694375 0.20694444375 0.21875 0.21111111093749999 0.223090278125
0 0.2236111109375 0.2604166671875 0.2298611109375 0.2517361109375 0.22916666718749998 0.234375 0.22152777812500002 0.22743055625 0.2173611109375 0.22743055625 0.2076388890625 0.23611111093749998 0.20833333281250002 0.2552083328125 0.215277778125 0.26215277812500004 0.2236111109375 0.2604166671875
0 0.215277778125 0.3020833328125 0.22152777812500002 0.3020833328125 0.228472221875 0.2942708328125 0.228472221875 0.2760416671875 0.22152777812500002 0.26649305624999997 0.2173611109375 0.26649305624999997 0.21111111093749999 0.2717013890625 0.209027778125 0.28038194375000003 0.2104166671875 0.296875 0.215277778125 0.3020833328125
0 0.22430555624999998 0.34288194375000003 0.22916666718749998 0.3342013890625 0.22916666718749998 0.31684027812500004 0.2270833328125 0.3107638890625 0.222222221875 0.3072916671875 0.21805555625 0.3072916671875 0.2104166671875 0.3151041671875 0.2104166671875 0.33506944375000003 0.2166666671875 0.34375 0.22430555624999998 0.34288194375000003
0 0.2166666671875 0.3845486109375 0.22569444375 0.3828125 0.2298611109375 0.37586805624999997 0.22916666718749998 0.35590277812500004 0.222222221875 0.3489583328125 0.21875 0.3489583328125 0.21180555625 0.3532986109375 0.2104166671875 0.3576388890625 0.2104166671875 0.3767361109375 0.2166666671875 0.3845486109375
0 0.21944444375 0.42534722187499996 0.22569444375 0.4236111109375 0.2298611109375 0.41840277812500004 0.22916666718749998 0.39496527812500004 0.222222221875 0.3888888890625 0.21944444375 0.3888888890625 0.2138888890625 0.39149305624999997 0.2104166671875 0.4001736109375 0.21111111093749999 0.41840277812500004 0.21944444375 0.42534722187499996
0 0.22430555624999998 0.46180555625 0.23055555625 0.4548611109375 0.2298611109375 0.43836805625 0.22430555624999998 0.4314236109375 0.21944444375 0.4314236109375 0.21111111093749999 0.4392361109375 0.21180555625 0.45225694375 0.2166666671875 0.46180555625 0.22430555624999998 0.46180555625
0 0.21597222187499998 0.5 0.22569444375 0.5 0.23055555625 0.4947916671875 0.23055555625 0.47743055625 0.22638888906250001 0.46875 0.2208333328125 0.4670138890625 0.2201388890625 0.4670138890625 0.21597222187499998 0.46875 0.21180555625 0.47569444375 0.21180555625 0.4939236109375 0.21597222187499998 0.5
0 0.21597222187499998 0.5399305562500001 0.225 0.5407986109375 0.23125 0.534722221875 0.23194444375 0.5208333328125 0.2298611109375 0.511284721875 0.222222221875 0.5060763890625 0.2201388890625 0.5060763890625 0.215277778125 0.5086805562500001 0.2125 0.5138888890625 0.21180555625 0.527777778125 0.21597222187499998 0.5399305562500001
0 0.215277778125 0.574652778125 0.22569444375 0.5772569437499999 0.23333333281250002 0.5720486109375 0.23333333281250002 0.566840278125 0.23125 0.5520833328125 0.225 0.5460069437499999 0.2201388890625 0.5460069437499999 0.21597222187499998 0.5477430562500001 0.21180555625 0.5555555562500001 0.21180555625 0.5694444437499999 0.215277778125 0.574652778125
0 0.2666666671875 0.5998263890625 0.2798611109375 0.6006944437499999 0.290277778125 0.59375 0.290972221875 0.5850694437499999 0.2875 0.5798611109375 0.2826388890625 0.5772569437499999 0.272222221875 0.5772569437499999 0.271527778125 0.5763888890625 0.2666666671875 0.578125 0.2625 0.5842013890625 0.2625 0.5911458328125 0.2666666671875 0.5998263890625
0 0.36666666718749996 0.597222221875 0.38819444375 0.597222221875 0.3923611109375 0.590277778125 0.3923611109375 0.582465278125 0.3895833328125 0.5772569437499999 0.3854166671875 0.5755208328125 0.381597221875 0.5755208328125 0.37013888906250003 0.5755208328125 0.365277778125 0.5789930562500001 0.36319444375 0.589409721875 0.36666666718749996 0.597222221875
0 0.4 0.597222221875 0.41041666718750003 0.5989583328125 0.4166666671875 0.598090278125 0.4201388890625 0.5946180562500001 0.42152777812500003 0.5807291671875 0.415972221875 0.574652778125 0.41203680625 0.574652778125 0.40416666718750005 0.574652778125 0.39791666718749996 0.578125 0.3958333328125 0.5885416671875 0.4 0.597222221875
0 0.51319444375 0.6085069437499999 0.51805555625 0.6032986109375 0.5229166671875001 0.5876736109375 0.522222221875 0.5772569437499999 0.5173611109375 0.573784721875 0.5135416671875 0.573784721875 0.5048611109375 0.5772569437499999 0.5006944437499999 0.5868055562500001 0.502777778125 0.6015625 0.51319444375 0.6085069437499999
0 0.5645833328125 0.6223958328125 0.571527778125 0.621527778125 0.577777778125 0.6154513890625 0.577777778125 0.5989583328125 0.57430555625 0.590277778125 0.56875 0.5868055562500001 0.56805555625 0.5859375 0.5611111109375 0.590277778125 0.55625 0.6032986109375 0.55694444375 0.6145833328125 0.5645833328125 0.6223958328125
0 0.6173611109375 0.620659721875 0.6243055562500001 0.620659721875 0.6333333328124999 0.6111111109375 0.63055555625 0.5928819437499999 0.6229166671875 0.5868055562500001 0.622222221875 0.5868055562500001 0.6166666671875001 0.590277778125 0.61180555625 0.6067708328125 0.6125 0.6154513890625 0.6173611109375 0.620659721875
0 0.6701388890625 0.6171875 0.68125 0.6154513890625 0.6868055562500001 0.6076388890625 0.6861111109375 0.59375 0.68125 0.5859375 0.675 0.5859375 0.6708333328125 0.589409721875 0.6666666671875 0.6041666671875 0.6673611109375 0.612847221875 0.6701388890625 0.6171875
0 0.7270833328124999 0.6180555562500001 0.7361111109375 0.6154513890625 0.7416666671875001 0.6076388890625 0.7402777781250001 0.5946180562500001 0.7333333328125 0.5859375 0.73194444375 0.5859375 0.7263888890625 0.589409721875 0.7208333328125 0.6067708328125 0.7229166671875 0.6154513890625 0.7270833328124999 0.6180555562500001
0 0.7826388890625 0.6163194437499999 0.7909722218749999 0.6154513890625 0.797222221875 0.6076388890625 0.796527778125 0.5920138890625 0.7909722218749999 0.5842013890625 0.78680555625 0.5842013890625 0.78125 0.5885416671875 0.777777778125 0.5989583328125 0.777777778125 0.609375 0.7826388890625 0.6163194437499999
0 0.8375 0.6154513890625 0.8451388890624999 0.612847221875 0.85 0.6067708328125 0.85 0.5946180562500001 0.8451388890624999 0.5842013890625 0.840277778125 0.5842013890625 0.8361111109375001 0.5876736109375 0.83125 0.6024305562500001 0.8326388890624999 0.6119791671875 0.8375 0.6154513890625
0 0.9 0.612847221875 0.9055555562500001 0.6067708328125 0.902777778125 0.5842013890625 0.8986111109375001 0.581597221875 0.8951388890624999 0.581597221875 0.8895833328125 0.5868055562500001 0.8861111109375001 0.6067708328125 0.8916666671875 0.613715278125 0.9 0.612847221875
0 0.940972221875 0.6085069437499999 0.946527778125 0.612847221875 0.95625 0.609375 0.9590277781250001 0.6041666671875 0.95694444375 0.5833333328125 0.9520833328125 0.5789930562500001 0.95069444375 0.5789930562500001 0.946527778125 0.5807291671875 0.9423611109375001 0.5868055562500001 0.9395833328125001 0.5989583328125 0.940972221875 0.6085069437499999