1 0.0100308640625 0.584942084375 0.0100308640625 0.6110038609374999 0.0177469140625 0.6235521234375 0.025462962500000002 0.6283783781250001 0.030864196875 0.6274131281249999 0.0447530859375 0.6177606171875001 0.0486111109375 0.6052123546875 0.047839506250000004 0.5926640921875 0.038580246875 0.5762548265625 0.021604937499999997 0.574324325 0.0100308640625 0.584942084375
1 0.0540123453125 0.6129343625 0.0625 0.625482625 0.0817901234375 0.6235521234375 0.0895061734375 0.6129343625 0.0895061734375 0.5888030890625 0.08101851875 0.5762548265625 0.0740740734375 0.5733590734375 0.060956790625 0.575289575 0.0524691359375 0.5897683390624999 0.0540123453125 0.6129343625
1 0.094135803125 0.610038609375 0.0987654328125 0.6206563703125 0.11728395 0.6264478765625 0.1273148140625 0.6196911203125001 0.13194444375 0.597490346875 0.12191357968750001 0.575289575 0.11419753125000001 0.572393821875 0.104938271875 0.574324325 0.094135803125 0.5878378375 0.094135803125 0.610038609375
1 0.1350308640625 0.583976834375 0.1365740734375 0.6013513515625 0.1466049375 0.6110038609374999 0.1535493828125 0.6110038609374999 0.17206790156250001 0.59942085 0.1875 0.5945945953125 0.1921296296875 0.5888030890625 0.18904320937500002 0.578185328125 0.17361111093749998 0.56949806875 0.145061728125 0.572393821875 0.1350308640625 0.583976834375
1 0.246141975 0.590733590625 0.2561728390625 0.596525096875 0.2986111109375 0.5955598453125 0.3078703703125 0.590733590625 0.31095679062500003 0.583976834375 0.307098765625 0.572393821875 0.2986111109375 0.56949806875 0.25077160468750004 0.56949806875 0.2453703703125 0.5772200765625 0.246141975 0.590733590625
1 0.3634259265625 0.584942084375 0.3719135796875 0.5945945953125 0.4158950625 0.59362934375 0.4251543203125 0.5897683390624999 0.42978395 0.58108108125 0.42592592656250006 0.5704633203125 0.41743827187500004 0.5675675671875 0.371141975 0.5675675671875 0.3649691359375 0.572393821875 0.3634259265625 0.584942084375
1 0.50771605 0.6081081078125 0.5216049375 0.6042471046875 0.530864196875 0.5859073359375 0.5300925921874999 0.5733590734375 0.5208333328125 0.5666023171875 0.4915123453125 0.565637065625 0.48302469062500003 0.5733590734375 0.48533950625 0.5926640921875 0.50771605 0.6081081078125
1 0.553240740625 0.5733590734375 0.5524691359375 0.5916988421875 0.5601851859375 0.6119691125 0.5671296296875 0.61872586875 0.5802469140625 0.6138996140625 0.5856481484375 0.60617760625 0.5910493828125001 0.5878378375 0.590277778125 0.5733590734375 0.578703703125 0.565637065625 0.5617283953125 0.565637065625 0.553240740625 0.5733590734375
1 0.6134259265625001 0.5916988421875 0.6203703703125 0.6119691125 0.6304012343750001 0.6167953671874999 0.6458333328125 0.6081081078125 0.6520061734375 0.5868725875 0.6520061734375 0.574324325 0.6458333328125 0.5666023171875 0.6219135796875 0.5646718140625 0.6134259265625001 0.574324325 0.6134259265625001 0.5916988421875
1 0.6759259265625001 0.5897683390624999 0.683641975 0.6081081078125 0.6990740734374999 0.6110038609374999 0.7083333328125 0.603281853125 0.7145061734375 0.5830115828125 0.711419753125 0.5675675671875 0.6975308640625 0.5627413125 0.6844135796875 0.5637065640625 0.6759259265625001 0.575289575 0.6759259265625001 0.5897683390624999
1 0.7453703703125 0.610038609375 0.759259259375 0.6129343625 0.770061728125 0.603281853125 0.7754629625 0.5733590734375 0.7677469140625 0.5627413125 0.746141975 0.5627413125 0.7376543203125 0.5733590734375 0.7376543203125 0.5897683390624999 0.7453703703125 0.610038609375
1 0.8009259265625 0.5733590734375 0.803240740625 0.6003860999999999 0.8094135796874999 0.610038609375 0.817901234375 0.6119691125 0.829475309375 0.603281853125 0.8356481484374999 0.5830115828125 0.8356481484374999 0.5714285718750001 0.8317901234375 0.5637065640625 0.8117283953125 0.5608108109375001 0.807098765625 0.5627413125 0.8009259265625 0.5733590734375
1 0.8665123453125 0.5617760625 0.8611111109375 0.56949806875 0.8603395062500001 0.583976834375 0.8649691359375 0.6023166015625 0.8734567906249999 0.610038609375 0.88580246875 0.6081081078125 0.8904320984374999 0.6013513515625 0.8958333328125001 0.5791505796875 0.891975309375 0.5637065640625 0.8888888890625 0.559845559375 0.8742283953125 0.558880309375 0.8665123453125 0.5617760625
1 0.928240740625 0.5608108109375001 0.9228395062500001 0.5704633203125 0.9228395062500001 0.5878378375 0.9274691359375 0.603281853125 0.932098765625 0.609073359375 0.9413580250000001 0.609073359375 0.9459876546875 0.6052123546875 0.95601851875 0.5791505796875 0.953703703125 0.5637065640625 0.946759259375 0.5579150578125 0.9336419749999999 0.5579150578125 0.928240740625 0.5608108109375001
1 1 0.5550193046875 0.9884259265625 0.5579150578125 0.983024690625 0.5646718140625 0.98148148125 0.5830115828125 0.986882715625 0.6023166015625 0.9938271609375 0.6071428578125 1 0.6062343859375 1 0.5550193046875
0 0.1781004484375 0 0.18055555625 0.00675675625 0.18595679062499998 0.0115830109375 0.19444444375 0.009652509375 0.198599240625 0 0.1781004484375 0
0 0.165343915625 0 0.1581790125 0.0048262546875 0.1581790125 0.0328185328125 0.1620370375 0.0376447875 0.1682098765625 0.0376447875 0.1774691359375 0.0241312734375 0.17978395 0.012548262499999999 0.1697530859375 0 0.165343915625 0
0 0.182098765625 0.05308880312499999 0.1875 0.05694980625 0.19598765468749998 0.05308880312499999 0.19830246875 0.0328185328125 0.19598765468749998 0.020270270312499998 0.18595679062499998 0.01833976875 0.17669753125 0.034749034375 0.17669753125 0.04343629375 0.182098765625 0.05308880312499999
0 0.1628086421875 0.07722007656249999 0.171296296875 0.0791505796875 0.182098765625 0.072393821875 0.1844135796875 0.0608108109375 0.1774691359375 0.050193049999999996 0.1658950625 0.0453667953125 0.1604938265625 0.051158301562499994 0.15972222187500001 0.065637065625 0.1628086421875 0.07722007656249999
0 0.170524690625 0.10617760624999999 0.1875 0.109073359375 0.192901234375 0.10521235468750001 0.19598765468749998 0.09652509687500001 0.1936728390625 0.078185328125 0.1844135796875 0.0762548265625 0.1697530859375 0.0868725875 0.167438271875 0.1023166015625 0.170524690625 0.10617760624999999
0 0.167438271875 0.1418918921875 0.1844135796875 0.14382239375 0.1921296296875 0.1370656375 0.192901234375 0.12258687187499999 0.18827160468749998 0.11679536718750001 0.1751543203125 0.1138996140625 0.1658950625 0.1196911203125 0.163580246875 0.1303088796875 0.167438271875 0.1418918921875
0 0.17206790156250001 0.1824324328125 0.182098765625 0.1833976828125 0.1905864203125 0.175675675 0.192901234375 0.16023166093750002 0.18827160468749998 0.1515444015625 0.17669753125 0.14961390000000002 0.1666666671875 0.1573359078125 0.1658950625 0.17277992343749998 0.17206790156250001 0.1824324328125
0 0.167438271875 0.2104247109375 0.170524690625 0.22007722031250002 0.1759259265625 0.22393822343749997 0.1851851859375 0.22297297343750003 0.19135802500000001 0.21235521249999997 0.1898148140625 0.1920849421875 0.1813271609375 0.18725868750000002 0.17361111093749998 0.18918918906249999 0.16898148125 0.1949806953125 0.167438271875 0.2104247109375
0 0.1851851859375 0.26833976875 0.1905864203125 0.2577220078125 0.18904320937500002 0.23455598437499997 0.178240740625 0.2297297296875 0.1697530859375 0.23745173749999998 0.1697530859375 0.2625482625 0.1759259265625 0.26930501875 0.1851851859375 0.26833976875
0 0.18595679062499998 0.30984555937499997 0.19135802500000001 0.30019304999999996 0.1898148140625 0.2828185328125 0.1828703703125 0.2760617765625 0.171296296875 0.2828185328125 0.17206790156250001 0.30598455625 0.17669753125 0.31081081093749996 0.18595679062499998 0.30984555937499997
0 0.1875 0.3523166015625 0.19135802500000001 0.347490346875 0.1898148140625 0.32142857187499996 0.1813271609375 0.3166023171875 0.171296296875 0.32432432499999997 0.171296296875 0.347490346875 0.178240740625 0.3542471046875 0.1875 0.3523166015625
0 0.18827160468749998 0.396718146875 0.1921296296875 0.3880308875 0.1905864203125 0.364864865625 0.17978395 0.360038609375 0.171296296875 0.36776061718749997 0.17206790156250001 0.3928571421875 0.17901234531250002 0.3986486484375 0.18827160468749998 0.396718146875
0 0.1774691359375 0.4449806953125 0.18595679062499998 0.4449806953125 0.1921296296875 0.4391891890625 0.192901234375 0.415057915625 0.18904320937500002 0.40733590781249995 0.1774691359375 0.40637065625 0.171296296875 0.415057915625 0.171296296875 0.43532818593749995 0.1774691359375 0.4449806953125
0 0.17283950625 0.48166023124999996 0.17978395 0.48841698906250003 0.1905864203125 0.484555984375 0.1936728390625 0.478764478125 0.19135802500000001 0.45656370625 0.18364197499999999 0.4507722 0.17361111093749998 0.45656370625 0.171296296875 0.4604247109375 0.17283950625 0.48166023124999996
0 0.17361111093749998 0.525096525 0.178240740625 0.5308880312500001 0.18904320937500002 0.5299227796875 0.19444444375 0.5202702703125001 0.192901234375 0.5009652515624999 0.1851851859375 0.49420849375 0.1751543203125 0.49903474843750006 0.17206790156250001 0.503861003125 0.17361111093749998 0.525096525
0 0.19521605 0.5704633203125 0.1921296296875 0.5415057921875001 0.1875 0.5376447875 0.17901234531250002 0.5376447875 0.17438271562500002 0.5424710421875 0.17361111093749998 0.5617760625 0.1851851859375 0.5714285718750001 0.19521605 0.5704633203125
0 0.207561728125 0.5955598453125 0.23070987656250003 0.596525096875 0.23996913593750002 0.5878378375 0.23996913593750002 0.578185328125 0.23379629687499998 0.5704633203125 0.20987654375 0.56949806875 0.20293209843749999 0.578185328125 0.20216049374999998 0.5859073359375 0.207561728125 0.5955598453125
0 0.33487654375 0.5945945953125 0.351080246875 0.5945945953125 0.36033950625 0.5859073359375 0.36033950625 0.5762548265625 0.3533950625 0.56853281875 0.336419753125 0.56853281875 0.328703703125 0.575289575 0.328703703125 0.5888030890625 0.33487654375 0.5945945953125
0 0.45447530937499997 0.5926640921875 0.4729938265625 0.5926640921875 0.47993827187500004 0.5830115828125 0.4791666671875 0.5714285718750001 0.4714506171875 0.565637065625 0.4552469140625 0.5666023171875 0.44907407343749994 0.572393821875 0.44907407343749994 0.5859073359375 0.45447530937499997 0.5926640921875
0 0.5370370375 0.6206563703125 0.546296296875 0.6177606171875001 0.553240740625 0.6081081078125 0.5501543203125 0.5897683390624999 0.542438271875 0.5830115828125 0.5339506171874999 0.5878378375 0.5285493828125001 0.6023166015625 0.5293209875 0.614864865625 0.5370370375 0.6206563703125
0 0.5949074078125001 0.61872586875 0.6033950625 0.6196911203125001 0.611882715625 0.6138996140625 0.6126543203125 0.5955598453125 0.6072530859375 0.584942084375 0.5964506171874999 0.584942084375 0.5910493828125001 0.597490346875 0.590277778125 0.6110038609374999 0.5949074078125001 0.61872586875
0 0.656635803125 0.6167953671874999 0.66512345625 0.6177606171875001 0.6751543203125 0.6110038609374999 0.67669753125 0.6013513515625 0.6682098765625 0.5830115828125 0.6589506171874999 0.583976834375 0.6535493828125001 0.59362934375 0.6520061734375 0.609073359375 0.656635803125 0.6167953671874999
0 0.7175925921874999 0.614864865625 0.7245370375 0.6167953671874999 0.7345679015625 0.610038609375 0.736882715625 0.59942085 0.7322530859375 0.5830115828125 0.7229938265625 0.58108108125 0.7160493828125001 0.590733590625 0.7137345671875 0.6052123546875 0.7175925921874999 0.614864865625
0 0.780864196875 0.6129343625 0.7893518515625 0.6129343625 0.7986111109375 0.6042471046875 0.7970679015625 0.5868725875 0.7916666671875 0.578185328125 0.7839506171874999 0.5791505796875 0.7770061734375 0.5945945953125 0.7762345671875 0.6042471046875 0.780864196875 0.6129343625
0 0.8418209875 0.6129343625 0.8503086421875 0.6129343625 0.858024690625 0.6042471046875 0.8572530859375 0.5868725875 0.8510802468750001 0.5772200765625 0.8418209875 0.5820463328125001 0.8371913578125 0.5955598453125 0.8364197531249999 0.603281853125 0.8418209875 0.6129343625
0 0.9020061734375 0.610038609375 0.9112654328125 0.610038609375 0.9182098765625 0.603281853125 0.9197530859375 0.5926640921875 0.9135802468750001 0.575289575 0.9043209875 0.5772200765625 0.8981481484374999 0.5926640921875 0.8973765437500001 0.6023166015625 0.9020061734375 0.610038609375
0 0.9606481484374999 0.609073359375 0.972222221875 0.610038609375 0.9776234562499999 0.6052123546875 0.9791666671874999 0.5916988421875 0.9745370375 0.575289575 0.965277778125 0.575289575 0.9583333328125001 0.5916988421875 0.9575617281250001 0.6042471046875 0.9606481484374999 0.609073359375