1 0.028913964062500002 0.588183421875 0.0249174890625 0.588183421875 0.014104371874999999 0.5899470906250001 0.006346967187499999 0.60229276875 0.007052185937499999 0.61904761875 0.011283498437500001 0.6331569671875 0.015514809374999999 0.6375661375 0.028913964062500002 0.6375661375 0.0373765875 0.6313932984374999 0.0423131171875 0.621693121875 0.0401974609375 0.599647265625 0.028913964062500002 0.588183421875
1 0.06417489374999999 0.5873015875 0.05994358281249999 0.5873015875 0.050775740624999996 0.5899470906250001 0.045839209375 0.6005290999999999 0.046544428124999995 0.6234567906249999 0.052186178125 0.6331569671875 0.05923836406250001 0.634920634375 0.0705218625 0.6331569671875 0.0789844859375 0.621693121875 0.0768688296875 0.5970017640624999 0.0712270796875 0.5899470906250001 0.06417489374999999 0.5873015875
1 0.083215796875 0.5970017640624999 0.083215796875 0.6208112875 0.0952045140625 0.634920634375 0.1064880109375 0.634920634375 0.117066290625 0.62257495625 0.117771509375 0.6040564374999999 0.10930888593750002 0.58906525625 0.10084626249999999 0.586419753125 0.09590973124999999 0.586419753125 0.083215796875 0.5970017640624999
1 0.1396332859375 0.586419753125 0.135401975 0.586419753125 0.1290550078125 0.58906525625 0.12200282031250001 0.60229276875 0.1241184765625 0.6234567906249999 0.1311706625 0.634920634375 0.148801128125 0.6322751328125 0.1565585328125 0.621693121875 0.1565585328125 0.604938271875 0.1544428765625 0.5978835984375 0.148801128125 0.5899470906250001 0.1396332859375 0.586419753125
1 0.19111424531250001 0.58906525625 0.181241184375 0.5855379187499999 0.17771509218749998 0.5855379187499999 0.165726375 0.58906525625 0.1600846265625 0.5978835984375 0.1607898453125 0.621693121875 0.17066290625 0.6331569671875 0.18053596562500002 0.6322751328125 0.18829337031249999 0.6269841265625 0.19746121249999998 0.6137566140625 0.19887165 0.60229276875 0.196050775 0.5961199296874999 0.19111424531250001 0.58906525625
1 0.2637517625 0.586419753125 0.2588152328125 0.58377425 0.23977432968749998 0.582892415625 0.23836389218749998 0.582892415625 0.22708039531250002 0.586419753125 0.2101551484375 0.5846560843749999 0.20521861718749998 0.5917107578125 0.20521861718749998 0.601410934375 0.2080394921875 0.60582010625 0.216502115625 0.6093474421875 0.253878703125 0.6075837749999999 0.26727785625 0.603174603125 0.26798307499999996 0.5917107578125 0.2637517625 0.586419753125
1 0.35754583906250004 0.5820105812499999 0.35401974687500004 0.5820105812499999 0.3215796890625 0.582892415625 0.316643159375 0.58906525625 0.31593794062499997 0.5978835984375 0.318053596875 0.603174603125 0.3258110015625 0.6075837749999999 0.3631875875 0.606701940625 0.3744710859375 0.5987654328125 0.37517630468749996 0.5908289234375 0.3709449921875 0.5846560843749999 0.35754583906250004 0.5820105812499999
1 0.5007052187500001 0.5811287484375 0.4753173484375 0.5793650796875001 0.47161495000000003 0.5793650796875001 0.452750353125 0.5802469140625 0.44851904062500003 0.582892415625 0.44640338437500005 0.5873015875 0.44640338437500005 0.5978835984375 0.44922425937500005 0.603174603125 0.4605077578125 0.60582010625 0.5007052187500001 0.6040564374999999 0.5070521859375 0.5943562609375 0.5063469671874999 0.586419753125 0.5007052187500001 0.5811287484375
1 0.56699576875 0.5820105812499999 0.5606488015625 0.5793650796875001 0.5564174890625 0.5793650796875001 0.5479548656250001 0.5802469140625 0.5416078984375 0.588183421875 0.5380818046875 0.6084656078124999 0.5380818046875 0.62257495625 0.5409026796874999 0.6278659609374999 0.5564174890625 0.6278659609374999 0.563469675 0.6234567906249999 0.569111425 0.6146384484375 0.5719322984375 0.58906525625 0.56699576875 0.5820105812499999
1 0.616361071875 0.5784832453125001 0.612600140625 0.5784832453125001 0.60014104375 0.5802469140625 0.59590973125 0.5855379187499999 0.5937940765625 0.5934744265624999 0.5973201687499999 0.6137566140625 0.6071932296875 0.6269841265625 0.615655853125 0.6261022921875 0.6220028203125 0.6199294531249999 0.629760225 0.5978835984375 0.6283497890625 0.5855379187499999 0.616361071875 0.5784832453125001
1 0.6791255296875 0.5802469140625 0.6734837796875001 0.5776014109375 0.66925246875 0.5776014109375 0.6551480953125 0.5802469140625 0.650916784375 0.5899470906250001 0.650916784375 0.60229276875 0.6551480953125 0.61728395 0.6600846265625 0.6234567906249999 0.6664315937499999 0.6261022921875 0.6777150921875 0.6208112875 0.6826516218750001 0.6075837749999999 0.683356840625 0.586419753125 0.6791255296875 0.5802469140625
1 0.7355430187499999 0.5793650796875001 0.7256699578125 0.5758377421875001 0.720733428125 0.5758377421875001 0.7108603671875 0.5802469140625 0.7066290546875 0.5899470906250001 0.7094499296875 0.6137566140625 0.7150916781250001 0.62257495625 0.719322990625 0.624338625 0.7277856140625001 0.62257495625 0.73413258125 0.6146384484375 0.7404795484375 0.5943562609375 0.7397743296875 0.5846560843749999 0.7355430187499999 0.5793650796875001
1 0.7905500703125 0.5776014109375 0.7827926656249999 0.5749559078125001 0.7764456984375 0.5749559078125001 0.7651622 0.5784832453125001 0.7609308890625 0.5908289234375 0.7644569812500001 0.6119929453124999 0.76727785625 0.618165784375 0.7736248234375 0.62257495625 0.779971790625 0.62257495625 0.7884344140625 0.61728395 0.7947813828125 0.5987654328125 0.7947813828125 0.58377425 0.7905500703125 0.5776014109375
1 0.8406205921875 0.5740740734374999 0.8368596609375001 0.5740740734374999 0.8258110015625 0.5758377421875001 0.818758815625 0.58906525625 0.8215796890625 0.6111111109375 0.8286318765624999 0.6208112875 0.83638928125 0.6208112875 0.8434414671875 0.6155202828124999 0.849788434375 0.5978835984375 0.8504936531249999 0.58377425 0.8469675593750001 0.5776014109375 0.8406205921875 0.5740740734374999
1 0.8935119890625 0.57231040625 0.8892806765625 0.57231040625 0.8787023984375001 0.5749559078125001 0.8730606484375001 0.5846560843749999 0.8765867421875001 0.6119929453124999 0.884344146875 0.6199294531249999 0.8977432999999999 0.6164021156249999 0.9026798312500001 0.6075837749999999 0.9047954859375 0.5970017640624999 0.9055007046875 0.5855379187499999 0.9019746124999999 0.5758377421875001 0.8935119890625 0.57231040625
1 0.950634696875 0.5714285718750001 0.946403384375 0.5714285718750001 0.936530325 0.573192240625 0.93018335625 0.58377425 0.9294781375 0.5917107578125 0.93300423125 0.6102292765625 0.9400564171875001 0.61904761875 0.9499294781250001 0.61728395 0.9590973203125 0.5978835984375 0.9598025390625 0.582892415625 0.9569816640625 0.5749559078125001 0.950634696875 0.5714285718750001
1 1 0.571040003125 0.9887165015624999 0.573192240625 0.984485190625 0.5820105812499999 0.985895628125 0.603174603125 0.9887165015624999 0.6111111109375 0.9936530328125001 0.6164021156249999 1 0.6159844062500001 1 0.571040003125
0 0.21861777187500003 0 0.22496473906249997 0.0123456796875 0.23131170625 0.014109346875000001 0.2376586734375 0.0123456796875 0.2425952046875 0.007054673437500001 0.2436209765625 0 0.21861777187500003 0
0 0.20239774375000003 0.0035273375000000004 0.19675599375 0.0132275125 0.19816643125 0.029100529687499998 0.20310296249999998 0.033509699999999996 0.213681240625 0.030864196875 0.22002820937499998 0.021164021875 0.22002820937499998 0.0105820109375 0.2115655859375 0.0017636687500000002 0.20733427343750002 0.0017636687500000002 0.20239774375000003 0.0035273375000000004
0 0.2228490828125 0.0238095234375 0.22002820937499998 0.032627865625 0.2214386453125 0.045855379687499996 0.22708039531250002 0.05202821875 0.23413258125 0.05202821875 0.24047954843750002 0.0449735453125 0.24118476718749998 0.0264550265625 0.23483779999999999 0.019400353125 0.22990126875 0.019400353125 0.2228490828125 0.0238095234375
0 0.20380818125000003 0.0396825390625 0.19887165 0.05026455 0.20028208749999998 0.066137565625 0.20592383593750002 0.07231040625 0.215091678125 0.06878306875 0.2214386453125 0.056437389062499996 0.22073342812500002 0.04850088125 0.2115655859375 0.037918871874999996 0.2094499296875 0.037918871874999996 0.20380818125000003 0.0396825390625
0 0.2228490828125 0.06261022968749999 0.21861777187500003 0.073192240625 0.22214386406250003 0.088183421875 0.2277856140625 0.0943562609375 0.23554301875 0.0925925921875 0.2390691109375 0.08289241562500001 0.23977432968749998 0.067901234375 0.23342736249999999 0.0590828921875 0.2277856140625 0.0590828921875 0.2228490828125 0.06261022968749999
0 0.20521861718749998 0.0802469140625 0.20098730625 0.08906525625 0.20169252499999998 0.10582010625 0.20662905468749998 0.1119929453125 0.2115655859375 0.1111111109375 0.2214386453125 0.0987654328125 0.22002820937499998 0.0873015875 0.2115655859375 0.0784832453125 0.2094499296875 0.0784832453125 0.20521861718749998 0.0802469140625
0 0.22425952031250002 0.101410934375 0.212976021875 0.11728395 0.214386459375 0.1261022921875 0.219322990625 0.1305114640625 0.22708039531250002 0.1322751328125 0.23554301875 0.1278659609375 0.23695345625000003 0.104938271875 0.23272214375 0.1005291 0.22919605 0.1005291 0.22425952031250002 0.101410934375
0 0.20662905468749998 0.136684303125 0.20521861718749998 0.15255731875 0.2115655859375 0.1604938265625 0.22073342812500002 0.1604938265625 0.22919605 0.15608465625 0.23272214375 0.1446208109375 0.2277856140625 0.136684303125 0.216502115625 0.1313932984375 0.214386459375 0.1313932984375 0.20662905468749998 0.136684303125
0 0.22566995781250002 0.1631393296875 0.22214386406250003 0.1631393296875 0.215796896875 0.1649029984375 0.20874471093750002 0.1710758375 0.20733427343750002 0.17989417968750002 0.2122708046875 0.190476190625 0.22073342812500002 0.19223985937500002 0.2277856140625 0.190476190625 0.232016925 0.18606701875 0.23483779999999999 0.17283950625 0.23131170625 0.1657848328125 0.22566995781250002 0.1631393296875
0 0.2108603671875 0.2001763671875 0.20874471093750002 0.2045855375 0.2094499296875 0.2213403875 0.215091678125 0.225749559375 0.2263751765625 0.22486772500000002 0.23272214375 0.21693121718750003 0.23342736249999999 0.20370370312500002 0.22496473906249997 0.1957671953125 0.219322990625 0.1957671953125 0.2108603671875 0.2001763671875
0 0.2101551484375 0.25485008750000004 0.219322990625 0.2654320984375 0.22708039531250002 0.262786596875 0.23272214375 0.2530864203125 0.232016925 0.237213403125 0.22355430156249997 0.2301587296875 0.219322990625 0.2301587296875 0.2101551484375 0.238977071875 0.2101551484375 0.25485008750000004
0 0.219322990625 0.2698412703125 0.213681240625 0.275132275 0.2115655859375 0.28395061718750003 0.212976021875 0.3007054671875 0.21861777187500003 0.30599647343749997 0.22708039531250002 0.30423280468749997 0.232016925 0.29276895937499997 0.23131170625 0.2786596125 0.22849083281250002 0.27248677187500003 0.22425952031250002 0.2698412703125 0.219322990625 0.2698412703125
0 0.213681240625 0.3165784828125 0.2122708046875 0.3324514984375 0.214386459375 0.343033509375 0.22214386406250003 0.34744268125 0.22990126875 0.34391534375 0.23272214375 0.3368606703125 0.232016925 0.3192239859375 0.2263751765625 0.311287478125 0.22073342812500002 0.311287478125 0.213681240625 0.3165784828125
0 0.212976021875 0.381834215625 0.22002820937499998 0.38977072343749997 0.22708039531250002 0.3888888890625 0.23272214375 0.381834215625 0.232016925 0.36067019375 0.22566995781250002 0.3536155203125 0.22073342812500002 0.3536155203125 0.212976021875 0.3624338625 0.212976021875 0.381834215625
0 0.214386459375 0.400352734375 0.212976021875 0.41358024687499995 0.213681240625 0.4232804234375 0.2214386453125 0.43121693125 0.22919605 0.428571428125 0.23272214375 0.4232804234375 0.23272214375 0.40299823593750006 0.2263751765625 0.39417989375 0.22073342812500002 0.39417989375 0.214386459375 0.400352734375
0 0.216502115625 0.44091710781250004 0.213681240625 0.447089946875 0.214386459375 0.4585537921875 0.219322990625 0.46825396875 0.22708039531250002 0.46825396875 0.23342736249999999 0.46119929531250003 0.23272214375 0.4435626109375 0.22708039531250002 0.4365079359375 0.2228490828125 0.4365079359375 0.216502115625 0.44091710781250004
0 0.2214386453125 0.4735449734375 0.214386459375 0.48148148125 0.213681240625 0.4885361546875 0.214386459375 0.500881834375 0.22073342812500002 0.5070546734375 0.2277856140625 0.5070546734375 0.232016925 0.5044091703125 0.23413258125 0.499118165625 0.23342736249999999 0.48236331562499996 0.22708039531250002 0.4735449734375 0.2214386453125 0.4735449734375
0 0.22425952031250002 0.5132275125 0.21861777187500003 0.514109346875 0.214386459375 0.5229276890625 0.215091678125 0.5405643734375001 0.22073342812500002 0.547619046875 0.2277856140625 0.547619046875 0.23483779999999999 0.5396825390625 0.23413258125 0.5229276890625 0.232016925 0.51675485 0.2277856140625 0.5132275125 0.22425952031250002 0.5132275125
0 0.219322990625 0.5537918875 0.214386459375 0.5634920640625001 0.214386459375 0.5784832453125001 0.2214386453125 0.58377425 0.232016925 0.582892415625 0.23624823749999999 0.5784832453125001 0.23483779999999999 0.5608465609375 0.22919605 0.552910053125 0.22566995781250002 0.552910053125 0.219322990625 0.5537918875
0 0.2954866015625 0.582892415625 0.2898448515625 0.582892415625 0.285613540625 0.5846560843749999 0.282087446875 0.5917107578125 0.283497884375 0.60229276875 0.287023978125 0.606701940625 0.29901269375 0.6075837749999999 0.3074753171875 0.6040564374999999 0.3110014109375 0.599647265625 0.3102961921875 0.58906525625 0.3053596609375 0.5846560843749999 0.2954866015625 0.582892415625
0 0.40103455625000006 0.5811287484375 0.3906911140625 0.5820105812499999 0.385754584375 0.586419753125 0.384344146875 0.5952380953125 0.3878702390625 0.6040564374999999 0.4055007046875 0.60582010625 0.41255289062499995 0.6005290999999999 0.41396332812500003 0.588183421875 0.4118476734375 0.58377425 0.40479548593750003 0.5811287484375 0.40103455625000006 0.5811287484375
0 0.43935119843750003 0.5811287484375 0.435472496875 0.5811287484375 0.4238363890625 0.5811287484375 0.418899859375 0.5846560843749999 0.41678420312500003 0.5943562609375 0.4210155140625 0.6040564374999999 0.43300423125 0.60582010625 0.4407616359375 0.603174603125 0.4435825109375 0.5978835984375 0.4435825109375 0.588183421875 0.4421720734375 0.582892415625 0.43935119843750003 0.5811287484375
0 0.5225669953125001 0.58377425 0.516925246875 0.5970017640624999 0.518335684375 0.6128747796875 0.5239774328125 0.6199294531249999 0.5303244 0.61904761875 0.5373765875000001 0.60582010625 0.5387870234375 0.58906525625 0.5345557125 0.5811287484375 0.530677009375 0.5811287484375 0.5225669953125001 0.58377425
0 0.582510578125 0.5925925921874999 0.5754583921875 0.599647265625 0.5726375171875 0.6119929453124999 0.5733427359375 0.62257495625 0.5789844859375 0.6287477953125 0.587447109375 0.6278659609374999 0.5930888578125 0.62257495625 0.5944992953125 0.61728395 0.5930888578125 0.60229276875 0.585331453125 0.5925925921874999 0.582510578125 0.5925925921874999
0 0.6339915375 0.5970017640624999 0.6290550078125 0.6119929453124999 0.629760225 0.621693121875 0.63469675625 0.6278659609374999 0.647390690625 0.624338625 0.650916784375 0.6155202828124999 0.6480959093750001 0.5987654328125 0.6403385046875 0.5934744265624999 0.6396332859375 0.5934744265624999 0.6339915375 0.5970017640624999
0 0.6953455578125001 0.58906525625 0.6882933703125 0.5952380953125 0.685472496875 0.6102292765625 0.686177715625 0.61728395 0.6932299015625001 0.62257495625 0.69887165 0.62257495625 0.7045133984375 0.6155202828124999 0.70380818125 0.5978835984375 0.69957686875 0.5908289234375 0.696050775 0.5899470906250001 0.6953455578125001 0.58906525625
0 0.7447108609375 0.5970017640624999 0.7397743296875 0.6119929453124999 0.7418899859375 0.6208112875 0.746826515625 0.6252204578125 0.7559943578125 0.62257495625 0.7609308890625 0.6137566140625 0.7581100140625 0.5987654328125 0.7517630468750001 0.5925925921874999 0.7503526093749999 0.5925925921874999 0.7447108609375 0.5970017640624999
0 0.80042313125 0.5952380953125 0.7968970375 0.6075837749999999 0.79760225625 0.618165784375 0.8046544421874999 0.6234567906249999 0.8095909734375001 0.62257495625 0.816643159375 0.6137566140625 0.815937940625 0.5978835984375 0.8110014109374999 0.5908289234375 0.8053596609375001 0.5908289234375 0.80042313125 0.5952380953125
0 0.8617771515625 0.5899470906250001 0.8561354015625 0.5943562609375 0.8519040906249999 0.6075837749999999 0.8519040906249999 0.6146384484375 0.8568406203125001 0.621693121875 0.86530324375 0.6208112875 0.8709449921875001 0.6137566140625 0.8688293375 0.5952380953125 0.8660084625 0.5908289234375 0.8624823703125 0.5908289234375 0.8617771515625 0.5899470906250001
0 0.9111424546875 0.5925925921874999 0.9076163609375 0.6084656078124999 0.9090267984375 0.618165784375 0.913258109375 0.6208112875 0.9224259515625001 0.618165784375 0.9266572640625 0.6111111109375 0.9259520453125001 0.5970017640624999 0.9210155140625 0.5873015875 0.916784203125 0.5873015875 0.9111424546875 0.5925925921874999
0 0.9640338500000001 0.5925925921874999 0.9619181953125 0.604938271875 0.9619181953125 0.6137566140625 0.9689703812499999 0.6199294531249999 0.9788434421875 0.6164021156249999 0.981664315625 0.6111111109375 0.979548659375 0.58906525625 0.9760225671875 0.5855379187499999 0.9696756000000001 0.5855379187499999 0.9640338500000001 0.5925925921874999