1 0.01945245 0.5954954953125 0.01585014375 0.5954954953125 0.0072046109375 0.6 0.0021613828125000003 0.6108108109375 0.0021613828125000003 0.625225225 0.0057636890625 0.6423423421875001 0.0122478390625 0.646846846875 0.027377521874999998 0.64414414375 0.0374639765625 0.6315315312500001 0.0345821328125 0.60630630625 0.02881844375 0.5990990984375 0.01945245 0.5954954953125
1 0.0698847265625 0.6 0.0576368875 0.5945945953125 0.056195965625 0.5945945953125 0.04827089375 0.596396396875 0.04178674375 0.6018018015625 0.0396253609375 0.6081081078125 0.0396253609375 0.627927928125 0.0453890484375 0.6396396390625 0.054034582812499996 0.64414414375 0.0641210375 0.64414414375 0.074927953125 0.6315315312500001 0.07564841562499999 0.6117117109375 0.0698847265625 0.6
1 0.1066282421875 0.597297296875 0.09942363125 0.5945945953125 0.095821325 0.5945945953125 0.087896253125 0.597297296875 0.0835734875 0.6027027031250001 0.0792507203125 0.6171171171875 0.0821325640625 0.6333333328124999 0.0922190203125 0.64414414375 0.1015850140625 0.64414414375 0.108789625 0.640540540625 0.115273775 0.6297297296875 0.113832853125 0.6072072078125 0.1066282421875 0.597297296875
1 0.15057636875 0.6018018015625 0.139769453125 0.5945945953125 0.1358069171875 0.5945945953125 0.12463976875 0.5981981984375 0.1195965421875 0.609009009375 0.120317003125 0.6324324328125 0.12463976875 0.640540540625 0.1325648421875 0.64414414375 0.141210375 0.64414414375 0.1498559078125 0.6396396390625 0.1548991359375 0.6261261265625 0.1548991359375 0.6144144140625001 0.15057636875 0.6018018015625
1 0.1966858796875 0.6027027031250001 0.1916426515625 0.596396396875 0.1851585015625 0.5936936937499999 0.1815561953125 0.5936936937499999 0.1671469734375 0.5954954953125 0.1606628234375 0.6027027031250001 0.1577809796875 0.6108108109375 0.1577809796875 0.6207207203125 0.1613832859375 0.6315315312500001 0.171469740625 0.640540540625 0.184438040625 0.6360360359375 0.1988472625 0.61891891875 0.1995677234375 0.6117117109375 0.1966858796875 0.6027027031250001
1 0.2665706046875 0.5936936937499999 0.235590778125 0.5900900906250001 0.231748559375 0.5900900906250001 0.2125360234375 0.5936936937499999 0.209654178125 0.5981981984375 0.209654178125 0.6072072078125 0.21757925 0.616216215625 0.2370317 0.6171171171875 0.261527378125 0.615315315625 0.267291065625 0.6117117109375 0.270893371875 0.6054054046874999 0.270893371875 0.6009009015625 0.2665706046875 0.5936936937499999
1 0.360951009375 0.5891891890625 0.3595100859375 0.5891891890625 0.34942363125 0.5900900906250001 0.3436599421875 0.5945945953125 0.34293948125 0.6081081078125 0.3472622484375 0.6144144140625001 0.392651296875 0.6144144140625001 0.4012968296875 0.6117117109375 0.405619596875 0.603603603125 0.405619596875 0.5981981984375 0.399135446875 0.590990990625 0.360951009375 0.5891891890625
1 0.492074928125 0.5873873875 0.48835230625000003 0.5873873875 0.45821325625 0.5891891890625 0.453170028125 0.597297296875 0.453890490625 0.60630630625 0.4610951015625 0.6135135140625 0.5057636890625 0.6135135140625 0.5122478390625 0.6081081078125 0.514409221875 0.597297296875 0.511527378125 0.5918918921875 0.50648415 0.5882882890625 0.492074928125 0.5873873875
1 0.575648415625 0.5918918921875 0.56700288125 0.5873873875 0.5619596546875 0.5873873875 0.552593659375 0.5891891890625 0.546109509375 0.6018018015625 0.5439481265625 0.6270270265625 0.546109509375 0.634234234375 0.5518731984375 0.6378378375 0.5634005765625 0.6369369375 0.572046109375 0.6315315312500001 0.575648415625 0.6234234234375 0.5792507203125 0.5990990984375 0.575648415625 0.5918918921875
1 0.6340057640625 0.5918918921875 0.6224783859375 0.5864864859375001 0.6186361671875 0.5864864859375001 0.607348703125 0.5882882890625 0.6030259359375 0.5936936937499999 0.600864553125 0.6018018015625 0.6051873203125 0.6261261265625 0.613832853125 0.635135134375 0.620317003125 0.635135134375 0.6289625359375 0.627927928125 0.6368876078125 0.6054054046874999 0.6368876078125 0.5981981984375 0.6340057640625 0.5918918921875
1 0.6815561953125 0.5855855859375 0.677953890625 0.5855855859375 0.6642651296875 0.5864864859375001 0.6592219015625 0.590990990625 0.65706051875 0.597297296875 0.6606628234375 0.622522521875 0.6642651296875 0.6297297296875 0.6721902015625 0.635135134375 0.6815561953125 0.6315315312500001 0.68876080625 0.622522521875 0.690922190625 0.5954954953125 0.6815561953125 0.5855855859375
1 0.7456772328125 0.5873873875 0.7334293953125 0.583783784375 0.7269452453125 0.583783784375 0.719740634375 0.5864864859375001 0.716138328125 0.5918918921875 0.71469740625 0.6072072078125 0.719740634375 0.627927928125 0.7240634 0.6324324328125 0.7298270890625 0.6333333328124999 0.7363112390625 0.6315315312500001 0.744956771875 0.6234234234375 0.7507204609375 0.6 0.7456772328125 0.5873873875
1 0.8004322765625 0.584684684375 0.7946685875 0.5828828828125 0.789985590625 0.5828828828125 0.7780979828125 0.5864864859375001 0.7730547546875 0.596396396875 0.7766570609375 0.622522521875 0.78530259375 0.6315315312500001 0.7939481265625 0.6297297296875 0.8011527375 0.622522521875 0.806195965625 0.603603603125 0.8069164265625 0.596396396875 0.80475504375 0.5900900906250001 0.8004322765625 0.584684684375
1 0.8631123921875 0.6027027031250001 0.86239193125 0.5900900906250001 0.854466859375 0.58198198125 0.8505043234375 0.58198198125 0.8386167140625 0.58198198125 0.8335734875 0.5855855859375 0.8292507203125 0.5945945953125 0.8292507203125 0.6054054046874999 0.8328530265625 0.6207207203125 0.8371757921875 0.627927928125 0.84293948125 0.6306306312500001 0.8551873203125 0.625225225 0.860951009375 0.6126126125 0.8631123921875 0.6027027031250001
1 0.9092219015625 0.5801801796875 0.9045389046875 0.5801801796875 0.892651296875 0.583783784375 0.8868876078125 0.5945945953125 0.8904899140625 0.6180180187500001 0.8933717578125 0.624324325 0.899135446875 0.628828828125 0.904178675 0.628828828125 0.912103746875 0.6234234234375 0.918587896875 0.6027027031250001 0.9164265125 0.5864864859375001 0.9092219015625 0.5801801796875
1 0.9719020171875 0.5828828828125 0.966138328125 0.5792792796875 0.962055475 0.5792792796875 0.9488472625 0.58198198125 0.9430835734375 0.5936936937499999 0.9445244953125 0.6117117109375 0.95172910625 0.6270270265625 0.9618155625 0.6270270265625 0.966138328125 0.624324325 0.9719020171875 0.6144144140625001 0.9747838609375 0.603603603125 0.9747838609375 0.5900900906250001 0.9719020171875 0.5828828828125
0 0.9863112390625 0.5927927921875 0.9798270890625 0.5981981984375 0.9769452453125 0.6108108109375 0.97766570625 0.622522521875 0.98054755 0.627927928125 0.98414985625 0.628828828125 0.99639769375 0.625225225 0.998559078125 0.6207207203125 0.9956772328125 0.5981981984375 0.9913544671875 0.5927927921875 0.9863112390625 0.5927927921875
0 0.190121678125 0 0.1902017296875 0.0009009015625 0.1959654171875 0.0081081078125 0.2046109515625 0.009009009375 0.2125360234375 0.0009009015625 0.212856228125 0 0.190121678125 0
0 0.21757925 0 0.2154178671875 0.009009009375 0.216138328125 0.01891891875 0.222622478125 0.0270270265625 0.2348703171875 0.024324325 0.238472621875 0.0144144140625 0.2391930828125 0.002702703125 0.23683521093749998 0 0.21757925 0
0 0.1959654171875 0.0171171171875 0.1923631125 0.0234234234375 0.1930835734375 0.0387387390625 0.1988472625 0.0477477484375 0.2074927953125 0.046846846875 0.216138328125 0.03153153125 0.2154178671875 0.022522521875 0.2074927953125 0.0144144140625 0.2010086453125 0.0144144140625 0.1959654171875 0.0171171171875
0 0.226224784375 0.0324324328125 0.2182997125 0.0369369375 0.2139769453125 0.0477477484375 0.216138328125 0.0603603609375 0.2219020171875 0.065765765625 0.2312680109375 0.0639639640625 0.235590778125 0.05675675625 0.235590778125 0.0387387390625 0.232708934375 0.034234234375 0.22766570625 0.0324324328125 0.226224784375 0.0324324328125
0 0.19524495625 0.08018017968749999 0.1995677234375 0.0891891890625 0.2060518734375 0.0891891890625 0.216138328125 0.072072071875 0.2154178671875 0.06216216249999999 0.2060518734375 0.0540540546875 0.2024495671875 0.0540540546875 0.19524495625 0.06216216249999999 0.19524495625 0.08018017968749999
0 0.226224784375 0.07117117187500001 0.2182997125 0.074774775 0.2125360234375 0.090990990625 0.2168587890625 0.102702703125 0.226224784375 0.109009009375 0.231988471875 0.1054054046875 0.23414985625 0.0891891890625 0.23414985625 0.07837837812500001 0.231988471875 0.0738738734375 0.2269452453125 0.07117117187500001 0.226224784375 0.07117117187500001
0 0.2046109515625 0.096396396875 0.1995677234375 0.1 0.1981268015625 0.1072072078125 0.1988472625 0.125225225 0.203890490625 0.12972972968750002 0.21469740625 0.1261261265625 0.22118155625 0.1171171171875 0.219740634375 0.10810810781249999 0.2118155625 0.0981981984375 0.2074927953125 0.096396396875 0.2046109515625 0.096396396875
0 0.209654178125 0.13423423437499998 0.206772334375 0.13963963906250002 0.206772334375 0.1477477484375 0.213256484375 0.1549549546875 0.2247838609375 0.1549549546875 0.23054755 0.1486486484375 0.231988471875 0.13063063125000002 0.226224784375 0.125225225 0.2219020171875 0.125225225 0.209654178125 0.13423423437499998
0 0.203890490625 0.1639639640625 0.20172910625 0.1765765765625 0.2060518734375 0.18558558593750002 0.213256484375 0.1882882890625 0.2233429390625 0.1864864859375 0.2298270890625 0.175675675 0.226224784375 0.1630630625 0.2154178671875 0.1585585578125 0.2125360234375 0.1585585578125 0.203890490625 0.1639639640625
0 0.21757925 0.1918918921875 0.2110951015625 0.1927927921875 0.203890490625 0.2 0.203170028125 0.20900900937500003 0.20821325625 0.221621621875 0.2204610953125 0.222522521875 0.2269452453125 0.2171171171875 0.2298270890625 0.20630630625 0.229106628125 0.2 0.22118155625 0.1918918921875 0.21757925 0.1918918921875
0 0.2103746390625 0.2297297296875 0.2053314125 0.23693693750000003 0.2053314125 0.2540540546875 0.213256484375 0.2612612609375 0.222622478125 0.25945945937500003 0.22766570625 0.2522522515625 0.22766570625 0.234234234375 0.2190201734375 0.22702702656249998 0.21757925 0.22702702656249998 0.2103746390625 0.2297297296875
0 0.2089337171875 0.271171171875 0.206772334375 0.278378378125 0.20821325625 0.297297296875 0.2139769453125 0.303603603125 0.222622478125 0.3018018015625 0.2269452453125 0.29369369375 0.2269452453125 0.275675675 0.2204610953125 0.2666666671875 0.2154178671875 0.2666666671875 0.2089337171875 0.271171171875
0 0.209654178125 0.3135135140625 0.2074927953125 0.32252252187499997 0.20821325625 0.33873873906249996 0.2139769453125 0.3459459453125 0.222622478125 0.3450450453125 0.22766570625 0.3378378375 0.22766570625 0.3171171171875 0.22118155625 0.30900900937500003 0.2154178671875 0.30900900937500003 0.209654178125 0.3135135140625
0 0.209654178125 0.3549549546875 0.2074927953125 0.365765765625 0.20821325625 0.38198198125 0.2139769453125 0.3882882890625 0.2233429390625 0.3873873875 0.22766570625 0.38108108125 0.22766570625 0.3585585578125 0.22118155625 0.35045044999999997 0.21469740625 0.35045044999999997 0.209654178125 0.3549549546875
0 0.2089337171875 0.402702703125 0.209654178125 0.41801801875000005 0.2118155625 0.424324325 0.2154178671875 0.4270270265625 0.2219020171875 0.42612612656250004 0.2283861671875 0.41891891875000004 0.2283861671875 0.403603603125 0.2219020171875 0.39459459531249996 0.21757925 0.39459459531249996 0.2089337171875 0.402702703125
0 0.2089337171875 0.45765765781249995 0.2154178671875 0.46666666718750005 0.2240634 0.46576576562499994 0.229106628125 0.45675675625 0.2283861671875 0.43963963906250003 0.22118155625 0.43153153125 0.2168587890625 0.43153153125 0.2089337171875 0.43963963906250003 0.2089337171875 0.45765765781249995
0 0.2139769453125 0.4729729734375 0.2089337171875 0.48108108125 0.209654178125 0.5 0.21469740625 0.5090090093749999 0.2240634 0.5081081078125 0.2298270890625 0.4981981984375 0.229106628125 0.4801801796875 0.222622478125 0.472072071875 0.2190201734375 0.472072071875 0.2139769453125 0.4729729734375
0 0.2139769453125 0.516216215625 0.209654178125 0.524324325 0.209654178125 0.540540540625 0.216138328125 0.55045045 0.2240634 0.55045045 0.23054755 0.5414414421875 0.2298270890625 0.5216216218749999 0.222622478125 0.5144144140625 0.2182997125 0.5144144140625 0.2139769453125 0.516216215625
0 0.209654178125 0.58108108125 0.213256484375 0.5873873875 0.222622478125 0.5864864859375001 0.23054755 0.58108108125 0.2298270890625 0.5630630625 0.2233429390625 0.55675675625 0.2168587890625 0.55675675625 0.209654178125 0.5666666671875 0.209654178125 0.58108108125
0 0.2766570609375 0.5936936937499999 0.2744956765625 0.6081081078125 0.27881844375 0.615315315625 0.296109509375 0.615315315625 0.3040345828125 0.6081081078125 0.3040345828125 0.5981981984375 0.3004322765625 0.5936936937499999 0.2925072046875 0.590990990625 0.2886649859375 0.590990990625 0.2766570609375 0.5936936937499999
0 0.32348703125 0.5900900906250001 0.3141210375 0.5927927921875 0.3119596546875 0.5990990984375 0.3134005765625 0.6117117109375 0.3177233421875 0.615315315625 0.3321325640625 0.615315315625 0.33645533125 0.6126126125 0.3393371765625 0.6072072078125 0.337896253125 0.5936936937499999 0.3242074921875 0.5900900906250001 0.32348703125 0.5900900906250001
0 0.4293948125 0.5882882890625 0.4236311234375 0.5927927921875 0.421469740625 0.6018018015625 0.4257925078125 0.6126126125 0.43948126875 0.6144144140625001 0.4495677234375 0.609009009375 0.450288184375 0.5936936937499999 0.4430835734375 0.5882882890625 0.43852089375 0.5882882890625 0.4293948125 0.5882882890625
0 0.527377521875 0.5918918921875 0.52233429375 0.6081081078125 0.5244956765625 0.6261261265625 0.530259365625 0.6306306312500001 0.5381844375 0.627927928125 0.543227665625 0.6144144140625001 0.5446685875 0.5981981984375 0.5396253609375 0.5891891890625 0.5356628234375 0.5891891890625 0.527377521875 0.5918918921875
0 0.581412103125 0.609009009375 0.578530259375 0.622522521875 0.5806916421875 0.6333333328124999 0.58645533125 0.6378378375 0.595821325 0.6360360359375 0.6015850140625 0.627927928125 0.59942363125 0.6108108109375 0.59293948125 0.6018018015625 0.5886167140625 0.6018018015625 0.581412103125 0.609009009375
0 0.6383285296875 0.609909909375 0.6354466859375 0.6216216218749999 0.636167146875 0.6315315312500001 0.641210375 0.6369369375 0.652017290625 0.635135134375 0.6563400578125 0.6297297296875 0.65706051875 0.615315315625 0.65057636875 0.603603603125 0.64409221875 0.603603603125 0.6383285296875 0.609909909375
0 0.6959654171875 0.6045045046874999 0.6930835734375 0.616216215625 0.693804034375 0.6261261265625 0.6995677234375 0.6315315312500001 0.7060518734375 0.6315315312500001 0.713256484375 0.6234234234375 0.7110951015625 0.60630630625 0.7053314125 0.5981981984375 0.703170028125 0.5981981984375 0.6959654171875 0.6045045046874999
0 0.761527378125 0.5990990984375 0.755043228125 0.603603603125 0.7507204609375 0.6180180187500001 0.751440921875 0.6270270265625 0.75648415 0.6333333328124999 0.768011528125 0.6306306312500001 0.7716138328125 0.6234234234375 0.7716138328125 0.6108108109375 0.768011528125 0.6018018015625 0.7629683 0.5990990984375 0.761527378125 0.5990990984375
0 0.8177233421875 0.5990990984375 0.812680115625 0.6027027031250001 0.8076368875 0.6180180187500001 0.8083573484375 0.6270270265625 0.8119596546875 0.6315315312500001 0.8213256484375 0.6306306312500001 0.8278097984375 0.622522521875 0.8263688765625 0.6054054046874999 0.8227665703125 0.6 0.819164265625 0.5990990984375 0.8177233421875 0.5990990984375
0 0.87536023125 0.597297296875 0.86887608125 0.6018018015625 0.865273775 0.6180180187500001 0.8659942359375 0.6270270265625 0.8710374640625 0.6315315312500001 0.88112391875 0.627927928125 0.884726225 0.622522521875 0.884726225 0.609909909375 0.88112391875 0.6 0.876801153125 0.597297296875 0.87536023125 0.597297296875
0 0.930835734375 0.5954954953125 0.9257925078125 0.5990990984375 0.9207492796875 0.6108108109375 0.9207492796875 0.622522521875 0.9257925078125 0.628828828125 0.934438040625 0.627927928125 0.93948126875 0.6234234234375 0.93876080625 0.6027027031250001 0.937319884375 0.5981981984375 0.93299711875 0.5954954953125 0.930835734375 0.5954954953125