1 0.6734475375 0.40132370625 0.6723768734375 0.40072202187499995 0.6284796578125 0.4031287609375 0.6241970015625 0.40734055312499995 0.6263383296875 0.416365825 0.6316916484374999 0.41877256249999995 0.721627409375 0.41817087812500003 0.7344753749999999 0.41696750937499993 0.741970021875 0.41335740000000004 0.741970021875 0.40553549999999994 0.7334047109374999 0.40132370625 0.6734475375 0.40132370625
1 0.9432548187500001 0.3995186515625 0.8725910062500001 0.3989169671875 0.8672376875 0.3989169671875 0.8576017125 0.3995186515625 0.850107065625 0.4043321296875 0.850107065625 0.41034897656249997 0.8565310500000001 0.4157641390625 0.915417559375 0.41696750937499993 0.9379014984375 0.42178098750000004 0.9475374734375 0.42178098750000004 0.9582441109375001 0.412755715625 0.9561027843750001 0.4043321296875 0.9432548187500001 0.3995186515625
1 0.490364025 0.40734055312499995 0.47323340468749997 0.4037304453125 0.47109207656249996 0.4037304453125 0.42184154218750003 0.40673886875000004 0.41434689531249996 0.41756919375 0.42184154218750003 0.43020457343749996 0.436830834375 0.434416365625 0.4807280515625 0.4205776171875 0.50535331875 0.4193742484375 0.5139186296875 0.416365825 0.51498929375 0.412755715625 0.509635975 0.4085439234375 0.490364025 0.40734055312499995
1 0.40364025625 0.40673886875000004 0.3961456109375 0.40553549999999994 0.3865096359375 0.40553549999999994 0.36509635937499996 0.406137184375 0.3586723765625 0.4079422375 0.3533190578125 0.412755715625 0.35224839375 0.4308062578125 0.3608137046875 0.438628159375 0.3982869375 0.43922984375 0.41006423906249995 0.4356197359375 0.41434689531249996 0.42839951875000004 0.41006423906249995 0.412755715625 0.40364025625 0.40673886875000004
1 0.3479657390625 0.41877256249999995 0.344753746875 0.41155234687500003 0.33404710937500004 0.406137184375 0.3276231265625 0.406137184375 0.2944325484375 0.40734055312499995 0.2858672375 0.412755715625 0.282655246875 0.42839951875000004 0.29122055625 0.438628159375 0.30085653125 0.4404332125 0.32548179843749997 0.4404332125 0.33511777343750004 0.43983152812500004 0.3426124203125 0.43682310468749996 0.3479657390625 0.43020457343749996 0.3479657390625 0.41877256249999995
1 0.27730192656249997 0.4151624546875 0.27408993593750003 0.4109506625 0.2612419703125 0.40673886875000004 0.26017130625 0.40673886875000004 0.22805139218749998 0.4079422375 0.21734475312499998 0.41155234687500003 0.2130620984375 0.41756919375 0.211991434375 0.4271961484375 0.2205567453125 0.43922984375 0.2312633828125 0.44163658281249996 0.263383296875 0.4410348984375 0.27516060000000003 0.43682310468749996 0.2794432546875 0.427797834375 0.27730192656249997 0.4151624546875
1 0.20877944375 0.41877256249999995 0.20449678750000003 0.41215403124999994 0.191648821875 0.40734055312499995 0.175588865625 0.40734055312499995 0.1745182015625 0.40734055312499995 0.1573875796875 0.4085439234375 0.149892934375 0.41155234687500003 0.145610278125 0.41696750937499993 0.1445396140625 0.43200962656249997 0.1488222703125 0.43922984375 0.15631691718750002 0.4422382671875 0.19379015 0.4422382671875 0.20449678750000003 0.4380264734375 0.20770877968749998 0.43381468125 0.20877944375 0.41877256249999995
1 0.134903640625 0.41215403124999994 0.12847965781249998 0.4097472921875 0.1059957171875 0.4085439234375 0.099571734375 0.4085439234375 0.084582440625 0.41034897656249997 0.07708779375 0.416365825 0.07601713125000001 0.43682310468749996 0.084582440625 0.4422382671875 0.094218415625 0.44344163593749997 0.12847965781249998 0.4422382671875 0.134903640625 0.43983152812500004 0.13918629531249999 0.43381468125 0.13918629531249999 0.41756919375 0.134903640625 0.41215403124999994
1 0.063169165625 0.41155234687500003 0.050321198437500006 0.4091456078125 0.040685225000000005 0.4091456078125 0.0171306203125 0.41034897656249997 0.0064239828124999995 0.41756919375 0.0064239828124999995 0.4356197359375 0.0117773015625 0.44163658281249996 0.020342612500000003 0.444043321875 0.0578158453125 0.44344163593749997 0.068522484375 0.438628159375 0.07173447499999999 0.4247894109375 0.068522484375 0.4151624546875 0.063169165625 0.41155234687500003
0 0.553533190625 0.40192539062500005 0.542826553125 0.4031287609375 0.5353319062499999 0.4079422375 0.5374732328125 0.416365825 0.54603854375 0.4193742484375 0.6059957171875 0.4193742484375 0.61777301875 0.4151624546875 0.6188436828125 0.4091456078125 0.6113490359375 0.4031287609375 0.55567451875 0.40192539062500005 0.553533190625 0.40192539062500005
0 0.8351177734374999 0.3995186515625 0.8019271953124999 0.3995186515625 0.796306209375 0.3995186515625 0.7794432546875 0.3995186515625 0.7665952890625001 0.4025270765625 0.7612419703125 0.4079422375 0.7633832968750001 0.41335740000000004 0.773019271875 0.41696750937499993 0.7869379015625 0.41756919375 0.8276231265625 0.41696750937499993 0.839400428125 0.4145607703125 0.8436830828125 0.40673886875000004 0.8351177734374999 0.3995186515625
0 1 0.3989169671875 0.9892933625 0.3989169671875 0.987152034375 0.3989169671875 0.9700214125000001 0.4025270765625 0.96466809375 0.4091456078125 0.9657387578125001 0.4193742484375 0.9785867234375001 0.4247894109375 0.9882226984375 0.4247894109375 1 0.42275293906250005 1 0.3989169671875
0 0.5117773015625 0.054151625 0.5085653109375 0.045126353125000004 0.5064239828125 0.045126353125000004 0.5 0.04993983125 0.4914346890625 0.0517448859375 0.481798715625 0.05234657031249999 0.46466809375 0.049338146875 0.459314775 0.054753309375 0.4603854390625 0.059566787499999996 0.47109207656249996 0.0625752109375 0.5042826546875 0.0625752109375 0.5107066375 0.0583634171875 0.5117773015625 0.054151625
0 0.5042826546875 0.0679903734375 0.4957173453125 0.066787003125 0.48982869375 0.066787003125 0.47216274062499997 0.066787003125 0.459314775 0.070998796875 0.457173446875 0.08243080625 0.4635974296875 0.0908543921875 0.47109207656249996 0.092659446875 0.497858671875 0.0920577625 0.50535331875 0.0896510234375 0.509635975 0.083634175 0.5107066375 0.0740072203125 0.5042826546875 0.0679903734375
0 0.4857248390625 0.0956678703125 0.47216274062499997 0.0956678703125 0.461456103125 0.1010830328125 0.461456103125 0.119735259375 0.47109207656249996 0.12635379062500002 0.5032119921875 0.12635379062500002 0.5064239828125 0.1227436828125 0.507494646875 0.1010830328125 0.50535331875 0.09867629375 0.492505353125 0.0956678703125 0.4857248390625 0.0956678703125
0 0.49464668125 0.12936221406249998 0.48857922968749995 0.12936221406249998 0.47109207656249996 0.13056558437500002 0.46466809375 0.137184115625 0.4657387578125 0.1564380265625 0.47323340468749997 0.1630565578125 0.481798715625 0.1648616125 0.4989293359375 0.1624548734375 0.50535331875 0.154632971875 0.5064239828125 0.13537906093750002 0.5042826546875 0.1323706375 0.49464668125 0.12936221406249998
0 0.492505353125 0.16907340625 0.48394004218750003 0.169675090625 0.4828693796875 0.16907340625 0.4753747328125 0.17087845937499999 0.47109207656249996 0.17509025312499998 0.47216274062499997 0.197954271875 0.4796573875 0.2081829125 0.492505353125 0.208784596875 0.5 0.2063778578125 0.502141328125 0.20336943437500002 0.5042826546875 0.1787003609375 0.5 0.17087845937499999 0.492505353125 0.16907340625
0 0.490364025 0.212996390625 0.47751605937499997 0.21480144375000002 0.47430406875 0.219614921875 0.4753747328125 0.25210589687499996 0.48394004218750003 0.25872442812499996 0.5 0.256919375 0.5042826546875 0.2484957875 0.5042826546875 0.22382671406250002 0.5010706640625 0.215403128125 0.4967880078125 0.212996390625 0.490364025 0.212996390625
0 0.49464668125 0.26413959062500003 0.48715203437500004 0.26413959062500003 0.481798715625 0.2653429609375 0.4753747328125 0.2707581234375 0.476445396875 0.302045728125 0.4807280515625 0.30625752031250003 0.48715203437500004 0.308062575 0.5 0.30685920625 0.5064239828125 0.2990373046875 0.5064239828125 0.27316486093750003 0.502141328125 0.2671480140625 0.49464668125 0.26413959062500003
0 0.492505353125 0.312876053125 0.48822269843750005 0.312876053125 0.47751605937499997 0.31768953125 0.476445396875 0.34055355 0.4796573875 0.35318892968750004 0.48394004218750003 0.35679903749999997 0.490364025 0.35800240625 0.5032119921875 0.356197353125 0.5085653109375 0.3501805046875 0.507494646875 0.3188929 0.502141328125 0.31468110781249997 0.492505353125 0.312876053125
0 0.4807280515625 0.36582430781249997 0.47751605937499997 0.3718411546875 0.4796573875 0.3995186515625 0.492505353125 0.4049338140625 0.509635975 0.40553549999999994 0.509635975 0.372442840625 0.5064239828125 0.36582430781249997 0.497858671875 0.362815884375 0.48822269843750005 0.362815884375 0.4807280515625 0.36582430781249997