0 0.4391634984375 0.13208556093749999 0.4192015203125 0.1352941171875 0.412547528125 0.1379679140625 0.412547528125 0.14759358281249998 0.41825095 0.1508021390625 0.45057034218750003 0.1508021390625 0.45722433437500004 0.14812834218749998 0.4600760453125 0.14438502656250002 0.459125475 0.1363636359375 0.44011406875 0.13262032031249998 0.4391634984375 0.13208556093749999
0 0.453422053125 0.1550802140625 0.43346007656249996 0.1540106953125 0.42870722499999997 0.1540106953125 0.4192015203125 0.1556149734375 0.41349809843749996 0.1609625671875 0.412547528125 0.1700534765625 0.4153992390625 0.175935828125 0.4192015203125 0.17967914375 0.4249049421875 0.1807486625 0.45057034218750003 0.18021390312500002 0.4581749046875 0.1743315515625 0.4581749046875 0.1593582890625 0.453422053125 0.1550802140625
0 0.4315589359375 0.18181818125 0.42965779531250003 0.18181818125 0.42205323124999994 0.18342245937499999 0.41634980937500005 0.187700534375 0.4192015203125 0.206951871875 0.426806084375 0.212299465625 0.45152091250000004 0.212299465625 0.45627376406250003 0.208021390625 0.4581749046875 0.20053475937499998 0.45627376406250003 0.185561496875 0.44771863125 0.18235294062500002 0.4315589359375 0.18181818125
0 0.44391635 0.21497326249999998 0.43868821249999995 0.21497326249999998 0.426806084375 0.21657754062499998 0.4211026609375 0.221925134375 0.4249049421875 0.2443850265625 0.434410646875 0.2491978609375 0.4467680609375 0.2486631015625 0.45152091250000004 0.2459893046875 0.45437262343749996 0.2401069515625 0.45532319374999997 0.22245989375000003 0.45152091250000004 0.2171123 0.44391635 0.21497326249999998
0 0.4372623578125 0.2534759359375 0.42775665468749996 0.25828877031249997 0.4258555140625 0.275935828125 0.42965779531250003 0.29037433125 0.434410646875 0.29304812812500003 0.44296577968750006 0.2935828875 0.4524714828125 0.28877005312500004 0.45437262343749996 0.26844919843750004 0.45152091250000004 0.2566844921875 0.4410646390625 0.2534759359375 0.4372623578125 0.2534759359375
0 0.44391635 0.2978609625 0.44296577968750006 0.297326203125 0.43060836562500004 0.3 0.42775665468749996 0.30855615 0.42965779531250003 0.3336898390625 0.434410646875 0.3374331546875 0.44296577968750006 0.3390374328125 0.4524714828125 0.3358288765625 0.45532319374999997 0.3315508015625 0.45437262343749996 0.304278075 0.4524714828125 0.30053475937499996 0.44391635 0.2978609625
0 0.4448669203125 0.3422459890625 0.44011406875 0.3422459890625 0.4315589359375 0.3454545453125 0.42965779531250003 0.3486631015625 0.42965779531250003 0.3748663109375 0.43346007656249996 0.381283421875 0.4410646390625 0.38395721875 0.4524714828125 0.38181818125 0.45722433437500004 0.3764705875 0.45627376406250003 0.3486631015625 0.45437262343749996 0.3459893046875 0.4448669203125 0.3422459890625
0 0.44771863125 0.38823529375 0.44201520937499994 0.38823529375 0.434410646875 0.38983957187499996 0.43060836562500004 0.39679144375000003 0.43250950625 0.42352941250000004 0.4353612171875 0.4272727265625 0.44201520937499994 0.42941176406250003 0.453422053125 0.4283422453125 0.459125475 0.42299465312500006 0.45722433437500004 0.393048128125 0.45437262343749996 0.38983957187499996 0.44771863125 0.38823529375
0 0.490494296875 0.4417112296875 0.4667300375 0.4422459890625 0.45152091250000004 0.4326203203125 0.44391635 0.4326203203125 0.4372623578125 0.4347593578125 0.434410646875 0.43903743281249996 0.4448669203125 0.4518716578125 0.45152091250000004 0.4556149734375 0.49239543750000003 0.45614973281250004 0.4990494296875 0.4550802140625 0.5028517109374999 0.45240641718749997 0.50380228125 0.4470588234375 0.49809885937500004 0.4433155078125 0.490494296875 0.4417112296875
0 0.6520912546875001 0.43903743281249996 0.6501901140624999 0.43903743281249996 0.6368821296875 0.44117647031249996 0.6330798484375 0.4454545453125 0.635931559375 0.4518716578125 0.6425855515625 0.45454545468749996 0.6929657796875001 0.4540106953125 0.7005703421875 0.4534759359375 0.707224334375 0.4502673796875 0.707224334375 0.4438502671875 0.699619771875 0.43957219218750004 0.6520912546875001 0.43903743281249996
0 0.8517110265625 0.4379679140625 0.8384030421875 0.44278074843750004 0.8346007609375 0.4550802140625 0.8526615968750001 0.46310160468749995 0.8697718625 0.46363636406250003 0.8792775671875 0.4604278078125 0.8840304187499999 0.45614973281250004 0.8840304187499999 0.44491978593750003 0.8754752859374999 0.43957219218750004 0.8526615968750001 0.4379679140625 0.8517110265625 0.4379679140625
0 0.9605513312499999 0.4374331546875 0.9486692015625 0.43903743281249996 0.9410646390625 0.4465240640625 0.9372623578124999 0.4625668453125 0.9458174906249999 0.4673796796875 0.9676806078125001 0.4668449203125 0.9724334593749999 0.46363636406250003 0.9771863125 0.44278074843750004 0.9724334593749999 0.4379679140625 0.9667300375 0.4374331546875 0.9605513312499999 0.4374331546875
1 0.055133079687499996 0.4513368984375 0.04467680625 0.44759358281250006 0.0392110265625 0.44759358281250006 0.013307984375000002 0.44812834218750003 0.0028517109375 0.4534759359375 0 0.45828877031250004 0.0009505703125 0.4705882359375 0.008555132812500001 0.47754010625000004 0.034220532812499996 0.478609625 0.054182509375 0.47540106875 0.0589353609375 0.4689839578125 0.0589353609375 0.45614973281250004 0.055133079687499996 0.4513368984375
1 0.10266159687500001 0.4465240640625 0.0960076046875 0.4465240640625 0.0741444859375 0.44759358281250006 0.0636882125 0.4534759359375 0.0636882125 0.47112299531249996 0.0741444859375 0.47754010625000004 0.1074144484375 0.47700534687499996 0.11596958125000001 0.4737967921875 0.1188212921875 0.4684491984375 0.1188212921875 0.4540106953125 0.11311787031250001 0.44919786093749997 0.10266159687500001 0.4465240640625
1 0.1749049421875 0.4486631015625 0.162547528125 0.4454545453125 0.158745246875 0.4454545453125 0.13403041875 0.4465240640625 0.12452471406250001 0.45240641718749997 0.12262357343750001 0.4668449203125 0.1254752859375 0.4721925140625 0.1330798484375 0.4764705875 0.1615969578125 0.47700534687499996 0.1758555140625 0.4737967921875 0.17965779531249998 0.46791443906249996 0.178707225 0.45294117656250005 0.1749049421875 0.4486631015625
1 0.20532319375000002 0.4454545453125 0.199619771875 0.4454545453125 0.19011406875 0.44759358281250006 0.184410646875 0.4540106953125 0.1853612171875 0.47112299531249996 0.1967680609375 0.475935828125 0.2262357421875 0.475935828125 0.236692015625 0.4721925140625 0.24049429687499999 0.4668449203125 0.23859315625000002 0.4502673796875 0.2271863125 0.4454545453125 0.20532319375000002 0.4454545453125
1 0.29467680625 0.4459893046875 0.28707224375 0.44438502656249995 0.2832699625 0.44438502656249995 0.2566539921875 0.4454545453125 0.2471482890625 0.4508021390625 0.2452471484375 0.4647058828125 0.25 0.4721925140625 0.2547528515625 0.47433155156250006 0.28802281406249997 0.47486631093750004 0.2994296578125 0.47112299531249996 0.30228136875 0.46577540156249997 0.300380228125 0.4502673796875 0.29467680625 0.4459893046875
1 0.3479087453125 0.4438502671875 0.31653992343750004 0.44491978593750003 0.30893536093749996 0.4486631015625 0.30608365000000004 0.4647058828125 0.31558935312499997 0.4737967921875 0.3536121671875 0.4737967921875 0.3631178703125 0.46951871718750005 0.3631178703125 0.45240641718749997 0.35741444843750003 0.4459893046875 0.35076045625 0.4438502671875 0.3479087453125 0.4438502671875
1 0.43060836562500004 0.44278074843750004 0.425380228125 0.44278074843750004 0.37737642656250003 0.44438502656249995 0.371673003125 0.4459893046875 0.36596958125 0.45454545468749996 0.3707224328125 0.46791443906249996 0.3802281375 0.47165775468750004 0.3906844109375 0.47112299531249996 0.438212928125 0.45614973281250004 0.44011406875 0.4502673796875 0.4372623578125 0.4459893046875 0.43060836562500004 0.44278074843750004
1 0.6112167296875 0.4417112296875 0.5475285171875 0.4406417109375 0.546577946875 0.4406417109375 0.5142585546875 0.4422459890625 0.509505703125 0.4465240640625 0.5104562734375 0.4518716578125 0.5142585546875 0.4550802140625 0.520912546875 0.45614973281250004 0.5636882125 0.45614973281250004 0.60836501875 0.4550802140625 0.6178707218749999 0.4508021390625 0.6188212921875 0.4465240640625 0.6112167296875 0.4417112296875
1 0.811787071875 0.4385026734375 0.7728136875 0.4374331546875 0.770912546875 0.4374331546875 0.7233840296875 0.4385026734375 0.7138783265625 0.44278074843750004 0.7148288968750001 0.44973262031249994 0.7195817484375 0.45294117656250005 0.7271863125 0.4540106953125 0.7756654000000001 0.4540106953125 0.811787071875 0.4534759359375 0.8203422046875 0.4486631015625 0.8203422046875 0.4422459890625 0.811787071875 0.4385026734375
1 0.8963878328125 0.4374331546875 0.89163498125 0.4401069515625 0.889733840625 0.4513368984375 0.8963878328125 0.4566844921875 0.9277566546875 0.45828877031250004 0.9363117875 0.4502673796875 0.9363117875 0.4422459890625 0.923954371875 0.4374331546875 0.9184410640625 0.4374331546875 0.8963878328125 0.4374331546875
1 1 0.4422459890625 0.9971482890625 0.4417112296875 0.9914448671875 0.4417112296875 0.98098859375 0.44759358281250006 0.9790874531249999 0.46149732656250003 0.9847908750000001 0.46631016093750005 1 0.46726084375 1 0.4422459890625