1 0.49903288124999995 0.44891304375 0.49903288124999995 0.4467391296875 0.5058027078125 0.4461956515625 0.5087040625 0.44402173906250003 0.4903288203125 0.4423913046875 0.472920696875 0.4456521734375 0.4535783359375 0.439130434375 0.4506769828125 0.439130434375 0.41682785312500004 0.4407608703125 0.4100580265625 0.4429347828125 0.40715667343749995 0.45326087031249995 0.4139264984375 0.46141304375000003 0.42166344218749996 0.464130434375 0.42746615156249995 0.464130434375 0.465183753125 0.452717390625 0.5019342359375 0.4521739125 0.503868471875 0.45108695625 0.49903288124999995 0.44891304375
1 0.40425531875000004 0.451630434375 0.401353965625 0.4456521734375 0.3916827859375 0.4407608703125 0.38974855 0.4407608703125 0.3558994203125 0.4418478265625 0.34912959374999997 0.4451086953125 0.345261121875 0.4521739125 0.345261121875 0.46032608750000004 0.3520309484375 0.46956521718750005 0.3675048359375 0.47173912968750004 0.39361702187500003 0.47119565156250004 0.40038684687500004 0.46956521718750005 0.4061895546875 0.464130434375 0.40425531875000004 0.451630434375
1 0.3384912953125 0.4456521734375 0.328820115625 0.4413043484375 0.32366247656249997 0.4413043484375 0.296905221875 0.4418478265625 0.286266925 0.4461956515625 0.282398453125 0.46141304375000003 0.290135396875 0.47065217343750004 0.297872340625 0.472282609375 0.3268858796875 0.472282609375 0.33655705937499997 0.46956521718750005 0.34139265 0.464130434375 0.34139265 0.451630434375 0.3384912953125 0.4456521734375
1 0.27852998125 0.45380434843749995 0.2756286265625 0.4467391296875 0.2669245640625 0.4423913046875 0.261702128125 0.4423913046875 0.23210831718749997 0.4429347828125 0.2234042546875 0.4467391296875 0.22050290156250002 0.463043478125 0.225338490625 0.47065217343750004 0.23307543593750002 0.4728260875 0.250483559375 0.473369565625 0.2640232109375 0.4728260875 0.274661509375 0.46902173906250005 0.27852998125 0.464130434375 0.27852998125 0.45380434843749995
1 0.21760154687500002 0.45652173906250004 0.213733075 0.44728260937500003 0.2011605421875 0.4423913046875 0.1769825921875 0.4429347828125 0.1760154734375 0.4423913046875 0.1692456484375 0.4434782609375 0.1615087046875 0.449456521875 0.15957446875 0.463043478125 0.162475821875 0.46956521718750005 0.1692456484375 0.473369565625 0.1760154734375 0.474456521875 0.2011605421875 0.47391304375 0.2117988390625 0.47119565156250004 0.21663442968750002 0.4646739125 0.21760154687500002 0.45652173906250004
1 0.1518375234375 0.44728260937500003 0.1411992265625 0.4434782609375 0.11992263125 0.4434782609375 0.1189555125 0.4429347828125 0.1044487421875 0.4451086953125 0.0976789171875 0.45108695625 0.0967117984375 0.465217390625 0.10058027031250001 0.47119565156250004 0.10928433281250001 0.474456521875 0.138297871875 0.474456521875 0.1489361703125 0.4728260875 0.155705996875 0.46358695625 0.155705996875 0.45380434843749995 0.1518375234375 0.44728260937500003
1 0.0860735015625 0.4461956515625 0.0696324953125 0.44402173906250003 0.067698259375 0.44402173906250003 0.04738878125 0.4451086953125 0.039651837499999995 0.450543478125 0.0367504828125 0.4646739125 0.0454545453125 0.475 0.07930367499999999 0.475 0.0860735015625 0.47391304375 0.0899419734375 0.47119565156250004 0.0928433265625 0.463043478125 0.090909090625 0.45 0.0860735015625 0.4461956515625
1 0 0.476583175 0.0212765953125 0.475543478125 0.030947775 0.47119565156250004 0.0338491296875 0.464130434375 0.03191489375 0.4521739125 0.028046421874999998 0.4478260875 0.0212765953125 0.4456521734375 0.015715667187499997 0.4456521734375 0 0.4456521734375 0 0.476583175
1 0.6885880078125 0.435869565625 0.616054159375 0.438043478125 0.61025145 0.4413043484375 0.61025145 0.4478260875 0.6170212765625 0.4521739125 0.702127659375 0.451630434375 0.7156673109375 0.44891304375 0.717601546875 0.4418478265625 0.713733075 0.438043478125 0.69052224375 0.435869565625 0.6885880078125 0.435869565625
1 0.9023210828125 0.43858695625 0.893617021875 0.4353260875 0.8471953578125 0.434782609375 0.8418762093750001 0.434782609375 0.8259187625 0.434782609375 0.8201160546875 0.436956521875 0.81818181875 0.44456521718750003 0.8220502906249999 0.44891304375 0.8549323015624999 0.45108695625 0.885880078125 0.4592391296875 0.8984526109375001 0.45760869531250004 0.9071566734375001 0.44891304375 0.9061895546875001 0.4423913046875 0.9023210828125 0.43858695625
1 1 0.4336956515625 0.996131528125 0.4336956515625 0.98355899375 0.4353260875 0.9787234046875 0.43858695625 0.9709864609375 0.45434782656249995 0.971953578125 0.46086956562500003 0.9787234046875 0.464130434375 0.9864603484375 0.4646739125 1 0.46425120781249996 1 0.4336956515625
0 0.47098646093749996 0.1217391296875 0.44777562812499994 0.12010869531249999 0.44390715625 0.1217391296875 0.4429400390625 0.1271739125 0.45164410000000005 0.1309782609375 0.4816247578125 0.1309782609375 0.487427465625 0.12608695625 0.4864603484375 0.1184782609375 0.48549322968749997 0.1179347828125 0.47098646093749996 0.1217391296875
0 0.46421663437499994 0.13423912968750001 0.44777562812499994 0.1353260875 0.440038684375 0.13858695625 0.4390715671875 0.148369565625 0.44584139218749996 0.1559782609375 0.4777562859375 0.1559782609375 0.48355899375 0.1532608703125 0.4864603484375 0.14782608749999998 0.48355899375 0.13641304375000002 0.4661508703125 0.13423912968750001 0.46421663437499994 0.13423912968750001
0 0.45454545468749996 0.1592391296875 0.4535783359375 0.1592391296875 0.44584139218749996 0.16141304375 0.44100580312500004 0.1663043484375 0.4429400390625 0.18260869531249999 0.4535783359375 0.188043478125 0.4777562859375 0.186956521875 0.4825918765625 0.1842391296875 0.48452611250000005 0.1798913046875 0.48355899375 0.163043478125 0.4700193421875 0.1592391296875 0.45454545468749996 0.1592391296875
0 0.46776305625000003 0.1907608703125 0.4535783359375 0.1913043484375 0.44584139218749996 0.1978260875 0.4468085109375 0.21576087031250002 0.4535783359375 0.2206521734375 0.4613152796875 0.22173912968749998 0.47678916875 0.2195652171875 0.4825918765625 0.213043478125 0.48355899375 0.19673912968750001 0.4738878140625 0.1907608703125 0.46776305625000003 0.1907608703125
0 0.47098646093749996 0.225543478125 0.4632495171875 0.225543478125 0.46228239843749996 0.225543478125 0.45551257187500005 0.2271739125 0.4506769828125 0.2320652171875 0.45261121875 0.2559782609375 0.45841392656249996 0.261956521875 0.4700193421875 0.263043478125 0.4777562859375 0.2603260875 0.479690521875 0.2570652171875 0.4816247578125 0.2353260875 0.4777562859375 0.227717390625 0.47098646093749996 0.225543478125
0 0.472920696875 0.2673913046875 0.46808510625000005 0.2673913046875 0.456479690625 0.2695652171875 0.4535783359375 0.27608695625 0.45454545468749996 0.30108695625 0.456479690625 0.30489130468750003 0.4632495171875 0.3081521734375 0.47582205 0.3070652171875 0.4816247578125 0.300543478125 0.4816247578125 0.2771739125 0.479690521875 0.27173912968749997 0.472920696875 0.2673913046875
0 0.45551257187500005 0.3190217390625 0.45551257187500005 0.3456521734375 0.45841392656249996 0.35108695624999997 0.465183753125 0.3543478265625 0.47872340468749996 0.35217391249999996 0.48355899375 0.3456521734375 0.4825918765625 0.3195652171875 0.4738878140625 0.313043478125 0.465183753125 0.313043478125 0.45551257187500005 0.3190217390625
0 0.4738878140625 0.3586956515625 0.46808510625000005 0.3586956515625 0.45841392656249996 0.361956521875 0.456479690625 0.36576087031250004 0.4574468078125 0.3913043484375 0.4603481625 0.39673912968749997 0.46808510625000005 0.399456521875 0.4777562859375 0.39891304375000003 0.4825918765625 0.3961956515625 0.48549322968749997 0.3907608703125 0.48355899375 0.363043478125 0.4738878140625 0.3586956515625
0 0.469052225 0.40380434843749996 0.4603481625 0.40652173906250005 0.4574468078125 0.410869565625 0.4574468078125 0.4375 0.4613152796875 0.4407608703125 0.48355899375 0.4423913046875 0.48839458437500005 0.4396739125 0.4864603484375 0.4125 0.4825918765625 0.40597826093749995 0.4738878140625 0.40380434843749996 0.469052225 0.40380434843749996
0 0.5522243718750001 0.4375 0.5493230171875 0.4375 0.5377176015625 0.438043478125 0.5299806578124999 0.4407608703125 0.5290135390625 0.4478260875 0.5338491296875 0.4521739125 0.5938104453124999 0.452717390625 0.6005802703125 0.451630434375 0.603481625 0.448369565625 0.603481625 0.4429347828125 0.5976789171875 0.43858695625 0.5522243718750001 0.4375
0 0.7872340421875 0.434782609375 0.7466150875 0.4353260875 0.7369439078125 0.4396739125 0.737911025 0.44728260937500003 0.74564796875 0.450543478125 0.8065764015625 0.449456521875 0.8123791109375 0.44402173906250003 0.810444875 0.43858695625 0.804642165625 0.435869565625 0.7882011609374999 0.434782609375 0.7872340421875 0.434782609375
0 0.9381044484375 0.4342391296875 0.9226305609375001 0.4353260875 0.9139264984375 0.440217390625 0.9139264984375 0.448369565625 0.9226305609375001 0.45434782656249995 0.9584139265625 0.45434782656249995 0.96808510625 0.449456521875 0.9700193421875 0.43858695625 0.9603481625000001 0.434782609375 0.9448742749999999 0.4342391296875 0.9381044484375 0.4342391296875