0 0.5497925312499999 0.465617715625 0.5321576765625 0.46678321718750004 0.525933609375 0.4702797203125 0.524896265625 0.4766899765625 0.53112033125 0.48193473124999997 0.595435684375 0.4825174828125 0.604771784375 0.47902097968749996 0.604771784375 0.4702797203125 0.5985477171875 0.46678321718750004 0.550829875 0.465617715625 0.5497925312499999 0.465617715625
0 0.77904564375 0.4638694640625 0.7780082984375001 0.4632867140625 0.7531120328124999 0.465617715625 0.7479253109374999 0.471445221875 0.75 0.47727272656249997 0.7593361 0.4801864796875 0.8184647296875 0.47960372968750004 0.8267634859375 0.47785547812500007 0.8288381749999999 0.475524475 0.8288381749999999 0.46794871718750003 0.8215767640625 0.4644522140625 0.77904564375 0.4638694640625
0 1 0.46292249375 0.99896265625 0.4627039625 0.9719917015625 0.4632867140625 0.97095435625 0.4627039625 0.9585062234375 0.46620046562499995 0.9522821578125 0.47261072187500003 0.9512448125 0.48193473124999997 0.9543568468749999 0.4865967359375 0.9616182578125001 0.4889277390625 0.9782157671875 0.4883449890625 1 0.48344988281249995 1 0.46292249375
0 0.4979253109375 0.421328671875 0.48962655625 0.4230769234375 0.484439834375 0.428321678125 0.485477178125 0.458624709375 0.49170124531250003 0.4644522140625 0.5093361 0.46620046562499995 0.5165975109375001 0.4627039625 0.515560165625 0.43123543125 0.5124481328125 0.424242425 0.5041493781249999 0.421328671875 0.4979253109375 0.421328671875
0 0.49066390000000004 0.13170163125 0.48858921093749996 0.13170163125 0.4719917015625 0.13519813593750002 0.465767634375 0.13869463906249999 0.4636929453125 0.1515151515625 0.4719917015625 0.1585081578125 0.506224065625 0.1585081578125 0.5134854765625 0.1550116546875 0.5165975109375001 0.14335664374999998 0.5124481328125 0.1363636359375 0.506224065625 0.1334498828125 0.49066390000000004 0.13170163125
0 0.4979253109375 0.1608391609375 0.491355809375 0.1608391609375 0.47614107812500006 0.1614219109375 0.4699170125 0.1637529140625 0.465767634375 0.16841491875 0.46887966875 0.1835664328125 0.4792531125 0.19114219062499999 0.5082987546875 0.19055944062500002 0.5134854765625 0.184731934375 0.5134854765625 0.166083915625 0.5072614109375 0.1625874125 0.4979253109375 0.1608391609375
0 0.48962655625 0.1928904421875 0.48858921093749996 0.1928904421875 0.48029045625 0.19347319375 0.4719917015625 0.197552446875 0.4719917015625 0.2179487171875 0.48029045625 0.225524475 0.5020746890625001 0.225524475 0.5072614109375 0.22377622343749998 0.5114107890625 0.21853146875 0.5134854765625 0.2016317015625 0.506224065625 0.1946386953125 0.48962655625 0.1928904421875
0 0.506224065625 0.23135198125 0.49066390000000004 0.22960372968749998 0.48962655625 0.22960372968749998 0.48132780156250005 0.23076923124999998 0.47614107812500006 0.2365967359375 0.47717842343749994 0.25641025625 0.4834024890625 0.2668997671875 0.48858921093749996 0.26923076875 0.49896265624999997 0.26923076875 0.506224065625 0.265734265625 0.5093361 0.259906759375 0.51037344375 0.23892773906250003 0.506224065625 0.23135198125
0 0.494813278125 0.27389277343749996 0.4865145234375 0.275058275 0.48029045625 0.2820512828125 0.48236514531249997 0.3135198140625 0.48858921093749996 0.31818181874999996 0.493775934375 0.31876456875 0.5041493781249999 0.3164335671875 0.51037344375 0.3106060609375 0.5093361 0.28088578124999997 0.4979253109375 0.27389277343749996 0.494813278125 0.27389277343749996
0 0.49170124531250003 0.3228438234375 0.48236514531249997 0.328088578125 0.48236514531249997 0.358974359375 0.485477178125 0.36480186406250004 0.49273858906249995 0.36829836875 0.506224065625 0.36655011718749997 0.5124481328125 0.3583916078125 0.5114107890625 0.33158508124999997 0.5082987546875 0.3263403265625 0.5 0.3228438234375 0.49170124531250003 0.3228438234375
0 0.494813278125 0.3735431234375 0.4865145234375 0.37587412656249997 0.4834024890625 0.38053613125 0.4834024890625 0.40501165468749994 0.4875518671875 0.4143356640625 0.49688796718750006 0.41783216718749994 0.5082987546875 0.4166666671875 0.514522821875 0.4085081578125 0.5124481328125 0.37820512812499996 0.5041493781249999 0.3735431234375 0.494813278125 0.3735431234375
1 0 0.5060460375 0.0072614109375 0.5075757578125 0.025933609375 0.5075757578125 0.0477178421875 0.502913753125 0.053941909375 0.48543123593750004 0.052904564062500006 0.48076923125000004 0.048755187500000005 0.4761072265625 0.034232365625 0.47319347343749996 0.02904564375 0.47319347343749996 0.006224065625 0.47377622343750003 0 0.4764658421875 0 0.5060460375
1 0.0684647296875 0.48076923125000004 0.060165975000000003 0.4831002328125 0.053941909375 0.4924242421875 0.054979253125 0.502913753125 0.0674273859375 0.50699300625 0.0829875515625 0.5046620046875 0.0871369296875 0.5023310015625 0.085062240625 0.4883449890625 0.0767634859375 0.48193473124999997 0.069502075 0.48135198125 0.0684647296875 0.48076923125000004
1 0.1473029046875 0.4761072265625 0.135892115625 0.47202797187499995 0.12448132812499998 0.47202797187499995 0.118775934375 0.47202797187499995 0.09751037343749999 0.47377622343750003 0.08921161875 0.48076923125000004 0.08817427343749999 0.49067599062499995 0.0923236515625 0.5 0.0964730296875 0.5040792546875 0.10373443906249999 0.50582750625 0.13900415 0.5052447546875001 0.14937759374999998 0.49941725000000003 0.1514522828125 0.484265734375 0.1473029046875 0.4761072265625
1 0.2085062234375 0.47261072187500003 0.1919087140625 0.47086247031250006 0.19087136875 0.47086247031250006 0.165975103125 0.47261072187500003 0.15560165937499998 0.4801864796875 0.15560165937499998 0.49650349687500006 0.164937759375 0.5046620046875 0.20228215781249997 0.5046620046875 0.2105809125 0.502913753125 0.215767634375 0.49825174843750003 0.21887966875 0.4860139859375 0.215767634375 0.47785547812500007 0.2085062234375 0.47261072187500003
1 0.284232365625 0.4801864796875 0.27489626562499997 0.47202797187499995 0.265560165625 0.47086247031250006 0.256224065625 0.47086247031250006 0.2334024890625 0.471445221875 0.224066390625 0.4766899765625 0.22095435624999998 0.491258740625 0.226141078125 0.5 0.2334024890625 0.5034965031249999 0.26141078906250004 0.5040792546875 0.273858921875 0.502913753125 0.2800829875 0.5 0.28526970937499996 0.490093240625 0.284232365625 0.4801864796875
1 0.3495850625 0.4761072265625 0.3433609953125 0.471445221875 0.33713692968750003 0.4702797203125 0.3314315359375 0.4702797203125 0.3029045640625 0.4702797203125 0.2925311203125 0.474941725 0.2894190875 0.49184149218749995 0.294605809375 0.5 0.29979253125 0.5023310015625 0.335062240625 0.502913753125 0.3433609953125 0.5011655015625001 0.3485477171875 0.49766899843749995 0.3516597515625 0.4883449890625 0.3495850625 0.4761072265625
1 0.414937759375 0.47377622343750003 0.405601659375 0.4696969703125 0.39989626562499997 0.4696969703125 0.37136929531249996 0.4696969703125 0.3589211625 0.474358975 0.355809128125 0.48076923125000004 0.3568464734375 0.49300699375 0.366182571875 0.5011655015625001 0.405601659375 0.5017482515625 0.414937759375 0.49941725000000003 0.41908713750000004 0.4947552453125 0.4170124484375 0.47727272656249997 0.414937759375 0.47377622343750003
1 0.51037344375 0.47960372968750004 0.5124481328125 0.4766899765625 0.5082987546875 0.47086247031250006 0.48236514531249997 0.46794871718750003 0.47717842343749994 0.46794871718750003 0.43672199218749996 0.46911421875 0.4263485484375 0.471445221875 0.421161825 0.48076923125000004 0.42427385937500006 0.4883449890625 0.4325726140625 0.49592074531249997 0.4377593359375 0.49766899843749995 0.44605809062499996 0.497086246875 0.48858921093749996 0.483682984375 0.5 0.4831002328125 0.51037344375 0.47960372968750004
1 0.7230290453125 0.46678321718750004 0.6836099578125 0.465034965625 0.6784232359375 0.465034965625 0.62033195 0.46620046562499995 0.6120331953125 0.47086247031250006 0.6130705390625 0.47727272656249997 0.6172199171874999 0.48076923125000004 0.624481328125 0.48193473124999997 0.6825726140625 0.48193473124999997 0.71887966875 0.48076923125000004 0.7292531125 0.4766899765625 0.7292531125 0.4696969703125 0.7230290453125 0.46678321718750004
1 0.8682572609375001 0.4627039625 0.8628112031249999 0.4627039625 0.8464730296875 0.4627039625 0.8371369296875001 0.46620046562499995 0.8360995843750001 0.47377622343750003 0.8412863078124999 0.47843822812500003 0.9087136921875001 0.4801864796875 0.9315352703125 0.484265734375 0.943983403125 0.47785547812500007 0.943983403125 0.46853146875 0.934647303125 0.4632867140625 0.8682572609375001 0.4627039625