1 0.4476284578125 0.40222222187499995 0.4436758890625 0.4061111109375 0.446640315625 0.4161111109375 0.5434782609375 0.4166666671875 0.5523715421875 0.412222221875 0.5513833984375001 0.40499999999999997 0.54249011875 0.4016666671875 0.485177865625 0.4011111109375 0.48320158125 0.4011111109375 0.4476284578125 0.40222222187499995
1 0.6936758890625 0.3983333328125 0.6907114625 0.3983333328125 0.6581027671874999 0.4 0.6521739125 0.40499999999999997 0.6531620546875 0.41166666718749995 0.6600790515625 0.41500000000000004 0.7420948609375 0.41444444375 0.7549407109375 0.41333333281250006 0.7628458499999999 0.40944444375 0.7618577078125 0.4033333328125 0.75 0.39888888906250003 0.6936758890625 0.3983333328125
1 0.8418972328125 0.39944444375 0.8023715421875 0.3983333328125 0.7954545453125 0.3983333328125 0.785573121875 0.40222222187499995 0.785573121875 0.40944444375 0.7895256921875 0.412777778125 0.8152173906250001 0.4161111109375 0.8300395249999999 0.42055555624999996 0.8389328062500001 0.42111111093750003 0.844861659375 0.4183333328125 0.8488142296875001 0.4066666671875 0.8468379453124999 0.40222222187499995 0.8418972328125 0.39944444375
1 0.9713438734375 0.4 0.959486165625 0.3983333328125 0.9584980234374999 0.3983333328125 0.946640315625 0.40277777812500004 0.9476284578125 0.407777778125 0.94466403125 0.41166666718749995 0.9476284578125 0.42055555624999996 0.9535573125000001 0.4266666671875 0.9634387359375 0.427777778125 0.9713438734375 0.4266666671875 0.9752964421874999 0.4238888890625 0.976284584375 0.4061111109375 0.9713438734375 0.4
1 0.0602766796875 0.40833333281249995 0.044466403125 0.40833333281249995 0.040513834375 0.40833333281249995 0.026679842187500004 0.40944444375 0.0158102765625 0.41500000000000004 0.0158102765625 0.432777778125 0.0227272734375 0.43833333281250003 0.0306324109375 0.44000000000000006 0.061264821875 0.4388888890625 0.0731225296875 0.43166666718749996 0.074110671875 0.42111111093750003 0.0711462453125 0.412222221875 0.0602766796875 0.40833333281249995
1 0.137351778125 0.41555555625 0.13537549375 0.41166666718749995 0.12450592812500001 0.4066666671875 0.11956521718749999 0.4066666671875 0.09486165937499999 0.4066666671875 0.083003953125 0.41055555625 0.078063240625 0.417222221875 0.078063240625 0.42833333281249997 0.0849802375 0.43722222187500004 0.10079051406249999 0.4388888890625 0.12450592812500001 0.43833333281250003 0.13438735156249998 0.43444444375 0.1383399203125 0.42888888906249995 0.137351778125 0.41555555625
1 0.1976284578125 0.41 0.1877470359375 0.4061111109375 0.1828063234375 0.4061111109375 0.1581027671875 0.4061111109375 0.1452569171875 0.41111111093749997 0.142292490625 0.427222221875 0.1472332015625 0.43499999999999994 0.1521739125 0.43722222187500004 0.1877470359375 0.43722222187500004 0.1976284578125 0.43333333281249997 0.20158102812499998 0.427777778125 0.2005928859375 0.4138888890625 0.1976284578125 0.41
1 0.2420948609375 0.40499999999999997 0.24011857656250002 0.40499999999999997 0.21640316249999997 0.4061111109375 0.20750988124999997 0.41111111093749997 0.2065217390625 0.42888888906249995 0.21047430781249998 0.43444444375 0.21640316249999997 0.43666666718749997 0.25395256875 0.43555555625000003 0.260869565625 0.43 0.260869565625 0.41166666718749995 0.25494071093750004 0.4066666671875 0.2420948609375 0.40499999999999997
1 0.3231225296875 0.40833333281249995 0.31324110625 0.40499999999999997 0.30780632343750003 0.40499999999999997 0.2806324109375 0.40499999999999997 0.2707509875 0.40888888906250004 0.2677865609375 0.41444444375 0.2677865609375 0.42611111093750004 0.277667984375 0.43555555625000003 0.30533596875 0.4361111109375 0.3221343875 0.432777778125 0.32608695625 0.427222221875 0.32608695625 0.41333333281250006 0.3231225296875 0.40833333281249995
1 0.3952569171875 0.4061111109375 0.38833992031250003 0.4038888890625 0.3824110671875 0.4038888890625 0.3488142296875 0.40444444375 0.3349802375 0.407777778125 0.33102766875 0.42111111093750003 0.33893280625 0.43333333281249997 0.35177865625 0.43499999999999994 0.3636363640625 0.432777778125 0.3952569171875 0.42111111093750003 0.40019762812500004 0.4161111109375 0.40019762812500004 0.412222221875 0.3952569171875 0.4061111109375
0 0.421936759375 0.3788888890625 0.419960475 0.3788888890625 0.407114625 0.382222221875 0.4031620546875 0.407777778125 0.407114625 0.41333333281250006 0.4120553359375 0.41555555625 0.42786561250000005 0.4166666671875 0.43675889375 0.41333333281250006 0.43873517812499996 0.4033333328125 0.434782609375 0.3983333328125 0.4328063234375 0.38333333281250004 0.421936759375 0.3788888890625
0 0.4120553359375 0.2866666671875 0.4031620546875 0.29055555625 0.4021739125 0.31555555625 0.404150196875 0.32444444375 0.41403162031249996 0.3288888890625 0.42391304375 0.32777777812500003 0.4308300390625 0.3211111109375 0.429841896875 0.292777778125 0.42687747031249995 0.2888888890625 0.41897233125 0.2866666671875 0.4120553359375 0.2866666671875
0 0.41600790468750004 0.332777778125 0.4061264828125 0.33555555625 0.4031620546875 0.34055555625 0.404150196875 0.367222221875 0.4100790515625 0.3738888890625 0.4229249015625 0.37555555625000003 0.4328063234375 0.36944444375 0.4328063234375 0.34444444375 0.42885375468750003 0.33555555625 0.4179841890625 0.332777778125 0.41600790468750004 0.332777778125
0 0.616600790625 0.4 0.57608695625 0.4016666671875 0.5691699609375 0.407222221875 0.5721343875 0.4138888890625 0.5820158109375 0.4166666671875 0.6422924906249999 0.41555555625 0.6472332015625 0.41 0.6452569171875 0.40277777812500004 0.6393280625 0.40055555624999994 0.6175889328124999 0.4 0.616600790625 0.4
0 0.916996046875 0.42611111093750004 0.91897233125 0.4216666671875 0.9288537546875 0.417222221875 0.933794465625 0.412222221875 0.933794465625 0.4033333328125 0.925889328125 0.39888888906250003 0.8952569171875 0.397777778125 0.8863636359375 0.397777778125 0.866600790625 0.3983333328125 0.8557312250000001 0.40277777812500004 0.8507905140625001 0.41166666718749995 0.8527667984375 0.4216666671875 0.8577075093750001 0.4233333328125 0.8922924906249999 0.4233333328125 0.9090909093749999 0.4188888890625 0.9120553359375 0.42000000000000004 0.9081027671875 0.42444444375 0.916996046875 0.42611111093750004
0 1 0.397222221875 0.9990118578124999 0.397222221875 0.9920948609375 0.397777778125 0.9861660078125001 0.40055555624999994 0.9822134390624999 0.41111111093749997 0.9841897234375001 0.42222222187499997 0.9881422921875 0.4266666671875 0.9950592890625 0.42833333281249997 1 0.42833333281249997 1 0.397222221875
0 0.429841896875 0.08 0.42885375468750003 0.07944444375000001 0.4100790515625 0.0816666671875 0.396245059375 0.08 0.387351778125 0.082777778125 0.3843873515625 0.08499999999999999 0.38537549375 0.09444444375 0.392292490625 0.0961111109375 0.4308300390625 0.0966666671875 0.433794465625 0.095 0.434782609375 0.082777778125 0.429841896875 0.08
0 0.4229249015625 0.097777778125 0.41773715468750006 0.097777778125 0.39822134375 0.0983333328125 0.38537549375 0.102777778125 0.38537549375 0.1161111109375 0.3893280625 0.12277777812499999 0.3952569171875 0.12555555625 0.42588932812499997 0.12555555625 0.4308300390625 0.12277777812499999 0.433794465625 0.10444444374999999 0.43181818125 0.1011111109375 0.4229249015625 0.097777778125
0 0.409090909375 0.127222221875 0.4081027671875 0.127222221875 0.3972332015625 0.12833333281249998 0.3893280625 0.13333333281249998 0.39031620624999996 0.14777777812499998 0.40019762812500004 0.1566666671875 0.4249011859375 0.1566666671875 0.42885375468750003 0.15444444375 0.43181818125 0.1461111109375 0.4308300390625 0.1316666671875 0.42391304375 0.12833333281249998 0.409090909375 0.127222221875
0 0.42687747031249995 0.1611111109375 0.4209486171875 0.15944444375 0.415678853125 0.15944444375 0.40019762812500004 0.16 0.394268775 0.16444444375 0.392292490625 0.175 0.3952569171875 0.185 0.4011857703125 0.1916666671875 0.4081027671875 0.19388888906249999 0.416996046875 0.1933333328125 0.42786561250000005 0.1866666671875 0.429841896875 0.16555555625 0.42687747031249995 0.1611111109375
0 0.41600790468750004 0.1966666671875 0.4081027671875 0.1966666671875 0.4021739125 0.1988888890625 0.39822134375 0.205 0.3992094859375 0.22611111093749997 0.40513834062500004 0.23444444375 0.416996046875 0.23555555625000002 0.4249011859375 0.232777778125 0.42786561250000005 0.22777777812500002 0.42786561250000005 0.20555555625 0.4249011859375 0.19944444374999998 0.41600790468750004 0.1966666671875
0 0.4179841890625 0.24055555625 0.41106719375 0.24055555625 0.4031620546875 0.24333333281249997 0.4011857703125 0.247777778125 0.4011857703125 0.27388888906250003 0.404150196875 0.2788888890625 0.41501976249999994 0.282777778125 0.42588932812499997 0.27944444375 0.429841896875 0.27 0.42786561250000005 0.24666666718750002 0.42588932812499997 0.24333333281249997 0.4179841890625 0.24055555625