1 0.49282786874999995 0.4815880328125 0.48872950781249996 0.476409665625 0.457991803125 0.472957421875 0.4523565578125 0.472957421875 0.41495901562500004 0.4741081703125 0.4047131140625 0.476409665625 0.40061475468749996 0.487917146875 0.4067622953125 0.49712312968749994 0.41188524531250004 0.5 0.422131146875 0.5011507484375 0.46311475468749996 0.4884925203125 0.48155737656250003 0.487917146875 0.4907786890625 0.48561565 0.49282786874999995 0.4815880328125
1 0.6290983609375 0.470080553125 0.6270491796875 0.470080553125 0.5993852453125 0.471806675 0.5952868859375 0.476409665625 0.59836065625 0.48446490156250005 0.60348360625 0.48676639843749997 0.6157786890625 0.487341771875 0.6977459015624999 0.48619102343750004 0.7069672125 0.483889528125 0.7131147546875 0.4781357875 0.7059426234374999 0.4706559265625 0.6290983609375 0.470080553125
1 0.9200819671874999 0.47698504062499997 0.9139344265625 0.470080553125 0.9067622953125 0.46835442968749996 0.8627049187500001 0.4672036828125 0.8616803281250001 0.4672036828125 0.8278688531249999 0.46777905625000005 0.818647540625 0.46950517812500003 0.8145491796875 0.4712313 0.8165983609374999 0.48101265781249997 0.8288934421875 0.48446490156250005 0.8821721312499999 0.4850402765625 0.9006147546875001 0.4902186421875 0.909836065625 0.4902186421875 0.91598360625 0.48676639843749997 0.9200819671874999 0.47698504062499997
1 0.38217213125 0.4741081703125 0.3770491796875 0.4741081703125 0.34938524531250004 0.47468354375 0.33811475468749996 0.48043728437500005 0.33709016406250003 0.49884925156250004 0.3452868859375 0.505753740625 0.383196721875 0.5063291140625 0.395491803125 0.5028768703125001 0.3985655734375 0.498273878125 0.395491803125 0.4815880328125 0.39036885312499997 0.476409665625 0.38217213125 0.4741081703125
1 0.3217213109375 0.47525891875 0.3145491796875 0.47468354375 0.3094262296875 0.47468354375 0.283811475 0.47525891875 0.2735655734375 0.4792865359375 0.2694672125 0.49539700781249996 0.277663934375 0.5063291140625 0.31352459062500004 0.5074798625 0.3268442625 0.5040276171875 0.3319672125 0.4976985046875 0.3319672125 0.4850402765625 0.32786885312499997 0.47871116249999995 0.3217213109375 0.47525891875
1 0.26536885312499997 0.4850402765625 0.26229508125 0.4798619109375 0.2530737703125 0.4758342921875 0.24726741875 0.4758342921875 0.2131147546875 0.47698504062499997 0.207991803125 0.4798619109375 0.2038934421875 0.48561565 0.2038934421875 0.49884925156250004 0.21004098437500002 0.5069044875000001 0.2192622953125 0.508630609375 0.2540983609375 0.5080552359375 0.263319671875 0.5040276171875 0.2663934421875 0.498273878125 0.26536885312499997 0.4850402765625
1 0.1854508203125 0.4758342921875 0.1731557375 0.4758342921875 0.1680327875 0.4758342921875 0.14754098437500002 0.4781357875 0.1393442625 0.4850402765625 0.138319671875 0.4994246265625 0.1434426234375 0.5069044875000001 0.1495901640625 0.5092059843750001 0.186475409375 0.5092059843750001 0.1977459015625 0.5040276171875 0.200819671875 0.498273878125 0.1977459015625 0.4815880328125 0.1854508203125 0.4758342921875
1 0.1301229515625 0.48101265781249997 0.118852459375 0.47698504062499997 0.1129098359375 0.47698504062499997 0.08913934375 0.47698504062499997 0.077868853125 0.48216340625000004 0.07377049218750001 0.49884925156250004 0.07581967187500001 0.505178365625 0.08401639375 0.5097813578125 0.11372950781249999 0.51035673125 0.131147540625 0.5069044875000001 0.1342213109375 0.498273878125 0.133196721875 0.48561565 0.1301229515625 0.48101265781249997
1 0.068647540625 0.48446490156250005 0.063524590625 0.4798619109375 0.05020491875000001 0.4775604140625 0.0430327875 0.4775604140625 0.0194672125 0.47871116249999995 0.009221310937500001 0.48561565 0.008196721875 0.50345224375 0.015368853125000002 0.5092059843750001 0.0235655734375 0.5109321062500001 0.05020491875000001 0.5109321062500001 0.0625 0.5092059843750001 0.0665983609375 0.5069044875000001 0.07069672187500001 0.4919447640625 0.068647540625 0.48446490156250005
0 0.479508196875 0.43210586875 0.471311475 0.43210586875 0.466188525 0.4332566171875 0.46106557343750004 0.43785960937499996 0.46106557343750004 0.46432681249999996 0.46311475468749996 0.46835442968749996 0.4692622953125 0.4712313 0.486680328125 0.4723820484375 0.491803278125 0.46950517812500003 0.4907786890625 0.440736478125 0.48770491875 0.4344073640625 0.479508196875 0.43210586875
0 0.565061475 0.4712313 0.515368853125 0.4723820484375 0.508196721875 0.47698504062499997 0.5102459015624999 0.4833141546875 0.5174180328125 0.487341771875 0.5768442625 0.487341771875 0.5860655734375 0.48561565 0.58913934375 0.48216340625000004 0.5860655734375 0.473532796875 0.570696721875 0.4712313 0.565061475 0.4712313
0 0.7674180328125 0.46777905625000005 0.7663934421875 0.46777905625000005 0.7469262296875 0.46835442968749996 0.7366803281250001 0.4706559265625 0.7315573765625001 0.4758342921875 0.7336065578125 0.4815880328125 0.741803278125 0.4850402765625 0.792008196875 0.4850402765625 0.8053278687500001 0.48216340625000004 0.8073770484375 0.4741081703125 0.8012295078125 0.4689298046875 0.7674180328125 0.46777905625000005
0 0.9743852453124999 0.46777905625000005 0.966188525 0.4672036828125 0.9620901640625 0.4672036828125 0.9405737703125 0.46777905625000005 0.9282786890624999 0.4723820484375 0.9241803281250001 0.4792865359375 0.9241803281250001 0.48906789375 0.931352459375 0.49367088593749997 0.9487704921875 0.49309551249999994 0.9702868859375 0.48964326874999997 0.9836065578125 0.48273877968749995 0.9836065578125 0.471806675 0.9743852453124999 0.46777905625000005
0 0.4426229515625 0.12888377499999998 0.4405737703125 0.1363636359375 0.45594262343749997 0.13924050625 0.48770491875 0.13751438437500002 0.491803278125 0.1346375140625 0.491803278125 0.127157653125 0.4907786890625 0.12543153125 0.4836065578125 0.12485615624999999 0.47745901562500004 0.12485615624999999 0.4426229515625 0.12888377499999998
0 0.46311475468749996 0.14154200156250002 0.4426229515625 0.14672036875 0.4405737703125 0.162830840625 0.450819671875 0.1685845796875 0.4836065578125 0.16800920625 0.48872950781249996 0.16570770937499998 0.491803278125 0.1576524734375 0.48975409843750006 0.147871115625 0.4856557375 0.144418871875 0.46516393437500003 0.14154200156250002 0.46311475468749996 0.14154200156250002
0 0.471311475 0.1703107015625 0.46550512343749995 0.1703107015625 0.4518442625 0.17088607656250002 0.4415983609375 0.177215190625 0.44467213125000005 0.1927502875 0.45594262343749997 0.20023015000000002 0.4682377046875 0.198504028125 0.4825819671875 0.199654775 0.48872950781249996 0.1933256609375 0.48872950781249996 0.1754890671875 0.47848360625 0.17088607656250002 0.471311475 0.1703107015625
0 0.46516393437500003 0.201956271875 0.46413934375 0.201956271875 0.4518442625 0.20368239375 0.445696721875 0.21173762968749998 0.44774590156249994 0.226697353125 0.452868853125 0.23245109375 0.46311475468749996 0.2353279625 0.48053278749999995 0.233601840625 0.48872950781249996 0.22209436093749998 0.4856557375 0.205408515625 0.47745901562500004 0.20253164531249998 0.46516393437500003 0.201956271875
0 0.4836065578125 0.24338319843749998 0.47438524531250004 0.2387802078125 0.46875 0.2387802078125 0.46004098437499996 0.23935558124999998 0.4549180328125 0.2416570765625 0.4518442625 0.2502876875 0.4549180328125 0.269850403125 0.457991803125 0.27502876875000004 0.4682377046875 0.2784810125 0.47336065625 0.2784810125 0.48155737656250003 0.2738780203125 0.4856557375 0.2617951671875 0.4836065578125 0.24338319843749998
0 0.47438524531250004 0.283659378125 0.4682377046875 0.283659378125 0.46106557343750004 0.2848101265625 0.45696721250000005 0.2899884921875 0.457991803125 0.3210586875 0.46004098437499996 0.3239355578125 0.4682377046875 0.326812428125 0.47336065625 0.326812428125 0.4856557375 0.31760644375 0.484631146875 0.291139240625 0.48155737656250003 0.285960875 0.47438524531250004 0.283659378125
0 0.47336065625 0.33141542031250004 0.471311475 0.33141542031250004 0.46413934375 0.33256616875 0.457991803125 0.33774453437499996 0.457991803125 0.366513234375 0.46209016406250003 0.3739930953125 0.4672131140625 0.3762945921875 0.48155737656250003 0.37456846875 0.48770491875 0.36766398125 0.486680328125 0.33947065625 0.4825819671875 0.334292290625 0.47336065625 0.33141542031250004
0 0.47438524531250004 0.3814729578125 0.47233606562499997 0.3814729578125 0.46209016406250003 0.3849252015625 0.45901639375 0.38952819375000003 0.46004098437499996 0.41887226718750004 0.46209016406250003 0.42289988437500003 0.47233606562499997 0.42692750312500005 0.4856557375 0.4240506328125 0.48975409843750006 0.41944764062499995 0.48872950781249996 0.38952819375000003 0.4856557375 0.3849252015625 0.47438524531250004 0.3814729578125