0 0.43148148124999997 0.1708333328125 0.459259259375 0.1708333328125 0.46388888906250003 0.1677083328125 0.46666666718750005 0.16354166718750002 0.46666666718750005 0.1520833328125 0.4620370375 0.1484375 0.45370370312499997 0.146875 0.4481481484375 0.146875 0.43148148124999997 0.146875 0.42129629687500003 0.153125 0.42222222187499997 0.16458333281249998 0.43148148124999997 0.1708333328125
0 0.434259259375 0.20208333281250002 0.45648148125 0.2015625 0.46481481406249997 0.1942708328125 0.46481481406249997 0.178125 0.459259259375 0.1744791671875 0.44907407343749994 0.1729166671875 0.44398148125 0.1729166671875 0.427777778125 0.1755208328125 0.42314814843750004 0.1807291671875 0.42592592656250006 0.1953125 0.434259259375 0.20208333281250002
0 0.43981481406249995 0.23697916718749998 0.4509259265625 0.2375 0.4611111109375 0.23125 0.46296296249999996 0.20989583281250002 0.4583333328125 0.20572916718749998 0.44629629687500005 0.2046875 0.440740740625 0.2046875 0.4296296296875 0.2088541671875 0.427777778125 0.22239583281250003 0.434259259375 0.234375 0.43981481406249995 0.23697916718749998
0 0.4379629625 0.2765625 0.44351851875000003 0.2786458328125 0.4546296296875 0.278125 0.4611111109375 0.2708333328125 0.4601851859375 0.24635416718749997 0.4583333328125 0.24322916718749998 0.45185185156249996 0.2401041671875 0.447222221875 0.2401041671875 0.4379629625 0.2416666671875 0.43333333281249997 0.2494791671875 0.434259259375 0.2713541671875 0.4379629625 0.2765625
0 0.44629629687500005 0.3223958328125 0.45185185156249996 0.3223958328125 0.459259259375 0.31979166718749996 0.46296296249999996 0.3114583328125 0.4620370375 0.290625 0.459259259375 0.2854166671875 0.45370370312499997 0.2833333328125 0.44907407343749994 0.2833333328125 0.4379629625 0.2859375 0.43518518593750005 0.296875 0.4361111109375 0.3161458328125 0.44629629687500005 0.3223958328125
0 0.440740740625 0.3630208328125 0.44907407343749994 0.3661458328125 0.4620370375 0.3625 0.46481481406249997 0.3557291671875 0.46296296249999996 0.33125 0.4611111109375 0.32864583281250004 0.45370370312499997 0.3260416671875 0.447222221875 0.3260416671875 0.440740740625 0.32760416718749996 0.4370370375 0.3317708328125 0.4370370375 0.3536458328125 0.440740740625 0.3630208328125
0 0.44245555625 0.429059375 0.45711851875000004 0.431328125 0.46595185156249996 0.4229671875 0.465740740625 0.4057291671875 0.46666666718750005 0.3848958328125 0.46296296249999996 0.3729166671875 0.45185185156249996 0.3703125 0.4509259265625 0.3697916671875 0.44351851875000003 0.3708333328125 0.4388888890625 0.37552083281250004 0.4388888890625 0.40416666718750005 0.44245555625 0.429059375
1 0.9481481484375 0.4546875 0.953703703125 0.45885416718750005 0.99351851875 0.4583333328125 0.9990740734375001 0.45625 0.9990740734375001 0.4322916671875 0.9824074078124999 0.4296875 0.97654351875 0.4296875 0.9620370375 0.4302083328125 0.953703703125 0.43541666718750005 0.9481481484375 0.44947916718750003 0.9481481484375 0.4546875
1 0.40302499999999997 0.45625 0.41413611093749997 0.45729166718750003 0.4400620375 0.44947916718750003 0.47246944375 0.4479166671875 0.5158203703125 0.4487052078125 0.5241120375 0.44479218749999994 0.5275888890625 0.43786822968749994 0.5142148140625 0.4339552078125 0.46506203749999997 0.43385416718750003 0.46413611093749996 0.43385416718750003 0.399321296875 0.4369791671875 0.393765740625 0.4401041671875 0.3946916671875 0.45 0.40302499999999997 0.45625
1 0 0.4703125 0.002777778125 0.47083333281249995 0.021296296875000002 0.46979166718750004 0.0268518515625 0.4682291671875 0.03148148125 0.4635416671875 0.03148148125 0.446875 0.0296296296875 0.44427083281249996 0.0203703703125 0.440625 0.015123148437500001 0.440625 0 0.44114583281249997 0 0.4703125
1 0.0388888890625 0.465625 0.04444444375 0.46875 0.07685185156249999 0.4692708328125 0.0870370375 0.46770833281249996 0.09074074062500001 0.46510416718750003 0.09351851875 0.4609375 0.0925925921875 0.4458333328125 0.08425925937499999 0.4401041671875 0.0731481484375 0.4390625 0.0675925921875 0.4390625 0.04444444375 0.4401041671875 0.037037037499999995 0.446875 0.0361111109375 0.4609375 0.0388888890625 0.465625
1 0.097222221875 0.45989583281249996 0.1 0.46510416718750003 0.1074074078125 0.46875 0.1416666671875 0.4682291671875 0.1518518515625 0.46302083281249995 0.1518518515625 0.44427083281249996 0.1481481484375 0.44114583281249997 0.13333333281249998 0.43854166718750004 0.12870370312499999 0.43854166718750004 0.1111111109375 0.4390625 0.1 0.4427083328125 0.097222221875 0.4479166671875 0.097222221875 0.45989583281249996
1 0.1611111109375 0.46458333281249997 0.1675925921875 0.46770833281249996 0.1981481484375 0.46770833281249996 0.20555555625 0.46666666718750005 0.21111111093749999 0.46302083281249995 0.2138888890625 0.45885416718750005 0.21296296250000002 0.4453125 0.20648148125 0.4401041671875 0.19351851874999998 0.4375 0.190740740625 0.4375 0.16944444375 0.4380208328125 0.1601851859375 0.44322916718750005 0.1574074078125 0.45729166718750003 0.1611111109375 0.46458333281249997
1 0.22777777812500002 0.46666666718750005 0.2546296296875 0.4671875 0.2675925921875 0.46458333281249997 0.272222221875 0.45885416718750005 0.272222221875 0.44635416718750004 0.26944444375 0.44166666718750003 0.25833333281250004 0.4375 0.253240740625 0.4375 0.2296296296875 0.4380208328125 0.21944444375 0.44322916718750005 0.2175925921875 0.459375 0.22777777812500002 0.46666666718750005
1 0.28148148125 0.4635416671875 0.2898148140625 0.46666666718750005 0.3231481484375 0.465625 0.33055555625 0.4614583328125 0.3333333328125 0.45208333281249996 0.33148148125 0.44166666718750003 0.32592592656249997 0.4369791671875 0.31944444375000003 0.4359375 0.3111111109375 0.4359375 0.28611111093749997 0.4375 0.27777777812500004 0.44322916718750005 0.27777777812500004 0.4583333328125 0.28148148125 0.4635416671875
1 0.33703703749999997 0.45625 0.34444444375 0.46458333281249997 0.3768518515625 0.465625 0.3898148140625 0.4625 0.39351851875 0.45520833281249995 0.39074074062499997 0.44322916718750005 0.38703703749999996 0.4390625 0.38055555625 0.43645833281249996 0.3751851859375 0.43645833281249996 0.353703703125 0.43645833281249996 0.3416666671875 0.4390625 0.33703703749999997 0.4458333328125 0.33703703749999997 0.45625
0 0.5416666671875 0.446875 0.6009259265625 0.44739583281249995 0.6083333328125 0.44427083281249996 0.6083333328125 0.43645833281249996 0.602777778125 0.43333333281249997 0.5601851859375 0.4322916671875 0.5583333328125 0.4322916671875 0.5425925921875 0.43385416718750003 0.5370370375 0.43645833281249996 0.5361111109375 0.4421875 0.5416666671875 0.446875
0 0.740740740625 0.44427083281249996 0.759259259375 0.4458333328125 0.796296296875 0.4453125 0.8074074078125 0.44166666718750003 0.8083333328125001 0.43645833281249996 0.8018518515625 0.43177083281249995 0.765740740625 0.43072916718750004 0.7608796296875 0.43072916718750004 0.746296296875 0.43072916718750004 0.7388888890625 0.43333333281249997 0.7370370375 0.4401041671875 0.740740740625 0.44427083281249996
0 0.9064814812499999 0.4484375 0.91944444375 0.4505208328125 0.9259259265625 0.4536458328125 0.9425925921875 0.4526041671875 0.9472222218749999 0.44427083281249996 0.9481481484375 0.4348958328125 0.94351851875 0.43125 0.9351851859375 0.4296875 0.9301851859375001 0.4296875 0.9064814812499999 0.4302083328125 0.8990740734375 0.43541666718750005 0.8990740734375 0.44166666718750003 0.9064814812499999 0.4484375
1 0.821296296875 0.446875 0.847222221875 0.4546875 0.8574074078124999 0.45625 0.8731481484374999 0.4536458328125 0.884259259375 0.45 0.8898148140625001 0.44427083281249996 0.8898148140625001 0.4401041671875 0.8870370375000001 0.43541666718750005 0.88055555625 0.4322916671875 0.865740740625 0.43072916718750004 0.8611111109375 0.43072916718750004 0.8203703703125 0.43125 0.8138888890624999 0.4348958328125 0.8148148140625 0.4421875 0.821296296875 0.446875
1 0.621296296875 0.446875 0.70555555625 0.4458333328125 0.715740740625 0.44322916718750005 0.7175925921874999 0.4375 0.7148148140624999 0.434375 0.7009259265625001 0.43125 0.6861111109375 0.43177083281249995 0.6851851859375 0.43125 0.61944444375 0.43333333281249997 0.6138888890625 0.4359375 0.6138888890625 0.44322916718750005 0.621296296875 0.446875
1 0.9981481484374999 0.828125 0.9990740734375001 0.8171875 0.9981481484374999 0.8171875 0.9981481484374999 0.828125
0 0.459259259375 0.1458333328125 0.46296296249999996 0.14375 0.46388888906250003 0.1380208328125 0.4611111109375 0.1359375 0.427777778125 0.1359375 0.4268518515625 0.1359375 0.42314814843750004 0.1380208328125 0.4268518515625 0.1458333328125 0.4509259265625 0.1463541671875 0.459259259375 0.1458333328125