0 0.48168103437500004 0.135151515625 0.48491379375 0.13030302968750002 0.48491379375 0.1236363640625 0.4806034484375 0.1206060609375 0.48491379375 0.116969696875 0.48383620625 0.11454545468749999 0.48275862031249994 0.11393939374999999 0.4644396546875 0.11515151562499999 0.4644396546875 0.121212121875 0.4568965515625 0.1224242421875 0.45150862031249994 0.1266666671875 0.4375 0.1266666671875 0.43211206874999997 0.130909090625 0.4331896546875 0.1363636359375 0.45150862031249994 0.13878787812499999 0.45581896562499996 0.136969696875 0.48168103437500004 0.135151515625
0 0.4622844828125 0.14181818125 0.45905172343749995 0.14181818125 0.445043103125 0.144848484375 0.4364224140625 0.1496969703125 0.435344828125 0.16363636406249998 0.445043103125 0.169090909375 0.48168103437500004 0.1684848484375 0.48706896562499996 0.16545454531249998 0.48922413750000004 0.158787878125 0.48599137968750006 0.14666666718750002 0.47844827656250005 0.143030303125 0.4622844828125 0.14181818125
0 0.48275862031249994 0.1745454546875 0.4698275859375 0.1715151515625 0.4630032328125 0.1715151515625 0.445043103125 0.1727272734375 0.4364224140625 0.1793939390625 0.4418103453125 0.198787878125 0.45043103437500004 0.20303030312499998 0.4644396546875 0.20121212187499998 0.47844827656250005 0.2024242421875 0.48383620625 0.1993939390625 0.4881465515625 0.1884848484375 0.48706896562499996 0.1793939390625 0.48275862031249994 0.1745454546875
0 0.48599137968750006 0.2254545453125 0.48383620625 0.20909090937500002 0.47844827656250005 0.20606060624999997 0.46336206874999997 0.20484848437499997 0.45905172343749995 0.20484848437499997 0.4461206890625 0.2072727265625 0.4418103453125 0.2121212125 0.440732759375 0.22000000000000003 0.4461206890625 0.235757575 0.45258620625 0.24 0.45797413750000004 0.24060606093749998 0.470905171875 0.24 0.47844827656250005 0.2375757578125 0.48275862031249994 0.23454545468750002 0.48599137968750006 0.2254545453125
0 0.470905171875 0.24363636406250003 0.4649784484375 0.24363636406250003 0.45581896562499996 0.244242425 0.45043103437500004 0.24727272656250002 0.44719827656250005 0.255151515625 0.45258620625 0.281212121875 0.46336206874999997 0.28606060625 0.4752155171875 0.284242425 0.48168103437500004 0.27393939375 0.48275862031249994 0.2545454546875 0.47952586249999996 0.24727272656250002 0.470905171875 0.24363636406250003
0 0.4622844828125 0.290909090625 0.45366379375 0.29454545468750004 0.45150862031249994 0.3084848484375 0.45258620625 0.3296969703125 0.45581896562499996 0.33393939375000004 0.4644396546875 0.336969696875 0.4773706890625 0.3345454546875 0.48275862031249994 0.3266666671875 0.48168103437500004 0.296969696875 0.471982759375 0.290909090625 0.4622844828125 0.290909090625
0 0.4698275859375 0.341212121875 0.4676724140625 0.341212121875 0.4601293109375 0.3424242421875 0.45366379375 0.3478787875 0.45474137968750006 0.38181818125 0.4601293109375 0.3872727265625 0.4676724140625 0.3884848484375 0.47844827656250005 0.3866666671875 0.48491379375 0.38 0.48383620625 0.349090909375 0.4806034484375 0.34484848437500004 0.4698275859375 0.341212121875
0 0.48383620625 0.3975757578125 0.470905171875 0.39272727343749997 0.46875 0.39272727343749997 0.45797413750000004 0.3963636359375 0.45474137968750006 0.401212121875 0.45474137968750006 0.424848484375 0.45797413750000004 0.436969696875 0.466594828125 0.44121212187500003 0.47413793125000003 0.44121212187500003 0.47844827656250005 0.44060606093750004 0.48706896562499996 0.43393939374999996 0.48706896562499996 0.4066666671875 0.48383620625 0.3975757578125
0 0.471982759375 0.4454545453125 0.461206896875 0.4472727265625 0.4568965515625 0.4521212125 0.45581896562499996 0.4763636359375 0.45905172343749995 0.48606060624999997 0.47844827656250005 0.48909090937500005 0.48922413750000004 0.4854545453125 0.48922413750000004 0.46121212187499994 0.48491379375 0.4484848484375 0.47413793125000003 0.4454545453125 0.471982759375 0.4454545453125
0 0.5538793109375 0.48666666718749996 0.5484913796875001 0.48666666718749996 0.5323275859375001 0.4878787875 0.52586206875 0.49030302968750006 0.52586206875 0.4993939390625 0.5323275859375001 0.5036363640625 0.58836206875 0.5042424249999999 0.6034482765625 0.503030303125 0.6077586203124999 0.5 0.60883620625 0.4933333328125 0.601293103125 0.4878787875 0.5538793109375 0.48666666718749996
0 0.7790948281250001 0.4836363640625 0.77586206875 0.4836363640625 0.76508620625 0.48484848437499994 0.757543103125 0.48909090937500005 0.757543103125 0.4963636359375 0.7640086203124999 0.5006060609375 0.8243534484374999 0.501212121875 0.8340517234375 0.5 0.8383620687500001 0.49696969687500003 0.8383620687500001 0.48848484843750006 0.8329741374999999 0.48484848437499994 0.7790948281250001 0.4836363640625
0 1 0.4832854859375 0.9913793109375 0.48303030312499995 0.9859913796875001 0.48303030312499995 0.9698275859375001 0.484242425 0.9590517234375 0.48969697031250004 0.9579741374999999 0.49818181875 0.966594828125 0.5066666671875 1 0.50567783125 1 0.4832854859375
1 0 0.529090909375 0.029094828125 0.529090909375 0.04633620625 0.5254545453125 0.0517241375 0.5175757578125 0.0517241375 0.504848484375 0.0484913796875 0.4993939390625 0.0420258625 0.495757575 0.033405171875 0.4945454546875 0.027155171875000002 0.4945454546875 0 0.495087040625 0 0.529090909375
1 0.1206896546875 0.5024242421875 0.1131465515625 0.495757575 0.10129310312499999 0.4933333328125 0.0956896546875 0.4933333328125 0.0689655171875 0.49393939375 0.06034482812500001 0.49696969687500003 0.05711206875 0.501212121875 0.0581896546875 0.52181818125 0.0625 0.52606060625 0.07004310312499999 0.5284848484375 0.10237068906249999 0.5278787875 0.11637931093750001 0.524242425 0.1206896546875 0.51818181875 0.1206896546875 0.5024242421875
1 0.17241379375000002 0.4921212125 0.143318965625 0.4921212125 0.1422413796875 0.4921212125 0.1314655171875 0.495757575 0.127155171875 0.501212121875 0.12607758593750001 0.516969696875 0.1314655171875 0.524242425 0.1422413796875 0.5278787875 0.18211206875 0.5254545453125 0.189655171875 0.51818181875 0.190732759375 0.5042424249999999 0.18642241406249999 0.49696969687500003 0.17241379375000002 0.4921212125
1 0.2586206890625 0.4993939390625 0.2543103453125 0.49515151562500004 0.24353448281249998 0.49151515156250003 0.23706896562500002 0.49151515156250003 0.20581896562500002 0.4927272734375 0.1993534484375 0.4963636359375 0.195043103125 0.5024242421875 0.195043103125 0.5151515156250001 0.1982758625 0.521212121875 0.20581896562500002 0.5254545453125 0.242456896875 0.52606060625 0.25538793125 0.52181818125 0.2607758625 0.5078787874999999 0.2586206890625 0.4993939390625
1 0.315732759375 0.49090909062500004 0.3089084046875 0.49090909062500004 0.278017240625 0.49151515156250003 0.2672413796875 0.4975757578125 0.26508620625 0.5121212125 0.2693965515625 0.5206060609375001 0.2747844828125 0.524242425 0.31034482812499997 0.5254545453125 0.325431034375 0.52181818125 0.3297413796875 0.5163636359375 0.32866379375 0.4975757578125 0.315732759375 0.49090909062500004
1 0.3857758625 0.49030302968750006 0.378951509375 0.49030302968750006 0.34482758593749996 0.49151515156250003 0.33836206875 0.495757575 0.3340517234375 0.503030303125 0.3340517234375 0.5115151515624999 0.34482758593749996 0.5236363640625 0.3846982765625 0.524242425 0.398706896875 0.52 0.398706896875 0.49878787812500003 0.3954741375 0.4945454546875 0.3857758625 0.49030302968750006
1 0.503232759375 0.49030302968750006 0.46875 0.49151515156250003 0.45581896562499996 0.48909090937500005 0.45043103437500004 0.48909090937500005 0.408405171875 0.49151515156250003 0.404094828125 0.4945454546875 0.403017240625 0.503030303125 0.409482759375 0.510909090625 0.42456896562499996 0.5151515156250001 0.461206896875 0.504848484375 0.4935344828125 0.504848484375 0.507543103125 0.50181818125 0.5086206890625 0.4927272734375 0.503232759375 0.49030302968750006
1 0.7165948281250001 0.48484848437499994 0.71336206875 0.48484848437499994 0.6271551718749999 0.48666666718749996 0.6185344828125 0.48909090937500005 0.6163793109375 0.4975757578125 0.6239224140624999 0.503030303125 0.6939655171875 0.503030303125 0.73383620625 0.5 0.7381465515625 0.495757575 0.7359913796875001 0.48909090937500005 0.72413793125 0.48484848437499994 0.7165948281250001 0.48484848437499994
1 0.9418103453125 0.4854545453125 0.9256465515625001 0.4836363640625 0.8803879312499999 0.4836363640625 0.8782327593750001 0.4836363640625 0.851293103125 0.48606060624999997 0.8469827593750001 0.48848484843750006 0.8480603453125 0.4963636359375 0.8545258625000001 0.5 0.898706896875 0.50181818125 0.9321120687500001 0.5103030296875 0.9407327593750001 0.5084848484375 0.9461206890625 0.504848484375 0.950431034375 0.4933333328125 0.9418103453125 0.4854545453125