0 0.4084507046875 0.0632768359375 0.4054325953125 0.0661016953125 0.40945674062500004 0.0774011296875 0.443661971875 0.0779661015625 0.4567404421875 0.0740113 0.45774647812499997 0.0655367234375 0.4517102609375 0.0615819203125 0.42052313906250005 0.0615819203125 0.418511065625 0.0615819203125 0.4084507046875 0.0632768359375
0 0.448692153125 0.0813559328125 0.43762575468750003 0.0802259890625 0.4315895375 0.0802259890625 0.419517103125 0.0807909609375 0.40744466875 0.086440678125 0.4084507046875 0.1 0.41649899375 0.1079096046875 0.443661971875 0.1079096046875 0.44969818906250003 0.1073446328125 0.453722334375 0.1045197734375 0.45774647812499997 0.09661016875 0.45774647812499997 0.08587570624999999 0.448692153125 0.0813559328125
0 0.433601609375 0.10960452031250001 0.42957746406249997 0.10960452031250001 0.4175050296875 0.111299434375 0.4124748484375 0.11412429375 0.40945674062500004 0.1197740109375 0.4134808859375 0.1338983046875 0.42253521093749996 0.1412429375 0.448692153125 0.14011299375 0.4547283703125 0.1322033890625 0.453722334375 0.113559321875 0.4476861171875 0.1107344625 0.433601609375 0.10960452031250001
0 0.44567404374999997 0.144067796875 0.43963782656249994 0.144067796875 0.421529175 0.14463276875 0.41549295781250006 0.1525423734375 0.4175050296875 0.171186440625 0.42253521093749996 0.1774011296875 0.4305835015625 0.1802259890625 0.4406438625 0.1796610171875 0.45070422499999996 0.1740113 0.453722334375 0.1525423734375 0.45070422499999996 0.146327684375 0.44567404374999997 0.144067796875
0 0.4406438625 0.183050846875 0.4351106640625 0.183050846875 0.42655935625 0.18418079062499998 0.42052313906250005 0.19096045156250002 0.421529175 0.2152542375 0.42555332031250004 0.22203389843750002 0.4305835015625 0.2248587578125 0.4476861171875 0.22316384218750002 0.45070422499999996 0.21638418124999997 0.45070422499999996 0.19096045156250002 0.4476861171875 0.18587570625 0.4406438625 0.183050846875
0 0.44567404374999997 0.230508475 0.43963782656249994 0.22937853125 0.438631790625 0.22937853125 0.4315895375 0.22994350312499998 0.42555332031250004 0.23276836093750003 0.423541246875 0.239548021875 0.424547284375 0.26497175156249997 0.428571428125 0.270056496875 0.4356136828125 0.272316384375 0.44567404374999997 0.2717514125 0.4527162984375 0.2644067796875 0.45070422499999996 0.23446327656250002 0.44567404374999997 0.230508475
0 0.443661971875 0.2762711859375 0.43963782656249994 0.2762711859375 0.4305835015625 0.2779661015625 0.424547284375 0.2847457625 0.42555332031250004 0.31186440625 0.42957746406249997 0.317514125 0.4356136828125 0.3203389828125 0.4476861171875 0.31920903906250003 0.4527162984375 0.31581920937499997 0.4547283703125 0.3096045203125 0.453722334375 0.28305084687500004 0.443661971875 0.2762711859375
0 0.453722334375 0.327683615625 0.44668008124999997 0.3248587578125 0.44114688125 0.3248587578125 0.4305835015625 0.326553671875 0.42655935625 0.33163841875 0.42756539218749995 0.3615819203125 0.42957746406249997 0.3644067796875 0.438631790625 0.3677966109375 0.448692153125 0.3672316390625 0.453722334375 0.3644067796875 0.4567404421875 0.358192090625 0.45573440625000006 0.3322033890625 0.453722334375 0.327683615625
0 0.46579476875000003 0.3909604515625 0.4597585515625 0.38813559375 0.45573440625000006 0.3751412421875 0.44668008124999997 0.37062146875 0.43963782656249994 0.37062146875 0.433601609375 0.37231638437500003 0.428571428125 0.3768361578125 0.4305835015625 0.3932203390625 0.43963782656249994 0.401694915625 0.4476861171875 0.4050847453125 0.47384305781249997 0.4050847453125 0.4788732390625 0.4 0.4768611671875 0.3932203390625 0.47384305781249997 0.3909604515625 0.46579476875000003 0.3909604515625
0 0.6428571421875 0.387570621875 0.6307847078125 0.38813559375 0.6207243453125 0.3909604515625 0.6177062375 0.39717514062500003 0.6257545265625 0.40395480156249997 0.6871227359375001 0.40338983125 0.6961770625 0.399435028125 0.6951710265625 0.39152542343749996 0.6861167 0.38813559375 0.6438631796875 0.387570621875 0.6428571421875 0.387570621875
0 0.850100603125 0.386440678125 0.8410462781250001 0.3898305078125 0.83802816875 0.3937853109375 0.8410462781250001 0.40225988749999997 0.8682092562499999 0.41186440625 0.8812877265625 0.41412429375000004 0.8913480890625 0.40847457656249997 0.8893360156250001 0.3920903953125 0.8812877265625 0.38700565 0.8581488937499999 0.386440678125 0.850100603125 0.386440678125
0 1 0.386527596875 0.9899396375 0.388700565625 0.982897384375 0.39661016875 0.9788732390625 0.40847457656249997 0.9818913484375 0.414689265625 0.9869215296875 0.416949153125 1 0.416949153125 1 0.386527596875
1 0 0.4285153796875 0.017102615625 0.4282485875 0.0231388328125 0.42711864374999997 0.028169014062499997 0.42316384218750003 0.02917505 0.40338983125 0.022132796875 0.398305084375 0.0090543265625 0.39661016875 0.0040241453125 0.39661016875 0 0.39680668125 0 0.4285153796875
1 0.0865191140625 0.39717514062500003 0.0603621734375 0.39548022656250004 0.056338028124999995 0.39548022656250004 0.0402414484375 0.398305084375 0.03420523125 0.4045197734375 0.0352112671875 0.4214689265625 0.041247484375 0.426553671875 0.048289739062499996 0.4282485875 0.0845070421875 0.42711864374999997 0.0915492953125 0.4237288140625 0.09356136875 0.42033898281250004 0.09356136875 0.402824859375 0.0865191140625 0.39717514062500003
1 0.1599597578125 0.4045197734375 0.15694165 0.399435028125 0.1428571421875 0.3943502828125 0.139839034375 0.3943502828125 0.1136820921875 0.3949152546875 0.10362172968750001 0.39887005625 0.0995975859375 0.4045197734375 0.09859155 0.417514125 0.10060362187500001 0.4225988703125 0.107645875 0.426553671875 0.144869215625 0.42711864374999997 0.15694165 0.42316384218750003 0.1599597578125 0.4186440671875 0.1599597578125 0.4045197734375
1 0.1871227359375 0.3943502828125 0.1800804828125 0.3943502828125 0.1700201203125 0.3977401125 0.16498993906249998 0.40395480156249997 0.1670020125 0.4220338984375 0.1800804828125 0.426553671875 0.213279678125 0.425423728125 0.2193158953125 0.42316384218750003 0.22334004062499999 0.41807909531250004 0.22233400468750003 0.4 0.21026156875000002 0.3943502828125 0.1871227359375 0.3943502828125
1 0.28672032187499996 0.398305084375 0.2746478875 0.3932203390625 0.2686116703125 0.3932203390625 0.24044265625 0.3943502828125 0.23138832968749998 0.399435028125 0.22837022187499997 0.41242937812499997 0.23138832968749998 0.4192090390625 0.23943662031250001 0.4248587578125 0.2746478875 0.425423728125 0.28672032187499996 0.42033898281250004 0.28973843125 0.41638418125000004 0.28873239375000004 0.40225988749999997 0.28672032187499996 0.398305084375
1 0.355130784375 0.41638418125000004 0.35412474843749997 0.40395480156249997 0.3511066390625 0.39717514062500003 0.34305835 0.3932203390625 0.33802816875 0.3932203390625 0.3078470828125 0.3932203390625 0.296780684375 0.3977401125 0.293762575 0.41355932187500005 0.2947686109375 0.417514125 0.3028169015625 0.4237288140625 0.315895371875 0.425423728125 0.3340040234375 0.4248587578125 0.346076459375 0.4237288140625 0.3521126765625 0.4209039546875 0.355130784375 0.41638418125000004
1 0.4315895375 0.398305084375 0.42756539218749995 0.3937853109375 0.421529175 0.39152542343749996 0.414486921875 0.39152542343749996 0.37323943593750003 0.3926553671875 0.3641851109375 0.3943502828125 0.3571428578125 0.40395480156249997 0.35814889375000003 0.41242937812499997 0.363179075 0.4197740109375 0.3712273640625 0.4225988703125 0.38229376249999997 0.4220338984375 0.42253521093749996 0.40960452031249994 0.4315895375 0.4045197734375 0.4315895375 0.398305084375
1 0.5160965796875 0.3892655375 0.4899396375 0.3909604515625 0.487927565625 0.4 0.492957746875 0.4045197734375 0.585513078125 0.4050847453125 0.5955734406250001 0.40395480156249997 0.6016096578125001 0.399435028125 0.6016096578125001 0.3943502828125 0.59255533125 0.3903954796875 0.517102615625 0.3898305078125 0.5160965796875 0.3892655375
1 0.728370221875 0.386440678125 0.7273641843750001 0.386440678125 0.7112676062500001 0.387570621875 0.703219315625 0.3909604515625 0.7022132796875 0.3960451984375 0.7082494968749999 0.40225988749999997 0.8038229375 0.402824859375 0.8138833 0.40112994375 0.8179074453125 0.39717514062500003 0.8148893359375 0.3892655375 0.8048289734375 0.38700565 0.728370221875 0.386440678125
1 0.9517102609375 0.4101694921875 0.9688128765625 0.40903954843749996 0.9738430578124999 0.4045197734375 0.97585513125 0.39152542343749996 0.9668008046875001 0.386440678125 0.9416499 0.385310734375 0.9386317906249999 0.385310734375 0.9154929578125 0.38587570625 0.9014084499999999 0.38813559375 0.8953722328125 0.3949152546875 0.8983903421875 0.40621468906249997 0.9104627765625001 0.40960452031249994 0.9305835015625 0.4073446328125 0.9416499 0.4079096046875 0.9396378265625 0.41242937812499997 0.94668008125 0.41355932187500005 0.9517102609375 0.4101694921875