0 0.439453125 0.1351648359375 0.43359375 0.1351648359375 0.416015625 0.1351648359375 0.4052734375 0.1417582421875 0.40625 0.153846153125 0.416015625 0.1604395609375 0.4453125 0.1604395609375 0.4501953125 0.15714285781249998 0.453125 0.15274725312499998 0.453125 0.14065934062500002 0.4482421875 0.1368131875 0.439453125 0.1351648359375
0 0.42919921875 0.1626373625 0.412109375 0.165384615625 0.4072265625 0.17087912031250002 0.41015625 0.1862637359375 0.4189453125 0.19340659375 0.4423828125 0.1928571421875 0.451171875 0.1851648359375 0.451171875 0.16813186875 0.4453125 0.1642857140625 0.4345703125 0.1626373625 0.42919921875 0.1626373625
0 0.42578125 0.19615384687499998 0.4140625 0.20054945000000002 0.412109375 0.2148351640625 0.4189453125 0.227472528125 0.4248046875 0.2302197796875 0.4365234375 0.23076923124999998 0.447265625 0.22417582343750003 0.44921875 0.2016483515625 0.4443359375 0.197252746875 0.431640625 0.19615384687499998 0.42578125 0.19615384687499998
0 0.4375 0.23351648281249998 0.4326171875 0.23351648281249998 0.4228515625 0.23516483593749998 0.41796875 0.24340659375 0.4189453125 0.2664835171875 0.4228515625 0.271978021875 0.4287109375 0.2741758234375 0.4404296875 0.2736263734375 0.447265625 0.265934065625 0.4462890625 0.24010989062500002 0.4443359375 0.2368131875 0.4375 0.23351648281249998
0 0.439453125 0.2791208796875 0.4345703125 0.2791208796875 0.4228515625 0.28186813125 0.419921875 0.29340659375 0.4208984375 0.3137362640625 0.431640625 0.3203296703125 0.4375 0.3203296703125 0.4453125 0.3175824171875 0.44921875 0.308791209375 0.4482421875 0.2868131875 0.4453125 0.28131868125000004 0.439453125 0.2791208796875
0 0.439453125 0.3241758234375 0.4326171875 0.3241758234375 0.42578125 0.32582417656249996 0.421875 0.3302197796875 0.421875 0.353296703125 0.42578125 0.3631868125 0.4345703125 0.3664835171875 0.4482421875 0.3626373625 0.451171875 0.35549450625 0.44921875 0.3296703296875 0.447265625 0.3269230765625 0.439453125 0.3241758234375
0 0.4375 0.37087912031250003 0.4365234375 0.37032967031249997 0.4287109375 0.371428571875 0.423828125 0.3763736265625 0.423828125 0.40659340625 0.42758984375000003 0.43285384687499995 0.4430546875 0.435247253125 0.45237109374999995 0.4264269234375 0.4521484375 0.4082417578125 0.453125 0.38626373593749996 0.44921875 0.3736263734375 0.4375 0.37087912031250003
1 1 0.43397435937499995 0.9970703125 0.43351648281250005 0.9908857421875 0.43351648281250005 0.9755859375 0.43406593437499996 0.966796875 0.43956043906250003 0.9609375 0.45439560468750007 0.9609375 0.459890109375 0.966796875 0.46428571406249997 1 0.4638512640625 1 0.43397435937499995
1 0.51737890625 0.442146703125 0.5032734375000001 0.43801868125 0.4514326171875 0.4379120875 0.4504560546875 0.4379120875 0.3820966796875 0.441208790625 0.3762373046875 0.44450549375000004 0.3772138671875 0.45494505468749996 0.3860029296875 0.4615384609375 0.3977216796875 0.46263736250000004 0.4250654296875 0.45439560468750007 0.4592451171875 0.45274725312499997 0.504966796875 0.45357912031250003 0.5137119140624999 0.44945109843750003 0.51737890625 0.442146703125
1 0 0.46813186875 0.001953125 0.47142857187500004 0.0078125 0.47472527500000006 0.0419921875 0.47527472499999995 0.052734375 0.4736263734375 0.056640625 0.4708791203125 0.0595703125 0.4664835171875 0.05859375 0.45054945 0.0498046875 0.44450549375000004 0.0380859375 0.44340659374999997 0.0322265625 0.44340659374999997 0.0078125 0.44450549375000004 0 0.45164835156249994 0 0.46813186875
1 0.1171875 0.44560439531249996 0.1015625 0.44285714218749994 0.0966796875 0.44285714218749994 0.078125 0.44340659374999997 0.06640625 0.447252746875 0.0634765625 0.45274725312499997 0.0634765625 0.465384615625 0.06640625 0.4708791203125 0.07421875 0.47472527500000006 0.1103515625 0.47417582343750003 0.12109375 0.46868131875 0.12109375 0.4489010984375 0.1171875 0.44560439531249996
1 0.185546875 0.45 0.1787109375 0.44450549375000004 0.1650390625 0.44175824218750004 0.162109375 0.44175824218750004 0.1396484375 0.44230769218750005 0.1298828125 0.4478021984375 0.126953125 0.46263736250000004 0.130859375 0.4703296703125 0.1376953125 0.4736263734375 0.169921875 0.4736263734375 0.177734375 0.472527471875 0.18359375 0.46868131875 0.1865234375 0.46428571406249997 0.185546875 0.45
1 0.2333984375 0.44175824218750004 0.22802734375 0.44175824218750004 0.203125 0.44230769218750005 0.1923828125 0.4478021984375 0.1904296875 0.46483516406250003 0.201171875 0.472527471875 0.2294921875 0.47307692343749996 0.2431640625 0.4703296703125 0.248046875 0.46428571406249997 0.248046875 0.45109890156250004 0.2451171875 0.446153846875 0.2333984375 0.44175824218750004
1 0.3046875 0.441208790625 0.2978515625 0.44010989062499994 0.2890625 0.44010989062499994 0.2626953125 0.44175824218750004 0.25390625 0.4478021984375 0.25390625 0.46373626406249996 0.2578125 0.46923076874999997 0.2666015625 0.472527471875 0.3017578125 0.47142857187500004 0.3095703125 0.4670329671875 0.3125 0.4571428578125 0.310546875 0.446153846875 0.3046875 0.441208790625
1 0.369140625 0.44340659374999997 0.3623046875 0.440659340625 0.356640625 0.440659340625 0.333984375 0.440659340625 0.3212890625 0.44340659374999997 0.31640625 0.45054945 0.31640625 0.4615384609375 0.32421875 0.4703296703125 0.3583984375 0.47142857187500004 0.3720703125 0.46813186875 0.3759765625 0.46043956093749994 0.373046875 0.4478021984375 0.369140625 0.44340659374999997
0 0.5498046875 0.4362637359375 0.533203125 0.4379120875 0.52734375 0.440659340625 0.5263671875 0.446703296875 0.5322265625 0.45164835156249994 0.5947265625 0.4521978015625 0.6025390625 0.4489010984375 0.6025390625 0.440659340625 0.5966796875 0.4373626375 0.5517578125 0.4362637359375 0.5498046875 0.4362637359375
0 0.7685546875 0.43461538437499997 0.763427734375 0.43461538437499997 0.748046875 0.43461538437499997 0.740234375 0.4373626375 0.73828125 0.44450549375000004 0.7421875 0.4489010984375 0.76171875 0.45054945 0.80078125 0.45 0.8125 0.446153846875 0.8134765625 0.440659340625 0.806640625 0.4357142859375 0.7685546875 0.43461538437499997
0 0.9560546875 0.4351648359375 0.947265625 0.43351648281250005 0.9419921875 0.43351648281250005 0.9169921875 0.43406593437499996 0.9091796875 0.43956043906250003 0.9091796875 0.446153846875 0.9169921875 0.45329670312500003 0.9306640625 0.45549450625 0.9375 0.458791209375 0.955078125 0.4576923078125 0.9599609375 0.4489010984375 0.9609375 0.4390109890625 0.9560546875 0.4351648359375
1 0.8994140625 0.44450549375000004 0.896484375 0.43956043906250003 0.8896484375 0.4362637359375 0.8740234375 0.43461538437499997 0.869140625 0.43461538437499997 0.826171875 0.4351648359375 0.8193359375 0.4390109890625 0.8203125 0.446703296875 0.8271484375 0.45164835156249994 0.8544921875 0.459890109375 0.865234375 0.4615384609375 0.8818359375 0.458791209375 0.8935546875 0.45494505468749996 0.8994140625 0.4489010984375 0.8994140625 0.44450549375000004
1 0.6845703125 0.4357142859375 0.68359375 0.4351648359375 0.6142578125 0.4373626375 0.6083984375 0.44010989062499994 0.6083984375 0.4478021984375 0.6162109375 0.45164835156249994 0.705078125 0.45054945 0.7158203125 0.4478021984375 0.7177734375 0.44175824218750004 0.71484375 0.4384615390625 0.7001953125 0.4351648359375 0.6845703125 0.4357142859375
0 0.4072265625 0.1258241765625 0.4111328125 0.134065934375 0.4365234375 0.134615384375 0.4453125 0.134065934375 0.44921875 0.13186813125000002 0.4501953125 0.1258241765625 0.447265625 0.1236263734375 0.412109375 0.1236263734375 0.4111328125 0.1236263734375 0.4072265625 0.1258241765625