1 0.6478873234375 0.44632768437500003 0.6458752515625 0.44632768437500003 0.6287726359375 0.44802259843750003 0.6237424546875 0.4514124296875 0.6237424546875 0.458192090625 0.6287726359375 0.46214689218749994 0.6921529171875 0.4627118640625 0.6971830984375 0.46214689218749994 0.7022132796875 0.4587570625 0.703219315625 0.4525423734375 0.6971830984375 0.4474576265625 0.6478873234375 0.44632768437500003
1 0.9014084499999999 0.44463276875 0.86720321875 0.44463276875 0.8661971828125001 0.44463276875 0.8541247484375001 0.445197740625 0.8440643859374999 0.4491525421875 0.8450704218749999 0.458192090625 0.8541247484375001 0.46101694843749996 0.8812877265625 0.4627118640625 0.8963782703125001 0.46666666718750005 0.90643863125 0.46497175156250004 0.9114688125000001 0.45536723125 0.9084507046875 0.4468926546875 0.9014084499999999 0.44463276875
1 0.527162978125 0.453672315625 0.5231388328125 0.4502824859375 0.5060362171875 0.4508474578125 0.4939637828125 0.44802259843750003 0.4885311875 0.44802259843750003 0.4668008046875 0.44802259843750003 0.4597585515625 0.4502824859375 0.42957746406249997 0.4519774015625 0.42655935625 0.45536723125 0.42957746406249997 0.46836158125000005 0.448692153125 0.470056496875 0.46780684062500005 0.46497175156250004 0.5130784703125 0.46440677968750005 0.52414486875 0.46214689218749994 0.527162978125 0.453672315625
1 0.42253521093749996 0.4655367234375 0.418511065625 0.45706214687499996 0.4124748484375 0.4519774015625 0.4034205234375 0.4508474578125 0.3978873234375 0.4508474578125 0.37323943593750003 0.4514124296875 0.3661971828125 0.45310734531249997 0.36217303749999996 0.45706214687499996 0.360160965625 0.472316384375 0.365191146875 0.4796610171875 0.3712273640625 0.48248587499999995 0.40442655937499994 0.48248587499999995 0.4134808859375 0.48079096093749996 0.421529175 0.4751412421875 0.42253521093749996 0.4655367234375
1 0.3561368203125 0.46158192031249995 0.35311871250000004 0.455932203125 0.34305835 0.4514124296875 0.3375251515625 0.4514124296875 0.30684104687499997 0.4519774015625 0.2997987921875 0.45536723125 0.2957746484375 0.46214689218749994 0.2957746484375 0.472316384375 0.3028169015625 0.4819209046875 0.30985915468749997 0.48361581875 0.336016096875 0.48361581875 0.3511066390625 0.48022598906249997 0.3561368203125 0.473446328125 0.3561368203125 0.46158192031249995
1 0.281690140625 0.453672315625 0.257545271875 0.45310734531249997 0.2555331984375 0.45310734531249997 0.23943662031250001 0.45536723125 0.235412475 0.458192090625 0.23440643906249997 0.4768361578125 0.2384305828125 0.48022598906249997 0.2515090546875 0.48248587499999995 0.27766599531249997 0.48248587499999995 0.2837022125 0.48079096093749996 0.28973843125 0.4757062140625 0.2907444671875 0.46158192031249995 0.281690140625 0.453672315625
1 0.2142857140625 0.45480225937499996 0.189134809375 0.45480225937499996 0.188128771875 0.45480225937499996 0.1800804828125 0.45536723125 0.1700201203125 0.45988700624999995 0.1670020125 0.4751412421875 0.17102615625 0.48079096093749996 0.1750503015625 0.48361581875 0.184104628125 0.48531073437499994 0.2173038234375 0.48361581875 0.227364184375 0.4762711859375 0.22535211249999998 0.45988700624999995 0.2142857140625 0.45480225937499996
1 0.15694165 0.458192090625 0.1488933609375 0.455932203125 0.1438631796875 0.455932203125 0.11971830937500001 0.456497175 0.110663984375 0.45932203437499997 0.105633803125 0.4661016953125 0.1066398390625 0.4768361578125 0.114688128125 0.48531073437499994 0.1428571421875 0.48644067812499997 0.158953721875 0.4813559328125 0.16197183125 0.4740113 0.1609657953125 0.46158192031249995 0.15694165 0.458192090625
1 0.09356136875 0.45762711874999995 0.085513078125 0.456497175 0.079811871875 0.456497175 0.052313882812500004 0.45762711874999995 0.045271629687499995 0.4627118640625 0.04426559375 0.4785310734375 0.052313882812500004 0.48644067812499997 0.08350100625 0.48700564999999996 0.09255533125 0.48531073437499994 0.0975855125 0.4819209046875 0.10060362187500001 0.4751412421875 0.0995975859375 0.4627118640625 0.09356136875 0.45762711874999995
1 0 0.487800140625 0.019114687499999998 0.48813559375000004 0.0311871234375 0.48418079062499997 0.0352112671875 0.46892655312500003 0.0311871234375 0.45988700624999995 0.0231388328125 0.45706214687499996 0.017354125 0.45706214687499996 0 0.45706214687499996 0 0.487800140625
0 0.4818913484375 0.1248587578125 0.4698189140625 0.1242937859375 0.46780684062500005 0.12316384218750001 0.45573440625000006 0.1242937859375 0.44668008124999997 0.128813559375 0.4426559359375 0.14067796562499998 0.44466800781250004 0.1457627125 0.45070422499999996 0.1497175140625 0.48591549218749996 0.1497175140625 0.49195171093749995 0.1480225984375 0.49496981875 0.1412429375 0.49195171093749995 0.128813559375 0.4818913484375 0.1248587578125
0 0.45774647812499997 0.1519774015625 0.44567404374999997 0.1587570625 0.4476861171875 0.17175141249999998 0.45875251562499997 0.1802259890625 0.4839034203125 0.1796610171875 0.49195171093749995 0.174576271875 0.49195171093749995 0.157062146875 0.47786720312500003 0.1519774015625 0.47283702187500004 0.1519774015625 0.45774647812499997 0.1519774015625
0 0.4597585515625 0.1819209046875 0.45070422499999996 0.187570621875 0.45070422499999996 0.20395480156249998 0.4597585515625 0.21299435 0.4808853125 0.21299435 0.49094567343750006 0.20564971718749997 0.49094567343750006 0.187570621875 0.4808853125 0.1819209046875 0.47560362187500005 0.1819209046875 0.4597585515625 0.1819209046875
0 0.4668008046875 0.216949153125 0.45774647812499997 0.21977401093750001 0.4547283703125 0.2242937859375 0.4567404421875 0.24463276875 0.4647887328125 0.253672315625 0.4768611671875 0.254802259375 0.487927565625 0.24632768437500002 0.4889336015625 0.2242937859375 0.4839034203125 0.21864406718749999 0.4718309859375 0.216949153125 0.4668008046875 0.216949153125
0 0.4768611671875 0.2587570625 0.47384305781249997 0.2587570625 0.46277665937499995 0.2621468921875 0.45875251562499997 0.269491525 0.4617706234375 0.2960451984375 0.4668008046875 0.300564971875 0.47384305781249997 0.3022598875 0.48591549218749996 0.29887005625 0.4889336015625 0.2909604515625 0.4889336015625 0.26836158125 0.48490945625000004 0.2627118640625 0.4768611671875 0.2587570625
0 0.47786720312500003 0.3056497171875 0.47484909531249997 0.3056497171875 0.46579476875000003 0.3073446328125 0.4617706234375 0.3101694921875 0.4617706234375 0.339548021875 0.46579476875000003 0.3457627125 0.47585513125 0.3485875703125 0.487927565625 0.345197740625 0.49094567343750006 0.339548021875 0.4899396375 0.313559321875 0.48591549218749996 0.3079096046875 0.47786720312500003 0.3056497171875
0 0.4808853125 0.3525423734375 0.47384305781249997 0.3525423734375 0.46780684062500005 0.353672315625 0.46277665937499995 0.358192090625 0.46277665937499995 0.386440678125 0.46579476875000003 0.3926553671875 0.47283702187500004 0.39661016875 0.48490945625000004 0.3960451984375 0.49195171093749995 0.3903954796875 0.49195171093749995 0.359322034375 0.4889336015625 0.35536723124999997 0.4808853125 0.3525423734375
0 0.47987927499999994 0.400564971875 0.4698189140625 0.40225988749999997 0.46378269687499996 0.40960452031249994 0.46579476875000003 0.43728813593750004 0.47585513125 0.44350282500000004 0.4889336015625 0.44124293750000004 0.49496981875 0.43333333281249997 0.492957746875 0.4073446328125 0.4899396375 0.40338983125 0.4808853125 0.400564971875 0.47987927499999994 0.400564971875
0 0.56338028125 0.4474576265625 0.5603621734375 0.4474576265625 0.5402414484375 0.44802259843750003 0.53420523125 0.4502824859375 0.532193159375 0.4587570625 0.536217303125 0.4632768359375 0.5915492953125 0.46384180781250006 0.60261569375 0.4627118640625 0.6086519109374999 0.458192090625 0.6086519109374999 0.45310734531249997 0.60261569375 0.4491525421875 0.56338028125 0.4474576265625
0 0.8199195171874999 0.45706214687499996 0.8199195171874999 0.4491525421875 0.8078470828125001 0.445197740625 0.806841046875 0.445197740625 0.76961770625 0.4474576265625 0.766599596875 0.4457627125 0.7173038234375 0.44632768437500003 0.7092555328125 0.4485875703125 0.7082494968749999 0.45706214687499996 0.7132796781249999 0.46101694843749996 0.7213279671875 0.46214689218749994 0.8078470828125001 0.46101694843749996 0.815895371875 0.45988700624999995 0.8199195171874999 0.45706214687499996
0 0.9869215296875 0.46384180781250006 0.9939637828125001 0.45310734531249997 0.9859154921875 0.445197740625 0.9366197187499999 0.44463276875 0.9295774640625 0.44463276875 0.9175050296875 0.4497175140625 0.9124748484375 0.46045197812499994 0.9114688125000001 0.469491525 0.9205231390625 0.473446328125 0.9305835015625 0.4740113 0.9476861171875001 0.469491525 0.9617706234375 0.46892655312500003 0.9688128765625 0.4661016953125 0.982897384375 0.4655367234375 0.9869215296875 0.46384180781250006