1 0.406382978125 0.38576555 0.40212765937499995 0.38576555 0.384042553125 0.39114832499999996 0.374468084375 0.39653109999999997 0.3734042546875 0.40071770312500005 0.3808510640625 0.4031100484375 0.4765957453125 0.40251196250000004 0.48510638281249996 0.401913875 0.4946808515625 0.39772727343750003 0.4946808515625 0.3905502390625 0.4861702125 0.3863636359375 0.406382978125 0.38576555
1 0.70957446875 0.38337320625000004 0.6468085109375 0.3827751203125 0.64574468125 0.3827751203125 0.6170212765625 0.38337320625000004 0.6053191484375 0.38576555 0.602127659375 0.3893540671875 0.6053191484375 0.398325359375 0.6106382984375001 0.40071770312500005 0.7031914890625 0.39952153125 0.7148936171875 0.398325359375 0.720212765625 0.395334928125 0.720212765625 0.386961721875 0.70957446875 0.38337320625000004
1 0.8489361703125 0.38576555 0.8478723406249999 0.38576555 0.84042553125 0.3863636359375 0.8287234046874999 0.395334928125 0.8287234046874999 0.40490430625 0.8425531921875 0.411483253125 0.8531914890625 0.41088516718749996 0.8627659578125 0.40729665 0.865957446875 0.401913875 0.8627659578125 0.389952153125 0.8585106390625 0.386961721875 0.8489361703125 0.38576555
1 0.988297871875 0.38337320625000004 0.9712765953125 0.3809808609375 0.965247871875 0.3809808609375 0.9478723406249999 0.381578946875 0.9382978718749999 0.386961721875 0.9297872343750001 0.40490430625 0.9308510640625001 0.41088516718749996 0.9382978718749999 0.414473684375 0.9808510640625 0.414473684375 0.9861702125 0.4132775125 0.993617021875 0.40729665 0.993617021875 0.38875598125 0.988297871875 0.38337320625000004
1 0.0585106390625 0.392344496875 0.0308510640625 0.39114832499999996 0.024468084374999997 0.39114832499999996 0.0106382984375 0.3935406703125 0.0053191484375 0.4001196171875 0.0031914890624999996 0.4096889953125 0.0085106390625 0.42165071718749997 0.01808510625 0.4258373203125 0.0585106390625 0.4246411484375 0.0648936171875 0.42165071718749997 0.0691489359375 0.41566985624999997 0.06808510625 0.398325359375 0.0585106390625 0.392344496875
1 0.1329787234375 0.3947368421875 0.12021276562500001 0.3905502390625 0.093617021875 0.3905502390625 0.088297871875 0.3905502390625 0.0808510640625 0.392344496875 0.074468084375 0.39952153125 0.0734042546875 0.4132775125 0.07765957500000001 0.42045454531250004 0.09042553125 0.42523923437500005 0.11808510624999999 0.4246411484375 0.1308510640625 0.422248803125 0.1372340421875 0.414473684375 0.1372340421875 0.401913875 0.1329787234375 0.3947368421875
1 0.2031914890625 0.39413875625 0.1925531921875 0.389952153125 0.1648936171875 0.389952153125 0.1627659578125 0.389952153125 0.1531914890625 0.3905502390625 0.1446808515625 0.3971291859375 0.143617021875 0.414473684375 0.1468085109375 0.41985645937499994 0.15957446875 0.4240430625 0.19042553125 0.4234449765625 0.197872340625 0.42165071718749997 0.20425531874999997 0.416866028125 0.20744680781249997 0.4066985640625 0.2031914890625 0.39413875625
1 0.2627659578125 0.3893540671875 0.2572691484375 0.3893540671875 0.224468084375 0.389952153125 0.2148936171875 0.39413875625 0.211702128125 0.4096889953125 0.220212765625 0.42165071718749997 0.22872340468750002 0.4234449765625 0.256382978125 0.42284689062499997 0.2712765953125 0.4192583734375 0.275531915625 0.41028708125 0.274468084375 0.39593301406250003 0.2627659578125 0.3893540671875
1 0.34574468125 0.3893540671875 0.3372340421875 0.3881578953125 0.33120531875000003 0.3881578953125 0.293617021875 0.3893540671875 0.2851063828125 0.3917464109375 0.2787234046875 0.40610047812500005 0.28723404218750004 0.41985645937499994 0.3010638296875 0.422248803125 0.311702128125 0.42105263125 0.3372340421875 0.4132775125 0.352127659375 0.40610047812500005 0.352127659375 0.39413875625 0.34574468125 0.3893540671875
0 0.5393617015625 0.3839712921875 0.5351063828125 0.3839712921875 0.5191489359375 0.3863636359375 0.5138297875 0.3905502390625 0.5148936171875 0.39653109999999997 0.5234042546875 0.4013157890625 0.579787234375 0.4013157890625 0.5925531921875 0.39952153125 0.59574468125 0.3971291859375 0.59574468125 0.389952153125 0.5914893609375 0.38576555 0.5393617015625 0.3839712921875
0 0.7734042546875 0.3821770328125 0.772340425 0.381578946875 0.7542553187500001 0.3821770328125 0.7457446812499999 0.3851674640625 0.743617021875 0.392344496875 0.75 0.398325359375 0.8138297874999999 0.40071770312500005 0.8223404249999999 0.39653109999999997 0.8244680843750001 0.3905502390625 0.8180851062500001 0.3839712921875 0.8 0.381578946875 0.7734042546875 0.3821770328125
0 0.9106382984374999 0.381578946875 0.9051063828125001 0.381578946875 0.8829787234375001 0.381578946875 0.8702127656249999 0.3863636359375 0.8702127656249999 0.3971291859375 0.877659575 0.4031100484375 0.9202127656249999 0.40370813437499997 0.924468084375 0.4013157890625 0.9297872343750001 0.395334928125 0.9308510640625001 0.387559809375 0.924468084375 0.3827751203125 0.9106382984374999 0.381578946875
0 0.3648936171875 0.3564593296875 0.3638297875 0.39294258437499996 0.388297871875 0.3881578953125 0.3968085109375 0.38337320625000004 0.3946808515625 0.35586124375 0.3872340421875 0.3510765546875 0.38031914843750003 0.3510765546875 0.3712765953125 0.351674640625 0.3648936171875 0.3564593296875
0 0.370212765625 0.050239234375 0.35425531875 0.05143540625 0.3446808515625 0.055622009375 0.343617021875 0.06758373281249999 0.3531914890625 0.0753588515625 0.3861702125 0.0753588515625 0.3946808515625 0.07057416250000001 0.3946808515625 0.0550239234375 0.3861702125 0.05143540625 0.374468084375 0.050239234375 0.370212765625 0.050239234375
0 0.374468084375 0.0783492828125 0.3670212765625 0.0783492828125 0.3531914890625 0.080143540625 0.3446808515625 0.0861244015625 0.3468085109375 0.1034689 0.3585106390625 0.11064593281249999 0.3851063828125 0.110047846875 0.3925531921875 0.10586124374999999 0.39574468125 0.09210526249999999 0.39361702187500003 0.08433014375 0.3861702125 0.07954545468749999 0.374468084375 0.0783492828125
0 0.3925531921875 0.11901913906249999 0.3861702125 0.11423445000000002 0.379787234375 0.113038278125 0.3741138296875 0.113038278125 0.35957446875 0.1136363640625 0.3531914890625 0.11722487968749999 0.35 0.1232057421875 0.352127659375 0.1405502390625 0.35957446875 0.1465311 0.3670212765625 0.1477272734375 0.37765957499999997 0.1477272734375 0.3861702125 0.14533492812499998 0.3914893609375 0.1393540671875 0.3925531921875 0.11901913906249999
0 0.37765957499999997 0.151913875 0.3765957453125 0.151913875 0.3638297875 0.1531100484375 0.35638297812499997 0.16088516718749998 0.3606382984375 0.188995215625 0.3648936171875 0.19258373281250002 0.3734042546875 0.194377990625 0.3872340421875 0.1907894734375 0.3893617015625 0.1842105265625 0.3893617015625 0.15849282343749999 0.3861702125 0.15430622031250002 0.37765957499999997 0.151913875
0 0.37765957499999997 0.19856459375 0.375531915625 0.19856459375 0.3648936171875 0.20035885156250002 0.3606382984375 0.2069377984375 0.3606382984375 0.23624401874999998 0.3638297875 0.24162679374999999 0.3734042546875 0.24521531093750001 0.3829787234375 0.2440191390625 0.39042553125 0.23564593281250001 0.3893617015625 0.2069377984375 0.3872340421875 0.20275119687499998 0.37765957499999997 0.19856459375
0 0.3829787234375 0.300239234375 0.37765957499999997 0.300239234375 0.36808510625 0.30143540625 0.3627659578125 0.30681818125000004 0.3638297875 0.338516746875 0.3670212765625 0.3433014359375 0.37765957499999997 0.3468899515625 0.3914893609375 0.3433014359375 0.3946808515625 0.3367224875 0.3946808515625 0.311004784375 0.3914893609375 0.30382775156249997 0.3829787234375 0.300239234375
0 0.379787234375 0.25 0.3734042546875 0.25 0.3670212765625 0.251196171875 0.361702128125 0.256578946875 0.361702128125 0.286483253125 0.36808510625 0.2942583734375 0.3829787234375 0.29545454531250004 0.388297871875 0.2936602875 0.3925531921875 0.286483253125 0.3925531921875 0.261961721875 0.388297871875 0.25299043125 0.379787234375 0.25