0 0.6934156375 0.3773148140625 0.6779835390625 0.3773148140625 0.6748971187499999 0.3773148140625 0.63374485625 0.3790509265625 0.6265432093750001 0.3825231484375 0.6265432093750001 0.390046296875 0.6316872421874999 0.39351851875 0.6388888890625 0.3946759265625 0.6934156375 0.39409722187499996 0.702674896875 0.3923611109375 0.7057613171875 0.3888888890625 0.702674896875 0.3796296296875 0.6934156375 0.3773148140625
0 0.425411521875 0.3796296296875 0.4166666671875 0.3802083328125 0.4104938265625 0.38368055624999997 0.4104938265625 0.391203703125 0.41563785937500003 0.3958333328125 0.471193415625 0.3964120375 0.48559670781250003 0.39351851875 0.48559670781250003 0.384259259375 0.47633744843750003 0.3802083328125 0.431069959375 0.3796296296875 0.425411521875 0.3796296296875
0 0.8683127578125 0.3767361109375 0.8631687250000001 0.3767361109375 0.8497942390625 0.3790509265625 0.8395061734375 0.3888888890625 0.8395061734375 0.3958333328125 0.8436213984375 0.40046296249999996 0.8600823046875 0.4050925921875 0.8847736625 0.40046296249999996 0.8950617281250001 0.3929398140625 0.891975309375 0.3807870375 0.88271605 0.37789351875 0.8683127578125 0.3767361109375
1 0.9619341562500001 0.3767361109375 0.953703703125 0.375578703125 0.9485596703124999 0.375578703125 0.9063786015625 0.3761574078125 0.8991769546875 0.3807870375 0.9002057609375 0.3894675921875 0.9084362140625 0.3964120375 0.9279835390625 0.3987268515625 0.9485596703124999 0.40682870312499997 0.9588477359375001 0.40625 0.972222221875 0.3981481484375 0.9711934156250001 0.3831018515625 0.9619341562500001 0.3767361109375
0 1 0.3758359046875 0.9979423875 0.375578703125 0.9969135796874999 0.375578703125 0.988683128125 0.3767361109375 0.98148148125 0.381365740625 0.9783950625 0.399884259375 0.9855967078125 0.4074074078125 1 0.40773148125 1 0.3758359046875
0 0.402263375 0.046296296875 0.38580246875 0.0491898140625 0.374485596875 0.053819443749999994 0.37345679062500003 0.0665509265625 0.3816872421875 0.0706018515625 0.41563785937500003 0.0700231484375 0.42489711874999997 0.0665509265625 0.42489711874999997 0.051504629687500005 0.41872427968750003 0.0486111109375 0.40329218125 0.046296296875 0.402263375 0.046296296875
0 0.411522634375 0.07291666718749999 0.40612139843749995 0.07291666718749999 0.3899176953125 0.07291666718749999 0.3816872421875 0.074652778125 0.37654320937499997 0.078125 0.375514403125 0.09085648125 0.3806584359375 0.0983796296875 0.38580246875 0.10069444375 0.41460905312499996 0.10069444375 0.4218107 0.097222221875 0.42386831249999996 0.0792824078125 0.411522634375 0.07291666718749999
0 0.412551440625 0.1041666671875 0.40663580312500003 0.1041666671875 0.3888888890625 0.1041666671875 0.3806584359375 0.1082175921875 0.3796296296875 0.124421296875 0.3816872421875 0.1296296296875 0.3899176953125 0.1359953703125 0.412551440625 0.1354166671875 0.42078189374999997 0.1307870375 0.42283950625 0.1116898140625 0.42078189374999997 0.1076388890625 0.412551440625 0.1041666671875
0 0.412551440625 0.140046296875 0.40637860156250005 0.140046296875 0.3909465015625 0.140625 0.3847736625 0.146990740625 0.386831275 0.1672453703125 0.3909465015625 0.17361111093749998 0.3981481484375 0.1770833328125 0.4084362140625 0.1770833328125 0.4176954734375 0.171875 0.42078189374999997 0.1516203703125 0.4176954734375 0.1429398140625 0.412551440625 0.140046296875
0 0.4084362140625 0.1817129625 0.4012345671875 0.1817129625 0.39197530937499997 0.1851851859375 0.3888888890625 0.1932870375 0.3909465015625 0.2175925921875 0.3971193421875 0.22395833281250002 0.411522634375 0.225115740625 0.4166666671875 0.222222221875 0.4197530859375 0.21585648124999998 0.4197530859375 0.19444444375 0.4166666671875 0.18576388906250002 0.4084362140625 0.1817129625
0 0.402263375 0.2297453703125 0.39197530937499997 0.23495370312500002 0.39197530937499997 0.266203703125 0.394032921875 0.2702546296875 0.402263375 0.274884259375 0.4166666671875 0.27256944375000003 0.42078189374999997 0.2673611109375 0.42078189374999997 0.237847221875 0.4176954734375 0.23263888906250002 0.4104938265625 0.2297453703125 0.402263375 0.2297453703125
0 0.41872427968750003 0.281828703125 0.411522634375 0.2795138890625 0.4094650203125 0.2795138890625 0.4012345671875 0.2800925921875 0.395061728125 0.2829861109375 0.39197530937499997 0.2991898140625 0.394032921875 0.3171296296875 0.3981481484375 0.321759259375 0.40637860156250005 0.3240740734375 0.4197530859375 0.32118055624999997 0.42386831249999996 0.311921296875 0.4218107 0.2853009265625 0.41872427968750003 0.281828703125
0 0.4084362140625 0.328703703125 0.4074074078125 0.328125 0.3971193421875 0.33101851875 0.394032921875 0.33680555624999997 0.395061728125 0.3645833328125 0.3981481484375 0.3703703703125 0.4074074078125 0.3738425921875 0.42078189374999997 0.37152777812500004 0.42489711874999997 0.36631944375000003 0.42386831249999996 0.334490740625 0.41872427968750003 0.3292824078125 0.4084362140625 0.328703703125
1 0 0.4143518515625 0.0030864203125 0.41782407343749994 0.0133744859375 0.41956018593750005 0.0432098765625 0.41898148125 0.05452674843750001 0.41493055625 0.05761316875 0.40914351875 0.0565843625 0.3929398140625 0.050411521875 0.3883101859375 0.034979423437500004 0.3859953703125 0.0339506171875 0.3854166671875 0.008230453124999999 0.38715277812500004 0 0.3917824078125 0 0.4143518515625
1 0.11728395 0.3883101859375 0.104938271875 0.3848379625 0.097736625 0.3848379625 0.0740740734375 0.3859953703125 0.067901234375 0.3883101859375 0.0627572015625 0.39409722187499996 0.0627572015625 0.41030092656250006 0.0740740734375 0.41840277812500004 0.10596707812499999 0.41840277812500004 0.11831275781249999 0.41493055625 0.1224279828125 0.40914351875 0.1224279828125 0.3946759265625 0.11728395 0.3883101859375
1 0.18827160468749998 0.40914351875 0.1893004109375 0.3958333328125 0.1862139921875 0.3894675921875 0.17489711875 0.3848379625 0.16941049375 0.3848379625 0.141975309375 0.3848379625 0.13271605 0.38773148125 0.1275720171875 0.3946759265625 0.12654320937500002 0.40219907343749994 0.1296296296875 0.41319444375 0.1347736625 0.41608796249999996 0.14300411562499998 0.41782407343749994 0.16872427968749998 0.41782407343749994 0.18415637812500002 0.4143518515625 0.18827160468749998 0.40914351875
1 0.2541152265625 0.3888888890625 0.241769546875 0.38368055624999997 0.23251028749999997 0.38368055624999997 0.2057613171875 0.3848379625 0.19650205781250002 0.390625 0.19444444375 0.4050925921875 0.1985596703125 0.412615740625 0.20781892968750001 0.4166666671875 0.239711934375 0.4166666671875 0.2530864203125 0.412615740625 0.2572016453125 0.4045138890625 0.2561728390625 0.3923611109375 0.2541152265625 0.3888888890625
1 0.3209876546875 0.391203703125 0.315843621875 0.3854166671875 0.308641975 0.3831018515625 0.30349794218750004 0.3831018515625 0.2746913578125 0.38368055624999997 0.2633744859375 0.3894675921875 0.26131687187499997 0.4050925921875 0.26851851875 0.4143518515625 0.27777777812500004 0.41608796249999996 0.299382715625 0.41608796249999996 0.3137860078125 0.41493055625 0.3199588484375 0.41203703750000004 0.32304526718750004 0.4079861109375 0.3209876546875 0.391203703125
1 0.3981481484375 0.38194444375000003 0.39197530937499997 0.381365740625 0.386831275 0.381365740625 0.3333333328125 0.384259259375 0.3261316875 0.391203703125 0.3261316875 0.40046296249999996 0.33127572031249997 0.40856481406249995 0.3395061734375 0.412615740625 0.35082304531249997 0.412615740625 0.4012345671875 0.3964120375 0.40534979375 0.391203703125 0.40432098749999995 0.3859953703125 0.3981481484375 0.38194444375000003
1 0.5987654328125 0.3796296296875 0.5555555562500001 0.3796296296875 0.5545267484374999 0.3790509265625 0.4979423875 0.3807870375 0.49176954687499996 0.3859953703125 0.49382716093749995 0.39351851875 0.5 0.3958333328125 0.5174897125 0.3964120375 0.5833333328125 0.3958333328125 0.5997942390625 0.3946759265625 0.608024690625 0.390625 0.608024690625 0.384259259375 0.5987654328125 0.3796296296875
1 0.8148148140625 0.3767361109375 0.79012345625 0.3767361109375 0.78909465 0.3761574078125 0.7263374484375 0.3773148140625 0.7150205765625001 0.3802083328125 0.7129629625 0.38773148125 0.7170781890625 0.3917824078125 0.72942386875 0.39351851875 0.818930040625 0.39351851875 0.8240740734375 0.391203703125 0.8261316875 0.381365740625 0.8220164609375 0.37847222187499996 0.8148148140625 0.3767361109375