0 0.6022964515625 0.3634232125 0.59707724375 0.3634232125 0.5793319421875001 0.3645955453125 0.57306889375 0.367526378125 0.5720250515624999 0.3733880421875 0.577244259375 0.37924970625 0.6388308984375 0.38042204062499996 0.650313153125 0.37924970625 0.6544885171875 0.376318875 0.6544885171875 0.36811254375 0.6492693109375 0.3645955453125 0.6022964515625 0.3634232125
0 0.8183716078125001 0.361078546875 0.806889353125 0.3628370453125 0.7995824640625 0.3663540453125 0.8006263046875001 0.374560375 0.8058455109375 0.37690504062499997 0.870563675 0.3780773734375 0.879958246875 0.37104337656249997 0.8789144046875 0.365767878125 0.8716075156249999 0.3616647125 0.8204592906249999 0.361078546875 0.8183716078125001 0.361078546875
0 1 0.3599062140625 0.9979123171875001 0.3599062140625 0.99164926875 0.36049237968750003 0.9832985390625 0.3645955453125 0.9801670140625 0.3757327078125 0.9843423796874999 0.38100820625 1 0.3909730359375 1 0.3599062140625
0 0.4572025046875 0.3300117234375 0.453027140625 0.3305978890625 0.44572025000000004 0.3364595546875 0.44467640937499997 0.3669402109375 0.44885177499999995 0.3686987109375 0.46764091875 0.36987104375 0.47807933125 0.3663540453125 0.47807933125 0.35463071562500004 0.47494780781249996 0.335287221875 0.46659707656249994 0.3300117234375 0.4572025046875 0.3300117234375
0 0.4425887265625 0.0369284875 0.43945720312500003 0.0369284875 0.43006263125000005 0.039273153125 0.4248434234375 0.04337631875 0.4248434234375 0.0527549828125 0.431106471875 0.0597889796875 0.4373695203125 0.0615474796875 0.4707724421875 0.0597889796875 0.47703549062499995 0.051582649999999994 0.4739039671875 0.0398593203125 0.46659707656249994 0.037514654687499996 0.4425887265625 0.0369284875
0 0.453027140625 0.06389214531250001 0.4436325671875 0.06389214531250001 0.4290187890625 0.06916764375 0.425887265625 0.075615475 0.4290187890625 0.0896834703125 0.43945720312500003 0.09495896875 0.46659707656249994 0.0937866359375 0.471816284375 0.09144196875 0.4739039671875 0.08733880468750001 0.4739039671875 0.069753809375 0.46659707656249994 0.065064478125 0.453027140625 0.06389214531250001
0 0.4613778703125 0.0978898 0.4547672234375 0.0978898 0.43945720312500003 0.0984759671875 0.43215031249999997 0.10609613124999999 0.4331941546875 0.12485345781249998 0.44050104375 0.13012895625 0.4592901875 0.1307151234375 0.46659707656249994 0.1289566234375 0.4707724421875 0.12485345781249998 0.4739039671875 0.10668229843749999 0.4707724421875 0.10140679999999999 0.4613778703125 0.0978898
0 0.45824634687500004 0.13481828906249999 0.45511482187499996 0.13481828906249999 0.4436325671875 0.1365767875 0.4373695203125 0.14302461875 0.43945720312500003 0.16881594375 0.44572025000000004 0.175263775 0.45511482187499996 0.177022275 0.46764091875 0.173505275 0.4707724421875 0.15826494687499998 0.4697286015625 0.14126612031250002 0.46764091875 0.1383352875 0.45824634687500004 0.13481828906249999
0 0.4592901875 0.1811254390625 0.45511482187499996 0.1811254390625 0.44676409218749996 0.18229777187500001 0.4415448859375 0.18757327031249998 0.4415448859375 0.21805392656249997 0.4436325671875 0.22215709218750002 0.4519832984375 0.2256740921875 0.46659707656249994 0.2239155921875 0.4707724421875 0.21688159375 0.4697286015625 0.1881594375 0.46764091875 0.1846424390625 0.4592901875 0.1811254390625
0 0.45824634687500004 0.2303634234375 0.4572025046875 0.2303634234375 0.44885177499999995 0.23153575625 0.4436325671875 0.2344665890625 0.4415448859375 0.24970691718750002 0.4436325671875 0.27022274375 0.45511482187499996 0.2760844078125 0.4655532359375 0.274912075 0.47286012499999996 0.267878078125 0.471816284375 0.23798358749999998 0.46764091875 0.2327080890625 0.45824634687500004 0.2303634234375
0 0.471816284375 0.283704571875 0.463465553125 0.2801875734375 0.45511482187499996 0.2801875734375 0.44780793281250003 0.28253223906249997 0.4436325671875 0.2872215703125 0.4436325671875 0.31066822968749996 0.44676409218749996 0.32180539218750004 0.4572025046875 0.3259085578125 0.46659707656249994 0.32532239218750003 0.47286012499999996 0.322391559375 0.47599165 0.31066822968749996 0.4739039671875 0.2878077375 0.471816284375 0.283704571875
1 0.544885178125 0.365767878125 0.495824634375 0.3651817109375 0.4926931109375 0.3651817109375 0.4832985390625 0.3663540453125 0.46580897656250003 0.3715750296875 0.42670250468750004 0.3659320046875 0.4245501046875 0.38104806562500004 0.46006785 0.38124970625 0.5396659703125 0.38100820625 0.5490605421875 0.37983587343749997 0.5532359078125 0.37690504062499997 0.55427975 0.370457209375 0.544885178125 0.365767878125
1 0.41858037656249997 0.37866354062499996 0.41022964531249995 0.3686987109375 0.4018789140625 0.367526378125 0.395615865625 0.367526378125 0.3643006265625 0.36811254375 0.35490605468749997 0.3716295421875 0.3517745296875 0.376318875 0.3517745296875 0.3903868703125 0.35490605468749997 0.39566236875 0.36221294375 0.3997655328125 0.395615865625 0.3985932 0.4144050109375 0.38980070312500004 0.41962421718750004 0.3845252046875 0.41858037656249997 0.37866354062499996
1 0.3455114828125 0.3751465421875 0.3382045921875 0.3692848765625 0.3298538625 0.36811254375 0.324112734375 0.36811254375 0.29749478125 0.3686987109375 0.2912317328125 0.36987104375 0.2870563671875 0.3733880421875 0.28392484375000004 0.3892145375 0.2922755734375 0.3997655328125 0.3006263046875 0.40152403281250004 0.3225469734375 0.40152403281250004 0.3413361171875 0.398007034375 0.34759916562500004 0.3856975375 0.3455114828125 0.3751465421875
1 0.2682672234375 0.3692848765625 0.260960334375 0.3686987109375 0.25156576249999996 0.3686987109375 0.22964509375 0.3692848765625 0.21920668124999998 0.374560375 0.21711899843750002 0.3927315359375 0.22233820468749999 0.3997655328125 0.228601253125 0.4021102 0.2672233828125 0.40152403281250004 0.2787056375 0.3950762015625 0.28079331875 0.383352871875 0.2776617953125 0.373974209375 0.2682672234375 0.3692848765625
1 0.20876826718750002 0.3733880421875 0.1993736953125 0.36987104375 0.18789144062500002 0.3692848765625 0.182672234375 0.3692848765625 0.1586638828125 0.36987104375 0.1482254703125 0.3780773734375 0.147181628125 0.38393903906250004 0.1534446765625 0.3974208671875 0.1638830890625 0.4032825328125 0.1972860125 0.40269636562500005 0.206680584375 0.40035170000000003 0.21189979062500003 0.39566236875 0.2129436328125 0.38042204062499996 0.20876826718750002 0.3733880421875
1 0.129436325 0.3774912078125 0.128392484375 0.37690504062499997 0.1169102296875 0.3821805390625 0.1127348640625 0.38980070312500004 0.11377870625 0.3997655328125 0.1179540703125 0.40269636562500005 0.1252609609375 0.40386869843750006 0.1409185796875 0.40269636562500005 0.147181628125 0.3985932 0.14405010468749999 0.38393903906250004 0.1398747390625 0.37983587343749997 0.129436325 0.3774912078125
1 0.09707724375 0.370457209375 0.07306889375 0.370457209375 0.0678496875 0.370457209375 0.0584551140625 0.372215709375 0.053235907812500004 0.376318875 0.050104384375 0.3845252046875 0.051148225000000005 0.3985932 0.060542796875000006 0.40386869843750006 0.09707724375 0.40386869843750006 0.10751565781250001 0.3974208671875 0.1127348640625 0.38393903906250004 0.11064718124999999 0.3757327078125 0.09707724375 0.370457209375
1 0 0.4056271984375 0.017745303125 0.4056271984375 0.035490604687499996 0.40386869843750006 0.0427974953125 0.400937865625 0.04592901875 0.3944900359375 0.044885178125 0.37924970625 0.0396659703125 0.373974209375 0.026096032812499996 0.37104337656249997 0.01878914375 0.37104337656249997 0 0.3719608546875 0 0.4056271984375
1 0.6764091859375 0.3622508796875 0.6638830890625 0.3645955453125 0.660751565625 0.367526378125 0.6617954078125 0.3751465421875 0.6680584546875 0.37924970625 0.7682672234375 0.3780773734375 0.7776617953125 0.373974209375 0.7766179546875 0.365767878125 0.766179540625 0.3622508796875 0.679540709375 0.3622508796875 0.6764091859375 0.3622508796875
1 0.9592901875000001 0.3634232125 0.9519832984375001 0.3616647125 0.9081419625 0.361078546875 0.9060542796875 0.361078546875 0.8893528187499999 0.364009378125 0.8841336109375 0.3757327078125 0.8883089765625 0.38159437343749997 0.9102296453125 0.3892145375 0.9206680578125 0.3903868703125 0.9415448859375 0.3862837046875 0.9551148218750001 0.38276670625000003 0.9676409187499999 0.3757327078125 0.9686847593750001 0.36987104375 0.9592901875000001 0.3634232125