0 0.44753747343750006 0.030685920312499997 0.45289079218749995 0.026474128125000003 0.45182012812499994 0.0234657046875 0.44753747343750006 0.0234657046875 0.431477515625 0.0252707578125 0.4175588859375 0.0348977140625 0.40364025625 0.0367027671875 0.3993576015625 0.0409145609375 0.4014989296875 0.0487364625 0.41541755937499997 0.04993983125 0.44539614531250005 0.0475330921875 0.45074946406249994 0.043922984375 0.45182012812499994 0.0354993984375 0.44753747343750006 0.030685920312499997
0 0.4325481796875 0.055354993750000005 0.42933618906250004 0.055354993750000005 0.41648822343749997 0.0565583640625 0.4014989296875 0.06317689531250001 0.4014989296875 0.0746089046875 0.41006423906249995 0.0806257515625 0.4379014984375 0.0812274375 0.45182012812499994 0.077617328125 0.45503212031249995 0.07160048125 0.45396145624999995 0.061973526562500006 0.441113490625 0.055354993750000005 0.4325481796875 0.055354993750000005
0 0.43361884375 0.083634175 0.42790899375 0.083634175 0.41648822343749997 0.083634175 0.4089935765625 0.0860409140625 0.40256959375 0.092659446875 0.405781584375 0.108904934375 0.41541755937499997 0.115523465625 0.4421841546875 0.114320096875 0.45074946406249994 0.10950661875 0.45074946406249994 0.08784596875 0.44432548125000004 0.0848375453125 0.43361884375 0.083634175
0 0.4346895078125 0.1179302046875 0.42933618906250004 0.1179302046875 0.41434689531249996 0.1191335734375 0.4079229125 0.12575210625 0.41006423906249995 0.1468110703125 0.4175588859375 0.153429603125 0.435760171875 0.153429603125 0.44646680937500005 0.149217809375 0.44967880156250006 0.1450060171875 0.44967880156250006 0.1227436828125 0.44432548125000004 0.1191335734375 0.4346895078125 0.1179302046875
0 0.436830834375 0.1570397109375 0.430942184375 0.1570397109375 0.41862955 0.158844765625 0.41434689531249996 0.164259928125 0.41648822343749997 0.19314079374999998 0.42719486093750003 0.1997593265625 0.4389721625 0.19855595625 0.44432548125000004 0.19554753281249998 0.44753747343750006 0.1889290015625 0.44860813750000006 0.16606498125 0.44432548125000004 0.160048134375 0.436830834375 0.1570397109375
0 0.43361884375 0.20397111875 0.42291220625000003 0.20577617343750002 0.4175588859375 0.212996390625 0.41862955 0.242478940625 0.43040685156249997 0.2496991578125 0.4421841546875 0.24789410312500001 0.44860813750000006 0.2400722015625 0.44753747343750006 0.2111913359375 0.44539614531250005 0.20758122812500002 0.435760171875 0.20397111875 0.43361884375 0.20397111875
0 0.4346895078125 0.2545126359375 0.426124196875 0.25511432031250003 0.4197002140625 0.2605294828125 0.4197002140625 0.292418771875 0.4250535328125 0.2984356203125 0.431477515625 0.3002406734375 0.44325481875 0.2990373046875 0.45074946406249994 0.29061371875 0.44967880156250006 0.26113116718749996 0.441113490625 0.2545126359375 0.4346895078125 0.2545126359375
0 0.4379014984375 0.3050541515625 0.43040685156249997 0.3050541515625 0.42291220625000003 0.308664259375 0.420770878125 0.31227436875 0.420770878125 0.3387484953125 0.426124196875 0.3489771359375 0.43361884375 0.350782190625 0.44753747343750006 0.3489771359375 0.45289079218749995 0.3423586046875 0.45074946406249994 0.3098676296875 0.44539614531250005 0.30625752031250003 0.4379014984375 0.3050541515625
0 0.441113490625 0.3549939828125 0.43361884375 0.3549939828125 0.4250535328125 0.3586040921875 0.42184154218750003 0.36341756875 0.42184154218750003 0.3929001203125 0.426124196875 0.39651022812500003 0.4400428265625 0.3983152828125 0.45182012812499994 0.39651022812500003 0.45610278437499996 0.3922984359375 0.45396145624999995 0.36462093906250004 0.45074946406249994 0.3586040921875 0.441113490625 0.3549939828125
0 0.553533190625 0.39350180468749996 0.5524625265625 0.39350180468749996 0.5203426125 0.39590854375 0.5160599578125 0.3989169671875 0.5171306203125 0.40734055312499995 0.52569593125 0.4109506625 0.5910064234375 0.41034897656249997 0.5985010703125 0.40734055312499995 0.599571734375 0.3995186515625 0.594218415625 0.395306859375 0.58137045 0.39350180468749996 0.553533190625 0.39350180468749996
0 0.7794432546875 0.39109506562499996 0.773019271875 0.39109506562499996 0.76017130625 0.3916967515625 0.7505353312499999 0.395306859375 0.7494646687500001 0.4025270765625 0.7537473234375 0.40673886875000004 0.7644539609375001 0.4085439234375 0.82119914375 0.4079422375 0.8308351171874999 0.4031287609375 0.8308351171874999 0.39590854375 0.8233404703125 0.3922984359375 0.7794432546875 0.39109506562499996
0 1 0.3950661859375 0.9967880078125001 0.39109506562499996 0.9561027843750001 0.389891696875 0.9550321203125 0.389891696875 0.9496788015625001 0.39049338125 0.9432548187500001 0.394705175 0.941113490625 0.4025270765625 0.9443254812499999 0.40673886875000004 0.9550321203125 0.41215403124999994 0.9753747328125 0.41335740000000004 0.9828693796874999 0.4157641390625 0.9957173453125 0.412755715625 1 0.40272763749999996 1 0.3950661859375
1 0 0.4362214203125 0.002141328125 0.4362214203125 0.0192719484375 0.43501804999999993 0.027837259375 0.4314079421875 0.03104925 0.4259927796875 0.03104925 0.4109506625 0.0246252671875 0.4037304453125 0.012847965624999999 0.40132370625 0.006959314062499999 0.40132370625 0 0.40149012968750003 0 0.4362214203125
1 0.0824411140625 0.40012033750000003 0.05674518125 0.40012033750000003 0.054603854687499995 0.40012033750000003 0.04603854375 0.40192539062500005 0.0374732328125 0.4091456078125 0.038543896875 0.4308062578125 0.050321198437500006 0.43501804999999993 0.0835117765625 0.43501804999999993 0.09635974375 0.43200962656249997 0.1017130625 0.422382671875 0.1017130625 0.41215403124999994 0.09743040625 0.4043321296875 0.0824411140625 0.40012033750000003
1 0.1691648828125 0.41034897656249997 0.1648822265625 0.4037304453125 0.153104925 0.3995186515625 0.14775160625 0.3995186515625 0.11884368281249999 0.40012033750000003 0.10920770937499999 0.40553549999999994 0.1059957171875 0.4109506625 0.1059957171875 0.42298435625 0.10920770937499999 0.42960288750000003 0.1156316921875 0.43321299687500003 0.1541755890625 0.43381468125 0.16595289062500002 0.42960288750000003 0.17023554531250001 0.42358604062499994 0.1691648828125 0.41034897656249997
1 0.234475375 0.4031287609375 0.22376873593750002 0.3989169671875 0.2176124203125 0.3989169671875 0.18736616718750002 0.3995186515625 0.1766595296875 0.4043321296875 0.1734475375 0.4097472921875 0.1734475375 0.42178098750000004 0.1830835125 0.43200962656249997 0.22483939999999997 0.4326113109375 0.234475375 0.429001203125 0.23875802968749998 0.424187725 0.23768736562499998 0.40673886875000004 0.234475375 0.4031287609375
1 0.3072805140625 0.40734055312499995 0.3051391859375 0.4031287609375 0.2955032125 0.3983152828125 0.2899710921875 0.3983152828125 0.2548179875 0.3989169671875 0.2462526765625 0.4031287609375 0.2430406859375 0.4193742484375 0.25053533125 0.4308062578125 0.2591006421875 0.4326113109375 0.2794432546875 0.4326113109375 0.2965738765625 0.4314079421875 0.302997859375 0.42839951875000004 0.3072805140625 0.42298435625 0.3072805140625 0.40734055312499995
1 0.3736616703125 0.4037304453125 0.36723768749999997 0.3983152828125 0.359743040625 0.3977135984375 0.35374732343750004 0.3977135984375 0.3297644546875 0.3977135984375 0.3179871515625 0.40012033750000003 0.3126338328125 0.4079422375 0.3126338328125 0.4211793015625 0.32226980781250003 0.4308062578125 0.359743040625 0.4308062578125 0.370449678125 0.42839951875000004 0.37687366093749997 0.42358604062499994 0.3790149890625 0.416365825 0.3736616703125 0.4037304453125
1 0.48929336250000005 0.3971119140625 0.4582441109375 0.3971119140625 0.44432548125000004 0.40012033750000003 0.4325481796875 0.40012033750000003 0.4175588859375 0.3971119140625 0.41434689531249996 0.3971119140625 0.389721628125 0.3983152828125 0.3832976453125 0.40072202187499995 0.3832976453125 0.41155234687500003 0.389721628125 0.41756919375 0.40364025625 0.41877256249999995 0.42826552500000004 0.41155234687500003 0.4914346890625 0.41034897656249997 0.4989293359375 0.40553549999999994 0.4989293359375 0.40072202187499995 0.48929336250000005 0.3971119140625
1 0.7152034265625 0.3922984359375 0.6541755890625 0.3922984359375 0.653104925 0.3922984359375 0.610278371875 0.394705175 0.6059957171875 0.3983152828125 0.60706638125 0.406137184375 0.6167023546875 0.41034897656249997 0.671306209375 0.4097472921875 0.717344753125 0.4085439234375 0.7259100640625 0.40673886875000004 0.72912205625 0.4031287609375 0.7280513921875 0.39651022812500003 0.7152034265625 0.3922984359375
1 0.9325481796874999 0.40734055312499995 0.9325481796874999 0.40072202187499995 0.9282655249999999 0.39651022812500003 0.9143468953125 0.3922984359375 0.8511777296874999 0.39109506562499996 0.850107065625 0.39109506562499996 0.8426124203124999 0.3929001203125 0.8383297640625 0.39651022812500003 0.84154175625 0.40553549999999994 0.8479657390625001 0.4085439234375 0.877944325 0.412755715625 0.8940042828125 0.41877256249999995 0.9057815843749999 0.4205776171875 0.9197002140625001 0.41756919375 0.9271948609375 0.41395908593749997 0.9325481796874999 0.40734055312499995