0 0.4914346890625 0.49699157656250004 0.48822269843750005 0.49699157656250004 0.476445396875 0.49819494531249997 0.47002141249999996 0.5012033687499999 0.46895075 0.5090252703125 0.476445396875 0.5138387484375 0.5374732328125 0.5144404328125 0.543897215625 0.5138387484375 0.5492505359375001 0.5102286406250001 0.5503211984374999 0.5036101078125 0.542826553125 0.49759326093749995 0.4914346890625 0.49699157656250004
0 0.7237687359375 0.493983153125 0.721627409375 0.493983153125 0.70877944375 0.4945848375 0.695931478125 0.49819494531249997 0.6948608140625 0.50661853125 0.6980728046875 0.50962695625 0.7098501078125 0.5120336937500001 0.7676659531250001 0.511432009375 0.7762312640625 0.5072202171875 0.7773019265625 0.5 0.7687366171875001 0.4945848375 0.7237687359375 0.493983153125
0 0.931477515625 0.49338146875 0.9304068515624999 0.49338146875 0.91327623125 0.4945848375 0.90256959375 0.49819494531249997 0.8993576015625001 0.50962695625 0.9079229124999999 0.5168471718750001 0.9475374734375 0.515643803125 0.9603854390625 0.511432009375 0.9635974296875001 0.5060168468749999 0.9625267671875 0.49759326093749995 0.951820128125 0.493983153125 0.931477515625 0.49338146875
0 0.4068522484375 0.4620938625 0.40364025625 0.466907340625 0.4047109203125 0.495186521875 0.41541755937499997 0.5006016843750001 0.4346895078125 0.5012033687499999 0.4346895078125 0.468110709375 0.42933618906250004 0.461492178125 0.41862955 0.45968712343749996 0.41648822343749997 0.45968712343749996 0.4068522484375 0.4620938625
0 0.42184154218750003 0.4097472921875 0.41220556718749995 0.4097472921875 0.40364025625 0.41335740000000004 0.4014989296875 0.41756919375 0.4014989296875 0.434416365625 0.405781584375 0.45126353750000003 0.41541755937499997 0.454873646875 0.42933618906250004 0.451865221875 0.43361884375 0.445848375 0.4325481796875 0.4157641390625 0.431477515625 0.41335740000000004 0.42184154218750003 0.4097472921875
0 0.420770878125 0.3586040921875 0.41327623124999996 0.3586040921875 0.40256959375 0.362815884375 0.400428265625 0.3664259921875 0.4014989296875 0.3977135984375 0.4068522484375 0.4031287609375 0.41327623124999996 0.4049338140625 0.4250535328125 0.4031287609375 0.431477515625 0.39651022812500003 0.431477515625 0.3676293625 0.42719486093750003 0.36161251562499996 0.420770878125 0.3586040921875
0 0.4079229125 0.26353790625 0.40256959375 0.26413959062500003 0.3961456109375 0.27015643749999996 0.3972162734375 0.296630565625 0.40364025625 0.3044524671875 0.41648822343749997 0.30685920625 0.42719486093750003 0.30144404375 0.42933618906250004 0.2719614921875 0.42398286875 0.264741275 0.41006423906249995 0.26353790625 0.4079229125 0.26353790625
0 0.41862955 0.3110709984375 0.4089935765625 0.3110709984375 0.4014989296875 0.3134777375 0.3993576015625 0.318291215625 0.3993576015625 0.3447653421875 0.40256959375 0.350782190625 0.41006423906249995 0.3537906140625 0.4250535328125 0.351985559375 0.42933618906250004 0.3459687125 0.42933618906250004 0.319494584375 0.426124196875 0.314079421875 0.41862955 0.3110709984375
0 0.41399036406249995 0.2268351390625 0.3982869375 0.2274368234375 0.390792290625 0.2334536703125 0.390792290625 0.25030084218750004 0.3982869375 0.25812274375 0.420770878125 0.25812274375 0.42826552500000004 0.2545126359375 0.431477515625 0.231648615625 0.4250535328125 0.2274368234375 0.4197002140625 0.2268351390625 0.41399036406249995 0.2268351390625
0 0.4079229125 0.16185318906249999 0.4068522484375 0.16185318906249999 0.3961456109375 0.1624548734375 0.38436830781250003 0.1666666671875 0.38222698125 0.1787003609375 0.3865096359375 0.1853188921875 0.395074946875 0.1883273171875 0.4325481796875 0.187123946875 0.435760171875 0.1780986765625 0.43361884375 0.1666666671875 0.42826552500000004 0.16365824375 0.4079229125 0.16185318906249999
0 0.4175588859375 0.191335740625 0.41077837187500005 0.191335740625 0.3972162734375 0.191335740625 0.390792290625 0.1937424796875 0.38436830781250003 0.20156437968750002 0.3875803 0.21660649843750002 0.3982869375 0.22322502968750002 0.4250535328125 0.2220216609375 0.431477515625 0.2172081828125 0.4325481796875 0.19675090312500002 0.42933618906250004 0.1937424796875 0.4175588859375 0.191335740625
1 0.44967880156250006 0.5078219015625 0.44325481875 0.5036101078125 0.4197002140625 0.5036101078125 0.3993576015625 0.499398315625 0.390792290625 0.499398315625 0.35653104999999996 0.5006016843750001 0.3479657390625 0.5030084234375 0.344753746875 0.5084235859375 0.3458244109375 0.5186522265625 0.3576017125 0.527677496875 0.3715203421875 0.526474128125 0.405781584375 0.515643803125 0.4325481796875 0.5150421171875 0.44860813750000006 0.5120336937500001 0.44967880156250006 0.5078219015625
1 0.6691648828125001 0.49699157656250004 0.6595289078125 0.495186521875 0.6573875796875 0.495186521875 0.6466809421875 0.49699157656250004 0.5674518203125001 0.49699157656250004 0.5567451812499999 0.5012033687499999 0.55567451875 0.5072202171875 0.5610278375 0.5126353796875 0.5685224843750001 0.5138387484375 0.660599571875 0.5126353796875 0.6734475375 0.5084235859375 0.6745182015625 0.5024067390625 0.6691648828125001 0.49699157656250004
1 0.7965738765625 0.4945848375 0.7955032125 0.493983153125 0.7847965734375 0.49819494531249997 0.7847965734375 0.5060168468749999 0.79122055625 0.5108303249999999 0.84154175625 0.5120336937500001 0.8768736609375001 0.5192539109375 0.8865096359375 0.5144404328125 0.8907922906250001 0.5084235859375 0.8886509640625 0.499398315625 0.8768736609375001 0.4945848375 0.7965738765625 0.4945848375
1 1 0.49277978281249996 0.9989293359375001 0.49277978281249996 0.9807280515624999 0.493983153125 0.9710920765625 0.5042117937499999 0.9678800859375001 0.5186522265625 0.9796573875 0.526474128125 1 0.5268429015625 1 0.49277978281249996
1 0.3308351171875 0.5012033687499999 0.32226980781250003 0.5012033687499999 0.32119914375 0.5006016843750001 0.2922912203125 0.5012033687499999 0.28051391875 0.5054151625000001 0.27730192656249997 0.511432009375 0.27730192656249997 0.5246690734375 0.2858672375 0.53369434375 0.3308351171875 0.534296028125 0.3404710921875 0.5294825515625 0.34368308281250004 0.5216606500000001 0.3383297640625 0.5072202171875 0.3308351171875 0.5012033687499999
0 0.41327623124999996 0.148014440625 0.38436830781250003 0.14741275625 0.3811563171875 0.1504211796875 0.38222698125 0.1564380265625 0.3961456109375 0.15944645 0.42826552500000004 0.15764139531250002 0.43361884375 0.1522262328125 0.43040685156249997 0.1450060171875 0.42826552500000004 0.1450060171875 0.41327623124999996 0.148014440625
1 0.2612419703125 0.5018050546875 0.247323340625 0.5012033687499999 0.23875802968749998 0.5012033687499999 0.2205567453125 0.5030084234375 0.2109207703125 0.5126353796875 0.211991434375 0.526474128125 0.21627409062499997 0.531889290625 0.22698072812499998 0.5354993984374999 0.258029978125 0.5354993984374999 0.2719486078125 0.5282791812500001 0.273019271875 0.5132370640625 0.26980728125 0.50661853125 0.2612419703125 0.5018050546875
1 0.19914346875 0.5054151625000001 0.191648821875 0.5030084234375 0.1734475375 0.5030084234375 0.1723768734375 0.5030084234375 0.1541755890625 0.504813478125 0.1488222703125 0.5084235859375 0.1445396140625 0.521058965625 0.1466809421875 0.526474128125 0.15845824375 0.53369434375 0.1766595296875 0.5354993984374999 0.19379015 0.534296028125 0.20556745156249998 0.526474128125 0.20449678750000003 0.5108303249999999 0.19914346875 0.5054151625000001
1 0.125267665625 0.5054151625000001 0.0920770875 0.504813478125 0.0910064234375 0.504813478125 0.079229121875 0.5078219015625 0.073875803125 0.5132370640625 0.0728051390625 0.5216606500000001 0.0781584578125 0.53369434375 0.0899357609375 0.5379061375 0.11456102812499999 0.5379061375 0.1316916484375 0.534296028125 0.13811563124999998 0.5234657046875 0.1359743046875 0.5108303249999999 0.125267665625 0.5054151625000001
1 0.0674518203125 0.511432009375 0.0599571734375 0.5054151625000001 0.0471092078125 0.5030084234375 0.043897215625 0.5030084234375 0.0171306203125 0.5042117937499999 0.009635975 0.50661853125 0.0042826546875 0.5126353796875 0.0042826546875 0.5288808671874999 0.008565310937499999 0.5348977140625 0.0160599578125 0.5379061375 0.0524625265625 0.5379061375 0.0653104921875 0.533092659375 0.0695931484375 0.5174488562499999 0.0674518203125 0.511432009375