1 0.5177902624999999 0.4326315796875 0.480337078125 0.4347368421875 0.480337078125 0.44578947343750003 0.48782771562500005 0.44842105312499997 0.568352059375 0.4478947375 0.575842696875 0.4473684203125 0.5833333328125 0.44315789531250005 0.5833333328125 0.4373684203125 0.575842696875 0.4336842109375 0.5205992515625 0.4326315796875 0.5177902624999999 0.4326315796875
1 0.772471909375 0.43157894687500004 0.709737828125 0.430526315625 0.7088014984375001 0.430526315625 0.691947565625 0.43105263125000004 0.681647940625 0.4331578953125 0.6769662921874999 0.438421053125 0.6788389515625 0.44315789531250005 0.6853932578124999 0.44578947343750003 0.7528089890625 0.44578947343750003 0.772471909375 0.4452631578125 0.78183520625 0.441578946875 0.779962546875 0.4336842109375 0.772471909375 0.43157894687500004
1 0.8754681640624999 0.430526315625 0.8745318359375001 0.430526315625 0.8651685390624999 0.4352631578125 0.8623595500000001 0.44263157968750005 0.8632958796875 0.45105263124999995 0.8782771531250001 0.45421052656249994 0.8904494375 0.450526315625 0.9260299625 0.449473684375 0.9344569281249999 0.44578947343750003 0.9363295875000001 0.43684210468750007 0.9307116109375 0.43157894687500004 0.8754681640624999 0.430526315625
1 1 0.429473684375 0.9962546812499999 0.429473684375 0.9868913859375 0.4326315796875 0.984082396875 0.4478947375 0.9887640453125 0.4568421046875 0.9971910109375001 0.45947368437499997 1 0.45921052656250005 1 0.429473684375
1 0.4288389515625 0.4352631578125 0.41198501875 0.4352631578125 0.406367040625 0.4352631578125 0.3810861421875 0.43631578906249996 0.37265917656249997 0.440526315625 0.3707865171875 0.45421052656249994 0.3792134828125 0.4636842109375 0.38857677968750004 0.4647368421875 0.3970037453125 0.46315789531249996 0.4353932578125 0.449473684375 0.4372659171875 0.4421052625 0.43258427031249996 0.43684210468750007 0.4288389515625 0.4352631578125
1 0.3492509359375 0.43631578906249996 0.3408239703125 0.43631578906249996 0.3211610484375 0.43684210468750007 0.311797753125 0.441578946875 0.30898876406250003 0.4468421046875 0.30992509375 0.45842105312500003 0.3192883890625 0.4657894734375 0.3586142328125 0.4652631578125 0.3651685390625 0.46105263125 0.3651685390625 0.44263157968750005 0.35767790312500003 0.43684210468750007 0.3492509359375 0.43631578906249996
1 0.30243445625 0.44105263125 0.2911985015625 0.43684210468750007 0.2865168546875 0.43684210468750007 0.262172284375 0.4373684203125 0.2509363296875 0.441578946875 0.24812734062500003 0.45526315781250004 0.2509363296875 0.46263157968749996 0.255617978125 0.4657894734375 0.2874531828125 0.46684210468750004 0.3005617984375 0.4636842109375 0.30524344531250003 0.45789473750000004 0.30524344531250003 0.4463157890625 0.30243445625 0.44105263125
1 0.244382021875 0.4463157890625 0.241573034375 0.4421052625 0.2312734078125 0.4378947375 0.2262799625 0.4378947375 0.2013108609375 0.4378947375 0.1910112359375 0.4421052625 0.18726591718750002 0.44894736875 0.18726591718750002 0.4568421046875 0.19194756562499998 0.4647368421875 0.19756554375 0.46736842031250003 0.23033707812499998 0.46736842031250003 0.241573034375 0.46315789531249996 0.244382021875 0.45999999999999996 0.244382021875 0.4463157890625
1 0.1807116109375 0.44263157968750005 0.17228464375000002 0.438421053125 0.156367040625 0.4378947375 0.1554307109375 0.4378947375 0.135767790625 0.44000000000000006 0.12827715312500002 0.44578947343750003 0.12827715312500002 0.4621052625 0.1310861421875 0.4657894734375 0.13857677968749998 0.468421053125 0.1732209734375 0.4678947375 0.181647940625 0.4636842109375 0.18352059999999998 0.460526315625 0.184456928125 0.4526315796875 0.1807116109375 0.44263157968750005
1 0.1226591765625 0.4473684203125 0.1207865171875 0.44315789531250005 0.10955056249999999 0.43894736874999996 0.10449438124999999 0.43894736874999996 0.0842696625 0.43894736874999996 0.072097378125 0.4421052625 0.0664794 0.45 0.0692883890625 0.46684210468750004 0.07677902656249999 0.46894736875 0.09550561875 0.46947368437500003 0.1114232203125 0.46894736875 0.1207865171875 0.4657894734375 0.12359550625 0.45947368437499997 0.1226591765625 0.4473684203125
1 0.061797753125 0.4463157890625 0.056179775 0.441578946875 0.0449438203125 0.43947368437499995 0.04213483125 0.43947368437499995 0.015917603125 0.44105263125 0.008426965625000001 0.44578947343750003 0.007490635937499999 0.4621052625 0.013108614062500001 0.46894736875 0.0205992515625 0.470526315625 0.0393258421875 0.47000000000000003 0.0533707859375 0.46894736875 0.059925093750000005 0.46684210468750004 0.0636704125 0.45894736875 0.061797753125 0.4463157890625
0 0.417602996875 0.13 0.4185393265625 0.1368421046875 0.431647940625 0.13947368437500002 0.46161048750000006 0.13894736875 0.466292134375 0.131578946875 0.4634831453125 0.1252631578125 0.4606741578125 0.1252631578125 0.4232209734375 0.12684210468749998 0.417602996875 0.13
0 0.44194756562500004 0.141578946875 0.44007490625 0.141578946875 0.4288389515625 0.1426315796875 0.42134831406249995 0.14578947343749998 0.417602996875 0.15 0.41947565468750003 0.15894736874999998 0.4288389515625 0.1652631578125 0.4550561796875 0.1652631578125 0.4625468171875 0.16157894687500002 0.46535580468750004 0.14789473749999998 0.45880149843750007 0.1431578953125 0.44194756562500004 0.141578946875
0 0.43632958750000006 0.1678947375 0.4269662921875 0.16947368437500002 0.420411984375 0.17473684218750002 0.424157303125 0.191578946875 0.431647940625 0.1963157890625 0.4550561796875 0.1952631578125 0.4625468171875 0.1873684203125 0.4625468171875 0.1731578953125 0.45411985 0.168421053125 0.4372659171875 0.168421053125 0.43632958750000006 0.1678947375
0 0.45411985 0.199473684375 0.448190075 0.199473684375 0.43258427031249996 0.2 0.4260299625 0.2047368421875 0.4260299625 0.220526315625 0.431647940625 0.228421053125 0.4372659171875 0.22999999999999998 0.45224719062499996 0.229473684375 0.45880149843750007 0.22421052656249998 0.46161048750000006 0.2052631578125 0.45880149843750007 0.20105263125 0.45411985 0.199473684375
0 0.4513108609375 0.2342105265625 0.4447565546875 0.2342105265625 0.43632958750000006 0.23473684218750002 0.42977528125 0.24105263125 0.431647940625 0.2626315796875 0.4353932578125 0.27 0.4428838953125 0.2731578953125 0.44850187343750003 0.2731578953125 0.455992509375 0.26947368437499997 0.45880149843750007 0.2626315796875 0.45786516875 0.238421053125 0.4513108609375 0.2342105265625
0 0.44850187343750003 0.2768421046875 0.44756554375 0.2768421046875 0.4372659171875 0.278421053125 0.43352060000000003 0.2831578953125 0.43445692812500003 0.3131578953125 0.44007490625 0.31684210468749996 0.44756554375 0.31789473749999997 0.45692883906250004 0.31421052656250004 0.459737828125 0.31 0.459737828125 0.2857894734375 0.45692883906250004 0.27999999999999997 0.44850187343750003 0.2768421046875
0 0.44850187343750003 0.32105263125 0.4466292140625 0.32105263125 0.44007490625 0.3221052625 0.43445692812500003 0.32684210468749997 0.4353932578125 0.3563157890625 0.44007490625 0.36157894687500003 0.4447565546875 0.3631578953125 0.4550561796875 0.36210526249999997 0.46161048750000006 0.3563157890625 0.4606741578125 0.3273684203125 0.455992509375 0.3231578953125 0.44850187343750003 0.32105263125
0 0.4494382015625 0.3663157890625 0.44756554375 0.3663157890625 0.438202246875 0.369473684375 0.4353932578125 0.3736842109375 0.4353932578125 0.3942105265625 0.43913857656250005 0.4052631578125 0.45037453125000004 0.4073684203125 0.4606741578125 0.4057894734375 0.4625468171875 0.40368421093749995 0.4634831453125 0.3763157890625 0.4606741578125 0.37 0.4494382015625 0.3663157890625
0 0.455992509375 0.41105263125 0.44756554375 0.41105263125 0.4372659171875 0.41578947343749995 0.4372659171875 0.43684210468750007 0.4447565546875 0.4442105265625 0.4513108609375 0.4473684203125 0.46441947499999997 0.4473684203125 0.4719101125 0.44315789531250005 0.47284644218749994 0.43894736874999996 0.466292134375 0.43210526250000003 0.4634831453125 0.4147368421875 0.455992509375 0.41105263125
0 0.6226591765625 0.43157894687500004 0.6198501875 0.43157894687500004 0.6095505625000001 0.43210526250000003 0.600187265625 0.43578947343749996 0.5992509359375 0.44105263125 0.6067415734375 0.4468421046875 0.6591760296875 0.4468421046875 0.6713483140625 0.4436842109375 0.6722846437500001 0.438421053125 0.6685393265624999 0.4331578953125 0.66198501875 0.43157894687500004 0.6226591765625 0.43157894687500004
0 0.8492509359374999 0.430526315625 0.811797753125 0.43 0.8108614234375 0.43 0.8005617984375 0.4347368421875 0.8014981265625 0.44105263125 0.8052434453125 0.4442105265625 0.8267790265625001 0.4473684203125 0.8455056187500001 0.4526315796875 0.853932584375 0.45105263124999995 0.8586142328124999 0.440526315625 0.8586142328124999 0.4352631578125 0.8548689140624999 0.43210526250000003 0.8492509359374999 0.430526315625
0 0.9719101125 0.43157894687500004 0.9625468171874999 0.430526315625 0.9616104875 0.430526315625 0.95411985 0.43210526250000003 0.9494382015625 0.4352631578125 0.9409260296875 0.450673684375 0.9503745312499999 0.45789473750000004 0.95411985 0.45736842031249997 0.9569288390624999 0.45894736875 0.973782771875 0.45842105312500003 0.9794007484374999 0.450526315625 0.977528090625 0.43578947343749996 0.9719101125 0.43157894687500004