1 0.43518518593750005 0.4427083328125 0.4376518515625 0.4362958328125 0.428959259375 0.43587031249999997 0.42064444375 0.4356578125 0.4147528078125 0.43808379999999997 0.403703703125 0.44166666718750003 0.403703703125 0.4484375 0.40648148125 0.45208333281249996 0.415740740625 0.45520833281249995 0.42314814843750004 0.45520833281249995 0.44444444375 0.44947916718750003 0.502777778125 0.4484375 0.509259259375 0.446875 0.5101851859375001 0.44322916718750005 0.50555555625 0.4359375 0.5018518515625 0.4348958328125 0.49652777812500004 0.4348958328125 0.475 0.43541666718750005 0.4703703703125 0.43958333281249995 0.45648148125 0.44166666718750003 0.440740740625 0.440625 0.43518518593750005 0.4427083328125
1 0.34351851875 0.45416666718750004 0.352777778125 0.46510416718750003 0.384259259375 0.465625 0.3925925921875 0.4640625 0.4 0.45885416718750005 0.40092592656250003 0.4505208328125 0.397222221875 0.4421875 0.3925925921875 0.4375 0.3851851859375 0.43645833281249996 0.38009259218749997 0.43645833281249996 0.353703703125 0.4369791671875 0.3453703703125 0.440625 0.3425925921875 0.4453125 0.34351851875 0.45416666718750004
1 0.3138888890625 0.46510416718750003 0.321296296875 0.46666666718750005 0.33703703749999997 0.465625 0.3416666671875 0.4625 0.3398148140625 0.4505208328125 0.33055555625 0.44427083281249996 0.32592592656249997 0.44427083281249996 0.315740740625 0.4479166671875 0.3111111109375 0.4546875 0.3120370375 0.46302083281249995 0.3138888890625 0.46510416718750003
1 0.25555555625 0.4609375 0.2611111109375 0.465625 0.2833333328125 0.4671875 0.29814814843750004 0.4661458328125 0.303703703125 0.4635416671875 0.3111111109375 0.4505208328125 0.3111111109375 0.4447916671875 0.3009259265625 0.4375 0.295678703125 0.4375 0.2629629625 0.4380208328125 0.25648148125 0.44166666718750003 0.253703703125 0.4546875 0.25555555625 0.4609375
1 0.1981481484375 0.4635416671875 0.20370370312500002 0.4671875 0.2379629625 0.4671875 0.24722222187499998 0.4635416671875 0.25 0.459375 0.24907407343750002 0.4447916671875 0.246296296875 0.44114583281249997 0.2370370375 0.4380208328125 0.23225277812499998 0.4380208328125 0.20833333281250002 0.4380208328125 0.1981481484375 0.4421875 0.19444444375 0.4557291671875 0.1981481484375 0.4635416671875
1 0.1361111109375 0.45989583281249996 0.1379629625 0.46458333281249997 0.14444444375 0.46770833281249996 0.177777778125 0.4682291671875 0.1888888890625 0.4640625 0.1916666671875 0.4557291671875 0.1898148140625 0.44375 0.177777778125 0.43854166718750004 0.1724074078125 0.43854166718750004 0.15092592656249998 0.43854166718750004 0.140740740625 0.44166666718750003 0.1361111109375 0.45 0.1361111109375 0.45989583281249996
1 0.08333333281250001 0.4682291671875 0.0898148140625 0.4692708328125 0.12592592656249998 0.46770833281249996 0.13148148125 0.4625 0.13333333281249998 0.45104166718750005 0.127777778125 0.44166666718750003 0.11574074062499999 0.4390625 0.1 0.4390625 0.0981481484375 0.4390625 0.08518518593749999 0.440625 0.077777778125 0.44635416718750004 0.077777778125 0.4640625 0.08333333281250001 0.4682291671875
1 0.021296296875000002 0.46770833281249996 0.028703703125 0.4703125 0.0666666671875 0.4682291671875 0.0731481484375 0.4604166671875 0.0740740734375 0.45104166718750005 0.071296296875 0.4447916671875 0.061111110937500004 0.440625 0.037037037499999995 0.4401041671875 0.0361111109375 0.4401041671875 0.0259259265625 0.44166666718750003 0.018518518749999997 0.44635416718750004 0.0175925921875 0.4583333328125 0.021296296875000002 0.46770833281249996
1 0 0.4692708328125 0.002777778125 0.4692708328125 0.0101851859375 0.46666666718750005 0.0129629625 0.46302083281249995 0.013888889062500001 0.4505208328125 0.0101851859375 0.4447916671875 0.0018518515625 0.44166666718750003 0 0.44166666718750003 0 0.4692708328125
1 0.6101851859375 0.44739583281249995 0.69351851875 0.4458333328125 0.7046296296875 0.4427083328125 0.70555555625 0.4380208328125 0.6990740734374999 0.43333333281249997 0.646296296875 0.43177083281249995 0.6453703703125 0.43177083281249995 0.6083333328125 0.43333333281249997 0.602777778125 0.4369791671875 0.602777778125 0.4427083328125 0.6101851859375 0.44739583281249995
1 0.8462962968750001 0.4546875 0.8574074078124999 0.45625 0.8703703703125001 0.4536458328125 0.8768518515625001 0.4505208328125 0.88148148125 0.4453125 0.8824074078124999 0.44166666718750003 0.878703703125 0.43645833281249996 0.8648148140625 0.43177083281249995 0.8111111109375001 0.43125 0.809259259375 0.43125 0.8018518515625 0.4369791671875 0.8055555562500001 0.44427083281249996 0.8324074078124999 0.44947916718750003 0.8462962968750001 0.4546875
1 0.9416666671874999 0.4557291671875 0.946296296875 0.45885416718750005 0.9833333328125 0.45885416718750005 0.99444444375 0.45625 0.9990740734375001 0.45 0.9990740734375001 0.43854166718750004 0.9916666671875 0.4328125 0.9824074078124999 0.4302083328125 0.9775925921875 0.4302083328125 0.9583333328125001 0.4302083328125 0.9518518515625001 0.43333333281249997 0.9416666671874999 0.45104166718750005 0.9416666671874999 0.4557291671875
0 0.43055555625 0.16458333281249998 0.459259259375 0.1640625 0.46481481406249997 0.1614583328125 0.4675925921875 0.15625 0.46666666718750005 0.146875 0.459259259375 0.1432291671875 0.4481481484375 0.1421875 0.44444444375 0.1421875 0.4268518515625 0.1442708328125 0.42222222187499997 0.146875 0.42129629687500003 0.1572916671875 0.43055555625 0.16458333281249998
0 0.43518518593750005 0.19479166718750002 0.4583333328125 0.19375 0.46481481406249997 0.1885416671875 0.46666666718750005 0.1770833328125 0.46388888906250003 0.1708333328125 0.459259259375 0.1682291671875 0.44351851875000003 0.1666666671875 0.44166666718750003 0.1666666671875 0.4296296296875 0.16875 0.42222222187499997 0.1760416671875 0.425 0.1890625 0.43518518593750005 0.19479166718750002
0 0.42870370312499995 0.22135416718749998 0.43518518593750005 0.2260416671875 0.44259259218749997 0.22760416718749998 0.4583333328125 0.22552083281250002 0.46296296249999996 0.2203125 0.46388888906250003 0.20208333281250002 0.459259259375 0.1984375 0.45185185156249996 0.196875 0.4453703703125 0.196875 0.4388888890625 0.196875 0.43148148124999997 0.1994791671875 0.427777778125 0.2046875 0.42870370312499995 0.22135416718749998
0 0.4370370375 0.26510416718749996 0.44444444375 0.2682291671875 0.4509259265625 0.2682291671875 0.45648148125 0.26614583281250004 0.4611111109375 0.2609375 0.4611111109375 0.2359375 0.4583333328125 0.2328125 0.45185185156249996 0.23125 0.447222221875 0.23125 0.4379629625 0.2322916671875 0.43240740781250003 0.2390625 0.434259259375 0.2604166671875 0.4370370375 0.26510416718749996
0 0.4379629625 0.3072916671875 0.447222221875 0.3109375 0.4583333328125 0.3088541671875 0.4620370375 0.303125 0.4620370375 0.28072916718749996 0.459259259375 0.275 0.45185185156249996 0.271875 0.44629629687500005 0.271875 0.4388888890625 0.2734375 0.4370370375 0.2755208328125 0.43518518593750005 0.3 0.4379629625 0.3072916671875
0 0.44259259218749997 0.3536458328125 0.45 0.3552083328125 0.4583333328125 0.3536458328125 0.46388888906250003 0.3479166671875 0.46388888906250003 0.321875 0.4601851859375 0.3171875 0.45185185156249996 0.3151041671875 0.4509259265625 0.3145833328125 0.440740740625 0.3166666671875 0.4370370375 0.32083333281250004 0.4379629625 0.3494791671875 0.44259259218749997 0.3536458328125
0 0.44166666718750003 0.3963541671875 0.44907407343749994 0.3984375 0.459259259375 0.39791666718749996 0.46388888906250003 0.3953125 0.465740740625 0.39114583281250004 0.46481481406249997 0.3645833328125 0.46296296249999996 0.3614583328125 0.45555555625000005 0.35885416718749996 0.447222221875 0.35885416718749996 0.44166666718750003 0.3609375 0.4379629625 0.365625 0.4379629625 0.384375 0.44166666718750003 0.3963541671875
0 0.45370370312499997 0.4390625 0.46481481406249997 0.4380208328125 0.46851851875 0.43541666718750005 0.46666666718750005 0.40989583281249997 0.46388888906250003 0.40520833281249996 0.4583333328125 0.40260416718750003 0.45185185156249996 0.40260416718750003 0.4453703703125 0.4036458328125 0.43981481406249995 0.4078125 0.4388888890625 0.43541666718750005 0.45370370312499997 0.4390625
0 0.5305555562500001 0.44739583281249995 0.5879629625 0.4479166671875 0.5962962968750001 0.4447916671875 0.597222221875 0.4380208328125 0.590740740625 0.43385416718750003 0.5527777781250001 0.43333333281249997 0.5518518515624999 0.43333333281249997 0.5324074078125001 0.434375 0.527777778125 0.43645833281249996 0.5268518515625 0.44427083281249996 0.5305555562500001 0.44739583281249995
0 0.7268518515625 0.44322916718750005 0.7416666671875001 0.4458333328125 0.7824074078125001 0.4458333328125 0.79444444375 0.44375 0.796296296875 0.43541666718750005 0.79351851875 0.4328125 0.7805555562500001 0.43072916718750004 0.75648148125 0.43125 0.75555555625 0.43072916718750004 0.7379629624999999 0.43125 0.727777778125 0.43385416718750003 0.725 0.4380208328125 0.7268518515625 0.44322916718750005
0 0.896296296875 0.44635416718750004 0.9064814812499999 0.44947916718750003 0.91944444375 0.45 0.9240740734375 0.45208333281249996 0.9351851859375 0.4505208328125 0.9398148140625 0.4453125 0.9425925921875 0.43541666718750005 0.9361111109375001 0.43072916718750004 0.9296296296875 0.4302083328125 0.9246916671875001 0.4302083328125 0.9 0.4302083328125 0.89444444375 0.4322916671875 0.890740740625 0.43958333281249995 0.896296296875 0.44635416718750004