0 0.3817097421875 0.11731843593749999 0.378727634375 0.12011173125 0.3827037765625 0.131284915625 0.41650099375 0.131843575 0.429423459375 0.1279329609375 0.4304174953125 0.119553071875 0.4244532796875 0.1156424578125 0.3936381703125 0.1156424578125 0.3916501 0.1156424578125 0.3817097421875 0.11731843593749999
0 0.4214711734375 0.13519553125 0.4105367796875 0.13407821250000002 0.40457256406250003 0.13407821250000002 0.3926441359375 0.134636871875 0.38071570625 0.1402234640625 0.3817097421875 0.153631284375 0.389662028125 0.1614525140625 0.41650099375 0.1614525140625 0.422465209375 0.1608938546875 0.42644135156249996 0.158100559375 0.4304174953125 0.1502793296875 0.4304174953125 0.1396648046875 0.4214711734375 0.13519553125
0 0.40656063593749997 0.1631284921875 0.40258449374999994 0.1631284921875 0.3906560640625 0.16480446875000002 0.385685884375 0.167597765625 0.3827037765625 0.1731843578125 0.3866799203125 0.1871508375 0.3956262421875 0.1944134078125 0.4214711734375 0.1932960890625 0.4274353875 0.1854748609375 0.42644135156249996 0.16703910625 0.4204771375 0.164245809375 0.40656063593749997 0.1631284921875
0 0.41848906562500005 0.19720670468749998 0.41252485156249996 0.19720670468749998 0.39463220625 0.1977653625 0.3886679921875 0.20558659218750003 0.3906560640625 0.224022346875 0.3956262421875 0.2301675984375 0.403578528125 0.23296089375 0.41351888593749997 0.232402234375 0.4234592453125 0.2268156421875 0.42644135156249996 0.20558659218750003 0.4234592453125 0.19944134062500002 0.41848906562500005 0.19720670468749998
0 0.41351888593749997 0.23575419062499997 0.40805169062499996 0.23575419062499997 0.3996023859375 0.23687150781250002 0.3936381703125 0.24357541875000002 0.39463220625 0.26759776562500004 0.39860835 0.27430167656250004 0.403578528125 0.277094971875 0.4204771375 0.27541899375 0.4234592453125 0.268715084375 0.4234592453125 0.24357541875000002 0.4204771375 0.2385474859375 0.41351888593749997 0.23575419062499997
0 0.41848906562500005 0.2826815640625 0.41252485156249996 0.2815642453125 0.41153081562500005 0.2815642453125 0.40457256406250003 0.2821229046875 0.39860835 0.2849162015625 0.396620278125 0.29162011250000003 0.39761431406250003 0.3167597765625 0.4015904578125 0.321787709375 0.4085487078125 0.324022346875 0.41848906562500005 0.3234636875 0.42544731562500004 0.3162011171875 0.4234592453125 0.286592178125 0.41848906562500005 0.2826815640625
0 0.41650099375 0.3279329609375 0.41252485156249996 0.3279329609375 0.403578528125 0.3296089390625 0.39761431406250003 0.3363128484375 0.39860835 0.3631284921875 0.40258449374999994 0.368715084375 0.4085487078125 0.3715083796875 0.4204771375 0.37039106093749996 0.42544731562500004 0.36703910624999997 0.4274353875 0.3608938546875 0.42644135156249996 0.334636871875 0.41650099375 0.3279329609375
0 0.42644135156249996 0.37877095 0.41948310156249996 0.375977653125 0.41401590468749994 0.375977653125 0.403578528125 0.37765363125 0.3996023859375 0.3826815640625 0.400596421875 0.41229050312500004 0.40258449374999994 0.41508379843750004 0.41153081562500005 0.4184357546875 0.4214711734375 0.41787709531250006 0.42644135156249996 0.41508379843750004 0.429423459375 0.408938546875 0.4284294234375 0.38324022343749997 0.42644135156249996 0.37877095
0 0.43836978125000003 0.4413407828125 0.43240556718749995 0.4385474859375 0.4284294234375 0.4256983234375 0.41948310156249996 0.42122905 0.41252485156249996 0.42122905 0.40656063593749997 0.422905028125 0.4015904578125 0.42737430156249995 0.403578528125 0.44357541874999995 0.41252485156249996 0.4519553078125 0.4204771375 0.45530726250000003 0.4463220671875 0.45530726250000003 0.451292246875 0.45027932968749995 0.449304175 0.44357541874999995 0.4463220671875 0.4413407828125 0.43836978125000003 0.4413407828125
0 0.6133200796875 0.43798882656250004 0.6013916499999999 0.4385474859375 0.5914512921874999 0.4413407828125 0.588469184375 0.4474860328125 0.596421471875 0.45418994375 0.6570576546875 0.453631284375 0.6660039765625 0.4497206703125 0.665009940625 0.44189944062500003 0.65606361875 0.4385474859375 0.6143141156249999 0.43798882656250004 0.6133200796875 0.43798882656250004
0 0.8180914515625 0.43687150781249995 0.8091451296875001 0.4402234640625 0.806163021875 0.444134078125 0.8091451296875001 0.45251396718750003 0.8359840953125 0.4620111734375 0.8489065609375 0.46424580937500004 0.85884691875 0.4586592171875 0.856858846875 0.44245809999999997 0.8489065609375 0.4374301671875 0.8260437375 0.43687150781249995 0.8180914515625 0.43687150781249995
0 0.98210735625 0.43798882656250004 0.9741550703125 0.4363128484375 0.969184890625 0.4363128484375 0.956262425 0.43910614531250003 0.949304175 0.446927375 0.9453280312500001 0.4586592171875 0.9483101390625001 0.46480446875 0.9532803187500001 0.46703910625 0.980119284375 0.46703910625 0.9850894625000001 0.46424580937500004 0.9880715703125 0.4592178765625 0.9880715703125 0.446927375 0.98210735625 0.43798882656250004
1 0.06361829062499999 0.4474860328125 0.037773359374999996 0.44581005625000003 0.0337972171875 0.44581005625000003 0.01789264375 0.44860335156250003 0.0119284296875 0.454748603125 0.012922465624999999 0.4715083796875 0.018886679687499998 0.47653631250000006 0.0258449296875 0.478212290625 0.06163021875 0.477094971875 0.06858846874999999 0.4737430171875 0.07057654062499999 0.4703910609375 0.07057654062499999 0.453072625 0.06361829062499999 0.4474860328125
1 0.136182903125 0.454748603125 0.1332007953125 0.4497206703125 0.11928429375 0.44469273749999993 0.11630218750000001 0.44469273749999993 0.09045725624999999 0.445251396875 0.0805168984375 0.44916201093749997 0.0765407546875 0.454748603125 0.07554672031250001 0.467597765625 0.077534790625 0.4726256984375 0.0844930421875 0.47653631250000006 0.12127236562499999 0.477094971875 0.1332007953125 0.4731843578125 0.136182903125 0.468715084375 0.136182903125 0.454748603125
1 0.16302186875 0.44469273749999993 0.15606361875000002 0.44469273749999993 0.1461232609375 0.4480446921875 0.14115308124999998 0.45418994375 0.143141153125 0.4720670390625 0.15606361875000002 0.47653631250000006 0.1888667984375 0.47541899374999996 0.1948310140625 0.4731843578125 0.1988071578125 0.468156425 0.197813121875 0.45027932968749995 0.18588469218749998 0.44469273749999993 0.16302186875 0.44469273749999993
1 0.2614314109375 0.44860335156250003 0.2495029828125 0.44357541874999995 0.2435387671875 0.44357541874999995 0.21570576562500002 0.44469273749999993 0.20675944375 0.4497206703125 0.2037773359375 0.46256983281249997 0.20675944375 0.46927374374999997 0.2147117296875 0.4748603359375 0.2495029828125 0.47541899374999996 0.2614314109375 0.4703910609375 0.26441351874999997 0.466480446875 0.2634194828125 0.45251396718750003 0.2614314109375 0.44860335156250003
1 0.3290258453125 0.466480446875 0.328031809375 0.45418994375 0.3250497015625 0.4474860328125 0.317097415625 0.44357541874999995 0.31212723593749997 0.44357541874999995 0.28230616249999996 0.44357541874999995 0.27137176875 0.4480446921875 0.2683896625 0.46368715156249996 0.2693836984375 0.467597765625 0.277335984375 0.4737430171875 0.29025845 0.47541899374999996 0.30815109375 0.4748603359375 0.3200795234375 0.4737430171875 0.3260437375 0.47094972031250004 0.3290258453125 0.466480446875
1 0.40457256406250003 0.44860335156250003 0.400596421875 0.444134078125 0.39463220625 0.44189944062500003 0.38767395625 0.44189944062500003 0.3469184890625 0.443016759375 0.3379721671875 0.44469273749999993 0.3310139171875 0.45418994375 0.33200795156249996 0.46256983281249997 0.33697813125 0.46983240156250006 0.3449304171875 0.4726256984375 0.3558648109375 0.4720670390625 0.3956262421875 0.4597765359375 0.40457256406250003 0.454748603125 0.40457256406250003 0.44860335156250003
1 0.48807157031250004 0.43966480468749997 0.46222664062499996 0.4413407828125 0.46023856875 0.45027932968749995 0.46520874687499997 0.454748603125 0.5566600390625001 0.45530726250000003 0.566600396875 0.45418994375 0.5725646125 0.4497206703125 0.5725646125 0.44469273749999993 0.563618290625 0.44078212343749995 0.48906560624999995 0.4402234640625 0.48807157031250004 0.43966480468749997
1 0.697813121875 0.43687150781249995 0.6968190859375001 0.43687150781249995 0.6809145125 0.43798882656250004 0.6729622265625 0.4413407828125 0.671968190625 0.44636871562499997 0.67793240625 0.45251396718750003 0.7723658046875 0.453072625 0.7823061625000001 0.45139664843749994 0.7862823062500001 0.4474860328125 0.7833001984375 0.43966480468749997 0.773359840625 0.4374301671875 0.697813121875 0.43687150781249995
1 0.918489065625 0.4603351953125 0.9353876734375 0.4592178765625 0.940357853125 0.454748603125 0.942345925 0.44189944062500003 0.933399603125 0.43687150781249995 0.9085487078125001 0.435754190625 0.9055666 0.435754190625 0.8827037765625001 0.4363128484375 0.8687872765625 0.4385474859375 0.8628230609375 0.445251396875 0.86580516875 0.45642458125 0.8777335984375 0.4597765359375 0.8976143140625 0.4575419 0.9085487078125001 0.45810055937499994 0.9065606359375 0.46256983281249997 0.9135188859375001 0.46368715156249996 0.918489065625 0.4603351953125