1 0.40555555625000006 0.4536458328125 0.415740740625 0.45625 0.44259259218749997 0.44895833281249997 0.48981481406249994 0.44739583281249995 0.49629629687500004 0.4427083328125 0.49629629687500004 0.4390625 0.48981481406249994 0.43645833281249996 0.4861111109375 0.4380208328125 0.47407407343749997 0.43645833281249996 0.44907407343749994 0.4380208328125 0.4388888890625 0.4359375 0.43240740781250003 0.4359375 0.4074074078125 0.43645833281249996 0.40092592656250003 0.4390625 0.3990740734375 0.44739583281249995 0.40555555625000006 0.4536458328125
1 0 0.47083333281249995 0.028703703125 0.46979166718750004 0.037037037499999995 0.4640625 0.037037037499999995 0.446875 0.0324074078125 0.4427083328125 0.022222221875 0.440625 0.0163583328125 0.440625 0 0.44114583281249997 0 0.47083333281249995
1 0.04351851875 0.46510416718750003 0.05 0.46875 0.05648148125 0.46979166718750004 0.0898148140625 0.4682291671875 0.0953703703125 0.4661458328125 0.097222221875 0.4625 0.09629629687499999 0.44635416718750004 0.09074074062500001 0.44166666718750003 0.08333333281250001 0.43958333281249995 0.06851851875000001 0.43958333281249995 0.0675925921875 0.43958333281249995 0.05648148125 0.4401041671875 0.047222221875 0.44322916718750005 0.0416666671875 0.45416666718750004 0.04351851875 0.46510416718750003
1 0.102777778125 0.46302083281249995 0.109259259375 0.4682291671875 0.146296296875 0.4682291671875 0.15555555625 0.46302083281249995 0.1574074078125 0.44947916718750003 0.1546296296875 0.44322916718750005 0.14444444375 0.4390625 0.13148148125 0.4390625 0.13055555624999998 0.43854166718750004 0.1148148140625 0.4390625 0.1046296296875 0.44322916718750005 0.10092592656249999 0.45729166718750003 0.102777778125 0.46302083281249995
1 0.172222221875 0.4682291671875 0.20555555625 0.46770833281249996 0.2175925921875 0.4614583328125 0.21851851875 0.4505208328125 0.2148148140625 0.4427083328125 0.20833333281250002 0.43958333281249995 0.19444444375 0.43854166718750004 0.1916666671875 0.43854166718750004 0.16944444375 0.4401041671875 0.1620370375 0.4458333328125 0.1629629625 0.46302083281249995 0.172222221875 0.4682291671875
1 0.23240740781250002 0.46510416718750003 0.25648148125 0.46510416718750003 0.259259259375 0.46666666718750005 0.2611111109375 0.46458333281249997 0.2675925921875 0.46510416718750003 0.272222221875 0.4625 0.2759259265625 0.45520833281249995 0.2731481484375 0.4427083328125 0.26851851875 0.43958333281249995 0.25648148125 0.4380208328125 0.253703703125 0.4380208328125 0.23148148124999998 0.4390625 0.22407407343750002 0.44427083281249996 0.22407407343750002 0.45989583281249996 0.23240740781250002 0.46510416718750003
1 0.2824074078125 0.45729166718750003 0.290740740625 0.465625 0.3231481484375 0.465625 0.334259259375 0.46197916718750004 0.33703703749999997 0.4578125 0.33703703749999997 0.44635416718750004 0.334259259375 0.44114583281249997 0.328703703125 0.4380208328125 0.31851851875000003 0.4369791671875 0.3166666671875 0.4369791671875 0.29444444375 0.4375 0.2870370375 0.43958333281249995 0.2833333328125 0.44375 0.2824074078125 0.45729166718750003
1 0.3518518515625 0.465625 0.377777778125 0.465625 0.3925925921875 0.4625 0.3981481484375 0.45208333281249996 0.39444444375 0.4427083328125 0.3888888890625 0.4380208328125 0.378703703125 0.43645833281249996 0.3759259265625 0.43645833281249996 0.3518518515625 0.4369791671875 0.34351851875 0.44166666718750003 0.3425925921875 0.45885416718750005 0.3518518515625 0.465625
1 0.5925925921874999 0.44635416718750004 0.678703703125 0.44635416718750004 0.690740740625 0.44427083281249996 0.6944444437499999 0.440625 0.6925925921875 0.43541666718750005 0.6851851859375 0.4328125 0.615740740625 0.4328125 0.6148148140624999 0.4322916671875 0.5953703703125 0.43385416718750003 0.5898148140624999 0.4359375 0.5888888890625 0.44114583281249997 0.5925925921874999 0.44635416718750004
1 0.797222221875 0.4453125 0.8148148140625 0.4458333328125 0.83148148125 0.44895833281249997 0.853703703125 0.45520833281249995 0.8648148140625 0.4536458328125 0.86944444375 0.45104166718750005 0.875 0.4427083328125 0.8731481484374999 0.4375 0.86851851875 0.434375 0.8583333328125 0.43125 0.8259259265625 0.43072916718750004 0.825 0.43072916718750004 0.79444444375 0.43177083281249995 0.7888888890625 0.43541666718750005 0.7898148140625 0.4427083328125 0.797222221875 0.4453125
1 0.934259259375 0.45625 0.9379629625 0.4583333328125 0.98148148125 0.45885416718750005 0.9870370375 0.45625 0.9925925921875001 0.45104166718750005 0.990740740625 0.43645833281249996 0.984259259375 0.43125 0.975 0.4296875 0.9694444437499999 0.4296875 0.95 0.43072916718750004 0.9425925921875 0.43541666718750005 0.934259259375 0.4526041671875 0.934259259375 0.45625
0 0.4240740734375 0.1598958328125 0.4361111109375 0.1619791671875 0.4611111109375 0.1609375 0.46666666718750005 0.15625 0.4675925921875 0.1484375 0.46481481406249997 0.14375 0.4546296296875 0.1395833328125 0.440740740625 0.1395833328125 0.4388888890625 0.1385416671875 0.43148148124999997 0.14010416718750002 0.42129629687500003 0.1458333328125 0.4203703703125 0.1541666671875 0.4240740734375 0.1598958328125
0 0.4296296296875 0.1901041671875 0.43518518593750005 0.1916666671875 0.4583333328125 0.190625 0.46388888906250003 0.18697916718750002 0.46666666718750005 0.1776041671875 0.46481481406249997 0.16875 0.4601851859375 0.165625 0.4481481484375 0.1640625 0.4432101859375 0.1640625 0.427777778125 0.165625 0.42222222187499997 0.17135416718750002 0.42592592656250006 0.1864583328125 0.4296296296875 0.1901041671875
0 0.43055555625 0.21979166718749998 0.43518518593750005 0.2234375 0.44259259218749997 0.22395833281250002 0.4509259265625 0.2234375 0.4611111109375 0.21875 0.46481481406249997 0.2052083328125 0.4620370375 0.1963541671875 0.45555555625000005 0.19375 0.44629629687500005 0.1932291671875 0.44166666718750003 0.1932291671875 0.43055555625 0.1953125 0.4268518515625 0.20052083281250002 0.4268518515625 0.209375 0.43055555625 0.21979166718749998
0 0.4453703703125 0.2640625 0.4546296296875 0.2630208328125 0.4611111109375 0.2557291671875 0.4620370375 0.2348958328125 0.4583333328125 0.22916666718749998 0.45185185156249996 0.2265625 0.446759259375 0.2265625 0.43518518593750005 0.2286458328125 0.43148148124999997 0.2359375 0.43518518593750005 0.2588541671875 0.4453703703125 0.2640625
0 0.4379629625 0.30416666718749996 0.44629629687500005 0.3078125 0.4583333328125 0.30520833281250004 0.4620370375 0.2994791671875 0.4611111109375 0.2744791671875 0.459259259375 0.2713541671875 0.45185185156249996 0.2682291671875 0.44444444375 0.2682291671875 0.4379629625 0.2703125 0.43518518593750005 0.28177083281250004 0.4361111109375 0.3010416671875 0.4379629625 0.30416666718749996
0 0.447222221875 0.3515625 0.4583333328125 0.35 0.46388888906250003 0.34322916718749996 0.46296296249999996 0.3177083328125 0.45555555625000005 0.31197916718749996 0.45046296249999995 0.31197916718749996 0.440740740625 0.31302083281250004 0.4370370375 0.3171875 0.4379629625 0.346875 0.447222221875 0.3515625
0 0.44259259218749997 0.3932291671875 0.45 0.3953125 0.4620370375 0.3932291671875 0.465740740625 0.3885416671875 0.46481481406249997 0.3614583328125 0.4620370375 0.3583333328125 0.45277777812500003 0.3557291671875 0.447222221875 0.3557291671875 0.44351851875000003 0.35625 0.4379629625 0.3609375 0.4379629625 0.3848958328125 0.44259259218749997 0.3932291671875
0 0.44629629687500005 0.43541666718750005 0.459259259375 0.4359375 0.4675925921875 0.4328125 0.4675925921875 0.41302083281249996 0.46481481406249997 0.40260416718750003 0.45648148125 0.39895833281250004 0.4481481484375 0.39895833281250004 0.44166666718750003 0.4015625 0.4388888890625 0.40625 0.4388888890625 0.43177083281249995 0.44629629687500005 0.43541666718750005
0 0.5148148140625 0.446875 0.5203703703125 0.4484375 0.5768518515625 0.44739583281249995 0.5833333328125 0.4421875 0.5833333328125 0.4375 0.5759259265625001 0.434375 0.5305555562500001 0.43333333281249997 0.5259259265625 0.43333333281249997 0.5138888890625 0.4348958328125 0.5111111109375 0.4380208328125 0.5111111109375 0.44322916718750005 0.5148148140625 0.446875
0 0.7120370375 0.4427083328125 0.715740740625 0.4447916671875 0.727777778125 0.4458333328125 0.7398148140624999 0.44427083281249996 0.7490740734375 0.4458333328125 0.7787037031249999 0.4447916671875 0.7824074078125001 0.440625 0.7796296296875 0.4328125 0.7648148140625 0.43072916718750004 0.759259259375 0.43072916718750004 0.7240740734375 0.43125 0.7166666671875 0.4328125 0.7111111109375 0.4369791671875 0.7120370375 0.4427083328125
0 0.8888888890625 0.4484375 0.9231481484374999 0.45104166718750005 0.9268518515625 0.45 0.9351851859375 0.44375 0.9361111109375001 0.4348958328125 0.9324074078125 0.43177083281249995 0.921296296875 0.4302083328125 0.9163583328125 0.4302083328125 0.8916666671875 0.4302083328125 0.8833333328125 0.43385416718750003 0.88055555625 0.440625 0.8888888890625 0.4484375