0 0.5560836499999999 0.4320855609375 0.5171102656250001 0.4320855609375 0.5142585546875 0.4320855609375 0.4990494296875 0.4331550796875 0.494296578125 0.4352941171875 0.4933460078125 0.4422459890625 0.5 0.44759358281250006 0.55228136875 0.44759358281250006 0.5636882125 0.4465240640625 0.5684410640625 0.4433155078125 0.5684410640625 0.4374331546875 0.5636882125 0.43368983906249997 0.5560836499999999 0.4320855609375
0 0.4657794671875 0.39465240625 0.459125475 0.39465240625 0.45057034218750003 0.397326203125 0.44771863125 0.402673796875 0.44866920156249995 0.4267379671875 0.45152091250000004 0.4304812828125 0.45722433437500004 0.4326203203125 0.4733840296875 0.4331550796875 0.47718631250000004 0.43101604218749995 0.47623574218750003 0.40160427812500005 0.4733840296875 0.39679144375000003 0.4657794671875 0.39465240625
0 0.748098859375 0.42941176406250003 0.7043726234375 0.43101604218749995 0.69771863125 0.4347593578125 0.6986692015625 0.4417112296875 0.7081749046875 0.4454545453125 0.7652091249999999 0.44491978593750003 0.7718631171875 0.43957219218750004 0.7699619765625 0.4331550796875 0.7642585546875 0.4299465234375 0.7490494296875 0.42941176406250003 0.748098859375 0.42941176406250003
0 0.91825095 0.4288770046875 0.9125475281250001 0.4288770046875 0.8944866921875001 0.4299465234375 0.8840304187499999 0.43422459843750005 0.8811787078125001 0.4438502671875 0.8868821296875 0.4508021390625 0.9011406843750001 0.45240641718749997 0.9334600765625 0.4465240640625 0.9391634984375001 0.44117647031249996 0.9391634984375001 0.43422459843750005 0.9315589359375 0.4299465234375 0.91825095 0.4288770046875
0 0.4619771859375 0.1278074859375 0.45722433437500004 0.1278074859375 0.438212928125 0.1304812828125 0.42965779531250003 0.1363636359375 0.42965779531250003 0.1454545453125 0.4372623578125 0.1513368984375 0.4676806078125 0.1513368984375 0.4733840296875 0.1497326203125 0.47718631250000004 0.1417112296875 0.47623574218750003 0.1336898390625 0.4676806078125 0.1283422453125 0.4619771859375 0.1278074859375
0 0.45627376406250003 0.1534759359375 0.45152091250000004 0.1534759359375 0.44011406875 0.1540106953125 0.43060836562500004 0.1609625671875 0.434410646875 0.175935828125 0.4410646390625 0.18181818125 0.44771863125 0.18021390312500002 0.468631178125 0.181283421875 0.4743346 0.1748663109375 0.4743346 0.1582887703125 0.47053231875 0.1556149734375 0.45627376406250003 0.1534759359375
0 0.4676806078125 0.184491978125 0.45437262343749996 0.18342245937499999 0.45057034218750003 0.18342245937499999 0.4410646390625 0.184491978125 0.43631178750000005 0.188770053125 0.4353612171875 0.2021390375 0.44201520937499994 0.212299465625 0.45532319374999997 0.214438503125 0.46958174843749995 0.211229946875 0.4743346 0.20106951875 0.4743346 0.193048128125 0.4733840296875 0.188770053125 0.4676806078125 0.184491978125
0 0.4667300375 0.21818181874999998 0.4600760453125 0.2171123 0.45532319374999997 0.2171123 0.44771863125 0.217647059375 0.44296577968750006 0.22032085625 0.44011406875 0.2283422453125 0.4448669203125 0.2502673796875 0.453422053125 0.2545454546875 0.4600760453125 0.2545454546875 0.4676806078125 0.2513368984375 0.47053231875 0.24385026718749997 0.46958174843749995 0.221390375 0.4667300375 0.21818181874999998
0 0.4619771859375 0.2588235296875 0.453422053125 0.2588235296875 0.4467680609375 0.2609625671875 0.4448669203125 0.26417112343750004 0.4448669203125 0.28823529375 0.44771863125 0.29679144375 0.459125475 0.3 0.468631178125 0.295721925 0.4714828890625 0.290909090625 0.47053231875 0.2652406421875 0.468631178125 0.2614973265625 0.4619771859375 0.2588235296875
0 0.459125475 0.30320855625 0.45152091250000004 0.304278075 0.445817490625 0.309090909375 0.4467680609375 0.33850267343749996 0.45532319374999997 0.34438502656250003 0.4676806078125 0.3427807484375 0.4733840296875 0.3352941171875 0.47243345937500003 0.310160428125 0.468631178125 0.305882353125 0.4600760453125 0.30320855625 0.459125475 0.30320855625
0 0.4657794671875 0.3486631015625 0.46055133125000003 0.3486631015625 0.4524714828125 0.3491978609375 0.4467680609375 0.3550802140625 0.44771863125 0.383422459375 0.45057034218750003 0.38823529375 0.459125475 0.39037433125 0.47243345937500003 0.38823529375 0.47528517187499997 0.383422459375 0.4743346 0.3561497328125 0.47243345937500003 0.35187165781249996 0.4657794671875 0.3486631015625
1 0 0.46951871718750005 0.0028517109375 0.4705882359375 0.017110265625000003 0.4700534765625 0.024714828124999998 0.46631016093750005 0.0228136875 0.45294117656250005 0.019011406249999998 0.44919786093749997 0.01140684375 0.44759358281250006 0.0104562734375 0.4470588234375 0.0028517109375 0.44812834218750003 0 0.450534759375 0 0.46951871718750005
1 0.083650190625 0.44759358281250006 0.079847909375 0.4422459890625 0.06749049375 0.4385026734375 0.06463878281249999 0.4385026734375 0.0399239546875 0.43903743281249996 0.0304182515625 0.4422459890625 0.027566540625000004 0.4459893046875 0.027566540625000004 0.45614973281250004 0.034220532812499996 0.46791443906249996 0.051330798437500005 0.4700534765625 0.071292775 0.4689839578125 0.08079847968750001 0.46631016093750005 0.08460076093749999 0.45828877031250004 0.083650190625 0.44759358281250006
1 0.11596958125000001 0.4379679140625 0.1150190109375 0.4374331546875 0.0979087453125 0.43903743281249996 0.0893536125 0.4454545453125 0.0893536125 0.4641711234375 0.0979087453125 0.4684491984375 0.132129278125 0.4684491984375 0.14163498125 0.4647058828125 0.14448669218750002 0.4486631015625 0.1406844109375 0.4422459890625 0.1302281375 0.4379679140625 0.11596958125000001 0.4379679140625
1 0.1929657796875 0.4374331546875 0.1815589359375 0.4368983953125 0.1758555140625 0.4368983953125 0.1558935359375 0.43903743281249996 0.1482889734375 0.4459893046875 0.147338403125 0.45828877031250004 0.1520912546875 0.4652406421875 0.15779467656249999 0.46791443906249996 0.192015209375 0.46791443906249996 0.1986692015625 0.46631016093750005 0.203422053125 0.4625668453125 0.203422053125 0.44278074843750004 0.1929657796875 0.4374331546875
1 0.2642585546875 0.44117647031249996 0.255703421875 0.4368983953125 0.249683459375 0.4368983953125 0.2195817484375 0.4374331546875 0.21102661562499997 0.4417112296875 0.20817490468750002 0.4556149734375 0.21102661562499997 0.4620320859375 0.2167300375 0.46631016093750005 0.255703421875 0.4668449203125 0.263307984375 0.46363636406250003 0.267110265625 0.4566844921875 0.267110265625 0.4470588234375 0.2642585546875 0.44117647031249996
1 0.307984790625 0.43582887656249997 0.3070342203125 0.43582887656249997 0.2832699625 0.43636363593749994 0.2728136875 0.4417112296875 0.270912546875 0.4572192515625 0.2756654 0.46363636406250003 0.2823193921875 0.46631016093750005 0.3203422046875 0.4652406421875 0.32794676875 0.4604278078125 0.32794676875 0.4417112296875 0.319391634375 0.43636363593749994 0.307984790625 0.43582887656249997
1 0.38783270000000003 0.4406417109375 0.38212927812499997 0.43636363593749994 0.37357414375000003 0.4352941171875 0.36787072187500003 0.4352941171875 0.345057034375 0.43582887656249997 0.33555133125 0.4406417109375 0.3326996203125 0.44759358281250006 0.333650190625 0.4566844921875 0.3384030421875 0.46310160468749995 0.34315589375 0.4652406421875 0.37737642656250003 0.4652406421875 0.38783270000000003 0.4625668453125 0.39163498125 0.45828877031250004 0.38783270000000003 0.4406417109375
1 0.4800380234375 0.4417112296875 0.47623574218750003 0.4374331546875 0.445817490625 0.43422459843750005 0.44011406875 0.43422459843750005 0.40779467656249996 0.4347593578125 0.3963878328125 0.4374331546875 0.39258555156249997 0.44491978593750003 0.393536121875 0.4508021390625 0.40399239531250003 0.4598930484375 0.41349809843749996 0.4604278078125 0.45057034218750003 0.4486631015625 0.468631178125 0.44812834218750003 0.47718631250000004 0.4459893046875 0.4800380234375 0.4417112296875
1 0.6758555140625 0.4320855609375 0.6302281375 0.43101604218749995 0.625 0.43101604218749995 0.5807984796875 0.4326203203125 0.5741444859375 0.43636363593749994 0.5750950578125 0.4433155078125 0.579847909375 0.4465240640625 0.5922053234375 0.44759358281250006 0.6634980984375 0.4465240640625 0.6720532312499999 0.4459893046875 0.6815589359375 0.4422459890625 0.68250950625 0.4379679140625 0.6758555140625 0.4320855609375
1 0.7984790875 0.42941176406250003 0.792775665625 0.42941176406250003 0.7842205328125 0.4299465234375 0.777566540625 0.43422459843750005 0.7785171109375 0.4406417109375 0.7842205328125 0.44438502656249995 0.8355513312499999 0.44491978593750003 0.8650190109375 0.4502673796875 0.8754752859374999 0.44278074843750004 0.8726235734375001 0.4331550796875 0.8612167296875001 0.4299465234375 0.7984790875 0.42941176406250003
1 1 0.43378706874999995 0.9904942968749999 0.42941176406250003 0.9847908750000001 0.4288770046875 0.9797214828125 0.4288770046875 0.9543726234375001 0.4288770046875 0.9467680609375 0.43368983906249997 0.9458174906249999 0.44812834218750003 0.9524714828124999 0.4556149734375 0.9600760453125 0.45828877031250004 0.9895437265625 0.45828877031250004 1 0.45240641718749997 1 0.43378706874999995