0 0.8597678921874999 0.4326086953125 0.8636363640625 0.42065217343750005 0.8588007734374999 0.4157608703125 0.84042553125 0.41467391249999996 0.8191489359374999 0.41684782656249997 0.8123791109375 0.41467391249999996 0.7998065765625 0.41413043437499997 0.7959381046875 0.41413043437499997 0.757253384375 0.41467391249999996 0.749516440625 0.41630434843749997 0.7446808515625001 0.42173912968750005 0.7475822046875 0.4293478265625 0.7514506765625 0.4315217390625 0.7669245640625 0.4326086953125 0.8133462281250001 0.4320652171875 0.8317214703125 0.4298913046875 0.8433268859374999 0.4331521734375 0.8597678921874999 0.4326086953125
1 0.9255319156249999 0.44456521718750003 0.9332688593749999 0.4407608703125 0.9419729203125 0.44456521718750003 0.9497098640624999 0.4429347828125 0.9535783359375 0.438043478125 0.9700193421875 0.43858695625 0.9777562859375 0.425543478125 0.97582205 0.41793478281249996 0.9700193421875 0.41467391249999996 0.964216634375 0.41413043437499997 0.9468085109375 0.4157608703125 0.9429400390625 0.41847826093749996 0.9419729203125 0.425543478125 0.940038684375 0.41847826093749996 0.9294003875 0.41413043437499997 0.9235976796875001 0.41413043437499997 0.87330754375 0.4157608703125 0.8675048359374999 0.42065217343750005 0.86460348125 0.42771739062499997 0.8636363640625 0.4326086953125 0.8675048359374999 0.439130434375 0.884912959375 0.4434782609375 0.91295938125 0.4413043484375 0.9168278531249999 0.44402173906250003 0.9216634421875 0.4423913046875 0.9255319156249999 0.44456521718750003
1 0 0.45652173906250004 0.01644100625 0.45652173906250004 0.0251450671875 0.45489130468749994 0.0299806578125 0.45108695625 0.0328820109375 0.44456521718750003 0.030947775 0.4315217390625 0.02321083125 0.426630434375 0.0087040625 0.425543478125 0.0033849125 0.425543478125 0 0.42574911875000004 0 0.45652173906250004
1 0.074468084375 0.424456521875 0.0657640234375 0.424456521875 0.0483559 0.425543478125 0.0377176015625 0.4315217390625 0.0377176015625 0.45 0.039651837499999995 0.452717390625 0.04738878125 0.45543478281249994 0.08317214687499999 0.45489130468749994 0.09187620937499999 0.450543478125 0.0938104453125 0.4320652171875 0.0880077375 0.426630434375 0.074468084375 0.424456521875
1 0.15087040625 0.426630434375 0.139264990625 0.42391304375 0.1338491296875 0.42391304375 0.1121856859375 0.42391304375 0.10251450625 0.4271739125 0.0967117984375 0.4413043484375 0.098646034375 0.449456521875 0.1054158609375 0.45380434843749995 0.139264990625 0.45489130468749994 0.15087040625 0.452717390625 0.155705996875 0.4456521734375 0.155705996875 0.4326086953125 0.15087040625 0.426630434375
1 0.2117988390625 0.425543478125 0.20406189531250002 0.42391304375 0.20309477812500001 0.423369565625 0.171179884375 0.425 0.16634429374999998 0.4282608703125 0.162475821875 0.4418478265625 0.1653771765625 0.44728260937500003 0.17408123749999999 0.45380434843749995 0.2011605421875 0.45380434843749995 0.21566731093749997 0.45 0.21953578281250002 0.44402173906250003 0.21856866562500002 0.43097826093749997 0.2117988390625 0.425543478125
1 0.2688588 0.4228260875 0.2533849125 0.423369565625 0.2524177953125 0.4228260875 0.23500967187500002 0.42391304375 0.2272727265625 0.43043478281249997 0.2272727265625 0.4451086953125 0.2311412 0.449456521875 0.23887814375 0.452717390625 0.2669245640625 0.452717390625 0.2756286265625 0.450543478125 0.281431334375 0.4467391296875 0.2804642171875 0.4282608703125 0.2688588 0.4228260875
1 0.346228240625 0.4418478265625 0.3433268859375 0.42771739062499997 0.337524178125 0.423369565625 0.3268858796875 0.422282609375 0.3259187625 0.42173912968750005 0.2998065765625 0.4228260875 0.29303675 0.424456521875 0.290135396875 0.4271739125 0.28820116093750003 0.4434782609375 0.2920696328125 0.44891304375 0.296905221875 0.45108695625 0.3268858796875 0.4521739125 0.337524178125 0.450543478125 0.3433268859375 0.4467391296875 0.346228240625 0.4418478265625
1 0.3994197296875 0.422282609375 0.3878143140625 0.42119565156250005 0.3829787234375 0.42119565156250005 0.360735009375 0.42173912968750005 0.3510638296875 0.4271739125 0.35009671249999996 0.4429347828125 0.3588007734375 0.45108695625 0.3713733078125 0.4521739125 0.3945841390625 0.450543478125 0.40812379062500004 0.44402173906250003 0.4100580265625 0.43641304375 0.4052224375 0.426630434375 0.3994197296875 0.422282609375
1 0.425531915625 0.4407608703125 0.4506769828125 0.434782609375 0.5145067703125 0.4342391296875 0.52417795 0.4320652171875 0.5251450671875 0.42391304375 0.5222437140625 0.42065217343750005 0.5145067703125 0.41847826093749996 0.4980657640625 0.41847826093749996 0.49516440937499995 0.41847826093749996 0.48065764062499994 0.41902173906250006 0.4613152796875 0.424456521875 0.45164410000000005 0.42391304375 0.440038684375 0.41956521718750006 0.4226305609375 0.41956521718750006 0.4139264984375 0.422282609375 0.4100580265625 0.42771739062499997 0.41102514531249995 0.4326086953125 0.4139264984375 0.43641304375 0.425531915625 0.4407608703125
1 0.717601546875 0.41684782656249997 0.662475821875 0.41684782656249997 0.6576402328125 0.41684782656249997 0.6324951640625 0.41739130468749996 0.6247582203125 0.41902173906250006 0.6208897484375 0.4228260875 0.622823984375 0.4293478265625 0.630560928125 0.4326086953125 0.710831721875 0.43097826093749997 0.725338490625 0.4293478265625 0.7311411999999999 0.424456521875 0.7292069624999999 0.42010869531250006 0.717601546875 0.41684782656249997
0 1 0.41467391249999996 0.9980657640624999 0.41467391249999996 0.9903288203124999 0.41521739062499996 0.9816247578124999 0.42065217343750005 0.97582205 0.435869565625 0.9767891687500001 0.4413043484375 0.9816247578124999 0.44456521718750003 1 0.44456521718750003 1 0.41467391249999996
0 0.45164410000000005 0.100543478125 0.42843326875 0.1 0.42456479687500004 0.1038043484375 0.425531915625 0.10978260937499999 0.44197292031249996 0.11086956562500001 0.4671179890625 0.10815217343750001 0.47098646093749996 0.1043478265625 0.4700193421875 0.09945652187500001 0.46808510625000005 0.098369565625 0.45164410000000005 0.100543478125
0 0.472920696875 0.1179347828125 0.4613152796875 0.113043478125 0.45599613124999994 0.113043478125 0.440038684375 0.11413043437499999 0.42746615156249995 0.1179347828125 0.42456479687500004 0.12282608749999999 0.425531915625 0.1288043484375 0.43133462343750006 0.1353260875 0.45938104375 0.13586956562500002 0.4700193421875 0.13369565156250002 0.4738878140625 0.1282608703125 0.4738878140625 0.12010869531249999 0.472920696875 0.1179347828125
0 0.45454545468749996 0.138043478125 0.4493878140625 0.138043478125 0.43326885937500004 0.1396739125 0.4264990328125 0.1467391296875 0.4294003875 0.16086956562500002 0.440038684375 0.1668478265625 0.46228239843749996 0.1657608703125 0.4700193421875 0.161956521875 0.472920696875 0.15163043437499998 0.47098646093749996 0.1429347828125 0.4661508703125 0.1396739125 0.45454545468749996 0.138043478125
0 0.43810444843749996 0.1706521734375 0.432301740625 0.1771739125 0.4342359765625 0.1945652171875 0.44100580312500004 0.2 0.4574468078125 0.2 0.46808510625000005 0.1945652171875 0.4700193421875 0.175 0.4613152796875 0.1695652171875 0.455190521875 0.1695652171875 0.43810444843749996 0.1706521734375
0 0.45551257187500005 0.2032608703125 0.4535783359375 0.2032608703125 0.444874275 0.2043478265625 0.43713733125000004 0.211956521875 0.44100580312500004 0.236956521875 0.45164410000000005 0.2413043484375 0.45841392656249996 0.2407608703125 0.46421663437499994 0.23804347812499999 0.46808510625000005 0.22608695625 0.46808510625000005 0.21141304375 0.465183753125 0.20706521718749998 0.45551257187500005 0.2032608703125
0 0.4497098640625 0.24565217343749998 0.4429400390625 0.248369565625 0.44100580312500004 0.2521739125 0.44100580312500004 0.2809782609375 0.4506769828125 0.2875 0.46228239843749996 0.28641304375 0.46808510625000005 0.2793478265625 0.46808510625000005 0.2554347828125 0.465183753125 0.248369565625 0.45841392656249996 0.24565217343749998 0.4497098640625 0.24565217343749998
0 0.4603481625 0.2923913046875 0.45261121875 0.2923913046875 0.44777562812499994 0.2934782609375 0.44197292031249996 0.299456521875 0.44197292031249996 0.326630434375 0.4468085109375 0.3326086953125 0.45454545468749996 0.33478260937500004 0.46421663437499994 0.3331521734375 0.4700193421875 0.327717390625 0.4700193421875 0.30108695625 0.4661508703125 0.2951086953125 0.4603481625 0.2923913046875
0 0.469052225 0.3418478265625 0.4574468078125 0.33858695625 0.45454545468749996 0.33858695625 0.4468085109375 0.3407608703125 0.4429400390625 0.3461956515625 0.44390715625 0.3711956515625 0.4468085109375 0.377717390625 0.45454545468749996 0.3804347828125 0.4603481625 0.3804347828125 0.46808510625000005 0.3788043484375 0.47098646093749996 0.375543478125 0.47195357812500005 0.349456521875 0.469052225 0.3418478265625
0 0.4574468078125 0.38423912968749996 0.456479690625 0.38423912968749996 0.4497098640625 0.385869565625 0.444874275 0.390217390625 0.44390715625 0.41684782656249997 0.448742746875 0.42065217343750005 0.4661508703125 0.42173912968750005 0.47195357812500005 0.42065217343750005 0.47485493281249996 0.41684782656249997 0.472920696875 0.3918478265625 0.46808510625000005 0.385869565625 0.4574468078125 0.38423912968749996
0 0.568020309375 0.41793478281249996 0.5454545453125 0.41902173906250006 0.5396518375 0.42173912968750005 0.5396518375 0.42771739062499997 0.5464216640624999 0.4331521734375 0.6083172140625 0.4326086953125 0.615087040625 0.4282608703125 0.615087040625 0.423369565625 0.61025145 0.41956521718750006 0.5735009671875 0.41793478281249996 0.568020309375 0.41793478281249996