0 0.497899159375 0.4380165296875 0.4915966390625 0.4380165296875 0.48214285781250005 0.4403778046875 0.48004201718750006 0.4445100359375 0.48214285781250005 0.4515938609375 0.4894957984375 0.4557260921875 0.5483193281250001 0.4557260921875 0.557773109375 0.4515938609375 0.5588235296875 0.44510035468750003 0.5514705875 0.43978748593750006 0.5063025203125 0.43978748593750006 0.497899159375 0.4380165296875
0 0.474789915625 0.098583234375 0.455882353125 0.102715465625 0.4453781515625 0.10743801718749998 0.4453781515625 0.11806375468750001 0.455882353125 0.1233766234375 0.48844537812500005 0.1227863046875 0.497899159375 0.11806375468750001 0.49894957968750003 0.10802833593750001 0.49579831875 0.103305784375 0.4758403359375 0.098583234375 0.474789915625 0.098583234375
0 0.47373949531250004 0.1257378984375 0.4537815125 0.1275088546875 0.4474789921875 0.1328217234375 0.446428571875 0.1404958671875 0.45063025156250003 0.14994096875000001 0.461134453125 0.15466351875 0.48844537812500005 0.1540732 0.49474789843750006 0.15112160624999998 0.49579831875 0.1304604484375 0.48109243749999997 0.1257378984375 0.47373949531250004 0.1257378984375
0 0.45798319374999996 0.15879574999999999 0.451680671875 0.16410861875 0.451680671875 0.180047225 0.4621848734375 0.19008264531250002 0.484243696875 0.18949232656249998 0.4936974796875 0.1835891375 0.49474789843750006 0.16410861875 0.4852941171875 0.15820543125 0.4792542015625 0.15820543125 0.45798319374999996 0.15879574999999999
0 0.48214285781250005 0.1942148765625 0.4758403359375 0.1942148765625 0.4621848734375 0.1953955140625 0.455882353125 0.2036599765625 0.460084034375 0.22550177031250002 0.47163865468750005 0.232585596875 0.48004201718750006 0.232585596875 0.48844537812500005 0.229634003125 0.4915966390625 0.22314049531250002 0.49264705937500003 0.20306965781250003 0.4894957984375 0.1971664703125 0.48214285781250005 0.1942148765625
0 0.49054621875000004 0.244391971875 0.48844537812500005 0.24085005937499998 0.48004201718750006 0.23730814687500001 0.47373949531250004 0.23730814687500001 0.46743697500000003 0.238488784375 0.46323529375000005 0.24203069687499998 0.461134453125 0.259149940625 0.46428571406249997 0.2762691859375 0.4663865546875 0.2786304609375 0.4758403359375 0.2809917359375 0.484243696875 0.2804014171875 0.48844537812500005 0.2780401421875 0.49264705937500003 0.269775678125 0.49054621875000004 0.244391971875
0 0.48214285781250005 0.28571428593750003 0.4758403359375 0.28571428593750003 0.469537815625 0.2868949234375 0.46428571406249997 0.29102715468749996 0.46428571406249997 0.32231405 0.4663865546875 0.3270366 0.478991596875 0.33175915 0.4894957984375 0.3282172375 0.4936974796875 0.32231405 0.49264705937500003 0.2939787484375 0.49054621875000004 0.2892561984375 0.48214285781250005 0.28571428593750003
0 0.4915966390625 0.338842975 0.484243696875 0.33589138125 0.4758403359375 0.33589138125 0.4684873953125 0.33825265625 0.46533613437500004 0.3423848875 0.46428571406249997 0.3612750890625 0.4663865546875 0.3748524203125 0.4705882359375 0.3795749703125 0.4779411765625 0.3813459265625 0.4894957984375 0.38016528906249997 0.49579831875 0.37131050781249997 0.49474789843750006 0.343565525 0.4915966390625 0.338842975
0 0.4852941171875 0.3860684765625 0.47689075625 0.3860684765625 0.4705882359375 0.3878394328125 0.4663865546875 0.3925619828125 0.4663865546875 0.419716646875 0.4705882359375 0.429161746875 0.478991596875 0.431523021875 0.49264705937500003 0.42975206562499996 0.497899159375 0.423848878125 0.49684873906250004 0.39374262031249996 0.4936974796875 0.38842975156250004 0.4852941171875 0.3860684765625
0 0.7720588234375 0.436835890625 0.7573529406249999 0.43624557187499996 0.752100840625 0.43624557187499996 0.710084034375 0.4380165296875 0.7027310921875001 0.4427390796875 0.7037815125 0.4498229046875 0.710084034375 0.4533648171875 0.7163865546875 0.45395513593750003 0.7720588234375 0.4533648171875 0.7794117640625 0.4515938609375 0.782563025 0.4492325859375 0.7815126046875001 0.4403778046875 0.7720588234375 0.436835890625
0 0.967436975 0.437426209375 0.94957983125 0.43565525312500003 0.9411764703125 0.43565525312500003 0.92542016875 0.4403778046875 0.9201680671875 0.44805194843749996 0.9212184875 0.4574970484375 0.9306722687500001 0.46280991718750003 0.9411764703125 0.4651711921875 0.9663865546875 0.46044864218750003 0.974789915625 0.4563164109375 0.9779411765624999 0.4515938609375 0.974789915625 0.4403778046875 0.967436975 0.437426209375
1 0 0.48108709374999997 0.0010504203125 0.48110980000000003 0.0189075625 0.4769775671875 0.02310924375 0.4681227859375 0.0220588234375 0.45454545468749996 0.014705882812500001 0.44805194843749996 0.0063025203125 0.44628099218750006 0.0052521015625 0.44628099218750006 0 0.44661831718749995 0 0.48108709374999997
1 0.0913865546875 0.4580873671875 0.086134453125 0.4492325859375 0.076680671875 0.4456906734375 0.0472689078125 0.4456906734375 0.0451680671875 0.4456906734375 0.033613445312500004 0.4498229046875 0.027310925000000003 0.4574970484375 0.027310925000000003 0.4710743796875 0.030462184375 0.47579692968750004 0.03676470625 0.47933884375 0.044117646875 0.47992916250000006 0.07457983124999999 0.47933884375 0.0840336140625 0.4775678859375 0.0913865546875 0.46753246718749997 0.0913865546875 0.4580873671875
1 0.157563025 0.4681227859375 0.157563025 0.45395513593750003 0.15126050468750002 0.44746162968750003 0.1355042015625 0.4445100359375 0.12920168125 0.4445100359375 0.10714285781249999 0.4456906734375 0.097689075 0.45041322343749995 0.0934873953125 0.4586776859375 0.094537815625 0.46753246718749997 0.097689075 0.47402597343749997 0.103991596875 0.47815820468750003 0.136554621875 0.47874852343749996 0.14600840312500002 0.47815820468750003 0.1533613453125 0.4752066109375 0.157563025 0.4681227859375
1 0.2216386546875 0.4486422671875 0.21323529375 0.4445100359375 0.1796218484375 0.44391971718749995 0.1775210078125 0.44391971718749995 0.1680672265625 0.44628099218750006 0.16176470625 0.4533648171875 0.16071428593749998 0.4645808734375 0.164915965625 0.47402597343749997 0.17542016875 0.47815820468750003 0.201680671875 0.47815820468750003 0.2142857140625 0.47579692968750004 0.2184873953125 0.4728453359375 0.224789915625 0.45926800468750006 0.2216386546875 0.4486422671875
1 0.2321428578125 0.45395513593750003 0.2258403359375 0.46280991718750003 0.22689075625 0.4728453359375 0.234243696875 0.4769775671875 0.252100840625 0.4769775671875 0.25945378125 0.4728453359375 0.2584033609375 0.45926800468750006 0.247899159375 0.4515938609375 0.242647059375 0.4515938609375 0.2321428578125 0.45395513593750003
1 0.31512605 0.44391971718749995 0.307773109375 0.4433293984375 0.3067226890625 0.4427390796875 0.27310924375 0.44391971718749995 0.2626050421875 0.4498229046875 0.261554621875 0.4598583234375 0.26890756250000003 0.47402597343749997 0.2783613453125 0.47638724843749997 0.307773109375 0.47638724843749997 0.32142857187499996 0.47225501718749996 0.3256302515625 0.4645808734375 0.3235294125 0.4498229046875 0.31512605 0.44391971718749995
1 0.3918067234375 0.4521841796875 0.386554621875 0.44510035468750003 0.37920168125 0.4421487609375 0.375 0.4421487609375 0.3413865546875 0.4433293984375 0.33298319374999996 0.44805194843749996 0.3298319328125 0.46103896093749996 0.3319327734375 0.46753246718749997 0.33928571406249997 0.4746162921875 0.3697478984375 0.47579692968750004 0.3813025203125 0.4752066109375 0.3897058828125 0.47225501718749996 0.3928571421875 0.4687131046875 0.3918067234375 0.4521841796875
1 0.474789915625 0.44510035468750003 0.46743697500000003 0.4409681234375 0.4621848734375 0.4409681234375 0.41176470624999995 0.4421487609375 0.40126050468749996 0.4445100359375 0.3970588234375 0.4492325859375 0.396008403125 0.4586776859375 0.402310925 0.46930342343750003 0.4086134453125 0.47225501718749996 0.4222689078125 0.47225501718749996 0.461134453125 0.46044864218750003 0.4758403359375 0.4515938609375 0.474789915625 0.44510035468750003
1 0.6050420171875001 0.43860684843750003 0.603991596875 0.4380165296875 0.56932773125 0.43978748593750006 0.5640756296875 0.44510035468750003 0.567226890625 0.4533648171875 0.5724789921875 0.4557260921875 0.6659663859375 0.4551357734375 0.6764705875 0.45395513593750003 0.682773109375 0.4486422671875 0.68067226875 0.44155844218749996 0.67542016875 0.4391971671875 0.6050420171875001 0.43860684843750003
1 0.8125 0.43565525312500003 0.7972689078124999 0.43624557187499996 0.789915965625 0.4391971671875 0.788865546875 0.4468713109375 0.794117646875 0.4515938609375 0.8970588234375001 0.45277449843750006 0.9065126046875 0.44746162968750003 0.9065126046875 0.4403778046875 0.8970588234375001 0.43624557187499996 0.8193277312499999 0.43565525312500003 0.8125 0.43565525312500003