0 0.36188436875 0.45306859218750006 0.38222698125 0.451865221875 0.390792290625 0.4476534296875 0.3865096359375 0.4145607703125 0.3715203421875 0.4109506625 0.3629550328125 0.412755715625 0.3576017125 0.41877256249999995 0.3576017125 0.45126353750000003 0.36188436875 0.45306859218750006
0 0.3715203421875 0.40734055312499995 0.3811563171875 0.406137184375 0.3886509640625 0.3977135984375 0.385438971875 0.3652226234375 0.3715203421875 0.3610108296875 0.36188436875 0.362815884375 0.3576017125 0.36702767812500003 0.359743040625 0.4031287609375 0.3715203421875 0.40734055312499995
0 0.346895075 0.13598074531249998 0.380085653125 0.13598074531249998 0.3886509640625 0.13116726875 0.389721628125 0.116726834375 0.3758029984375 0.11070998750000001 0.35653104999999996 0.11070998750000001 0.3372591 0.1179302046875 0.3372591 0.12936221406249998 0.346895075 0.13598074531249998
0 0.339400428125 0.1468110703125 0.3404710921875 0.16185318906249999 0.3479657390625 0.16907340625 0.37259100625 0.169675090625 0.38436830781250003 0.1666666671875 0.3886509640625 0.15764139531250002 0.38436830781250003 0.14199759375 0.370449678125 0.1389891703125 0.3533190578125 0.1389891703125 0.344753746875 0.1413959078125 0.339400428125 0.1468110703125
0 0.3586723765625 0.20758122812500002 0.3790149890625 0.20517448906250002 0.3865096359375 0.1943441640625 0.38436830781250003 0.17689530625 0.37473233437500003 0.1732851984375 0.354389721875 0.1732851984375 0.344753746875 0.17990372968749999 0.3458244109375 0.202166065625 0.3586723765625 0.20758122812500002
0 0.3608137046875 0.25391094999999997 0.3715203421875 0.2545126359375 0.38222698125 0.24729241875 0.38222698125 0.21660649843750002 0.37259100625 0.2111913359375 0.3608137046875 0.2111913359375 0.35224839375 0.215403128125 0.35224839375 0.246690734375 0.3608137046875 0.25391094999999997
0 0.354389721875 0.29723225000000003 0.36188436875 0.3038507828125 0.3758029984375 0.3038507828125 0.38436830781250003 0.2942238265625 0.3832976453125 0.26774969843749996 0.3758029984375 0.2599277984375 0.3576017125 0.26173285156250004 0.354389721875 0.2653429609375 0.354389721875 0.29723225000000003
0 0.35546038593749996 0.3483754515625 0.36188436875 0.3549939828125 0.3715203421875 0.35679903749999997 0.3790149890625 0.3549939828125 0.385438971875 0.3495788203125 0.385438971875 0.31768953125 0.37687366093749997 0.3098676296875 0.3629550328125 0.3098676296875 0.35653104999999996 0.314079421875 0.35546038593749996 0.3483754515625
0 0.3832976453125 0.10469314062499999 0.3886509640625 0.0998796625 0.38436830781250003 0.092659446875 0.339400428125 0.09626955468750001 0.3361884375 0.09867629375 0.33511777343750004 0.10469314062499999 0.346895075 0.1077015640625 0.3832976453125 0.10469314062499999
1 0 0.4871389890625 0.0010706640625 0.48796630625 0.0342612421875 0.489169675 0.051391862499999996 0.48616125156249995 0.05674518125 0.47773766562500003 0.05674518125 0.466907340625 0.0471092078125 0.456077015625 0.0374732328125 0.4536702765625 0.007494646874999999 0.4542719609375 0 0.45733508437500003 0 0.4871389890625
1 0.0620985015625 0.46269554687500003 0.0620985015625 0.48014440468749997 0.07173447499999999 0.48736462031250005 0.10706638125000001 0.48796630625 0.1209850109375 0.4837545125 0.125267665625 0.47773766562500003 0.125267665625 0.46329723281249996 0.12312633906249999 0.4590854390625 0.11349036406249999 0.4542719609375 0.0728051390625 0.4542719609375 0.0620985015625 0.46269554687500003
1 0.13918629531249999 0.48555956718750004 0.1777301921875 0.4867629359375 0.1905781578125 0.48255114375 0.19379015 0.46269554687500003 0.184154175 0.4536702765625 0.14346894999999998 0.4536702765625 0.1316916484375 0.46089049375 0.130620984375 0.47653429531249997 0.13918629531249999 0.48555956718750004
1 0.2109207703125 0.48555956718750004 0.2516059953125 0.48555956718750004 0.2644539609375 0.478941034375 0.2644539609375 0.4620938625 0.25588865156249996 0.4536702765625 0.2098501078125 0.45306859218750006 0.19914346875 0.4620938625 0.2002141328125 0.47833935 0.2109207703125 0.48555956718750004
1 0.26980728125 0.47713598125 0.2815845828125 0.48495788281249996 0.3147751609375 0.4819494578125 0.3361884375 0.4729241875 0.3404710921875 0.466907340625 0.339400428125 0.45788207031250006 0.324411134375 0.45126353750000003 0.28051391875 0.4524669078125 0.26980728125 0.4590854390625 0.26980728125 0.47713598125
1 0.3586723765625 0.46510228593749997 0.47109207656249996 0.46510228593749997 0.4796573875 0.46089049375 0.4796573875 0.4542719609375 0.466809421875 0.45006016875 0.395074946875 0.45006016875 0.354389721875 0.45968712343749996 0.3533190578125 0.4638989171875 0.3586723765625 0.46510228593749997
1 0.5877944328125 0.45126353750000003 0.5877944328125 0.45968712343749996 0.599571734375 0.4638989171875 0.68843683125 0.46269554687500003 0.6980728046875 0.461492178125 0.7055674515625 0.457280384375 0.7044967875 0.450661853125 0.6895074953125 0.44645006093750006 0.6027837265625 0.44645006093750006 0.5931477515625 0.4476534296875 0.5877944328125 0.45126353750000003
1 0.813704496875 0.454873646875 0.813704496875 0.465703971875 0.8244111343749999 0.4705174484375 0.8447537468749999 0.47472924218749996 0.88222698125 0.468110709375 0.8961456109375 0.461492178125 0.8982869375 0.456077015625 0.8940042828125 0.4488567984375 0.877944325 0.445246690625 0.8233404703125 0.445848375 0.813704496875 0.454873646875
1 0.9657387578125001 0.47713598125 0.987152034375 0.47773766562500003 0.9925053531250001 0.4753309265625 0.9946466812500001 0.467509025 0.9860813703125 0.456077015625 0.9764453968750001 0.4542719609375 0.96466809375 0.461492178125 0.961456103125 0.47412755781250004 0.9657387578125001 0.47713598125
0 0.5 0.46089049375 0.5107066375 0.46510228593749997 0.5642398281250001 0.46450060156250006 0.5781584578125 0.4620938625 0.5802997859375 0.45968712343749996 0.579229121875 0.450661853125 0.571734475 0.44825511406249996 0.5331905781249999 0.44705174531249997 0.4989293359375 0.450661853125 0.5 0.46089049375
0 0.7773019265625 0.44464500625000003 0.7366167031249999 0.445848375 0.7280513921875 0.450661853125 0.7301927187499999 0.4590854390625 0.737687365625 0.4620938625 0.8019271953124999 0.4620938625 0.8072805140625 0.45788207031250006 0.8083511781249999 0.450661853125 0.8051391859375 0.44705174531249997 0.778372590625 0.44464500625000003 0.7773019265625 0.44464500625000003
0 0.9496788015625001 0.444043321875 0.9432548187500001 0.444043321875 0.9239828687499999 0.445246690625 0.9175588859375001 0.4488567984375 0.9143468953125 0.4542719609375 0.915417559375 0.46510228593749997 0.93361884375 0.47593261093750006 0.9496788015625001 0.47412755781250004 0.9561027843750001 0.46931407968750005 0.96466809375 0.456077015625 0.9635974296875001 0.4476534296875 0.9496788015625001 0.444043321875
0 1 0.445848375 0.9935760171875 0.449458484375 0.9935760171875 0.457280384375 1 0.467027678125 1 0.445848375