0 0.49083503124999994 0.38615560625 0.4745417515625 0.3867276890625 0.4653767828125 0.3901601828125 0.4643584515625 0.3981693359375 0.4694501015625 0.4021739125 0.5336048875 0.4027459953125 0.5437881875 0.3993135015625 0.5437881875 0.39073226562499996 0.5376782078125 0.38729977187500003 0.49185336093750004 0.38615560625 0.49083503124999994 0.38615560625
0 0.4450101828125 0.34153318125 0.439918534375 0.34153318125 0.4307535640625 0.3438215109375 0.42668024375 0.3489702515625 0.42769857499999997 0.37757437031249996 0.43482688437499994 0.384439359375 0.45010183281250005 0.3855835234375 0.4562118125 0.38329519375 0.458248471875 0.3792906171875 0.4572301421875 0.3552631578125 0.454175153125 0.34496567499999997 0.4450101828125 0.34153318125
0 0.706720978125 0.3838672765625 0.7057026484375 0.3838672765625 0.6975560078124999 0.384439359375 0.6873727093750001 0.38901601874999997 0.6873727093750001 0.39530892500000003 0.6924643578125 0.3993135015625 0.750509165625 0.3998855828125 0.7586558046875 0.39874141875 0.762729125 0.39588100625 0.762729125 0.3884439359375 0.750509165625 0.3838672765625 0.706720978125 0.3838672765625
0 0.93686354375 0.384439359375 0.9215885953124999 0.38329519375 0.9205702640625001 0.38329519375 0.9012219953124999 0.3838672765625 0.8900203671875 0.38729977187500003 0.8839103875 0.39588100625 0.8839103875 0.4027459953125 0.8900203671875 0.40789473750000005 0.9093686359375001 0.40846681875 0.938900203125 0.4010297484375 0.9419551937499999 0.3975972546875 0.9419551937499999 0.387871853125 0.93686354375 0.384439359375
1 1 0.38391128281250003 0.9908350312499999 0.3827231125 0.9855733203125 0.3827231125 0.954175153125 0.3838672765625 0.949083503125 0.3901601828125 0.949083503125 0.3964530890625 0.9531568234375 0.4027459953125 0.968431771875 0.4124713953125 0.98574338125 0.41475972499999997 1 0.4133463453125 1 0.38391128281250003
0 0.439918534375 0.07036613281250001 0.4332993890625 0.07036613281250001 0.4185336046875 0.071510296875 0.40733197499999996 0.07837528593750001 0.40835030625 0.1024027453125 0.4134419546875 0.10869565156250001 0.4205702640625 0.1115560640625 0.4450101828125 0.11098398125 0.4551934828125 0.10640732187499999 0.458248471875 0.07894736875 0.45213849218749996 0.0726544625 0.439918534375 0.07036613281250001
0 0.4450101828125 0.115560640625 0.43584521406250004 0.11498855781249999 0.4338085546875 0.11498855781249999 0.419551934375 0.1161327234375 0.412423625 0.1224256296875 0.412423625 0.1355835234375 0.4164969453125 0.143592678125 0.42158859531250004 0.147025171875 0.4287169046875 0.14816933593749998 0.44704684375000003 0.1464530890625 0.4551934828125 0.13615560625 0.4531568234375 0.1201373 0.4450101828125 0.115560640625
0 0.4307535640625 0.15160183124999999 0.42158859531250004 0.1544622421875 0.41751527499999996 0.1607551484375 0.419551934375 0.18020595 0.42769857499999997 0.18993135 0.439918534375 0.191075515625 0.45010183281250005 0.184782609375 0.45213849218749996 0.160183065625 0.44704684375000003 0.15389016093750002 0.43177189374999997 0.15160183124999999 0.4307535640625 0.15160183124999999
0 0.43482688437499994 0.1950800921875 0.42464358437499994 0.19908466875 0.42158859531250004 0.21109839843749997 0.42464358437499994 0.23398169375000002 0.43584521406250004 0.23970251718750002 0.45010183281250005 0.2351258578125 0.45213849218749996 0.2288329515625 0.4511201625 0.2030892453125 0.44806517343749996 0.1985125859375 0.439918534375 0.1950800921875 0.43482688437499994 0.1950800921875
0 0.44195519375 0.24370709375000002 0.43482688437499994 0.24370709375000002 0.42769857499999997 0.245423340625 0.42464358437499994 0.248283753125 0.42464358437499994 0.2791762015625 0.4287169046875 0.2854691078125 0.43584521406250004 0.2877574375 0.45010183281250005 0.2854691078125 0.454175153125 0.27688787187499997 0.4531568234375 0.2511441640625 0.45010183281250005 0.24656750624999998 0.44195519375 0.24370709375000002
0 0.439918534375 0.292334096875 0.43890020312500005 0.292334096875 0.429735234375 0.294622425 0.42566191406250004 0.29805492031249997 0.42566191406250004 0.3266590390625 0.4287169046875 0.333524028125 0.439918534375 0.3381006859375 0.4531568234375 0.3346681921875 0.4562118125 0.3266590390625 0.454175153125 0.2969107546875 0.44908350312499995 0.2934782609375 0.439918534375 0.292334096875
1 0 0.4263333921875 0.010183300000000001 0.42677345468750005 0.027494907812500004 0.4244851265625 0.0325865578125 0.42219679687499995 0.0356415484375 0.4176201375 0.0356415484375 0.4061784890625 0.029531568749999997 0.3964530890625 0.01934826875 0.393592678125 0.013849287499999998 0.393592678125 0 0.393592678125 0 0.4263333921875
1 0.10081466406249999 0.400457665625 0.09674134375 0.39588100625 0.0865580453125 0.3924485125 0.08126272968750001 0.3924485125 0.060081465625 0.3924485125 0.045824846875000005 0.39588100625 0.0397148671875 0.41075514843749994 0.041751528125 0.41933638437500004 0.0468431765625 0.42391304375 0.05295315625 0.425629290625 0.0885947046875 0.4250572078125 0.0987780046875 0.42162471406249996 0.10183299374999999 0.415903890625 0.10081466406249999 0.400457665625
1 0.1588594703125 0.3930205953125 0.1517311609375 0.3913043484375 0.1466395109375 0.3913043484375 0.12118126250000001 0.3918764296875 0.108961303125 0.397025171875 0.10488798437499999 0.4124713953125 0.10794297343749999 0.41876430156250005 0.11507128281250001 0.42391304375 0.1517311609375 0.4244851265625 0.16496945000000002 0.4199084671875 0.168024440625 0.41475972499999997 0.167006109375 0.3993135015625 0.1588594703125 0.3930205953125
1 0.2291242359375 0.39530892500000003 0.2189409375 0.3913043484375 0.21317006093750002 0.3913043484375 0.182281059375 0.3918764296875 0.17515275 0.39588100625 0.1710794296875 0.4038901609375 0.172097759375 0.41475972499999997 0.1802443984375 0.422768878125 0.20875763749999998 0.42391304375 0.2270875765625 0.42105263125 0.2321792265625 0.4153318078125 0.2321792265625 0.400457665625 0.2291242359375 0.39530892500000003
1 0.289205703125 0.39073226562499996 0.27902240312500004 0.3901601828125 0.2708757640625 0.3901601828125 0.24745417500000003 0.3913043484375 0.2393075359375 0.3964530890625 0.23727087500000002 0.41418764374999995 0.2413441953125 0.41933638437500004 0.24949083437500003 0.422768878125 0.2810590625 0.422768878125 0.2942973515625 0.41876430156250005 0.2993890015625 0.41075514843749994 0.2973523421875 0.397025171875 0.289205703125 0.39073226562499996
1 0.3553971484375 0.3918764296875 0.3482688390625 0.3895881 0.3391038703125 0.3895881 0.312627290625 0.39073226562499996 0.3044806515625 0.3964530890625 0.3044806515625 0.41475972499999997 0.308553971875 0.41933638437500004 0.3146639515625 0.42162471406249996 0.3503054984375 0.42162471406249996 0.3584521390625 0.41933638437500004 0.3625254578125 0.415903890625 0.3604887984375 0.3964530890625 0.3553971484375 0.3918764296875
1 0.4429735234375 0.38901601874999997 0.4327902234375 0.387871853125 0.42701934843749995 0.387871853125 0.371690428125 0.39073226562499996 0.3655804484375 0.39588100625 0.36456211875 0.40160183125 0.3747454171875 0.4153318078125 0.38187372656249996 0.4176201375 0.38798370625 0.4170480546875 0.429735234375 0.4038901609375 0.44806517343749996 0.40160183125 0.4511201625 0.3924485125 0.4429735234375 0.38901601874999997
1 0.6130346234374999 0.3850114421875 0.6099796328125 0.3850114421875 0.556008146875 0.38729977187500003 0.550916496875 0.3913043484375 0.5519348265625 0.3981693359375 0.5580448062500001 0.40160183125 0.6028513234374999 0.4021739125 0.65580448125 0.4010297484375 0.667006109375 0.397025171875 0.6659877796875 0.3895881 0.65580448125 0.38615560625 0.6130346234374999 0.3850114421875
1 0.8034623218749999 0.38329519375 0.7978615078125 0.38329519375 0.7810590625 0.38329519375 0.7708757640624999 0.38615560625 0.768839103125 0.3930205953125 0.7749490828125001 0.39874141875 0.8482688390625001 0.400457665625 0.86456211875 0.4038901609375 0.8757637468749999 0.397025171875 0.8757637468749999 0.3884439359375 0.8696537671875 0.384439359375 0.8034623218749999 0.38329519375