1 0.522222221875 0.4375 0.5138888890625 0.43385416718750003 0.50555555625 0.43333333281249997 0.503703703125 0.43333333281249997 0.47407407343749997 0.4348958328125 0.4583333328125 0.4427083328125 0.4323074078125 0.43554531250000006 0.4126240734375 0.43446458281250006 0.41214444375000003 0.4506734375 0.42270555625000006 0.45445572968750003 0.4347074078125 0.4479723953125 0.5175925921875 0.4479166671875 0.522222221875 0.4453125 0.522222221875 0.4375
1 0.7018518515625 0.43125 0.6861111109375 0.43177083281249995 0.6851851859375 0.43125 0.622222221875 0.43333333281249997 0.6166666671875001 0.43645833281249996 0.6166666671875001 0.4427083328125 0.622222221875 0.446875 0.6296296296875 0.44739583281249995 0.7101851859375 0.4458333328125 0.7185185187500001 0.44322916718750005 0.7194444437499999 0.4375 0.7166666671875 0.43385416718750003 0.7018518515625 0.43125
1 0.8898148140625001 0.4369791671875 0.8824074078124999 0.4328125 0.8435185187500001 0.43072916718750004 0.8382712968750001 0.43072916718750004 0.821296296875 0.43177083281249995 0.8166666671874999 0.4348958328125 0.8166666671874999 0.4427083328125 0.8231481484375 0.446875 0.847222221875 0.4546875 0.85648148125 0.45625 0.865740740625 0.45520833281249995 0.8824074078124999 0.4505208328125 0.8898148140625001 0.4458333328125 0.8898148140625001 0.4369791671875
1 0.965740740625 0.4302083328125 0.95555555625 0.43541666718750005 0.95 0.45208333281249996 0.9546296296874999 0.4583333328125 0.99444444375 0.45885416718750005 0.9990740734375001 0.45677083281249997 0.9990740734375001 0.43177083281249995 0.9833333328125 0.4302083328125 0.9774694437500001 0.4302083328125 0.965740740625 0.4302083328125
1 0.3990740734375 0.4375 0.39351851875 0.4359375 0.39074074062499997 0.4359375 0.3601851859375 0.4369791671875 0.3518518515625 0.44114583281249997 0.35 0.4557291671875 0.3574074078125 0.46458333281249997 0.36851851875 0.4661458328125 0.384259259375 0.465625 0.397222221875 0.46302083281249995 0.4046296296875 0.459375 0.4046296296875 0.4427083328125 0.3990740734375 0.4375
1 0.3453703703125 0.44322916718750005 0.33888888906250003 0.4380208328125 0.33055555625 0.43645833281249996 0.328703703125 0.43645833281249996 0.3009259265625 0.4375 0.2925925921875 0.44114583281249997 0.2888888890625 0.45208333281249996 0.290740740625 0.45885416718750005 0.29722222187499997 0.46510416718750003 0.322222221875 0.46666666718750005 0.3379629625 0.46510416718750003 0.34351851875 0.4625 0.34629629687499996 0.4583333328125 0.3453703703125 0.44322916718750005
1 0.2731481484375 0.4375 0.26782407343750003 0.4375 0.24259259218749998 0.4380208328125 0.23240740781250002 0.44166666718750003 0.2296296296875 0.45625 0.23148148124999998 0.46197916718750004 0.2379629625 0.4661458328125 0.2666666671875 0.4671875 0.28148148125 0.4640625 0.2851851859375 0.45885416718750005 0.284259259375 0.44322916718750005 0.2731481484375 0.4375
1 0.2101851859375 0.4380208328125 0.1870370375 0.4380208328125 0.184259259375 0.4380208328125 0.17314814843749998 0.4421875 0.1703703703125 0.446875 0.1703703703125 0.459375 0.1740740734375 0.46458333281249997 0.1833333328125 0.4682291671875 0.2166666671875 0.46666666718750005 0.225 0.45989583281249996 0.2259259265625 0.4505208328125 0.222222221875 0.4421875 0.2101851859375 0.4380208328125
1 0.1666666671875 0.45885416718750005 0.1666666671875 0.446875 0.15925925937500002 0.440625 0.1481481484375 0.43854166718750004 0.14305555625 0.43854166718750004 0.12222222187500001 0.4390625 0.1148148140625 0.4421875 0.1111111109375 0.44635416718750004 0.1101851859375 0.459375 0.11388888906250001 0.46510416718750003 0.11944444375 0.4682291671875 0.147222221875 0.46875 0.1574074078125 0.46770833281249996 0.1629629625 0.46510416718750003 0.1666666671875 0.45885416718750005
1 0.10370370312499999 0.44375 0.0916666671875 0.43958333281249995 0.0703703703125 0.43958333281249995 0.0675925921875 0.43958333281249995 0.059259259375 0.44114583281249997 0.0509259265625 0.446875 0.05 0.4583333328125 0.052777778124999994 0.46510416718750003 0.060185185937499996 0.4692708328125 0.065740740625 0.46979166718750004 0.0990740734375 0.4682291671875 0.10648148125000001 0.4604166671875 0.1074074078125 0.45104166718750005 0.10370370312499999 0.44375
1 0 0.46979166718750004 0.0296296296875 0.4703125 0.0388888890625 0.46875 0.04351851875 0.465625 0.046296296875 0.4609375 0.045370370312500005 0.44635416718750004 0.039814814062499995 0.4421875 0.0333333328125 0.440625 0.0285490734375 0.440625 0 0.44166666718750003 0 0.46979166718750004
0 0.5611111109375 0.4328125 0.5583333328125 0.4328125 0.54444444375 0.434375 0.5388888890625 0.4390625 0.5416666671875 0.4447916671875 0.5481481484375 0.4479166671875 0.5981481484375 0.4479166671875 0.60648148125 0.446875 0.6101851859375 0.44375 0.6111111109375 0.4390625 0.60648148125 0.43385416718750003 0.5611111109375 0.4328125
0 0.7611111109375 0.43072916718750004 0.747222221875 0.43072916718750004 0.7388888890625 0.43385416718750003 0.7379629624999999 0.44114583281249997 0.74351851875 0.4453125 0.8018518515625 0.4453125 0.809259259375 0.44114583281249997 0.809259259375 0.4348958328125 0.8027777781250001 0.43177083281249995 0.765740740625 0.43072916718750004 0.7611111109375 0.43072916718750004
0 0.9296296296875 0.4296875 0.9237657406249999 0.4296875 0.9074074078125 0.43072916718750004 0.9018518515625 0.4359375 0.902777778125 0.44375 0.9111111109375001 0.44895833281249997 0.9268518515625 0.45416666718750004 0.9388888890624999 0.4546875 0.946296296875 0.4505208328125 0.9481481484375 0.4348958328125 0.9425925921875 0.43125 0.9296296296875 0.4296875
0 0.4481481484375 0.1416666671875 0.43518518593750005 0.1421875 0.42314814843750004 0.1463541671875 0.42129629687500003 0.15677083281249998 0.427777778125 0.16354166718750002 0.459259259375 0.16354166718750002 0.46481481406249997 0.1604166671875 0.4675925921875 0.1552083328125 0.46666666718750005 0.146875 0.4546296296875 0.1416666671875 0.4481481484375 0.1416666671875
0 0.4601851859375 0.1677083328125 0.45 0.1661458328125 0.44506203749999995 0.1661458328125 0.43518518593750005 0.1661458328125 0.427777778125 0.1682291671875 0.42314814843750004 0.171875 0.4240740734375 0.1885416671875 0.434259259375 0.1942708328125 0.4583333328125 0.19375 0.46388888906250003 0.1901041671875 0.46666666718750005 0.1776041671875 0.46481481406249997 0.17135416718750002 0.4601851859375 0.1677083328125
0 0.45277777812500003 0.1963541671875 0.4478398140625 0.1963541671875 0.43518518593750005 0.196875 0.4296296296875 0.2 0.427777778125 0.20416666718749998 0.42870370312499995 0.2203125 0.43518518593750005 0.22552083281250002 0.44259259218749997 0.2265625 0.4574074078125 0.2244791671875 0.46296296249999996 0.21875 0.46296296249999996 0.20052083281250002 0.45277777812500003 0.1963541671875
0 0.4509259265625 0.23020833281250003 0.4481481484375 0.23020833281250003 0.4388888890625 0.23125 0.43333333281249997 0.2348958328125 0.43240740781250003 0.2484375 0.4370370375 0.2640625 0.44166666718750003 0.26614583281250004 0.45 0.2666666671875 0.459259259375 0.2635416671875 0.4620370375 0.2421875 0.459259259375 0.2328125 0.4509259265625 0.23020833281250003
0 0.4509259265625 0.2703125 0.44907407343749994 0.2703125 0.4379629625 0.27291666718749996 0.43518518593750005 0.2786458328125 0.4361111109375 0.3036458328125 0.4379629625 0.3067708328125 0.4453703703125 0.3098958328125 0.45648148125 0.3088541671875 0.4620370375 0.3020833328125 0.4611111109375 0.2770833328125 0.459259259375 0.2734375 0.4509259265625 0.2703125
0 0.44629629687500005 0.3145833328125 0.4388888890625 0.3171875 0.4370370375 0.3203125 0.4370370375 0.3479166671875 0.44629629687500005 0.3546875 0.4574074078125 0.3536458328125 0.46388888906250003 0.346875 0.46296296249999996 0.3203125 0.4601851859375 0.3166666671875 0.4546296296875 0.3145833328125 0.44629629687500005 0.3145833328125
0 0.45555555625000005 0.35885416718749996 0.4481481484375 0.35885416718749996 0.44351851875000003 0.35989583281250004 0.4379629625 0.3645833328125 0.4379629625 0.3864583328125 0.44166666718750003 0.3963541671875 0.44907407343749994 0.3984375 0.4601851859375 0.3973958328125 0.465740740625 0.39010416718749996 0.46481481406249997 0.3661458328125 0.46296296249999996 0.3619791671875 0.45555555625000005 0.35885416718749996
0 0.45370370312499997 0.40260416718750003 0.44351851875000003 0.4036458328125 0.43981481406249995 0.40729166718750004 0.4379629625 0.43125 0.440740740625 0.43645833281249996 0.45370370312499997 0.43854166718750004 0.46666666718750005 0.4375 0.46851851875 0.43541666718750005 0.465740740625 0.4078125 0.459259259375 0.40260416718750003 0.45370370312499997 0.40260416718750003
0 0.44259259218749997 0.1296875 0.42314814843750004 0.1291666671875 0.4203703703125 0.13125 0.4203703703125 0.1375 0.4361111109375 0.1390625 0.459259259375 0.1364583328125 0.46388888906250003 0.1328125 0.4620370375 0.1270833328125 0.4601851859375 0.1270833328125 0.44259259218749997 0.1296875