0 0.6285444234375 0.4468085109375 0.6342155015625 0.4484042546875 0.6550094515625 0.4484042546875 0.661625709375 0.44574468125 0.6625708890625 0.43829787187499997 0.657844990625 0.434042553125 0.6483931953125001 0.4324468078125 0.647448015625 0.4324468078125 0.6342155015625 0.4335106390625 0.6285444234375 0.4356382984375 0.60964083125 0.4335106390625 0.5519848765625001 0.434042553125 0.5434782609375 0.4377659578125 0.5434782609375 0.4462765953125 0.5463138 0.4484042546875 0.5557655953125 0.449468084375 0.6115311906249999 0.4489361703125 0.6285444234375 0.4468085109375
1 0.827977315625 0.4420212765625 0.827977315625 0.4356382984375 0.8251417765625 0.4329787234375 0.81568998125 0.4308510640625 0.789224953125 0.4308510640625 0.77977315625 0.43457446875 0.77693761875 0.43191489375 0.7722117203125001 0.434042553125 0.7599243859375 0.4308510640625 0.7448015125 0.4308510640625 0.7438563328125001 0.4308510640625 0.67391304375 0.4329787234375 0.6672967859375001 0.4361702125 0.6672967859375001 0.44308510625 0.67391304375 0.44787234062500003 0.69187145625 0.4484042546875 0.7646502828124999 0.447340425 0.7759924390624999 0.443617021875 0.7930056703125 0.4468085109375 0.8185255203124999 0.4468085109375 0.827977315625 0.4420212765625
0 0.87240075625 0.431382978125 0.8671077500000001 0.431382978125 0.84404536875 0.43191489375 0.8364839312499999 0.4361702125 0.835538753125 0.4441489359375 0.84404536875 0.45 0.8629489609375 0.45585106406250003 0.8733459359375001 0.45691489374999994 0.8837429109375 0.45265957500000004 0.884688090625 0.4414893609375 0.880907371875 0.43457446875 0.87240075625 0.431382978125
0 0.4461247640625 0.13457446875 0.44517958437500005 0.134042553125 0.427221171875 0.14042553124999999 0.4262759921875 0.149468084375 0.42911153124999996 0.1537234046875 0.43761814687499995 0.15691489375 0.4612476375 0.15691489375 0.4688090734375 0.1553191484375 0.4744801515625 0.1489361703125 0.4725897921875 0.1393617015625 0.4612476375 0.13457446875 0.4461247640625 0.13457446875
0 0.4612476375 0.15957446875 0.45581285468750005 0.15957446875 0.43950850625 0.15957446875 0.4300567109375 0.16436170156250002 0.4300567109375 0.177127659375 0.43289225 0.1829787234375 0.43950850625 0.186702128125 0.46502835468750003 0.18617021250000002 0.4706994328125 0.1824468078125 0.47353497187500004 0.172872340625 0.4716446125 0.16436170156250002 0.4612476375 0.15957446875
0 0.4688090734375 0.1920212765625 0.4612476375 0.18882978749999998 0.45368620000000004 0.18882978749999998 0.44801512343749994 0.18882978749999998 0.4404536859375 0.1893617015625 0.4357277875 0.1925531921875 0.43289225 0.19946808437500002 0.4338374296875 0.20957446875 0.44139886562499997 0.218617021875 0.45652173906250004 0.21914893593749998 0.46502835468750003 0.2170212765625 0.4688090734375 0.2138297875 0.4716446125 0.1989361703125 0.4688090734375 0.1920212765625
0 0.45841209843749997 0.222340425 0.4527410203125 0.222340425 0.44139886562499997 0.224468084375 0.43761814687499995 0.2324468078125 0.4404536859375 0.2537234046875 0.4423440453125 0.25691489375 0.4527410203125 0.2606382984375 0.4612476375 0.25957446875 0.46786389375 0.25212765937500003 0.4688090734375 0.23085106406250003 0.46502835468750003 0.224468084375 0.45841209843749997 0.222340425
0 0.45746691874999995 0.2648936171875 0.45368620000000004 0.2648936171875 0.44517958437500005 0.2670212765625 0.44139886562499997 0.274468084375 0.4423440453125 0.2989361703125 0.44801512343749994 0.30425531875 0.45368620000000004 0.3058510640625 0.46502835468750003 0.3031914890625 0.4688090734375 0.2968085109375 0.46786389375 0.2712765953125 0.46597353437500005 0.26808510625 0.45746691874999995 0.2648936171875
0 0.4569943296875 0.3101063828125 0.44896030312499996 0.3106382984375 0.443289225 0.315957446875 0.44423440468750003 0.34521276562500003 0.44896030312499996 0.349468084375 0.455576559375 0.3510638296875 0.46502835468750003 0.349468084375 0.4706994328125 0.34308510625 0.46975425312499997 0.315957446875 0.4621928171875 0.3101063828125 0.4569943296875 0.3101063828125
0 0.46502835468750003 0.3558510640625 0.45746691874999995 0.354787234375 0.45652173906250004 0.354787234375 0.4499054828125 0.3558510640625 0.44517958437500005 0.35957446875 0.44423440468750003 0.381382978125 0.44896030312499996 0.39308510625 0.4603024578125 0.395212765625 0.46691871406249996 0.3941489359375 0.4725897921875 0.3888297875 0.4725897921875 0.365957446875 0.46975425312499997 0.3585106390625 0.46502835468750003 0.3558510640625
0 0.463137996875 0.3989361703125 0.4546313796875 0.3989361703125 0.44896030312499996 0.40106382968750004 0.44517958437500005 0.40744680781250003 0.4461247640625 0.4329787234375 0.4527410203125 0.4361702125 0.46597353437500005 0.43670212812500003 0.4725897921875 0.43510638281249997 0.47542533125 0.43191489375 0.4744801515625 0.41170212812500007 0.4716446125 0.40212765937499995 0.463137996875 0.3989361703125
0 1 0.432659575 0.9990548203125 0.43191489375 0.9924385640625 0.4308510640625 0.9867674859375001 0.4308510640625 0.9725897921875 0.4361702125 0.96786389375 0.4468085109375 0.96786389375 0.45585106406250003 0.9716446124999999 0.45957446874999996 0.9792060484375 0.46063829843750004 1 0.45957446874999996 1 0.432659575
1 0.9640831765625 0.44574468125 0.963137996875 0.4356382984375 0.9536861999999999 0.431382978125 0.92911153125 0.43031914843749997 0.9262759921875 0.43031914843749997 0.898865784375 0.431382978125 0.8903591687500001 0.43457446875 0.8875236296875 0.44042553125 0.8931947062500001 0.449468084375 0.906427221875 0.45265957500000004 0.92911153125 0.4515957453125 0.9357277875 0.4553191484375 0.9395085062499999 0.4531914890625 0.95746691875 0.4531914890625 0.9640831765625 0.44574468125
1 0.526465028125 0.449468084375 0.5330812859375 0.44787234062500003 0.5330812859375 0.43829787187499997 0.522684309375 0.434042553125 0.5178005671875 0.434042553125 0.4792060484375 0.43457446875 0.4621928171875 0.43829787187499997 0.443289225 0.43510638281249997 0.43289225 0.43510638281249997 0.42533081250000004 0.4361702125 0.4224952734375 0.43829787187499997 0.42060491562499996 0.4468085109375 0.4300567109375 0.45372340468749994 0.4508506609375 0.45053191562499995 0.526465028125 0.449468084375
1 0.4149338375 0.4420212765625 0.402646503125 0.4372340421875 0.3790170125 0.4372340421875 0.3752362953125 0.4372340421875 0.363894140625 0.4388297875 0.3591682421875 0.443617021875 0.35822306249999997 0.45691489374999994 0.3610586015625 0.46276595781249996 0.3714555765625 0.46702127656250003 0.3979206046875 0.46595744687499996 0.40926275937499995 0.4622340421875 0.4177693765625 0.4553191484375 0.41871455625 0.45 0.4149338375 0.4420212765625
1 0.324196596875 0.4377659578125 0.32041587968749996 0.4377659578125 0.30529300625 0.4388297875 0.299621928125 0.44308510625 0.299621928125 0.46170212812500006 0.3090737234375 0.46755319218749997 0.342155009375 0.46702127656250003 0.350661625 0.46382978750000003 0.3534971640625 0.45957446874999996 0.3516068046875 0.4425531921875 0.3393194703125 0.4377659578125 0.324196596875 0.4377659578125
1 0.29206049218749996 0.44468085156250003 0.28449905468750003 0.4393617015625 0.27599243906250004 0.43829787187499997 0.26937618125 0.43829787187499997 0.24669187187500002 0.4393617015625 0.2381852546875 0.44468085156250003 0.23724007500000002 0.46063829843750004 0.24102079375000002 0.46542553125 0.24858223124999998 0.468617021875 0.2741020796875 0.468617021875 0.285444234375 0.46702127656250003 0.289224953125 0.46489361718750005 0.29395085 0.45585106406250003 0.29206049218749996 0.44468085156250003
1 0.21833648437500003 0.4393617015625 0.19470699375 0.4388297875 0.19376181406249998 0.4388297875 0.1833648390625 0.43989361718750003 0.175803403125 0.445212765625 0.17391304375 0.4574468078125 0.17863894062500002 0.46595744687499996 0.186200378125 0.46968085156250006 0.22306238125000002 0.46808510625000005 0.2315689984375 0.46063829843750004 0.23251417812500003 0.45 0.2296786390625 0.4441489359375 0.21833648437500003 0.4393617015625
1 0.1483931953125 0.4393617015625 0.14083175781249999 0.4393617015625 0.1228733453125 0.44042553125 0.11247637031249999 0.447340425 0.11247637031249999 0.4622340421875 0.11436672968749999 0.46595744687499996 0.121928165625 0.47021276562500003 0.1587901703125 0.46968085156250006 0.1691871453125 0.4643617015625 0.1691871453125 0.44574468125 0.1625708890625 0.440957446875 0.1483931953125 0.4393617015625
1 0 0.47074468124999996 0.001890359375 0.4718085109375 0.027410207812499997 0.47234042499999995 0.044423440625 0.46755319218749997 0.0472589796875 0.4611702125 0.0453686203125 0.4468085109375 0.0349716453125 0.4414893609375 0.029489603125000003 0.4414893609375 0.0075614359374999995 0.4414893609375 0 0.4434235984375 0 0.47074468124999996
1 0.103024575 0.44308510625 0.0916824203125 0.44042553125 0.08601134218749999 0.44042553125 0.06332703281249999 0.440957446875 0.055765595312500006 0.4441489359375 0.0500945171875 0.4574468078125 0.051984876562500004 0.4643617015625 0.0576559546875 0.47021276562500003 0.09829867656249999 0.47021276562500003 0.1058601140625 0.46648936093750004 0.10869565156250001 0.4611702125 0.107750471875 0.447340425 0.103024575 0.44308510625