1 0.4154488515625 0.446072684375 0.41858037656249997 0.45017585000000004 0.4290187890625 0.4536928484375 0.4373695203125 0.4536928484375 0.4613778703125 0.4472450171875 0.527139875 0.446072684375 0.5344467640625 0.44431418593750005 0.5354906046875 0.4402110203125 0.5302713984375 0.4320046890625 0.5260960328125 0.43083235625 0.5200939453125 0.43083235625 0.495824634375 0.4314185234375 0.490605428125 0.4361078546875 0.47494780781249996 0.43845252031250004 0.4572025046875 0.43728018750000003 0.4509394578125 0.43962485312500005 0.45372025000000005 0.432407971875 0.44392066874999997 0.43192907343750003 0.43454697343750004 0.4316899171875 0.42790504374999994 0.43442022031249994 0.4154488515625 0.43845252031250004 0.4154488515625 0.446072684375
1 0.40814196249999996 0.43903868749999997 0.40292275625 0.43376318906250005 0.394572025 0.43259085625000004 0.3888308984375 0.43259085625000004 0.3590814203125 0.433177021875 0.34968684687499996 0.43728018750000003 0.3465553234375 0.4425556859375 0.34759916562500004 0.452520515625 0.358037578125 0.46483001249999994 0.393528184375 0.465416178125 0.40292275625 0.463657678125 0.4112734859375 0.4577960140625 0.412317328125 0.44841735 0.40814196249999996 0.43903868749999997
1 0.3277661796875 0.441383353125 0.316283925 0.44548651875 0.31106471875 0.4531066828125 0.31210855937500004 0.46248534531249996 0.31419624218750003 0.46483001249999994 0.3225469734375 0.4665885109375 0.34029227500000003 0.465416178125 0.3455114828125 0.4618991796875 0.3434238 0.44841735 0.3329853859375 0.441383353125 0.3277661796875 0.441383353125
1 0.31106471875 0.44196951875 0.2995824640625 0.43376318906250005 0.2936670140625 0.43376318906250005 0.25678496875 0.4343493546875 0.24947807968750002 0.43845252031250004 0.24634655468750002 0.4531066828125 0.24843423750000002 0.46014067968749994 0.25469728593749996 0.465416178125 0.279749478125 0.467174678125 0.2964509390625 0.46600234531250007 0.3027139875 0.4630715125 0.31106471875 0.44841735 0.31106471875 0.44196951875
1 0.237995825 0.4378663546875 0.22755741093749998 0.4343493546875 0.22216388281250002 0.4343493546875 0.1951983296875 0.4343493546875 0.183716075 0.43903868749999997 0.179540709375 0.45427901562499995 0.183716075 0.4630715125 0.1899791234375 0.467174678125 0.228601253125 0.467174678125 0.239039665625 0.4630715125 0.242171190625 0.45838218125 0.2411273484375 0.44196951875 0.237995825 0.4378663546875
1 0.174321503125 0.44079718593750006 0.16075156562499998 0.43493552187500006 0.1546972859375 0.43493552187500006 0.1304801671875 0.43493552187500006 0.1189979125 0.43845252031250004 0.11377870625 0.447831184375 0.11377870625 0.458968346875 0.11586638906249999 0.4642438453125 0.12317327812500001 0.46776084375 0.16075156562499998 0.46834701093750003 0.1732776625 0.463657678125 0.1764091859375 0.45427901562499995 0.174321503125 0.44079718593750006
1 0.090814196875 0.4355216875 0.07306889375 0.4355216875 0.07098121093750001 0.4355216875 0.05636743281249999 0.43728018750000003 0.0480167015625 0.44372801875 0.0480167015625 0.463657678125 0.05427975 0.46834701093750003 0.061586639062500004 0.46951934375000004 0.1022964515625 0.46776084375 0.10855949843749998 0.4618991796875 0.11064718124999999 0.44900351718750003 0.104384134375 0.43845252031250004 0.090814196875 0.4355216875
1 0 0.4702913671875 0.035490604687499996 0.46834701093750003 0.0427974953125 0.45955451406250003 0.043841335937499996 0.44900351718750003 0.0407098125 0.44196951875 0.0292275578125 0.43728018750000003 0.0020876828125 0.436694021875 0.001043840625 0.436694021875 0 0.43685388437499995 0 0.4702913671875
1 0.687891440625 0.4273153578125 0.6461377875000001 0.42907385624999994 0.6398747390625 0.433177021875 0.6398747390625 0.43962485312500005 0.6482254703125 0.44490035156249996 0.7421711906249999 0.4431418515625 0.7546972859375 0.43962485312500005 0.755741128125 0.4343493546875 0.7484342374999999 0.42907385624999994 0.68893528125 0.4273153578125 0.687891440625 0.4273153578125
1 0.9509394578125001 0.43259085625000004 0.9352818375 0.4273153578125 0.8747390390625001 0.426729190625 0.8726513562499999 0.426729190625 0.8643006265625001 0.433177021875 0.8684759921874999 0.441383353125 0.8987473906250001 0.4472450171875 0.9144050109374999 0.4531066828125 0.92693110625 0.45486518125000003 0.9415448859375 0.45193435 0.948851775 0.44841735 0.9540709812499999 0.4425556859375 0.9551148218750001 0.43845252031250004 0.9509394578125001 0.43259085625000004
0 0.4655532359375 0.10140679999999999 0.4613778703125 0.10140679999999999 0.4415448859375 0.103751465625 0.43632567812499995 0.10668229843749999 0.4352818375 0.1184056265625 0.44572025000000004 0.1266119578125 0.47807933125 0.126025790625 0.48434237968750005 0.123094959375 0.48747390468749996 0.11723329375 0.48643006250000004 0.10668229843749999 0.47807933125 0.1025791328125 0.4655532359375 0.10140679999999999
0 0.46033402968750003 0.1289566234375 0.45824634687500004 0.1289566234375 0.44467640937499997 0.1313012890625 0.43632567812499995 0.1395076203125 0.43945720312500003 0.15416178125 0.4509394578125 0.1606096125 0.47703549062499995 0.15943727968750002 0.48434237968750005 0.153575615625 0.48643006250000004 0.14067995312499998 0.4832985390625 0.1336459546875 0.47807933125 0.1307151234375 0.46033402968750003 0.1289566234375
0 0.47807933125 0.16471277812500001 0.4697286015625 0.1629542796875 0.4624217125 0.1629542796875 0.45511482187499996 0.1629542796875 0.44676409218749996 0.1658851109375 0.4425887265625 0.17174677656249998 0.4436325671875 0.190504103125 0.4509394578125 0.19577960156250002 0.4592901875 0.1975381015625 0.47703549062499995 0.195193434375 0.482254696875 0.18933177031249998 0.4832985390625 0.16881594375 0.47807933125 0.16471277812500001
0 0.47703549062499995 0.203399765625 0.4697286015625 0.201641265625 0.4645093953125 0.201641265625 0.45407098125 0.2028135984375 0.44780793281250003 0.21043376249999998 0.449895615625 0.2344665890625 0.453027140625 0.23974208749999998 0.4613778703125 0.24325908593749998 0.468684759375 0.24325908593749998 0.47494780781249996 0.2409144203125 0.4801670140625 0.2350527546875 0.4801670140625 0.20691676406249998 0.47703549062499995 0.203399765625
0 0.4697286015625 0.24736225156249997 0.463465553125 0.24736225156249997 0.45511482187499996 0.24912074999999997 0.453027140625 0.251465415625 0.4509394578125 0.279015240625 0.45407098125 0.2872215703125 0.4645093953125 0.2913247359375 0.47703549062499995 0.2889800703125 0.48121085625 0.28253223906249997 0.48121085625 0.25732708125000003 0.47807933125 0.25087925 0.4697286015625 0.24736225156249997
0 0.4697286015625 0.29601406875 0.468684759375 0.2954279015625 0.4572025046875 0.2977725671875 0.453027140625 0.3024618984375 0.45407098125 0.3347010546875 0.4592901875 0.3393903875 0.46764091875 0.3411488859375 0.47703549062499995 0.3393903875 0.4832985390625 0.33294255625 0.4832985390625 0.3036342328125 0.4791231734375 0.298358734375 0.4697286015625 0.29601406875
0 0.482254696875 0.348182884375 0.4739039671875 0.3452520515625 0.4645093953125 0.3452520515625 0.45824634687500004 0.34759671718749996 0.45407098125 0.35287221562500004 0.45407098125 0.373974209375 0.45824634687500004 0.3874560375 0.46659707656249994 0.38980070312500004 0.47807933125 0.3892145375 0.4832985390625 0.3862837046875 0.48538622187499997 0.38159437343749997 0.48434237968750005 0.35169988281250003 0.482254696875 0.348182884375
0 0.4697286015625 0.3944900359375 0.4624217125 0.39566236875 0.45615866406250005 0.40035170000000003 0.45511482187499996 0.4314185234375 0.471816284375 0.4355216875 0.48434237968750005 0.4343493546875 0.48851774531250003 0.4314185234375 0.48643006250000004 0.40269636562500005 0.4832985390625 0.3974208671875 0.47703549062499995 0.3944900359375 0.4697286015625 0.3944900359375
0 0.582463465625 0.42907385624999994 0.560542796875 0.43024619062499997 0.555323590625 0.43259085625000004 0.55427975 0.441383353125 0.5584551140625 0.44490035156249996 0.623173278125 0.44548651875 0.63256785 0.44196951875 0.633611690625 0.4343493546875 0.6263048015625 0.4296600234375 0.58350730625 0.42907385624999994 0.582463465625 0.42907385624999994
0 0.840292275 0.426143025 0.8131524015625 0.426729190625 0.8121085593749999 0.426143025 0.7922755734375 0.426729190625 0.78079331875 0.4296600234375 0.7776617953125 0.4343493546875 0.7797494781250001 0.4402110203125 0.7964509390625001 0.4431418515625 0.8423799578125 0.4431418515625 0.8559498953125001 0.44079718593750006 0.858037578125 0.4314185234375 0.8549060546874999 0.42848769062500003 0.840292275 0.426143025
0 1 0.42555685781249997 0.9749478078125 0.42555685781249997 0.9686847593750001 0.4279015234375 0.9645093953125 0.4361078546875 0.9707724421874999 0.44372801875 0.982254696875 0.4472450171875 0.9968684765625 0.447831184375 1 0.44923798281250005 1 0.42555685781249997