0 0.4601851859375 0.4453125 0.465740740625 0.4479166671875 0.502777778125 0.44895833281249997 0.525 0.44739583281249995 0.540740740625 0.44895833281249997 0.5518518515624999 0.4484375 0.5583333328125 0.44635416718750004 0.5583333328125 0.4369791671875 0.5518518515624999 0.4328125 0.525 0.43385416718750003 0.521296296875 0.4322916671875 0.477777778125 0.4322916671875 0.46944444374999994 0.43072916718750004 0.4620370375 0.4234375 0.45185185156249996 0.42291666718750004 0.4509259265625 0.4223958328125 0.44444444375 0.42604166718750003 0.44444444375 0.4296875 0.4546296296875 0.4369791671875 0.4601851859375 0.4453125
0 0.44259259218749997 0.4166666671875 0.4509259265625 0.4192708328125 0.4583333328125 0.41875 0.46481481406249997 0.415625 0.46666666718750005 0.40729166718750004 0.46481481406249997 0.3828125 0.4620370375 0.3802083328125 0.4546296296875 0.3786458328125 0.45 0.3786458328125 0.44444444375 0.3796875 0.4388888890625 0.384375 0.4388888890625 0.40989583281249997 0.44259259218749997 0.4166666671875
0 0.42870370312499995 0.1494791671875 0.4601851859375 0.14791666718750002 0.465740740625 0.1432291671875 0.465740740625 0.1359375 0.4620370375 0.1328125 0.4481481484375 0.1328125 0.447222221875 0.13229166718750002 0.42222222187499997 0.134375 0.41944444374999995 0.1375 0.42129629687500003 0.146875 0.42870370312499995 0.1494791671875
0 0.427777778125 0.1765625 0.45648148125 0.1765625 0.46388888906250003 0.1729166671875 0.46666666718750005 0.1640625 0.46481481406249997 0.1546875 0.4583333328125 0.1515625 0.44351851875000003 0.1505208328125 0.44259259218749997 0.1505208328125 0.42870370312499995 0.1520833328125 0.42222222187499997 0.15625 0.42129629687500003 0.1682291671875 0.427777778125 0.1765625
0 0.427777778125 0.2026041671875 0.43518518593750005 0.2078125 0.4583333328125 0.20572916718749998 0.46296296249999996 0.20208333281250002 0.46481481406249997 0.1859375 0.4620370375 0.1817708328125 0.45277777812500003 0.17916666718750002 0.447222221875 0.17916666718750002 0.43333333281249997 0.1796875 0.425 0.184375 0.4240740734375 0.190625 0.427777778125 0.2026041671875
0 0.434259259375 0.24114583281250002 0.44259259218749997 0.24375 0.45185185156249996 0.24375 0.459259259375 0.2401041671875 0.4611111109375 0.2364583328125 0.46296296249999996 0.21875 0.4601851859375 0.2125 0.4481481484375 0.20989583281250002 0.44259259218749997 0.20989583281250002 0.434259259375 0.2114583328125 0.43055555625 0.21458333281250003 0.4296296296875 0.23125 0.434259259375 0.24114583281250002
0 0.4379629625 0.284375 0.4453703703125 0.2869791671875 0.45277777812500003 0.2864583328125 0.4611111109375 0.2796875 0.4601851859375 0.2536458328125 0.45648148125 0.2494791671875 0.4509259265625 0.2479166671875 0.4481481484375 0.2479166671875 0.43981481406249995 0.24895833281250002 0.43333333281249997 0.2552083328125 0.43518518593750005 0.2791666671875 0.4379629625 0.284375
0 0.44629629687500005 0.3317708328125 0.45185185156249996 0.3317708328125 0.4611111109375 0.32760416718749996 0.46296296249999996 0.321875 0.4620370375 0.2984375 0.459259259375 0.2942708328125 0.4509259265625 0.2911458328125 0.44907407343749994 0.2911458328125 0.4379629625 0.2942708328125 0.4361111109375 0.2989583328125 0.4370370375 0.3244791671875 0.44629629687500005 0.3317708328125
0 0.44259259218749997 0.3739583328125 0.4509259265625 0.37552083281250004 0.4601851859375 0.3739583328125 0.46481481406249997 0.3625 0.46296296249999996 0.3401041671875 0.4546296296875 0.33541666718749996 0.44629629687500005 0.33541666718749996 0.44166666718750003 0.33645833281250004 0.4379629625 0.3401041671875 0.4379629625 0.36666666718749996 0.44259259218749997 0.3739583328125
1 0.8046296296875 0.4421875 0.8120370375 0.4458333328125 0.8324074078124999 0.44947916718750003 0.853703703125 0.45625 0.859259259375 0.45625 0.8768518515625001 0.45104166718750005 0.8824074078124999 0.4453125 0.8833333328125 0.440625 0.8796296296874999 0.4359375 0.872222221875 0.4328125 0.8518518515625001 0.43072916718750004 0.8435185187500001 0.43072916718750004 0.8138888890624999 0.4322916671875 0.8101851859375 0.43125 0.8046296296875 0.434375 0.8046296296875 0.4421875
1 0.9472222218749999 0.45885416718750005 0.984259259375 0.45885416718750005 0.99444444375 0.45677083281249997 0.9990740734375001 0.45208333281249996 0.9990740734375001 0.4369791671875 0.9916666671875 0.4322916671875 0.9768518515625001 0.4296875 0.9712962968750001 0.4296875 0.9574074078124999 0.4302083328125 0.9490740734375 0.43645833281249996 0.9416666671874999 0.4536458328125 0.9472222218749999 0.45885416718750005
1 0 0.47083333281249995 0.0129629625 0.4692708328125 0.019444443750000002 0.46302083281249995 0.019444443750000002 0.4484375 0.0166666671875 0.4447916671875 0.0074074078125 0.44114583281249997 0 0.44114583281249997 0 0.47083333281249995
1 0.0259259265625 0.46458333281249997 0.0296296296875 0.4682291671875 0.037037037499999995 0.46979166718750004 0.0620370375 0.46979166718750004 0.07685185156249999 0.4661458328125 0.08055555625000001 0.45885416718750005 0.078703703125 0.44635416718750004 0.0731481484375 0.44166666718750003 0.0648148140625 0.4401041671875 0.0638888890625 0.43958333281249995 0.039814814062499995 0.4401041671875 0.0296296296875 0.44322916718750005 0.0240740734375 0.4546875 0.0259259265625 0.46458333281249997
1 0.0824074078125 0.45625 0.08518518593749999 0.4640625 0.09074074062500001 0.4682291671875 0.12870370312499999 0.46875 0.1379629625 0.46458333281249997 0.140740740625 0.45989583281249996 0.13981481406250001 0.4453125 0.134259259375 0.44114583281249997 0.1268518515625 0.4390625 0.121527778125 0.4390625 0.0981481484375 0.43958333281249995 0.0888888890625 0.4421875 0.08333333281250001 0.44947916718750003 0.0824074078125 0.45625
1 0.1546296296875 0.4682291671875 0.1861111109375 0.4682291671875 0.1925925921875 0.4671875 0.1981481484375 0.4635416671875 0.2009259265625 0.45885416718750005 0.2009259265625 0.4479166671875 0.1981481484375 0.4427083328125 0.1898148140625 0.43854166718750004 0.178703703125 0.4380208328125 0.1759259265625 0.4380208328125 0.1546296296875 0.43958333281249995 0.14444444375 0.44635416718750004 0.1453703703125 0.46302083281249995 0.1546296296875 0.4682291671875
1 0.20370370312500002 0.4557291671875 0.21203703749999997 0.4661458328125 0.22314814843750003 0.46770833281249996 0.24351851875000002 0.4671875 0.2509259265625 0.46666666718750005 0.25648148125 0.4640625 0.2611111109375 0.45677083281249997 0.2611111109375 0.446875 0.25740740781250004 0.44166666718750003 0.2453703703125 0.4380208328125 0.2398148140625 0.4380208328125 0.21574074062499998 0.43854166718750004 0.20833333281250002 0.44166666718750003 0.20370370312500002 0.44947916718750003 0.20370370312500002 0.4557291671875
1 0.275 0.4661458328125 0.303703703125 0.46666666718750005 0.3138888890625 0.46458333281249997 0.31759259218749997 0.4614583328125 0.3203703703125 0.4515625 0.31851851875000003 0.44322916718750005 0.3129629625 0.43854166718750004 0.303703703125 0.4369791671875 0.3 0.4369791671875 0.27777777812500004 0.4375 0.2666666671875 0.44322916718750005 0.26574074062499997 0.45885416718750005 0.275 0.4661458328125
1 0.3333333328125 0.46510416718750003 0.36851851875 0.465625 0.3759259265625 0.46302083281249995 0.3796296296875 0.45677083281249997 0.377777778125 0.44322916718750005 0.3731481484375 0.43854166718750004 0.365740740625 0.43645833281249996 0.35925925937500003 0.43645833281249996 0.3361111109375 0.4369791671875 0.32592592656249997 0.44166666718750003 0.325 0.45885416718750005 0.3333333328125 0.46510416718750003
1 0.38240740781250004 0.45104166718750005 0.3925925921875 0.4604166671875 0.403703703125 0.4614583328125 0.44166666718750003 0.44947916718750003 0.4546296296875 0.4484375 0.4574074078125 0.446875 0.45277777812500003 0.4380208328125 0.4453703703125 0.4348958328125 0.4370370375 0.4348958328125 0.434259259375 0.4348958328125 0.39351851875 0.43645833281249996 0.3861111109375 0.43854166718750004 0.38240740781250004 0.4427083328125 0.38240740781250004 0.45104166718750005
0 0.7833333328125 0.4458333328125 0.796296296875 0.44322916718750005 0.797222221875 0.4348958328125 0.7925925921875 0.4322916671875 0.7518518515625 0.4322916671875 0.7425925921875 0.43072916718750004 0.7388888890625 0.43072916718750004 0.7259259265625 0.4348958328125 0.7259259265625 0.44114583281249997 0.7351851859375 0.4458333328125 0.7833333328125 0.4458333328125
0 0.89351851875 0.4427083328125 0.8981481484374999 0.44635416718750004 0.9074074078125 0.44947916718750003 0.91944444375 0.45 0.922222221875 0.45208333281249996 0.9296296296875 0.4526041671875 0.9388888890624999 0.44895833281249997 0.94351851875 0.43541666718750005 0.9351851859375 0.4302083328125 0.9203703703125001 0.4296875 0.9145064812499999 0.4296875 0.902777778125 0.4296875 0.8953703703125001 0.43177083281249995 0.8916666671875 0.4375 0.89351851875 0.4427083328125
1 0.5620370375 0.4369791671875 0.5620370375 0.44375 0.5675925921875 0.4479166671875 0.575 0.4484375 0.6555555562500001 0.4479166671875 0.6731481484375 0.4458333328125 0.6981481484375001 0.44739583281249995 0.7101851859375 0.446875 0.7175925921874999 0.44427083281249996 0.7185185187500001 0.4359375 0.7148148140624999 0.4328125 0.7018518515625 0.43072916718750004 0.6861111109375 0.43072916718750004 0.6833333328125 0.43072916718750004 0.66944444375 0.43541666718750005 0.6555555562500001 0.43177083281249995 0.571296296875 0.4328125 0.5620370375 0.4369791671875