1 0 0.43068598125 0.0020746890625 0.43065268124999995 0.013485476562500001 0.4271561765625 0.014522821875 0.40675990625 0.0093361 0.40034965 0.00103734375 0.3980186484375 0 0.3980186484375 0 0.43068598125
1 0.07157676406249999 0.3980186484375 0.060165975000000003 0.396853146875 0.054287343749999994 0.396853146875 0.030082987500000002 0.3980186484375 0.0207468875 0.40501165468749994 0.018672198437500002 0.41958042031250004 0.021784232812500002 0.4259906765625 0.02904564375 0.4300699296875 0.0674273859375 0.4300699296875 0.07780082968749999 0.4259906765625 0.0819502078125 0.41958042031250004 0.07987551875 0.403263403125 0.07157676406249999 0.3980186484375
1 0.1462655609375 0.402680653125 0.1379668046875 0.39743589687499997 0.12448132812499998 0.3956876453125 0.12033195000000001 0.3956876453125 0.09751037343749999 0.396853146875 0.0871369296875 0.403263403125 0.08609958437500001 0.4207459203125 0.08921161875 0.4259906765625 0.0964730296875 0.42948717968750005 0.1327800828125 0.42948717968750005 0.14004149375 0.428321678125 0.145228215625 0.424242425 0.1483402484375 0.41608391562499997 0.1462655609375 0.402680653125
1 0.2105809125 0.42482517499999994 0.21473029062500001 0.41958042031250004 0.21473029062500001 0.4044289046875 0.21161825781250002 0.40034965 0.199170125 0.3956876453125 0.19363796718749998 0.3956876453125 0.165975103125 0.3956876453125 0.1566390046875 0.3991841484375 0.1524896265625 0.40501165468749994 0.1514522828125 0.41608391562499997 0.15560165937499998 0.424242425 0.16078838125 0.427738928125 0.171161825 0.42948717968750005 0.19502074687499998 0.42890442812499996 0.205394190625 0.427738928125 0.2105809125 0.42482517499999994
1 0.2728215765625 0.3956876453125 0.265560165625 0.39452214375 0.2582987546875 0.39452214375 0.2313278015625 0.3956876453125 0.22302904531249998 0.40034965 0.22095435624999998 0.41958042031250004 0.226141078125 0.425407925 0.23236514531250002 0.427738928125 0.2665975109375 0.427738928125 0.27904564375 0.42365967343750005 0.2831950203125 0.41258741250000003 0.28112033125 0.40093240156250004 0.2728215765625 0.3956876453125
1 0.33402489687500003 0.39393939375000003 0.3278008296875 0.39393939375000003 0.3018672203125 0.39452214375 0.29045643125 0.40034965 0.2894190875 0.41958042031250004 0.30082987499999997 0.4271561765625 0.3381742734375 0.4265734265625 0.3464730296875 0.4230769234375 0.35062240624999996 0.4166666671875 0.3495850625 0.4015151515625 0.3423236515625 0.3956876453125 0.33402489687500003 0.39393939375000003
1 0.42842323593750004 0.40675990625 0.42427385937500006 0.396270396875 0.4170124484375 0.39335664375 0.405601659375 0.39277389218750003 0.40248962656250004 0.39277389218750003 0.37136929531249996 0.39393939375000003 0.35995850625000003 0.396853146875 0.355809128125 0.4015151515625 0.354771784375 0.4114219109375 0.3578838171875 0.41899766875 0.365145228125 0.425407925 0.37966805 0.4259906765625 0.3910788375 0.42365967343750005 0.4232365140625 0.41200466249999995 0.42842323593750004 0.40675990625
1 0.569502075 0.3916083921875 0.5186721984375 0.39044289062500004 0.5165975109375001 0.39044289062500004 0.4730290453125 0.391025640625 0.4636929453125 0.39743589687499997 0.46265560156249996 0.4044289046875 0.4678423234375 0.4073426578125 0.47614107812500006 0.40792540781250003 0.545643153125 0.4073426578125 0.5705394187499999 0.40617715624999995 0.5778008296875 0.4015151515625 0.578838175 0.396853146875 0.569502075 0.3916083921875
1 0.7365145234375 0.3875291375 0.735477178125 0.3875291375 0.68879668125 0.389860140625 0.6836099578125 0.39277389218750003 0.6836099578125 0.40034965 0.6919087140625 0.40501165468749994 0.785269709375 0.4044289046875 0.7987551875000001 0.4015151515625 0.7997925312499999 0.39277389218750003 0.7883817421875 0.3881118875 0.74896265625 0.3892773890625 0.7365145234375 0.3875291375
1 0.98029045625 0.39976690000000004 0.9792531125 0.39277389218750003 0.9719917015625 0.3881118875 0.9481327796875 0.3869463875 0.93879668125 0.3869463875 0.9107883812500001 0.3875291375 0.9014522828124999 0.3916083921875 0.894190871875 0.40501165468749994 0.895228215625 0.41375291406250003 0.9087136921875001 0.41783216718749994 0.9325726140624999 0.41258741250000003 0.946058090625 0.41200466249999995 0.9543568468749999 0.409090909375 0.9719917015625 0.40792540781250003 0.98029045625 0.39976690000000004
0 0.4533195015625 0.360139859375 0.44605809062499996 0.360139859375 0.43879668125000004 0.3618881125 0.43464730312500005 0.36655011718749997 0.4325726140625 0.3881118875 0.4325726140625 0.3980186484375 0.4419087140625 0.40384615312500005 0.45643153593749997 0.4015151515625 0.46680497968749995 0.3892773890625 0.4636929453125 0.36480186406250004 0.45954356875 0.3613053609375 0.4533195015625 0.360139859375
0 0.46058091250000005 0.3146853140625 0.4512448125 0.3111888109375 0.44502074687500004 0.3111888109375 0.4377593359375 0.3123543125 0.4325726140625 0.31759906718750003 0.4325726140625 0.3455710953125 0.43672199218749996 0.353146853125 0.4419087140625 0.35606060624999997 0.4522821578125 0.35664335625 0.46058091250000005 0.353729603125 0.4636929453125 0.3490675984375 0.4636929453125 0.32342657343750003 0.46058091250000005 0.3146853140625
0 0.43879668125000004 0.05186480156249999 0.425311203125 0.05011655 0.41804979218750005 0.05186480156249999 0.413900415625 0.05652680624999999 0.4232365140625 0.0617715625 0.45643153593749997 0.062354312499999995 0.465767634375 0.057692307812499996 0.4636929453125 0.0489510484375 0.45954356875 0.0489510484375 0.43879668125000004 0.05186480156249999
0 0.45954356875 0.0675990671875 0.4470954359375 0.065850815625 0.4377593359375 0.065850815625 0.421161825 0.0675990671875 0.413900415625 0.07167832187499999 0.413900415625 0.0827505828125 0.41804979218750005 0.0885780890625 0.42427385937500006 0.0914918421875 0.4512448125 0.0914918421875 0.4616182578125 0.0879953375 0.465767634375 0.0798368296875 0.46473029062500004 0.07167832187499999 0.45954356875 0.0675990671875
0 0.44260062187500004 0.09440559375 0.42946058125000003 0.09440559375 0.4232365140625 0.096153846875 0.414937759375 0.1043123546875 0.41908713750000004 0.11946386875 0.42946058125000003 0.125291375 0.4522821578125 0.12412587343749999 0.4616182578125 0.11946386875 0.46265560156249996 0.0990675984375 0.44917012500000003 0.09440559375 0.44260062187500004 0.09440559375
0 0.45539419062500003 0.128787878125 0.44917012500000003 0.128205128125 0.4424273859375 0.128205128125 0.42946058125000003 0.128787878125 0.4221991703125 0.1334498828125 0.42012448124999996 0.14044289062499998 0.4221991703125 0.153846153125 0.42946058125000003 0.1608391609375 0.43672199218749996 0.1620046625 0.4522821578125 0.1614219109375 0.46058091250000005 0.152680653125 0.4616182578125 0.1334498828125 0.45539419062500003 0.128787878125
0 0.44605809062499996 0.1666666671875 0.4315352703125 0.1678321671875 0.4263485484375 0.174242425 0.42842323593750004 0.2016317015625 0.4315352703125 0.20629370625000001 0.4377593359375 0.208624709375 0.4481327796875 0.208624709375 0.4585062234375 0.20104895156249997 0.4585062234375 0.172494171875 0.4512448125 0.1666666671875 0.44605809062499996 0.1666666671875
0 0.4470954359375 0.2127039625 0.4429460578125 0.2127039625 0.43672199218749996 0.2138694640625 0.43049792499999995 0.21969697031250002 0.43049792499999995 0.2488344984375 0.4336099578125 0.25407925468750003 0.44605809062499996 0.25757575781250003 0.45643153593749997 0.2546620046875 0.45954356875 0.24825174843750003 0.45954356875 0.222027971875 0.45643153593749997 0.21678321718750002 0.4470954359375 0.2127039625
0 0.4481327796875 0.2616550109375 0.4470954359375 0.26107226093749997 0.43568464687499997 0.26340326406250003 0.4315352703125 0.2698135203125 0.4315352703125 0.2960372953125 0.43568464687499997 0.303613053125 0.443983403125 0.3071095578125 0.45539419062500003 0.30652680625 0.4616182578125 0.29895104843750003 0.46058091250000005 0.26923076875 0.4574688796875 0.26456876406249996 0.4481327796875 0.2616550109375
0 0.6576763484375 0.3886946390625 0.6317427390625 0.3892773890625 0.63070539375 0.3886946390625 0.6120331953125 0.3892773890625 0.6016597515625 0.3916083921875 0.5964730296874999 0.3956876453125 0.5985477171875 0.402680653125 0.604771784375 0.40617715624999995 0.6670124484375 0.40559440625 0.6753112031249999 0.403263403125 0.6773858921875 0.3951048953125 0.6732365140625001 0.391025640625 0.6576763484375 0.3886946390625
0 0.87033195 0.3875291375 0.8647002078125 0.3875291375 0.8278008296875001 0.3881118875 0.8205394187499999 0.3921911421875 0.8236514515625 0.40209790156249997 0.8620331953125 0.40501165468749994 0.8786307046875 0.409090909375 0.8869294609375 0.40792540781250003 0.8931535265624999 0.40034965 0.8931535265624999 0.39277389218750003 0.884854771875 0.3875291375 0.87033195 0.3875291375