0 0.46442307656250004 0.39459459531249996 0.45576923125 0.39459459531249996 0.44519230781249997 0.398378378125 0.44230769218750005 0.42270270312499997 0.446153846875 0.4281081078125 0.4519230765625 0.43081081093750007 0.4701923078125 0.4318918921875 0.4759615390625 0.42864864843749995 0.477884615625 0.41891891875000004 0.47307692343749996 0.41135135156249997 0.472115384375 0.398378378125 0.46442307656250004 0.39459459531249996
0 0.4509615390625 0.30486486562500004 0.44230769218750005 0.3091891890625 0.44134615312500003 0.3291891890625 0.44519230781249997 0.342702703125 0.45288461562500004 0.34540540468750003 0.465384615625 0.343783784375 0.4701923078125 0.337297296875 0.46923076874999997 0.3113513515625 0.4673076921875 0.3081081078125 0.4576923078125 0.30486486562500004 0.4509615390625 0.30486486562500004
0 0.458653846875 0.34918918906249996 0.45384615312500004 0.34918918906249996 0.44519230781249997 0.35243243281250003 0.44326923125000006 0.35567567499999997 0.44326923125000006 0.38162162187500004 0.447115384375 0.3891891890625 0.4615384609375 0.39081081093750003 0.46826923125000003 0.3891891890625 0.47115384687499995 0.3859459453125 0.47115384687499995 0.3578378375 0.46826923125000003 0.35243243281250003 0.458653846875 0.34918918906249996
0 0.4576923078125 0.25891891875 0.45 0.25891891875 0.44423076874999995 0.260540540625 0.44038461562500003 0.26540540468749996 0.44038461562500003 0.2864864859375 0.44230769218750005 0.29567567499999997 0.45288461562500004 0.300540540625 0.4634615390625 0.298378378125 0.46826923125000003 0.2902702703125 0.4673076921875 0.26594594531250004 0.4634615390625 0.260540540625 0.4576923078125 0.25891891875
0 0.4634615390625 0.180540540625 0.45 0.17945945937500002 0.447115384375 0.17945945937500002 0.4375 0.18108108125 0.43365384687499997 0.183783784375 0.43269230781249995 0.19891891875 0.4384615390625 0.20972972968749998 0.447115384375 0.21243243281250002 0.45576923125 0.21243243281250002 0.4634615390625 0.21027027031249998 0.46634615312500005 0.2070270265625 0.46923076874999997 0.1854054046875 0.4634615390625 0.180540540625
0 0.4576923078125 0.215675675 0.4519230765625 0.215675675 0.446153846875 0.215675675 0.44134615312500003 0.2178378375 0.4375 0.224324325 0.4384615390625 0.244864865625 0.44230769218750005 0.2518918921875 0.4480769234375 0.2545945953125 0.4615384609375 0.2529729734375 0.46634615312500005 0.2470270265625 0.465384615625 0.22000000000000003 0.4576923078125 0.215675675
0 0.4673076921875 0.1497297296875 0.45576923125 0.1475675671875 0.45 0.1475675671875 0.4384615390625 0.1481081078125 0.427884615625 0.1535135140625 0.4269230765625 0.16216216249999998 0.42980769218750003 0.1697297296875 0.4384615390625 0.17675675625 0.4615384609375 0.17675675625 0.46826923125000003 0.1724324328125 0.47115384687499995 0.1659459453125 0.4701923078125 0.15243243281250002 0.4673076921875 0.1497297296875
0 0.4269230765625 0.104864865625 0.4240384609375 0.1086486484375 0.4259615390625 0.116216215625 0.42980769218750003 0.11783783750000001 0.46826923125000003 0.11783783750000001 0.4740384609375 0.1124324328125 0.4740384609375 0.10648648593750001 0.46923076874999997 0.102702703125 0.4625 0.102702703125 0.4269230765625 0.104864865625
0 0.4545673078125 0.120540540625 0.43461538437499997 0.12108108125000001 0.425 0.1264864859375 0.4259615390625 0.13891891875 0.43173076874999994 0.144864865625 0.46634615312500005 0.144864865625 0.472115384375 0.1378378375 0.47307692343749996 0.1259459453125 0.46634615312500005 0.121621621875 0.459615384375 0.120540540625 0.4545673078125 0.120540540625
0 0.634615384375 0.415135134375 0.63173076875 0.415135134375 0.622115384375 0.41567567499999997 0.6115384609375 0.41891891875000004 0.609615384375 0.42324324375 0.6163461531250001 0.4302702703125 0.671153846875 0.43081081093750007 0.6798076921875 0.42972972968749995 0.684615384375 0.4270270265625 0.684615384375 0.41891891875000004 0.675 0.415135134375 0.634615384375 0.415135134375
0 0.8240384609375001 0.4145945953125 0.8182692312500001 0.41783783750000003 0.8201923078125001 0.4270270265625 0.8692307687499999 0.437297296875 0.8740384609375 0.4345945953125 0.877884615625 0.4259459453125 0.877884615625 0.418378378125 0.8692307687499999 0.4140540546875 0.8644230765625001 0.4140540546875 0.8240384609375001 0.4145945953125
0 1 0.42108108125 0.9951923078125 0.41567567499999997 0.9846153843750001 0.4140540546875 0.9826923078125 0.4140540546875 0.971153846875 0.41891891875000004 0.9721153843750001 0.439459459375 0.978846153125 0.44324324375 0.9903846156249999 0.44324324375 0.997115384375 0.441621621875 1 0.4375675671875 1 0.42108108125
1 0.058653846875000006 0.43081081093750007 0.053846153125 0.4259459453125 0.044230768749999996 0.423783784375 0.0394230765625 0.423783784375 0.016346153125 0.424324325 0.00576923125 0.42918918906250003 0.003846153125 0.4454054046875 0.009615384375 0.4535135140625 0.016346153125 0.45513513437500003 0.033653846875 0.45513513437500003 0.05 0.4535135140625 0.05673076875000001 0.4508108109375 0.059615384375000004 0.4454054046875 0.058653846875000006 0.43081081093750007
1 0.11730769218749999 0.4302702703125 0.11538461562499999 0.4270270265625 0.1048076921875 0.42270270312499997 0.09903846093749999 0.42270270312499997 0.08173076875 0.42270270312499997 0.0673076921875 0.4270270265625 0.0625 0.4329729734375 0.0625 0.444324325 0.066346153125 0.4518918921875 0.0923076921875 0.45405405468750004 0.10673076875000001 0.4535135140625 0.1134615390625 0.4508108109375 0.11923076875000001 0.442702703125 0.11730769218749999 0.4302702703125
1 0.15673076875 0.42162162187499996 0.152884615625 0.42162162187499996 0.13365384687499998 0.42270270312499997 0.12307692343750001 0.42918918906250003 0.122115384375 0.444324325 0.13076923125 0.4529729734375 0.1701923078125 0.4524324328125 0.17980769218749998 0.4459459453125 0.18076923125 0.4313513515625 0.177884615625 0.4270270265625 0.16923076875 0.42270270312499997 0.15673076875 0.42162162187499996
1 0.24230769218749998 0.43081081093750007 0.2384615390625 0.4254054046875 0.227884615625 0.42162162187499996 0.22259615312499997 0.42162162187499996 0.19615384687499998 0.42162162187499996 0.1875 0.4259459453125 0.184615384375 0.43081081093750007 0.184615384375 0.442702703125 0.1875 0.44864864843749996 0.1923076921875 0.4513513515625 0.22211538437499997 0.4524324328125 0.2375 0.44918918906250005 0.24230769218749998 0.442702703125 0.24230769218749998 0.43081081093750007
1 0.29423076875 0.42162162187499996 0.2865384609375 0.42054054062499996 0.28076923125 0.42054054062499996 0.25673076875 0.42162162187499996 0.24807692343749999 0.4275675671875 0.24711538437499997 0.442702703125 0.2519230765625 0.44918918906250005 0.2576923078125 0.4513513515625 0.2884615390625 0.4513513515625 0.2990384609375 0.44810810781250004 0.30384615312499996 0.437297296875 0.3019230765625 0.4264864859375 0.29423076875 0.42162162187499996
1 0.365384615625 0.42864864843749995 0.3634615390625 0.42486486562500003 0.353846153125 0.42054054062499996 0.3490384609375 0.42054054062499996 0.31826923125 0.42108108125 0.3125 0.423783784375 0.308653846875 0.42918918906250003 0.308653846875 0.44108108125 0.31826923125 0.4502702703125 0.3384615390625 0.4513513515625 0.35480769218749997 0.4502702703125 0.3615384609375 0.4475675671875 0.36634615312499996 0.43891891875000005 0.365384615625 0.42864864843749995
1 0.4394230765625 0.4275675671875 0.43461538437499997 0.42162162187499996 0.427884615625 0.41945945937499995 0.42179519218749995 0.41945945937499995 0.3826923078125 0.42054054062499996 0.3740384609375 0.42324324375 0.3701923078125 0.42918918906250003 0.3701923078125 0.437297296875 0.378846153125 0.44864864843749996 0.39326923125 0.44972972968749997 0.40192307656250004 0.44810810781250004 0.43461538437499997 0.436216215625 0.4394230765625 0.4313513515625 0.4394230765625 0.4275675671875
1 0.5769230765625 0.41675675625 0.49711538437499997 0.417297296875 0.49615384687499997 0.41675675625 0.4875 0.417297296875 0.48269230781249994 0.42324324375 0.48365384687499996 0.4281081078125 0.490384615625 0.4324324328125 0.577884615625 0.4318918921875 0.5855769234375 0.43081081093750007 0.590384615625 0.4264864859375 0.590384615625 0.4221621625 0.5865384609375 0.418378378125 0.5769230765625 0.41675675625
1 0.740384615625 0.4145945953125 0.7394230765625001 0.4140540546875 0.69423076875 0.41675675625 0.690384615625 0.42000000000000004 0.691346153125 0.4270270265625 0.697115384375 0.42972972968749995 0.7730769234375 0.42972972968749995 0.7903846156250001 0.42864864843749995 0.797115384375 0.424324325 0.796153846875 0.41891891875000004 0.7875 0.415135134375 0.740384615625 0.4145945953125
1 0.9576923078125 0.42108108125 0.95 0.415135134375 0.9432692312500001 0.4135135140625 0.9383240390625 0.4135135140625 0.89326923125 0.4140540546875 0.8875 0.416216215625 0.8798076921875 0.42324324375 0.8798076921875 0.436216215625 0.8865384609375001 0.43891891875000005 0.9173076921875 0.43675675625 0.93076923125 0.4340540546875 0.9480769234374999 0.4340540546875 0.95673076875 0.4275675671875 0.9576923078125 0.42108108125