0 0.465740740625 0.1348958328125 0.4620370375 0.128125 0.42314814843750004 0.1307291671875 0.4203703703125 0.1328125 0.42129629687500003 0.1380208328125 0.4268518515625 0.1395833328125 0.4546296296875 0.1390625 0.465740740625 0.1348958328125
0 0.46388888906250003 0.1630208328125 0.4675925921875 0.14895833281249998 0.46296296249999996 0.1442708328125 0.43240740781250003 0.1427083328125 0.42129629687500003 0.14895833281249998 0.42129629687500003 0.1572916671875 0.427777778125 0.1640625 0.4509259265625 0.1651041671875 0.46388888906250003 0.1630208328125
0 0.46296296249999996 0.1916666671875 0.465740740625 0.1744791671875 0.4620370375 0.1697916671875 0.45370370312499997 0.1677083328125 0.43518518593750005 0.1677083328125 0.4268518515625 0.1703125 0.42314814843750004 0.1744791671875 0.425 0.1890625 0.43055555625 0.1942708328125 0.45277777812500003 0.19479166718750002 0.46296296249999996 0.1916666671875
0 0.4583333328125 0.2265625 0.46388888906250003 0.2171875 0.46296296249999996 0.20208333281250002 0.4583333328125 0.1994791671875 0.44166666718750003 0.1984375 0.43148148124999997 0.20052083281250002 0.42870370312499995 0.20416666718749998 0.42870370312499995 0.22135416718749998 0.434259259375 0.2265625 0.44259259218749997 0.228125 0.4583333328125 0.2265625
0 0.4611111109375 0.2635416671875 0.4611111109375 0.23697916718749998 0.4509259265625 0.23177083281250002 0.43981481406249995 0.2322916671875 0.434259259375 0.23541666718749998 0.434259259375 0.2630208328125 0.4379629625 0.2682291671875 0.447222221875 0.2703125 0.4611111109375 0.2635416671875
0 0.459259259375 0.3109375 0.4620370375 0.3057291671875 0.4611111109375 0.2791666671875 0.45277777812500003 0.27395833281250004 0.44259259218749997 0.27395833281250004 0.4370370375 0.2776041671875 0.4370370375 0.3078125 0.44351851875000003 0.31302083281250004 0.45277777812500003 0.31302083281250004 0.459259259375 0.3109375
0 0.459259259375 0.35625 0.46388888906250003 0.35104166718749996 0.46296296249999996 0.3234375 0.4574074078125 0.3182291671875 0.4509259265625 0.3171875 0.44259259218749997 0.3182291671875 0.4379629625 0.3213541671875 0.4379629625 0.3515625 0.44351851875000003 0.35625 0.45185185156249996 0.3578125 0.459259259375 0.35625
0 0.465740740625 0.3942708328125 0.46481481406249997 0.3671875 0.4546296296875 0.3609375 0.44166666718750003 0.3630208328125 0.4388888890625 0.365625 0.4388888890625 0.3947916671875 0.44629629687500005 0.4010416671875 0.4583333328125 0.4015625 0.465740740625 0.3942708328125
0 0.4675925921875 0.4322916671875 0.46666666718750005 0.4125 0.46296296249999996 0.4067708328125 0.45648148125 0.40520833281249996 0.4453703703125 0.40625 0.43981481406249995 0.4114583328125 0.4379629625 0.440625 0.44259259218749997 0.44322916718750005 0.45 0.44322916718750005 0.4675925921875 0.4322916671875
1 0.5398148140625 0.4484375 0.55648148125 0.44739583281249995 0.5611111109375 0.44427083281249996 0.5611111109375 0.4380208328125 0.553703703125 0.4348958328125 0.50648148125 0.434375 0.50555555625 0.43385416718750003 0.4703703703125 0.4348958328125 0.459259259375 0.4401041671875 0.4583333328125 0.4479166671875 0.5398148140625 0.4484375
1 0.6731481484375 0.4453125 0.7009259265625001 0.44635416718750004 0.7083333328125 0.44427083281249996 0.7101851859375 0.43541666718750005 0.7 0.43177083281249995 0.6879629625 0.43177083281249995 0.6805555562500001 0.43177083281249995 0.672222221875 0.43333333281249997 0.66851851875 0.4359375 0.6675925921875 0.4401041671875 0.6731481484375 0.4453125
1 0.7990740734374999 0.4453125 0.815740740625 0.4458333328125 0.8546296296874999 0.45520833281249995 0.8666666671875 0.453125 0.8740740734375001 0.446875 0.8759259265624999 0.4427083328125 0.872222221875 0.4359375 0.8574074078124999 0.43125 0.8101851859375 0.43072916718750004 0.8083333328125001 0.43072916718750004 0.7990740734374999 0.43125 0.7916666671875 0.43541666718750005 0.7925925921875 0.44114583281249997 0.7990740734374999 0.4453125
1 0.9388888890624999 0.4583333328125 0.9796296296874999 0.45885416718750005 0.990740740625 0.4536458328125 0.99351851875 0.4453125 0.9916666671875 0.4380208328125 0.9824074078124999 0.43125 0.9759259265625 0.43072916718750004 0.9706018515625001 0.43072916718750004 0.9546296296874999 0.43072916718750004 0.946296296875 0.4348958328125 0.9351851859375 0.4546875 0.9388888890624999 0.4583333328125
1 0.36851851875 0.45416666718750004 0.3768518515625 0.46458333281249997 0.3851851859375 0.465625 0.40092592656250003 0.46302083281249995 0.43148148124999997 0.45104166718750005 0.43148148124999997 0.440625 0.42314814843750004 0.43645833281249996 0.4129629625 0.4359375 0.40833333281249995 0.4359375 0.3796296296875 0.4369791671875 0.372222221875 0.43958333281249995 0.36851851875 0.4447916671875 0.36851851875 0.45416666718750004
1 0.309259259375 0.45677083281249997 0.3111111109375 0.4609375 0.31851851875000003 0.465625 0.3379629625 0.46666666718750005 0.352777778125 0.465625 0.3601851859375 0.46302083281249995 0.3638888890625 0.45677083281249997 0.3638888890625 0.4453125 0.3611111109375 0.4401041671875 0.352777778125 0.4369791671875 0.3474074078125 0.4369791671875 0.31851851875000003 0.4375 0.3129629625 0.4401041671875 0.309259259375 0.44635416718750004 0.309259259375 0.45677083281249997
1 0.24907407343750002 0.4583333328125 0.25740740781250004 0.4661458328125 0.2833333328125 0.4671875 0.3 0.4635416671875 0.303703703125 0.459375 0.303703703125 0.4458333328125 0.3009259265625 0.44114583281249997 0.2916666671875 0.4375 0.2870370375 0.4375 0.2601851859375 0.4380208328125 0.2518518515625 0.44166666718750003 0.24907407343750002 0.446875 0.24907407343750002 0.4583333328125
1 0.1916666671875 0.46458333281249997 0.20277777812500003 0.4682291671875 0.23611111093749998 0.46666666718750005 0.24444444375000002 0.45989583281249996 0.2453703703125 0.4479166671875 0.2416666671875 0.4421875 0.22870370312500002 0.4380208328125 0.20277777812500003 0.4380208328125 0.2 0.4380208328125 0.1925925921875 0.440625 0.1879629625 0.44739583281249995 0.1879629625 0.45885416718750005 0.1916666671875 0.46458333281249997
1 0.1296296296875 0.4609375 0.13703703750000001 0.4682291671875 0.172222221875 0.4682291671875 0.177777778125 0.4671875 0.1833333328125 0.4625 0.1833333328125 0.44427083281249996 0.1740740734375 0.4390625 0.1629629625 0.43854166718750004 0.1620370375 0.4380208328125 0.13981481406250001 0.4390625 0.13148148125 0.44375 0.12870370312499999 0.44895833281249997 0.1296296296875 0.4609375
1 0.0703703703125 0.46458333281249997 0.07685185156249999 0.46875 0.1148148140625 0.46875 0.12407407343750002 0.46302083281249995 0.12592592656249998 0.4583333328125 0.1231481484375 0.44375 0.1148148140625 0.43958333281249995 0.102777778125 0.4390625 0.0976851859375 0.4390625 0.077777778125 0.440625 0.0703703703125 0.44635416718750004 0.06851851875000001 0.45989583281249996 0.0703703703125 0.46458333281249997
1 0.013888889062500001 0.4671875 0.021296296875000002 0.4703125 0.04444444375 0.4703125 0.0638888890625 0.4671875 0.065740740625 0.4515625 0.0620370375 0.44375 0.051851851562499995 0.4401041671875 0.0296296296875 0.4401041671875 0.027777778125000003 0.4401041671875 0.0175925921875 0.4421875 0.0111111109375 0.446875 0.0111111109375 0.46302083281249995 0.013888889062500001 0.4671875
1 0.0009259265625 0.44375 0 0.44375 0.0018518515625 0.46770833281249996 0.00555555625 0.4625 0.00555555625 0.44895833281249997 0.0009259265625 0.44375
0 0.5833333328125 0.446875 0.5898148140624999 0.4479166671875 0.646296296875 0.4458333328125 0.6509259265625 0.4427083328125 0.65 0.43645833281249996 0.646296296875 0.434375 0.63055555625 0.4322916671875 0.628703703125 0.4322916671875 0.5861111109375 0.43333333281249997 0.5768518515625 0.4375 0.5768518515625 0.44114583281249997 0.5833333328125 0.446875
0 0.7259259265625 0.4458333328125 0.7796296296875 0.4453125 0.7861111109375 0.4401041671875 0.784259259375 0.434375 0.7787037031249999 0.43125 0.7583333328124999 0.43072916718750004 0.75555555625 0.43072916718750004 0.7203703703125 0.4328125 0.715740740625 0.4375 0.7175925921874999 0.44322916718750005 0.7259259265625 0.4458333328125
0 0.8925925921875001 0.44895833281249997 0.925 0.45104166718750005 0.9333333328125001 0.44739583281249995 0.9370370375 0.4348958328125 0.934259259375 0.4322916671875 0.9203703703125001 0.4302083328125 0.915740740625 0.4302083328125 0.8925925921875001 0.4302083328125 0.884259259375 0.434375 0.8833333328125 0.4427083328125 0.8925925921875001 0.44895833281249997