0 0.647338403125 0.4251336890625 0.62357414375 0.42566844843749996 0.6226235734375 0.4251336890625 0.5903041828125 0.4272727265625 0.58555133125 0.43155080156250003 0.5903041828125 0.43957219218750004 0.598859315625 0.44117647031249996 0.6454372625 0.4406417109375 0.654942965625 0.43903743281249996 0.6577946765625 0.4368983953125 0.6587452468749999 0.43101604218749995 0.654942965625 0.4267379671875 0.647338403125 0.4251336890625
0 0.45532319374999997 0.398395721875 0.44866920156249995 0.399465240625 0.44296577968750006 0.40481283437500004 0.4391634984375 0.43101604218749995 0.44201520937499994 0.43636363593749994 0.4524714828125 0.43636363593749994 0.4714828890625 0.4251336890625 0.46958174843749995 0.403743315625 0.4667300375 0.4 0.459125475 0.398395721875 0.45532319374999997 0.398395721875
0 0.8526615968750001 0.42566844843749996 0.8412547531250001 0.42352941250000004 0.8079847906250001 0.42299465312500006 0.8051330796875 0.42299465312500006 0.796577946875 0.42352941250000004 0.788973384375 0.4267379671875 0.7880228140625001 0.4331550796875 0.790874525 0.4368983953125 0.8032319390625 0.43903743281249996 0.8355513312499999 0.43957219218750004 0.84315589375 0.4417112296875 0.8488593156249999 0.4406417109375 0.8555133078124999 0.4320855609375 0.8526615968750001 0.42566844843749996
0 0.975285171875 0.42459893125 0.9676806078125001 0.42299465312500006 0.9615019015625 0.42299465312500006 0.9505703421874999 0.42459893125 0.9429657796875001 0.43101604218749995 0.9410646390625 0.43582887656249997 0.9429657796875001 0.4454545453125 0.95532319375 0.45240641718749997 0.968631178125 0.45240641718749997 0.975285171875 0.4502673796875 0.98098859375 0.4454545453125 0.98098859375 0.4288770046875 0.975285171875 0.42459893125
0 0.4524714828125 0.311229946875 0.4410646390625 0.31604278125 0.44011406875 0.33850267343749996 0.4448669203125 0.3481283421875 0.45532319374999997 0.3508021390625 0.464828896875 0.3486631015625 0.468631178125 0.3363636359375 0.4676806078125 0.3192513375 0.46387832656250005 0.3149732625 0.45437262343749996 0.311229946875 0.4524714828125 0.311229946875
0 0.453422053125 0.3540106953125 0.4467680609375 0.3550802140625 0.4410646390625 0.3598930484375 0.44201520937499994 0.387700534375 0.4448669203125 0.391978609375 0.4524714828125 0.395187165625 0.46387832656250005 0.394117646875 0.46958174843749995 0.38823529375 0.468631178125 0.3593582890625 0.4581749046875 0.3540106953125 0.453422053125 0.3540106953125
0 0.459125475 0.2657754015625 0.45152091250000004 0.2657754015625 0.44296577968750006 0.2673796796875 0.4391634984375 0.27272727343750003 0.44011406875 0.30053475937499996 0.44201520937499994 0.303743315625 0.44866920156249995 0.30641711250000003 0.45627376406250003 0.305882353125 0.4657794671875 0.3 0.4657794671875 0.2737967921875 0.46292775625000004 0.26684492031249996 0.459125475 0.2657754015625
0 0.42205323124999994 0.11925133750000001 0.42300380156250006 0.1272727265625 0.43346007656249996 0.1294117640625 0.46958174843749995 0.12887700468750002 0.47243345937500003 0.12245989374999999 0.46958174843749995 0.11336898437500001 0.464828896875 0.11336898437500001 0.4258555140625 0.115508021875 0.42205323124999994 0.11925133750000001
0 0.453422053125 0.13101604218750001 0.44724334531250004 0.13101604218750001 0.43250950625 0.13208556093749999 0.42300380156250006 0.1390374328125 0.4258555140625 0.1508021390625 0.4372623578125 0.1566844921875 0.4619771859375 0.1566844921875 0.468631178125 0.1524064171875 0.4714828890625 0.1470588234375 0.47053231875 0.1358288765625 0.4667300375 0.1331550796875 0.453422053125 0.13101604218750001
0 0.44201520937499994 0.1582887703125 0.43060836562500004 0.1609625671875 0.4258555140625 0.16577540156249998 0.42870722499999997 0.18021390312500002 0.4372623578125 0.186631015625 0.46292775625000004 0.185561496875 0.468631178125 0.179144384375 0.4676806078125 0.1625668453125 0.459125475 0.1588235296875 0.449619771875 0.1582887703125 0.44201520937499994 0.1582887703125
0 0.459125475 0.189839571875 0.45437262343749996 0.189839571875 0.44011406875 0.189839571875 0.4315589359375 0.196256684375 0.4353612171875 0.217647059375 0.4391634984375 0.221390375 0.4448669203125 0.22245989375000003 0.4619771859375 0.22085561562499997 0.464828896875 0.21657754062499998 0.4676806078125 0.197326203125 0.4657794671875 0.193048128125 0.459125475 0.189839571875
0 0.46292775625000004 0.2283422453125 0.45532319374999997 0.2256684484375 0.45057034218750003 0.2256684484375 0.44011406875 0.2272727265625 0.43631178750000005 0.2342245984375 0.4372623578125 0.2529411765625 0.4410646390625 0.2598930484375 0.44866920156249995 0.26256684531249996 0.45437262343749996 0.26256684531249996 0.4619771859375 0.2598930484375 0.464828896875 0.2540106953125 0.46387832656250005 0.23048128281250002 0.46292775625000004 0.2283422453125
1 0.4619771859375 0.4326203203125 0.459125475 0.43636363593749994 0.46292775625000004 0.4422459890625 0.5589353609375001 0.44117647031249996 0.56749049375 0.4368983953125 0.56749049375 0.43155080156250003 0.5608365015625 0.42780748593749995 0.479087453125 0.4267379671875 0.47718631250000004 0.4267379671875 0.4619771859375 0.4326203203125
1 0.759505703125 0.42459893125 0.695817490625 0.42459893125 0.6948669203125 0.424064171875 0.676806084375 0.42459893125 0.6653992390625 0.4267379671875 0.662547528125 0.43101604218749995 0.66444866875 0.4368983953125 0.6711026609374999 0.4401069515625 0.7509505703125 0.43957219218750004 0.76140684375 0.4385026734375 0.7680608359375001 0.4347593578125 0.7680608359375001 0.4283422453125 0.759505703125 0.42459893125
1 0.9192015203125001 0.42352941250000004 0.8878327 0.42352941250000004 0.882129278125 0.42352941250000004 0.8650190109375 0.4251336890625 0.856463878125 0.4352941171875 0.8574144484374999 0.4454545453125 0.8754752859374999 0.4513368984375 0.916349809375 0.4433155078125 0.9277566546875 0.43957219218750004 0.9315589359375 0.43636363593749994 0.9325095062500001 0.4304812828125 0.926806084375 0.42566844843749996 0.9192015203125001 0.42352941250000004
1 1 0.4228235296875 0.994296578125 0.42299465312500006 0.986692015625 0.42941176406250003 0.986692015625 0.44491978593750003 0.9904942968749999 0.4508021390625 0.9961977187500001 0.45240641718749997 1 0.4525036453125 1 0.4228235296875
1 0.43346007656249996 0.4406417109375 0.4315589359375 0.4352941171875 0.4249049421875 0.4299465234375 0.41825095 0.4288770046875 0.412547528125 0.4288770046875 0.3811787078125 0.4299465234375 0.37357414375000003 0.4326203203125 0.3697718625 0.4385026734375 0.3697718625 0.4459893046875 0.3745247140625 0.4550802140625 0.3792775671875 0.45828877031250004 0.39163498125 0.4588235296875 0.4001901140625 0.4572192515625 0.43060836562500004 0.4454545453125 0.43346007656249996 0.4406417109375
1 0.36596958125 0.44919786093749997 0.36596958125 0.4401069515625 0.36216729999999997 0.4331550796875 0.3536121671875 0.4299465234375 0.3484790875 0.4299465234375 0.3203422046875 0.4304812828125 0.3127376421875 0.43422459843750005 0.30988593125 0.43957219218750004 0.30988593125 0.4508021390625 0.311787071875 0.45454545468749996 0.319391634375 0.4593582890625 0.34695817500000004 0.4598930484375 0.3545627375 0.4593582890625 0.3612167296875 0.4566844921875 0.36596958125 0.44919786093749997
1 0.2861216734375 0.4304812828125 0.285171103125 0.4299465234375 0.25855513281250003 0.43101604218749995 0.25 0.4352941171875 0.24809885937499998 0.45240641718749997 0.25760456249999997 0.4604278078125 0.2899239546875 0.4604278078125 0.3013307984375 0.45614973281250004 0.30608365000000004 0.4459893046875 0.3032319390625 0.43582887656249997 0.29562737656250004 0.43101604218749995 0.2861216734375 0.4304812828125
1 0.24049429687499999 0.43582887656249997 0.23098859374999997 0.43155080156250003 0.20057034218749997 0.43101604218749995 0.1967680609375 0.43101604218749995 0.1891634984375 0.43422459843750005 0.1853612171875 0.43957219218750004 0.184410646875 0.44973262031249994 0.1891634984375 0.4588235296875 0.199619771875 0.4620320859375 0.2338403046875 0.4604278078125 0.2395437265625 0.4572192515625 0.2433460078125 0.4513368984375 0.2433460078125 0.4401069515625 0.24049429687499999 0.43582887656249997
1 0.180608365625 0.43903743281249996 0.1749049421875 0.43368983906249997 0.166349809375 0.43155080156250003 0.1608365015625 0.43155080156250003 0.13878327031249998 0.43155080156250003 0.12737642656249998 0.4352941171875 0.12262357343750001 0.4438502671875 0.12357414375 0.45240641718749997 0.1254752859375 0.4572192515625 0.132129278125 0.4620320859375 0.1596958171875 0.4625668453125 0.176806084375 0.4593582890625 0.1815589359375 0.45240641718749997 0.180608365625 0.43903743281249996
1 0.11026615937499999 0.4331550796875 0.08555133125 0.4320855609375 0.083650190625 0.4320855609375 0.069391634375 0.43368983906249997 0.0627376421875 0.4401069515625 0.0627376421875 0.4572192515625 0.069391634375 0.4625668453125 0.0741444859375 0.46310160468749995 0.11026615937499999 0.4620320859375 0.11692015156249999 0.4588235296875 0.1197718625 0.45454545468749996 0.1188212921875 0.4385026734375 0.11026615937499999 0.4331550796875
1 0.057034220312499995 0.4406417109375 0.054182509375 0.43636363593749994 0.04467680625 0.4331550796875 0.039733840625 0.4331550796875 0.015209125 0.43368983906249997 0.00380228125 0.4385026734375 0.0028517109375 0.45828877031250004 0.0076045625 0.4625668453125 0.013307984375000002 0.4641711234375 0.0380228140625 0.46363636406250003 0.051330798437500005 0.4620320859375 0.05608365 0.4598930484375 0.0589353609375 0.45240641718749997 0.057034220312499995 0.4406417109375