0 0.43099999999999994 0.37359550625 0.426 0.37359550625 0.41500000000000004 0.3792134828125 0.41600000000000004 0.4 0.43099999999999994 0.40955056250000005 0.45199999999999996 0.40955056250000005 0.45899999999999996 0.405617978125 0.45999999999999996 0.4 0.457 0.39662921406249996 0.445 0.391573034375 0.44000000000000006 0.375842696875 0.43099999999999994 0.37359550625
0 0.434 0.3280898875 0.42800000000000005 0.327528090625 0.42300000000000004 0.327528090625 0.418 0.3286516859375 0.413 0.3331460671875 0.413 0.361797753125 0.418 0.3685393265625 0.43 0.37022471874999996 0.438 0.3685393265625 0.441 0.3657303375 0.44299999999999995 0.35168539375 0.441 0.33258427031250004 0.434 0.3280898875
0 0.43 0.28033707812499997 0.429 0.28033707812499997 0.417 0.2814606734375 0.41100000000000003 0.2870786515625 0.41200000000000003 0.3157303375 0.41500000000000004 0.32022471874999997 0.42300000000000004 0.32359550625 0.434 0.32247190937500003 0.44000000000000006 0.3168539328125 0.44000000000000006 0.2887640453125 0.438 0.2848314609375 0.43 0.28033707812499997
0 0.426 0.1870786515625 0.418 0.1870786515625 0.41100000000000003 0.18932584218749998 0.40700000000000003 0.194382021875 0.40800000000000003 0.2207865171875 0.41500000000000004 0.2280898875 0.42400000000000004 0.2292134828125 0.434 0.22584269687499997 0.437 0.219662921875 0.43600000000000005 0.1926966296875 0.434 0.18988764062500002 0.426 0.1870786515625
0 0.43499999999999994 0.23595505625 0.42699999999999994 0.233707865625 0.421 0.233707865625 0.41500000000000004 0.23483146093750001 0.41100000000000003 0.23820224687499997 0.409 0.25 0.41100000000000003 0.27022471875 0.414 0.27359550625 0.422 0.27640449375 0.434 0.27415730312500003 0.43899999999999995 0.2646067421875 0.437 0.23932584218750003 0.43499999999999994 0.23595505625
0 0.41600000000000004 0.1494382015625 0.40700000000000003 0.1505617984375 0.403 0.15449438124999998 0.403 0.1730337078125 0.41200000000000003 0.18314606718749998 0.426 0.18370786562500002 0.437 0.17696629218749999 0.43899999999999995 0.155617978125 0.43499999999999994 0.1505617984375 0.421 0.1494382015625 0.41600000000000004 0.1494382015625
0 0.426 0.0865168546875 0.421 0.0865168546875 0.403 0.08764045000000001 0.394 0.09213483125000001 0.394 0.103932584375 0.40099999999999997 0.11235955 0.434 0.11292134843749999 0.438 0.1112359546875 0.44400000000000006 0.1011235953125 0.44299999999999995 0.09213483125000001 0.43600000000000005 0.088202246875 0.426 0.0865168546875
0 0.42699999999999994 0.11516853906249999 0.421 0.11516853906249999 0.409 0.11516853906249999 0.397 0.12134831406249999 0.396 0.130337078125 0.399 0.1387640453125 0.409 0.1466292140625 0.434 0.146067415625 0.44000000000000006 0.139887640625 0.441 0.12022471875 0.437 0.1168539328125 0.42699999999999994 0.11516853906249999
0 0.40499999999999997 0.0691011234375 0.393 0.0719101125 0.391 0.075842696875 0.395 0.08314606718749999 0.425 0.0842696625 0.437 0.08314606718749999 0.442 0.080337078125 0.44400000000000006 0.0719101125 0.44000000000000006 0.0691011234375 0.40599999999999997 0.0691011234375 0.40499999999999997 0.0691011234375
0 0.662 0.39213483125000004 0.6559999999999999 0.39213483125000004 0.6519999999999999 0.39213483125000004 0.603 0.39382022499999997 0.596 0.397752809375 0.596 0.4028089890625 0.603 0.40786516875 0.61 0.4089887640625 0.655 0.408426965625 0.669 0.40674157343750006 0.673 0.402247190625 0.6719999999999999 0.39606741562500003 0.662 0.39213483125000004
0 0.851714 0.3910112359375 0.82 0.3910112359375 0.8119999999999999 0.39382022499999997 0.8109999999999999 0.40168539374999995 0.817 0.406179775 0.86 0.4168539328125 0.867 0.41348314531249997 0.868 0.39662921406249996 0.8640000000000001 0.39213483125000004 0.857 0.3910112359375 0.851714 0.3910112359375
0 0.982 0.389887640625 0.9789999999999999 0.389887640625 0.9730000000000001 0.3910112359375 0.9630000000000001 0.3971910109375 0.9560000000000001 0.40955056250000005 0.9570000000000001 0.4174157296875 0.968 0.42134831406249995 0.994 0.42022471875 1 0.41404494375 0.998 0.39606741562500003 0.991 0.391573034375 0.982 0.389887640625
1 0.396 0.39606741562500003 0.382 0.39831460625 0.377 0.4028089890625 0.377 0.41011235937499996 0.385 0.416292134375 0.398 0.416292134375 0.41 0.41292134843749995 0.41500000000000004 0.40955056250000005 0.41500000000000004 0.403932584375 0.40499999999999997 0.39606741562500003 0.396 0.39606741562500003
1 0.362 0.39831460625 0.353 0.3971910109375 0.34750000000000003 0.3971910109375 0.322 0.397752809375 0.312 0.4028089890625 0.31 0.41797752812500005 0.318 0.42752809062499997 0.354 0.4280898875 0.363 0.42640449374999995 0.371 0.42134831406249995 0.374 0.4106741578125 0.37 0.40337078593750003 0.362 0.39831460625
1 0.306 0.40786516875 0.304 0.4028089890625 0.29500000000000004 0.397752809375 0.28900000000000003 0.397752809375 0.257 0.39831460625 0.24900000000000003 0.402247190625 0.246 0.4174157296875 0.248 0.42359550625000003 0.255 0.4286516859375 0.279 0.42977528125 0.29500000000000004 0.4286516859375 0.301 0.42640449374999995 0.306 0.4191011234375 0.306 0.40786516875
1 0.238 0.402247190625 0.229 0.39831460625 0.22325 0.39831460625 0.192 0.3994382015625 0.184 0.403932584375 0.181 0.41797752812500005 0.185 0.4252808984375 0.191 0.42921348281249994 0.229 0.42977528125 0.238 0.42640449374999995 0.242 0.4219101125 0.24100000000000002 0.406179775 0.238 0.402247190625
1 0.177 0.4089887640625 0.174 0.40337078593750003 0.16399999999999998 0.3988764046875 0.1582 0.3988764046875 0.13 0.3994382015625 0.121 0.403932584375 0.11699999999999999 0.4191011234375 0.12 0.42640449374999995 0.125 0.42977528125 0.132 0.43146067343750005 0.16399999999999998 0.43089887656250003 0.174 0.4269662921875 0.178 0.42134831406249995 0.177 0.4089887640625
1 0.11299999999999999 0.4112359546875 0.11000000000000001 0.403932584375 0.097 0.3994382015625 0.081 0.4 0.08 0.3994382015625 0.068 0.4 0.057999999999999996 0.40337078593750003 0.053000000000000005 0.41292134843749995 0.054000000000000006 0.4269662921875 0.061 0.43089887656250003 0.068 0.432022471875 0.10300000000000001 0.43089887656250003 0.10900000000000001 0.4286516859375 0.11200000000000002 0.424157303125 0.11299999999999999 0.4112359546875
1 0 0.4321829859375 0.004 0.4331460671875 0.031 0.43258427031249996 0.041999999999999996 0.43089887656250003 0.046 0.4280898875 0.05 0.41292134843749995 0.048 0.40786516875 0.041999999999999996 0.402247190625 0.032 0.4005617984375 0.026000000000000002 0.4005617984375 0.003 0.4011235953125 0 0.40266853906250005 0 0.4321829859375
1 0.528 0.39382022499999997 0.5269999999999999 0.3932584265625 0.471 0.3949438203125 0.466 0.39831460625 0.46699999999999997 0.40730337031249997 0.471 0.40955056250000005 0.5549999999999999 0.40955056250000005 0.5700000000000001 0.4089887640625 0.5780000000000001 0.403932584375 0.5780000000000001 0.3994382015625 0.5700000000000001 0.3949438203125 0.528 0.39382022499999997
1 0.78 0.391573034375 0.705 0.3910112359375 0.704 0.3910112359375 0.688 0.391573034375 0.6799999999999999 0.3949438203125 0.678 0.4005617984375 0.6809999999999999 0.405617978125 0.6900000000000001 0.40786516875 0.773 0.40730337031249997 0.7809999999999999 0.40674157343750006 0.79 0.4011235953125 0.7889999999999999 0.39550561875 0.78 0.391573034375
1 0.944 0.411797753125 0.951 0.405617978125 0.951 0.39606741562500003 0.9410000000000001 0.3910112359375 0.9269999999999999 0.389887640625 0.923 0.389887640625 0.89 0.3910112359375 0.877 0.39382022499999997 0.8720000000000001 0.40168539374999995 0.875 0.41292134843749995 0.8800000000000001 0.41516853906250006 0.892 0.41516853906250006 0.915 0.411797753125 0.932 0.411797753125 0.9349999999999999 0.41348314531249997 0.944 0.411797753125