1 0 0.47083333281249995 0.0203703703125 0.4692708328125 0.027777778125000003 0.4635416671875 0.027777778125000003 0.44635416718750004 0.0166666671875 0.44114583281249997 0.0111111109375 0.44114583281249997 0 0.44114583281249997 0 0.47083333281249995
1 0.034259259375000004 0.4635416671875 0.0388888890625 0.4682291671875 0.048148148437499996 0.4703125 0.061111110937500004 0.4703125 0.07962962968750001 0.46875 0.08518518593749999 0.46666666718750005 0.0888888890625 0.45885416718750005 0.08796296249999999 0.446875 0.08148148125 0.44166666718750003 0.06851851875000001 0.4401041671875 0.0675925921875 0.43958333281249995 0.046296296875 0.4401041671875 0.0351851859375 0.4447916671875 0.0324074078125 0.4546875 0.034259259375000004 0.4635416671875
1 0.0916666671875 0.4557291671875 0.09351851875 0.46302083281249995 0.0990740734375 0.46770833281249996 0.10555555624999999 0.4692708328125 0.12870370312499999 0.4692708328125 0.140740740625 0.46770833281249996 0.1453703703125 0.46510416718750003 0.1481481484375 0.4604166671875 0.1481481484375 0.446875 0.140740740625 0.440625 0.13055555624999998 0.43854166718750004 0.1296296296875 0.43854166718750004 0.10648148125000001 0.4390625 0.097222221875 0.4421875 0.09351851875 0.44635416718750004 0.0916666671875 0.4557291671875
1 0.15648148125 0.46458333281249997 0.16851851874999998 0.46875 0.19351851874999998 0.4682291671875 0.20277777812500003 0.4661458328125 0.20833333281250002 0.45989583281249996 0.209259259375 0.453125 0.2046296296875 0.44166666718750003 0.19351851874999998 0.4380208328125 0.171296296875 0.4380208328125 0.1675925921875 0.4380208328125 0.1583333328125 0.44114583281249997 0.15370370312499998 0.44739583281249995 0.15277777812499999 0.45885416718750005 0.15648148125 0.46458333281249997
1 0.2175925921875 0.46510416718750003 0.22777777812500002 0.46770833281249996 0.2416666671875 0.46770833281249996 0.2546296296875 0.4671875 0.2648148140625 0.4640625 0.26851851875 0.4578125 0.2675925921875 0.44375 0.25648148125 0.4380208328125 0.2511111109375 0.4380208328125 0.22314814843750003 0.43854166718750004 0.21574074062499998 0.44166666718750003 0.21203703749999997 0.45520833281249995 0.2175925921875 0.46510416718750003
1 0.28148148125 0.465625 0.315740740625 0.4661458328125 0.321296296875 0.46510416718750003 0.32685185156249996 0.4614583328125 0.32685185156249996 0.4427083328125 0.315740740625 0.4369791671875 0.3101851859375 0.4369791671875 0.2824074078125 0.4380208328125 0.275 0.4427083328125 0.272222221875 0.45520833281249995 0.28148148125 0.465625
1 0.3324074078125 0.45677083281249997 0.3398148140625 0.46458333281249997 0.352777778125 0.4661458328125 0.3768518515625 0.465625 0.3861111109375 0.4625 0.3898148140625 0.45885416718750005 0.3888888890625 0.4505208328125 0.3851851859375 0.44166666718750003 0.377777778125 0.4369791671875 0.3726851859375 0.4369791671875 0.34722222187499996 0.4369791671875 0.33703703749999997 0.43958333281249995 0.3324074078125 0.4458333328125 0.3324074078125 0.45677083281249997
1 0.39074074062499997 0.44947916718750003 0.3953703703125 0.45520833281249995 0.4046296296875 0.45885416718750005 0.41203703750000004 0.45885416718750005 0.44166666718750003 0.44947916718750003 0.4703703703125 0.44895833281249997 0.478703703125 0.44739583281249995 0.4824074078125 0.4447916671875 0.4824074078125 0.4390625 0.477777778125 0.4369791671875 0.44629629687500005 0.4369791671875 0.4388888890625 0.43541666718750005 0.43333333281249997 0.43541666718750005 0.4018518515625 0.43645833281249996 0.39444444375 0.4380208328125 0.39074074062499997 0.4421875 0.39074074062499997 0.44947916718750003
1 0.5824074078125 0.44739583281249995 0.5935185187500001 0.4479166671875 0.6620370375 0.446875 0.672222221875 0.4447916671875 0.6768518515624999 0.440625 0.675 0.43541666718750005 0.66944444375 0.4328125 0.6166666671875001 0.4322916671875 0.6129629624999999 0.4322916671875 0.577777778125 0.434375 0.5740740734374999 0.43854166718750004 0.5759259265625001 0.4447916671875 0.5824074078125 0.44739583281249995
1 0.7731481484375 0.44322916718750005 0.790740740625 0.4458333328125 0.8175925921875 0.4458333328125 0.8462962968750001 0.453125 0.8518518515625001 0.4526041671875 0.8574074078124999 0.44947916718750003 0.8611111109375 0.44427083281249996 0.8611111109375 0.4380208328125 0.85555555625 0.4328125 0.8425925921875 0.43072916718750004 0.8046296296875 0.43072916718750004 0.8009259265625 0.43072916718750004 0.777777778125 0.43177083281249995 0.7731481484375 0.43333333281249997 0.7703703703125 0.4369791671875 0.7731481484375 0.44322916718750005
1 0.9268518515625 0.45208333281249996 0.9379629625 0.45885416718750005 0.9675925921875 0.45885416718750005 0.9796296296874999 0.45416666718750004 0.9824074078124999 0.44427083281249996 0.9796296296874999 0.43541666718750005 0.9740740734375001 0.43177083281249995 0.9620370375 0.4302083328125 0.9574074078124999 0.4302083328125 0.9388888890624999 0.4302083328125 0.9305555562500001 0.4348958328125 0.9268518515625 0.44322916718750005 0.9268518515625 0.45208333281249996
0 0.4268518515625 0.1307291671875 0.43240740781250003 0.1328125 0.465740740625 0.13333333281249998 0.46851851875 0.1302083328125 0.46666666718750005 0.121875 0.46296296249999996 0.121875 0.459259259375 0.1234375 0.43055555625 0.12395833281249999 0.4268518515625 0.1260416671875 0.4268518515625 0.1307291671875
0 0.4296296296875 0.1598958328125 0.4611111109375 0.159375 0.465740740625 0.15572916718750002 0.46666666718750005 0.14375 0.46296296249999996 0.14010416718750002 0.44259259218749997 0.1359375 0.440740740625 0.1359375 0.4240740734375 0.140625 0.4203703703125 0.1458333328125 0.4203703703125 0.1541666671875 0.4296296296875 0.1598958328125
0 0.427777778125 0.18697916718750002 0.43333333281249997 0.1895833328125 0.44629629687500005 0.18802083281249998 0.4583333328125 0.1890625 0.4620370375 0.1875 0.465740740625 0.18125 0.46481481406249997 0.1666666671875 0.4546296296875 0.1625 0.4361111109375 0.1614583328125 0.434259259375 0.1614583328125 0.425 0.1651041671875 0.42222222187499997 0.16875 0.42222222187499997 0.1755208328125 0.427777778125 0.18697916718750002
0 0.43148148124999997 0.21770833281250002 0.43518518593750005 0.21979166718749998 0.4453703703125 0.2208333328125 0.459259259375 0.21875 0.46388888906250003 0.2114583328125 0.46481481406249997 0.2010416671875 0.46388888906250003 0.1963541671875 0.4583333328125 0.1921875 0.44351851875000003 0.1911458328125 0.44259259218749997 0.1911458328125 0.43055555625 0.1932291671875 0.42592592656250006 0.1994791671875 0.42592592656250006 0.20677083281250003 0.43148148124999997 0.21770833281250002
0 0.4370370375 0.25729166718749996 0.44166666718750003 0.2598958328125 0.4509259265625 0.2604166671875 0.459259259375 0.2557291671875 0.4620370375 0.23333333281250002 0.459259259375 0.2265625 0.45370370312499997 0.22395833281250002 0.4453703703125 0.2234375 0.44259259218749997 0.2234375 0.4388888890625 0.22395833281250002 0.43240740781250003 0.22916666718749998 0.43333333281249997 0.25052083281250004 0.4370370375 0.25729166718749996
0 0.44351851875000003 0.3036458328125 0.4481481484375 0.30416666718749996 0.459259259375 0.3 0.4620370375 0.2953125 0.4611111109375 0.2708333328125 0.4583333328125 0.2666666671875 0.4509259265625 0.2645833328125 0.44629629687500005 0.2645833328125 0.4379629625 0.2666666671875 0.43518518593750005 0.2765625 0.4370370375 0.2994791671875 0.44351851875000003 0.3036458328125
0 0.440740740625 0.3463541671875 0.447222221875 0.3484375 0.459259259375 0.3463541671875 0.46388888906250003 0.3401041671875 0.46296296249999996 0.3140625 0.459259259375 0.3098958328125 0.4509259265625 0.3072916671875 0.45 0.3072916671875 0.44259259218749997 0.3083333328125 0.4370370375 0.3135416671875 0.4379629625 0.3427083328125 0.440740740625 0.3463541671875
0 0.43981481406249995 0.3885416671875 0.44259259218749997 0.39114583281250004 0.44907407343749994 0.3927083328125 0.4620370375 0.39114583281250004 0.465740740625 0.3864583328125 0.46481481406249997 0.35989583281250004 0.46296296249999996 0.35625 0.4546296296875 0.3526041671875 0.44629629687500005 0.3526041671875 0.44259259218749997 0.3536458328125 0.4379629625 0.359375 0.4379629625 0.3802083328125 0.43981481406249995 0.3885416671875
0 0.440740740625 0.43125 0.44351851875000003 0.43333333281249997 0.45277777812500003 0.4348958328125 0.4620370375 0.434375 0.4675925921875 0.4322916671875 0.46666666718750005 0.40416666718750005 0.46481481406249997 0.3994791671875 0.4583333328125 0.396875 0.45324074062499997 0.396875 0.4481481484375 0.396875 0.440740740625 0.4 0.4388888890625 0.40520833281249996 0.440740740625 0.43125
0 0.5046296296875 0.4484375 0.553703703125 0.4484375 0.5666666671875 0.4458333328125 0.56851851875 0.4390625 0.5638888890625 0.4348958328125 0.5388888890625 0.43333333281249997 0.53351851875 0.43333333281249997 0.4990740734375 0.4348958328125 0.4953703703125 0.4401041671875 0.497222221875 0.4458333328125 0.5046296296875 0.4484375
0 0.696296296875 0.44427083281249996 0.7009259265625001 0.4458333328125 0.75648148125 0.4458333328125 0.7629629625 0.44322916718750005 0.7638888890625 0.4348958328125 0.75648148125 0.43125 0.725 0.43125 0.7240740734375 0.43072916718750004 0.70555555625 0.43125 0.6972222218749999 0.43333333281249997 0.6925925921875 0.43854166718750004 0.696296296875 0.44427083281249996
0 0.877777778125 0.4515625 0.9129629625 0.44895833281249997 0.91944444375 0.44635416718750004 0.9231481484374999 0.43645833281249996 0.91944444375 0.43177083281249995 0.8990740734375 0.4302083328125 0.890740740625 0.4302083328125 0.8796296296874999 0.43125 0.86944444375 0.43541666718750005 0.86851851875 0.4458333328125 0.877777778125 0.4515625
0 0.997222221875 0.4583333328125 0.9990740734375001 0.4302083328125 0.996296296875 0.4302083328125 0.9879629624999999 0.43541666718750005 0.9870370375 0.4484375 0.9898148140625 0.4546875 0.997222221875 0.4583333328125