0 0.5516252390624999 0.4209677421875 0.5124282984375 0.4209677421875 0.5095602296874999 0.4209677421875 0.4942638625 0.4220430109375 0.48948374687499996 0.4241935484375 0.48852772499999997 0.43118279531250003 0.4952198859375 0.4365591390625 0.547801146875 0.4365591390625 0.5592734218750001 0.4354838703125 0.5640535375 0.43225806406249995 0.5640535375 0.42634408593749995 0.5592734218750001 0.4225806453125 0.5516252390624999 0.4209677421875
0 0.460803059375 0.38333333281250004 0.45411089843749997 0.38333333281250004 0.4455066921875 0.3860215046875 0.44263862343750005 0.39139785 0.443594646875 0.41559139843750004 0.44646271562499995 0.4193548390625 0.45219885312499997 0.4215053765625 0.46845124218749995 0.4220430109375 0.472275334375 0.41989247343749997 0.4713193109375 0.39032258125 0.46845124218749995 0.3854838703125 0.460803059375 0.38333333281250004
0 0.7447418734375 0.41827957031249996 0.70076481875 0.41989247343749997 0.6940726578125 0.4236559140625 0.69502868125 0.43064516093750005 0.704588909375 0.4344086015625 0.7619502875 0.43387096718749996 0.768642446875 0.4284946234375 0.7667304015624999 0.4220430109375 0.7609942640625 0.41881720468749994 0.745697896875 0.41827957031249996 0.7447418734375 0.41827957031249996
0 0.91586998125 0.41774193593750003 0.9101338437500001 0.41774193593750003 0.8919694078125 0.41881720468749994 0.8814531546875 0.42311827968750004 0.8785850859375 0.4327956984375 0.8843212234375001 0.43978494687499997 0.8986615671875 0.44139785 0.9311663484375 0.4354838703125 0.9369024859374999 0.4301075265625 0.9369024859374999 0.42311827968750004 0.9292543015625 0.41881720468749994 0.91586998125 0.41774193593750003
0 0.45697896718750003 0.11505376406250001 0.45219885312499997 0.11505376406250001 0.43307839374999996 0.1177419359375 0.4244741875 0.12365591406250001 0.4244741875 0.1327956984375 0.4321223703125 0.13870967812499999 0.46271510468750005 0.13870967812499999 0.46845124218749995 0.13709677343749999 0.472275334375 0.1290322578125 0.4713193109375 0.12096774218749999 0.46271510468750005 0.11559139843749999 0.45697896718750003 0.11505376406250001
0 0.4512428296875 0.140860215625 0.44646271562499995 0.140860215625 0.4349904390625 0.14139785 0.4254302109375 0.148387096875 0.4292543015625 0.16344086093750002 0.4359464625 0.16935483906249998 0.44263862343750005 0.1677419359375 0.463671128125 0.1688172046875 0.469407265625 0.162365590625 0.469407265625 0.14569892499999998 0.4655831734375 0.143010753125 0.4512428296875 0.140860215625
0 0.46271510468750005 0.17204301093750002 0.449330784375 0.1709677421875 0.4455066921875 0.1709677421875 0.4359464625 0.17204301093750002 0.4311663484375 0.1763440859375 0.430210325 0.189784946875 0.43690248593750003 0.2 0.45028680625 0.20215053749999998 0.4646271515625 0.19892473125000001 0.469407265625 0.188709678125 0.469407265625 0.1806451609375 0.46845124218749995 0.1763440859375 0.46271510468750005 0.17204301093750002
0 0.46175908281250005 0.20591397812499998 0.45506692187500003 0.204838709375 0.45028680625 0.204838709375 0.44263862343750005 0.20537634374999997 0.437858509375 0.208064515625 0.4349904390625 0.2161290328125 0.4397705546875 0.23817204374999998 0.44837476093750006 0.24247311875 0.45506692187500003 0.24247311875 0.46271510468750005 0.2392473125 0.4655831734375 0.2317204296875 0.4646271515625 0.20913978437499997 0.46175908281250005 0.20591397812499998
0 0.45697896718750003 0.24677419375 0.44837476093750006 0.24677419375 0.44168260000000004 0.24892473124999998 0.4397705546875 0.2521505375 0.4397705546875 0.27634408593750004 0.44263862343750005 0.2849462359375 0.45411089843749997 0.28817204375 0.463671128125 0.2838709671875 0.466539196875 0.2790322578125 0.4655831734375 0.25322580625 0.463671128125 0.249462365625 0.45697896718750003 0.24677419375
0 0.45411089843749997 0.29139784999999996 0.44646271562499995 0.29247311875 0.44072657812499993 0.297311828125 0.44168260000000004 0.32688172031249996 0.45028680625 0.3327956984375 0.46271510468750005 0.3311827953125 0.46845124218749995 0.3236559140625 0.46749522031249996 0.298387096875 0.463671128125 0.294086021875 0.45506692187500003 0.29139784999999996 0.45411089843749997 0.29139784999999996
0 0.460803059375 0.3370967734375 0.4555449328125 0.3370967734375 0.44741873749999994 0.337634409375 0.44168260000000004 0.3435483875 0.44263862343750005 0.37204301093750003 0.4455066921875 0.3768817203125 0.45411089843749997 0.3790322578125 0.46749522031249996 0.3768817203125 0.4703632890625 0.37204301093750003 0.469407265625 0.34462365625 0.46749522031249996 0.34032258125000003 0.460803059375 0.3370967734375
1 0 0.45949820781249995 0.009560229687500001 0.459139784375 0.0172084125 0.45537634374999997 0.015296367187500002 0.44193548437499997 0.011472275 0.43817204375 0.0038240921875 0.4365591390625 0.00286806875 0.4360215046875 0 0.43642473125 0 0.45949820781249995
1 0.07648183593749999 0.4365591390625 0.07265774375 0.43118279531250003 0.0602294453125 0.4274193546875 0.0573613765625 0.4274193546875 0.0325047796875 0.4279569890625 0.02294455 0.43118279531250003 0.02007648125 0.4349462359375 0.02007648125 0.44516129062500004 0.026768642187500004 0.456989246875 0.0439770546875 0.459139784375 0.06405353750000001 0.458064515625 0.0736137671875 0.45537634374999997 0.0774378578125 0.447311828125 0.07648183593749999 0.4365591390625
1 0.108986615625 0.4268817203125 0.1080305921875 0.42634408593749995 0.0908221796875 0.4279569890625 0.08221797343750001 0.4344086015625 0.08221797343750001 0.45322580625000003 0.0908221796875 0.45752688125 0.12523900625 0.45752688125 0.1347992359375 0.45376344062499996 0.1376673046875 0.43763440937500003 0.1338432125 0.43118279531250003 0.123326959375 0.4268817203125 0.108986615625 0.4268817203125
1 0.1864244734375 0.42634408593749995 0.1749521984375 0.42580645156249997 0.1692160609375 0.42580645156249997 0.1491395796875 0.4279569890625 0.1414913953125 0.4349462359375 0.1405353734375 0.447311828125 0.1453154875 0.45430107499999994 0.151051625 0.456989246875 0.1854684515625 0.456989246875 0.1921606125 0.45537634374999997 0.1969407265625 0.451612903125 0.1969407265625 0.4317204296875 0.1864244734375 0.42634408593749995
1 0.2581261953125 0.4301075265625 0.2495219890625 0.42580645156249997 0.2434674953125 0.42580645156249997 0.21319311718749998 0.42634408593749995 0.20458890937500002 0.43064516093750005 0.201720840625 0.44462365625 0.20458890937500002 0.45107526875000004 0.21032504843750002 0.45537634374999997 0.2495219890625 0.455913978125 0.257170171875 0.45268817187500004 0.2609942640625 0.445698925 0.2609942640625 0.4360215046875 0.2581261953125 0.4301075265625
1 0.30210325 0.42473118281250005 0.301147228125 0.42473118281250005 0.2772466546875 0.4252688171875 0.2667304015625 0.43064516093750005 0.26481835625 0.44623655937500006 0.2695984703125 0.45268817187500004 0.27629063125000003 0.45537634374999997 0.31453154843750003 0.45430107499999994 0.3221797328125 0.44946236562499997 0.3221797328125 0.43064516093750005 0.3135755265625 0.4252688171875 0.30210325 0.42473118281250005
1 0.38240917812499997 0.4295698921875 0.376673040625 0.4252688171875 0.368068834375 0.4241935484375 0.3623326953125 0.4241935484375 0.3393881453125 0.42473118281250005 0.329827915625 0.4295698921875 0.326959846875 0.4365591390625 0.32791587031249997 0.445698925 0.33269598437500003 0.4521505375 0.3374761 0.45430107499999994 0.371892925 0.45430107499999994 0.38240917812499997 0.451612903125 0.3862332703125 0.447311828125 0.38240917812499997 0.4295698921875
1 0.475143403125 0.43064516093750005 0.4713193109375 0.42634408593749995 0.44072657812499993 0.42311827968750004 0.4349904390625 0.42311827968750004 0.402485659375 0.4236559140625 0.391013384375 0.42634408593749995 0.3871892921875 0.43387096718749996 0.388145315625 0.43978494687499997 0.3986615671875 0.44892473125 0.40822179687500004 0.44946236562499997 0.4455066921875 0.43763440937500003 0.463671128125 0.43709677343750003 0.472275334375 0.4349462359375 0.475143403125 0.43064516093750005
1 0.6720841296875 0.4209677421875 0.6261950281249999 0.41989247343749997 0.6209369031249999 0.41989247343749997 0.5764818359375 0.4215053765625 0.569789675 0.4252688171875 0.5707456984375 0.43225806406249995 0.5755258125 0.4354838703125 0.5879541109375 0.4365591390625 0.65965583125 0.4354838703125 0.6682600375 0.4349462359375 0.6778202671875 0.43118279531250003 0.678776290625 0.4268817203125 0.6720841296875 0.4209677421875
1 0.795411090625 0.41827957031249996 0.7896749515625 0.41827957031249996 0.7810707453125 0.41881720468749994 0.774378584375 0.42311827968750004 0.7753346078125001 0.4295698921875 0.7810707453125 0.43333333281249997 0.832695984375 0.43387096718749996 0.8623326953125 0.43924731250000004 0.8728489484375 0.4317204296875 0.8699808796875 0.4220430109375 0.8585086046875 0.41881720468749994 0.795411090625 0.41827957031249996
1 0.9827915875000001 0.41774193593750003 0.9776931171875001 0.41774193593750003 0.9521988531250001 0.41774193593750003 0.94455066875 0.4225806453125 0.943594646875 0.43709677343750003 0.95028680625 0.44462365625 0.957934990625 0.447311828125 0.9875717015625 0.447311828125 1 0.44032258124999996 0.9990439765625 0.42311827968750004 0.988527725 0.41827957031249996 0.9827915875000001 0.41774193593750003