0 0.4644396546875 0.3933333328125 0.4622844828125 0.3933333328125 0.4439655171875 0.39393939375000003 0.434267240625 0.3963636359375 0.429956896875 0.401212121875 0.4364224140625 0.4103030296875 0.5 0.410909090625 0.5086206890625 0.40969697031249996 0.5140086203124999 0.4066666671875 0.51508620625 0.398787878125 0.5086206890625 0.3945454546875 0.4644396546875 0.3933333328125
0 0.68211206875 0.39030302968749997 0.679956896875 0.39030302968749997 0.6670258625 0.39393939375000003 0.6648706890625 0.3963636359375 0.6659482765625 0.40424242499999996 0.67241379375 0.40727272656249996 0.7273706890625 0.40787878749999995 0.7403017234375 0.4066666671875 0.746767240625 0.4036363640625 0.7478448281250001 0.39575757500000003 0.737068965625 0.390909090625 0.68211206875 0.39030302968749997
0 0.9116379312499999 0.3896969703125 0.9051724140624999 0.3896969703125 0.8793103453125 0.39030302968749997 0.867456896875 0.395151515625 0.8663793109375 0.404848484375 0.872844828125 0.41151515156249996 0.8814655171875 0.41333333281250006 0.9202586203124999 0.41151515156249996 0.9288793109375 0.4036363640625 0.9288793109375 0.395151515625 0.919181034375 0.39030302968749997 0.9116379312499999 0.3896969703125
0 1 0.3892011015625 0.9892241374999999 0.39030302968749997 0.9827586203124999 0.398787878125 0.9859913796875001 0.418787878125 0.9946120687500001 0.423030303125 1 0.423535353125 1 0.3892011015625
0 0.37607758593749996 0.3563636359375 0.3642241375 0.3575757578125 0.35991379375 0.3624242421875 0.35991379375 0.3921212125 0.3653017234375 0.3963636359375 0.3868534484375 0.39818181875 0.393318965625 0.39575757500000003 0.3922413796875 0.369090909375 0.3890086203125 0.36060606093750003 0.3814655171875 0.3563636359375 0.37607758593749996 0.3563636359375
0 0.346982759375 0.0393939390625 0.34159482812499997 0.041212121875 0.3394396546875 0.0478787875 0.346982759375 0.0521212125 0.39116379375 0.055151515625 0.39116379375 0.0375757578125 0.39008620625 0.036969696875 0.37284482812499997 0.041212121875 0.346982759375 0.0393939390625
0 0.382543103125 0.056969696874999996 0.3556034484375 0.055757575000000004 0.3534482765625 0.055757575000000004 0.34159482812499997 0.0593939390625 0.33836206875 0.06303030312499999 0.3372844828125 0.0684848484375 0.34267241406250004 0.08 0.34913793125 0.08303030312500001 0.3836206890625 0.0824242421875 0.3890086203125 0.08 0.393318965625 0.0684848484375 0.3890086203125 0.058787878125000005 0.382543103125 0.056969696874999996
0 0.378232759375 0.0866666671875 0.37257543125 0.0866666671875 0.3523706890625 0.0872727265625 0.34159482812499997 0.09393939375 0.34267241406250004 0.10909090937499999 0.3480603453125 0.11515151562499999 0.3534482765625 0.116969696875 0.3814655171875 0.11636363593750002 0.387931034375 0.1127272734375 0.39008620625 0.0945454546875 0.387931034375 0.09030302968750001 0.378232759375 0.0866666671875
0 0.37607758593749996 0.1193939390625 0.3685344828125 0.1193939390625 0.3502155171875 0.12181818124999999 0.34590517187500003 0.12848484843750002 0.346982759375 0.14666666718750002 0.3545258625 0.1533333328125 0.3631465515625 0.1545454546875 0.3793103453125 0.1533333328125 0.3868534484375 0.1454545453125 0.3890086203125 0.1272727265625 0.3868534484375 0.123030303125 0.37607758593749996 0.1193939390625
0 0.35883620625 0.16 0.351293103125 0.169090909375 0.356681034375 0.1963636359375 0.3706896546875 0.2006060609375 0.3836206890625 0.195757575 0.3857758625 0.1793939390625 0.382543103125 0.16181818125 0.37284482812499997 0.158787878125 0.371767240625 0.158787878125 0.35883620625 0.16
0 0.375 0.20484848437499997 0.3663793109375 0.20484848437499997 0.35883620625 0.2066666671875 0.3556034484375 0.2127272734375 0.3556034484375 0.241212121875 0.35883620625 0.24666666718750002 0.3663793109375 0.2496969703125 0.3814655171875 0.2478787875 0.3857758625 0.241212121875 0.3857758625 0.21393939374999998 0.382543103125 0.20787878750000002 0.375 0.20484848437499997
0 0.367456896875 0.255151515625 0.356681034375 0.261212121875 0.356681034375 0.2921212125 0.35991379375 0.2975757578125 0.37284482812499997 0.30181818125 0.38038793125 0.3 0.387931034375 0.29333333281249996 0.387931034375 0.2636363640625 0.382543103125 0.25696969687500004 0.37715517187500003 0.255151515625 0.367456896875 0.255151515625
0 0.378232759375 0.30606060625 0.3685344828125 0.30606060625 0.362068965625 0.30787878750000003 0.3577586203125 0.3133333328125 0.3577586203125 0.3363636359375 0.362068965625 0.349090909375 0.371767240625 0.3521212125 0.3814655171875 0.3515151515625 0.3868534484375 0.349090909375 0.39116379375 0.3375757578125 0.387931034375 0.3103030296875 0.378232759375 0.30606060625
1 0.628232759375 0.3915151515625 0.6228448281250001 0.3915151515625 0.5452586203124999 0.3945454546875 0.534482759375 0.3933333328125 0.5226293109375 0.396969696875 0.5215517234375 0.40424242499999996 0.5301724140624999 0.40969697031249996 0.63038793125 0.4084848484375 0.64116379375 0.404848484375 0.643318965625 0.4 0.64008620625 0.395151515625 0.628232759375 0.3915151515625
1 0.8577586203124999 0.39575757500000003 0.845905171875 0.390909090625 0.7834051718749999 0.390909090625 0.7823275859375001 0.39030302968749997 0.768318965625 0.3915151515625 0.7607758625 0.3945454546875 0.7596982765625 0.4006060609375 0.7672413796875001 0.4066666671875 0.8006465515625001 0.4084848484375 0.8372844828125 0.41818181875000004 0.8545258625000001 0.416969696875 0.8609913796875001 0.40787878749999995 0.8609913796875001 0.4006060609375 0.8577586203124999 0.39575757500000003
1 0.9719827593750001 0.39272727343749997 0.955818965625 0.390909090625 0.9547413796875001 0.39030302968749997 0.9418103453125 0.39575757500000003 0.9439655171875 0.40181818125 0.9364224140624999 0.40424242499999996 0.9321120687500001 0.41575757500000005 0.935344828125 0.421212121875 0.9482758625000001 0.4236363640625 0.9676724140624999 0.4236363640625 0.9773706890625 0.41818181875000004 0.9773706890625 0.398787878125 0.9719827593750001 0.39272727343749997
1 0.413793103125 0.404848484375 0.408405171875 0.398787878125 0.3954741375 0.39818181875 0.375 0.4006060609375 0.3545258625 0.39575757500000003 0.3502155171875 0.39575757500000003 0.31357758593749996 0.396969696875 0.30711206875 0.398787878125 0.3028017234375 0.4066666671875 0.309267240625 0.4206060609375 0.3189655171875 0.4236363640625 0.32758620625 0.423030303125 0.3631465515625 0.41151515156249996 0.4019396546875 0.410909090625 0.409482759375 0.40969697031249996 0.413793103125 0.404848484375
1 0.3006465515625 0.41151515156249996 0.2952586203125 0.401212121875 0.28663793125 0.396969696875 0.28017241406250004 0.396969696875 0.2489224140625 0.3975757578125 0.2403017234375 0.40181818125 0.2359913796875 0.409090909375 0.2359913796875 0.42000000000000004 0.24461206875000002 0.4296969703125 0.2769396546875 0.4315151515625 0.288793103125 0.430909090625 0.2984913796875 0.4272727265625 0.3017241375 0.424242425 0.3006465515625 0.41151515156249996
1 0.23168103437499998 0.40787878749999995 0.2284482765625 0.4024242421875 0.2176724140625 0.3975757578125 0.2090517234375 0.3975757578125 0.1810344828125 0.39818181875 0.1702586203125 0.403030303125 0.1659482765625 0.4103030296875 0.1659482765625 0.41818181875000004 0.17133620624999998 0.42787878749999997 0.1767241375 0.430909090625 0.21336206875000002 0.43212121249999996 0.2284482765625 0.42787878749999997 0.2327586203125 0.418787878125 0.23168103437499998 0.40787878749999995
1 0.137931034375 0.39818181875 0.1368534484375 0.39818181875 0.10883620624999998 0.4 0.10237068906249999 0.40545454531249997 0.10021551718749999 0.42181818125000003 0.11099137968749999 0.43212121249999996 0.1454741375 0.43272727343749995 0.15732758593750001 0.4284848484375 0.16056034531250002 0.423030303125 0.159482759375 0.40424242499999996 0.15086206875 0.3993939390625 0.137931034375 0.39818181875
1 0.090517240625 0.403030303125 0.075431034375 0.398787878125 0.05495689687500001 0.398787878125 0.0538793109375 0.398787878125 0.0398706890625 0.4006060609375 0.034482759375 0.404848484375 0.03125 0.4224242421875 0.035560345312500005 0.4296969703125 0.044181034375 0.43393939374999996 0.08620689687500001 0.43272727343749995 0.0926724140625 0.4284848484375 0.095905171875 0.41818181875000004 0.095905171875 0.41151515156249996 0.090517240625 0.403030303125
1 0 0.4338239546875 0.018318965625 0.43333333281249997 0.0269396546875 0.424848484375 0.028017240625000002 0.41272727343750004 0.0247844828125 0.40545454531249997 0.0172413796875 0.401212121875 0 0.3999472984375 0 0.4338239546875