1 0.47992351875 0.41827957031249996 0.47609942656250004 0.41827957031249996 0.4598470359375 0.42311827968750004 0.4512428296875 0.4279569890625 0.45028680625 0.4317204296875 0.45697896718750003 0.43387096718749996 0.5430210328125 0.43333333281249997 0.5506692156249999 0.4327956984375 0.5592734218750001 0.4290322578125 0.5592734218750001 0.4225806453125 0.5516252390624999 0.41881720468749994 0.47992351875 0.41827957031249996
1 0.7523900578125 0.4161290328125 0.6959847031249999 0.41559139843750004 0.69502868125 0.41559139843750004 0.6692160609375 0.4161290328125 0.6586998093750001 0.41827957031249996 0.6558317406249999 0.4215053765625 0.6586998093750001 0.4295698921875 0.6634799234375001 0.4317204296875 0.7466539203125 0.43064516093750005 0.757170171875 0.4295698921875 0.7619502875 0.4268817203125 0.7619502875 0.4193548390625 0.7523900578125 0.4161290328125
1 0.8776290625 0.41827957031249996 0.876673040625 0.41827957031249996 0.8699808796875 0.41881720468749994 0.8594646265625 0.4268817203125 0.8594646265625 0.4354838703125 0.871892925 0.44139785 0.8814531546875 0.440860215625 0.8900573609375 0.43763440937500003 0.8929254296875 0.4327956984375 0.8900573609375 0.4220430109375 0.8862332703125 0.4193548390625 0.8776290625 0.41827957031249996
1 1 0.41572580625000005 0.9875717015625 0.41397849531249997 0.9821539203125 0.41397849531249997 0.9665391968750001 0.4145161296875 0.957934990625 0.4193548390625 0.95028680625 0.4354838703125 0.9512428296875 0.440860215625 0.957934990625 0.444086021875 0.9961759078125001 0.444086021875 1 0.44322580624999997 1 0.41572580625000005
1 0 0.45032258125 0.0019120453124999999 0.45376344062499996 0.009560229687500001 0.455913978125 0.0439770546875 0.45430107499999994 0.051625239062499995 0.45 0.05353728437500001 0.44516129062500004 0.051625239062499995 0.4295698921875 0.0430210328125 0.4252688171875 0.021988528125 0.42473118281250005 0.014340343750000002 0.42473118281250005 0.0047801140625 0.42634408593749995 0 0.4310483875 0 0.45032258125
1 0.088910134375 0.4236559140625 0.0659655828125 0.42473118281250005 0.0573613765625 0.43118279531250003 0.0583174 0.45 0.06692160625 0.454838709375 0.10325047812499999 0.45430107499999994 0.11376672968749998 0.44892473125 0.11376672968749998 0.4295698921875 0.10516252343750002 0.42473118281250005 0.091778203125 0.4236559140625 0.088910134375 0.4236559140625
1 0.167304015625 0.4241935484375 0.14244741875 0.42311827968750004 0.13671128125 0.42311827968750004 0.12428298281250001 0.4252688171875 0.11950286875 0.43118279531250003 0.117590821875 0.43978494687499997 0.12237093750000001 0.450537634375 0.13097514375 0.45430107499999994 0.167304015625 0.45322580625000003 0.173040153125 0.450537634375 0.1768642453125 0.44516129062500004 0.175908221875 0.4295698921875 0.167304015625 0.4241935484375
1 0.23422562187499998 0.42634408593749995 0.2227533453125 0.4225806453125 0.198852771875 0.4225806453125 0.1940726578125 0.4225806453125 0.187380496875 0.4241935484375 0.181644359375 0.43064516093750005 0.1806883359375 0.443010753125 0.184512428125 0.44946236562499997 0.195984703125 0.45376344062499996 0.22084130000000002 0.45322580625000003 0.232313575 0.45107526875000004 0.2380497125 0.444086021875 0.2380497125 0.4327956984375 0.23422562187499998 0.42634408593749995
1 0.29732313593750004 0.42580645156249997 0.28776290625 0.4220430109375 0.26290630937500004 0.4220430109375 0.2609942640625 0.4220430109375 0.2523900578125 0.4225806453125 0.24474187343749998 0.4284946234375 0.2437858515625 0.444086021875 0.2466539203125 0.44892473125 0.2581261953125 0.45268817187500004 0.2858508609375 0.4521505375 0.2925430203125 0.450537634375 0.298279159375 0.44623655937500006 0.301147228125 0.43709677343750003 0.29732313593750004 0.42580645156249997
1 0.3508604203125 0.4215053765625 0.34592065 0.4215053765625 0.3164435953125 0.4220430109375 0.3078393875 0.42580645156249997 0.30497131875 0.43978494687499997 0.312619503125 0.450537634375 0.3202676859375 0.4521505375 0.34512428281249996 0.451612903125 0.3585086046875 0.448387096875 0.3623326953125 0.44032258124999996 0.3613766734375 0.4274193546875 0.3508604203125 0.4215053765625
1 0.4254302109375 0.4215053765625 0.41778202656249996 0.4204301078125 0.4123642453125 0.4204301078125 0.3785850859375 0.4215053765625 0.370936903125 0.4236559140625 0.3652007640625 0.4365591390625 0.3728489484375 0.44892473125 0.385277246875 0.45107526875000004 0.3948374765625 0.45 0.41778202656249996 0.443010753125 0.4311663484375 0.4365591390625 0.4311663484375 0.42580645156249997 0.4254302109375 0.4215053765625
0 0.5994263859375 0.4166666671875 0.5956022937500001 0.4166666671875 0.58126195 0.41881720468749994 0.5764818359375 0.4225806453125 0.5774378578125 0.4279569890625 0.5850860421874999 0.43225806406249995 0.6357552578125001 0.43225806406249995 0.6472275328125 0.43064516093750005 0.6500956015625 0.4284946234375 0.6500956015625 0.4220430109375 0.6462715109375 0.41827957031249996 0.5994263859375 0.4166666671875
0 0.809751434375 0.4150537640625 0.8087954109375 0.4145161296875 0.7925430203125 0.4150537640625 0.7848948375 0.41774193593750003 0.7829827921875 0.4241935484375 0.7887189296875 0.4295698921875 0.84608030625 0.4317204296875 0.8537284890624999 0.4279569890625 0.8556405359375001 0.4225806453125 0.8499043984375 0.4166666671875 0.8336520078125 0.4145161296875 0.809751434375 0.4150537640625
0 0.93307839375 0.4145161296875 0.928107075 0.4145161296875 0.9082217968749999 0.4145161296875 0.8967495218750001 0.41881720468749994 0.8967495218750001 0.4284946234375 0.9034416828125 0.43387096718749996 0.9416826 0.4344086015625 0.9455066921874999 0.43225806406249995 0.95028680625 0.4268817203125 0.9512428296875 0.41989247343749997 0.9455066921874999 0.41559139843750004 0.93307839375 0.4145161296875
0 0.44263862343750005 0.391935484375 0.44168260000000004 0.42473118281250005 0.463671128125 0.4204301078125 0.4713193109375 0.4161290328125 0.469407265625 0.39139785 0.46271510468750005 0.38709677343750004 0.45650095625000003 0.38709677343750004 0.44837476093750006 0.38763440937500004 0.44263862343750005 0.391935484375
0 0.44741873749999994 0.1166666671875 0.43307839374999996 0.1177419359375 0.4244741875 0.1215053765625 0.4235181640625 0.1322580640625 0.4321223703125 0.1392473125 0.46175908281250005 0.1392473125 0.469407265625 0.1349462359375 0.469407265625 0.12096774218749999 0.46175908281250005 0.1177419359375 0.4512428296875 0.1166666671875 0.44741873749999994 0.1166666671875
0 0.4512428296875 0.141935484375 0.44455066875 0.141935484375 0.4321223703125 0.1435483875 0.4244741875 0.14892473125 0.4263862328125 0.1645161296875 0.43690248593750003 0.1709677421875 0.460803059375 0.1704301078125 0.46749522031249996 0.1666666671875 0.4703632890625 0.154301075 0.46845124218749995 0.14731182812500002 0.46175908281250005 0.143010753125 0.4512428296875 0.141935484375
0 0.46749522031249996 0.1784946234375 0.46175908281250005 0.17419354843749998 0.45602294531250004 0.1731182796875 0.4509244734375 0.1731182796875 0.437858509375 0.1736559140625 0.4321223703125 0.1768817203125 0.4292543015625 0.1822580640625 0.4311663484375 0.1978494625 0.437858509375 0.20322580625 0.44455066875 0.204301075 0.45411089843749997 0.204301075 0.46175908281250005 0.20215053749999998 0.466539196875 0.19677419375 0.46749522031249996 0.1784946234375
0 0.45411089843749997 0.208064515625 0.45315487499999996 0.208064515625 0.44168260000000004 0.20913978437499997 0.4349904390625 0.2161290328125 0.43881453125 0.24139784999999997 0.44263862343750005 0.24462365625000002 0.45028680625 0.246236559375 0.46271510468750005 0.243010753125 0.4646271515625 0.23709677343750002 0.4646271515625 0.2139784953125 0.46175908281250005 0.210215053125 0.45411089843749997 0.208064515625
0 0.45411089843749997 0.25 0.45219885312499997 0.25 0.44263862343750005 0.251612903125 0.43881453125 0.25752688125 0.43881453125 0.2838709671875 0.44168260000000004 0.288709678125 0.45028680625 0.291935484375 0.4588910140625 0.29086021562500003 0.4655831734375 0.2833333328125 0.4646271515625 0.25752688125 0.46271510468750005 0.253763440625 0.45411089843749997 0.25
0 0.4588910140625 0.34139785 0.45411089843749997 0.34139785 0.4455066921875 0.34247311874999997 0.44072657812499993 0.347311828125 0.44168260000000004 0.37580645156250003 0.44455066875 0.3801075265625 0.45411089843749997 0.38333333281250004 0.466539196875 0.3801075265625 0.469407265625 0.37419354843749997 0.469407265625 0.35107526875 0.466539196875 0.34462365625 0.4588910140625 0.34139785
0 0.45602294531250004 0.296236559375 0.45028680625 0.296236559375 0.44455066875 0.297311828125 0.4397705546875 0.3021505375 0.4397705546875 0.3290322578125 0.4455066921875 0.33602150468750003 0.4588910140625 0.3370967734375 0.463671128125 0.3354838703125 0.46749522031249996 0.3290322578125 0.46749522031249996 0.306989246875 0.463671128125 0.29892473124999996 0.45602294531250004 0.296236559375