0 0.409090909375 0.163043478125 0.41682785312500004 0.1701086953125 0.44197292031249996 0.1711956515625 0.4506769828125 0.1684782609375 0.45454545468749996 0.16141304375 0.4506769828125 0.14728260937499998 0.43713733125000004 0.14456521718749998 0.42069632500000004 0.14456521718749998 0.40812379062500004 0.15163043437499998 0.409090909375 0.163043478125
0 0.41295938125 0.1934782609375 0.4187620890625 0.20108695625 0.42456479687500004 0.2032608703125 0.444874275 0.2021739125 0.45261121875 0.1929347828125 0.4506769828125 0.17826087031249999 0.44197292031249996 0.174456521875 0.42166344218749996 0.174456521875 0.41295938125 0.1798913046875 0.41295938125 0.1934782609375
0 0.4264990328125 0.2429347828125 0.43713733125000004 0.2440217390625 0.44777562812499994 0.23804347812499999 0.448742746875 0.2125 0.44197292031249996 0.20760869531249998 0.42456479687500004 0.20760869531249998 0.41682785312500004 0.21358695625 0.41972920625 0.2375 0.4264990328125 0.2429347828125
0 0.42359767968749995 0.2842391296875 0.42746615156249995 0.288043478125 0.4390715671875 0.28913043437499997 0.4468085109375 0.286956521875 0.4497098640625 0.2793478265625 0.44777562812499994 0.252717390625 0.43810444843749996 0.24782608750000001 0.4264990328125 0.24891304375 0.4226305609375 0.252717390625 0.42359767968749995 0.2842391296875
0 0.4139264984375 0.1423913046875 0.44584139218749996 0.1423913046875 0.45454545468749996 0.13586956562500002 0.45454545468749996 0.12608695625 0.44584139218749996 0.12065217343750001 0.42843326875 0.11956521718749999 0.40715667343749995 0.126630434375 0.4061895546875 0.13586956562500002 0.4139264984375 0.1423913046875
0 0.432301740625 0.33478260937500004 0.4429400390625 0.33478260937500004 0.4497098640625 0.3309782609375 0.45164410000000005 0.324456521875 0.4497098640625 0.298369565625 0.43810444843749996 0.2934782609375 0.425531915625 0.2961956515625 0.42456479687500004 0.3298913046875 0.432301740625 0.33478260937500004
0 0.4303675046875 0.3809782609375 0.4429400390625 0.38260869531249997 0.45261121875 0.37608695625 0.45261121875 0.3461956515625 0.44197292031249996 0.339130434375 0.4303675046875 0.340217390625 0.425531915625 0.3434782609375 0.42456479687500004 0.3728260875 0.4303675046875 0.3809782609375
0 0.4264990328125 0.3913043484375 0.42746615156249995 0.42173912968750005 0.4303675046875 0.425543478125 0.44197292031249996 0.4288043484375 0.45261121875 0.425 0.45551257187500005 0.41793478281249996 0.4535783359375 0.3918478265625 0.4506769828125 0.388043478125 0.44390715625 0.38641304375 0.4352030953125 0.38641304375 0.4264990328125 0.3913043484375
0 0.5299806578124999 0.4429347828125 0.5357833656250001 0.4461956515625 0.6257253390625 0.4456521734375 0.6334622828125 0.44402173906250003 0.638297871875 0.4396739125 0.6344293999999999 0.4320652171875 0.6189555125 0.4298913046875 0.5522243718750001 0.43043478281249997 0.5299806578124999 0.4342391296875 0.5299806578124999 0.4429347828125
0 0.7369439078125 0.439130434375 0.7437137328125 0.4434782609375 0.8307543515625 0.44456521718750003 0.8413926500000001 0.43858695625 0.84042553125 0.4326086953125 0.8307543515625 0.4288043484375 0.7640232109375 0.42771739062499997 0.7446808515625001 0.4282608703125 0.737911025 0.43097826093749997 0.7369439078125 0.439130434375
0 0.9119922624999999 0.4429347828125 0.940038684375 0.45543478281249994 0.956479690625 0.45760869531250004 0.972920696875 0.451630434375 0.97582205 0.436956521875 0.971953578125 0.4320652171875 0.9622823984375 0.4282608703125 0.915860734375 0.42771739062499997 0.9100580265625 0.4315217390625 0.9119922624999999 0.4429347828125
1 0 0.4677749359375 0.0135396515625 0.46956521718750005 0.030947775 0.46902173906250005 0.043520309374999996 0.46684782656249996 0.0483559 0.46358695625 0.0493230171875 0.4451086953125 0.0386847203125 0.438043478125 0.003868471875 0.43858695625 0 0.44135375468750004 0 0.4677749359375
1 0.058027079687500004 0.4413043484375 0.0541586078125 0.4456521734375 0.0541586078125 0.46086956562500003 0.06286266874999999 0.46793478281249995 0.09961315312499999 0.46793478281249995 0.10831721406249999 0.464130434375 0.1121856859375 0.45815217343750003 0.1121856859375 0.44728260937500003 0.1054158609375 0.439130434375 0.0947775625 0.436956521875 0.067698259375 0.4375 0.058027079687500004 0.4413043484375
1 0.115087040625 0.45597826093749994 0.12475822031249999 0.46684782656249996 0.1576402328125 0.46739130468749995 0.171179884375 0.463043478125 0.17408123749999999 0.44456521718750003 0.1653771765625 0.4375 0.154738878125 0.435869565625 0.12669245625 0.436956521875 0.11605415937500001 0.4451086953125 0.115087040625 0.45597826093749994
1 0.185686653125 0.4375 0.178916828125 0.4434782609375 0.178916828125 0.45869565156250003 0.189555125 0.46630434843749996 0.21566731093749997 0.46684782656249996 0.226305609375 0.46576087031249996 0.23404255312500002 0.461956521875 0.237911025 0.448369565625 0.23500967187500002 0.4413043484375 0.2282398453125 0.436956521875 0.1924564796875 0.435869565625 0.185686653125 0.4375
1 0.242746615625 0.4423913046875 0.242746615625 0.45815217343750003 0.250483559375 0.4646739125 0.281431334375 0.46576087031249996 0.2959381046875 0.46141304375000003 0.2988394578125 0.4451086953125 0.296905221875 0.4396739125 0.290135396875 0.435869565625 0.25435203125 0.4353260875 0.24564796875 0.43858695625 0.242746615625 0.4423913046875
1 0.3665377171875 0.45434782656249995 0.37330754375 0.45978260937500004 0.3810444875 0.46141304375000003 0.43713733125000004 0.4467391296875 0.44197292031249996 0.4429347828125 0.44100580312500004 0.435869565625 0.4303675046875 0.4320652171875 0.3752417796875 0.4342391296875 0.36460348124999997 0.4396739125 0.3665377171875 0.45434782656249995
1 0.448742746875 0.44402173906250003 0.45841392656249996 0.44728260937500003 0.511605415625 0.4467391296875 0.5193423593750001 0.4456521734375 0.52321083125 0.4418478265625 0.520309478125 0.4331521734375 0.5135396515624999 0.4315217390625 0.46228239843749996 0.4315217390625 0.4497098640625 0.4353260875 0.448742746875 0.44402173906250003
1 0.9032882015625001 0.434782609375 0.8955512578124999 0.4293478265625 0.8791102515624999 0.4282608703125 0.8742746609375001 0.4282608703125 0.8655706000000001 0.4288043484375 0.8578336562500001 0.4315217390625 0.8520309484374999 0.4375 0.8520309484374999 0.45 0.853965184375 0.4521739125 0.8636363640625 0.45489130468749994 0.8878143140624999 0.45108695625 0.89748549375 0.44728260937500003 0.90425531875 0.4413043484375 0.9032882015625001 0.434782609375
1 1 0.42738390156249995 0.9912959375 0.42771739062499997 0.9845261125 0.43097826093749997 0.9816247578124999 0.4353260875 0.9816247578124999 0.4461956515625 0.9854932296875001 0.45326087031249995 0.9941972921875 0.45706521718750004 1 0.45771739062499994 1 0.42738390156249995
1 0.360735009375 0.45760869531250004 0.3588007734375 0.440217390625 0.34912959374999997 0.4342391296875 0.3433268859375 0.4342391296875 0.3162475828125 0.434782609375 0.3065764015625 0.43858695625 0.30270792968750004 0.44456521718750003 0.30270792968750004 0.4521739125 0.305609284375 0.4592391296875 0.3114119921875 0.46358695625 0.3191489359375 0.465217390625 0.3355899421875 0.465217390625 0.35783365625 0.4625 0.360735009375 0.45760869531250004
1 0.6731141203125001 0.4288043484375 0.6605415859375 0.43097826093749997 0.6566731140625001 0.4342391296875 0.6576402328125 0.4418478265625 0.66634429375 0.44456521718750003 0.7224371374999999 0.44402173906250003 0.73017408125 0.4396739125 0.73017408125 0.4336956515625 0.7234042546875 0.4293478265625 0.6769825921875 0.4288043484375 0.6731141203125001 0.4288043484375