1 0 0.4299768515625 0.004115226562499999 0.43692129687500003 0.019547324999999997 0.4392361109375 0.046296296875 0.4386574078125 0.05761316875 0.43402777812500004 0.0606995890625 0.428240740625 0.059670781250000006 0.4143518515625 0.0565843625 0.41030092656250006 0.0452674890625 0.40567129687500003 0.0395061734375 0.40567129687500003 0.0164609046875 0.40567129687500003 0.0030864203125 0.41030092656250006 0 0.41637731406249995 0 0.4299768515625
1 0.113168725 0.4050925921875 0.0997942390625 0.4045138890625 0.09670781875 0.4045138890625 0.0761316875 0.40567129687500003 0.06584362187500001 0.412615740625 0.0637860078125 0.42766203750000004 0.068930040625 0.43518518593750005 0.07510288125 0.43807870312499997 0.1152263375 0.4375 0.125514403125 0.431134259375 0.12654320937500002 0.4143518515625 0.12345679062499999 0.40972222187499996 0.113168725 0.4050925921875
1 0.18106995937499998 0.4045138890625 0.1512345671875 0.4050925921875 0.1502057609375 0.4045138890625 0.136831275 0.4074074078125 0.13065843593749998 0.4137731484375 0.13065843593749998 0.4270833328125 0.13374485625000002 0.4328703703125 0.146090534375 0.4375 0.1851851859375 0.4357638890625 0.19444444375 0.428240740625 0.19444444375 0.4143518515625 0.19032921875 0.40856481406249995 0.18106995937499998 0.4045138890625
1 0.25102880625 0.40393518593750005 0.241769546875 0.40335648125 0.2366255140625 0.40335648125 0.20987654375 0.4045138890625 0.20061728437499998 0.40972222187499996 0.199588478125 0.428240740625 0.202674896875 0.4328703703125 0.21090535 0.4363425921875 0.25 0.4357638890625 0.2572016453125 0.4322916671875 0.26131687187499997 0.4265046296875 0.260288065625 0.4108796296875 0.25102880625 0.40393518593750005
1 0.3240740734375 0.40856481406249995 0.317901234375 0.40393518593750005 0.3065843625 0.40277777812500004 0.30555555624999997 0.40277777812500004 0.279835390625 0.40335648125 0.27057613125 0.40625 0.2654320984375 0.41319444375 0.2654320984375 0.42476851875 0.27057613125 0.4322916671875 0.27674897187499997 0.43518518593750005 0.31172839531249996 0.43518518593750005 0.32304526718750004 0.4328703703125 0.3281893 0.428240740625 0.3240740734375 0.40856481406249995
1 0.41872427968750003 0.4045138890625 0.386831275 0.4010416671875 0.3816872421875 0.4010416671875 0.3425925921875 0.40277777812500004 0.3333333328125 0.40567129687500003 0.3302469140625 0.41782407343749994 0.3415637859375 0.428240740625 0.3497942390625 0.4299768515625 0.39197530937499997 0.4172453703125 0.411522634375 0.4166666671875 0.4197530859375 0.4143518515625 0.4218107 0.40856481406249995 0.41872427968750003 0.4045138890625
1 0.5843621406249999 0.3981481484375 0.5833333328125 0.3981481484375 0.528806584375 0.40046296249999996 0.5236625515625 0.4045138890625 0.5246913578125 0.4114583328125 0.5349794234374999 0.415509259375 0.5895061734375 0.415509259375 0.6296296296875 0.4143518515625 0.6409465015625 0.41030092656250006 0.641975309375 0.4050925921875 0.636831275 0.399884259375 0.5843621406249999 0.3981481484375
1 0.8477366249999999 0.39930555624999997 0.8364197531249999 0.3964120375 0.7952674890625 0.3964120375 0.7911522640624999 0.3964120375 0.7541152265625 0.39756944375000003 0.7479423875 0.4010416671875 0.75 0.41030092656250006 0.760288065625 0.412615740625 0.80967078125 0.41319444375 0.8395061734375 0.41898148125 0.8487654328125 0.4166666671875 0.853909465625 0.4108796296875 0.853909465625 0.40567129687500003 0.8477366249999999 0.39930555624999997
1 0.9691358031249999 0.3958333328125 0.9636491765624999 0.3958333328125 0.9362139921875 0.3958333328125 0.9290123453125 0.4010416671875 0.9290123453125 0.41840277812500004 0.932098765625 0.4230324078125 0.9434156375 0.42766203750000004 0.9732510281250001 0.42766203750000004 0.9876543203124999 0.41956018593750005 0.9866255140625 0.40277777812500004 0.9773662546875 0.396990740625 0.9691358031249999 0.3958333328125
0 0.394032921875 0.06944444375 0.3888888890625 0.06944444375 0.37654320937499997 0.07291666718749999 0.3693415640625 0.078703703125 0.3703703703125 0.09085648125 0.3796296296875 0.09548611093750001 0.412551440625 0.0949074078125 0.4176954734375 0.0914351859375 0.42078189374999997 0.084490740625 0.4197530859375 0.077546296875 0.41563785937500003 0.0734953703125 0.394032921875 0.06944444375
0 0.4197530859375 0.10648148125000001 0.4166666671875 0.10127314843749999 0.4074074078125 0.0978009265625 0.3981481484375 0.097222221875 0.3909465015625 0.097222221875 0.3806584359375 0.0978009265625 0.3724279828125 0.10185185156250001 0.3703703703125 0.10532407343750001 0.374485596875 0.1203703703125 0.3796296296875 0.1261574078125 0.3847736625 0.12789351875 0.39609053437499997 0.1261574078125 0.4104938265625 0.12673611093749998 0.41872427968750003 0.11863425937500001 0.4197530859375 0.10648148125000001
0 0.39609053437499997 0.1296296296875 0.3909465015625 0.1296296296875 0.3786008234375 0.1325231484375 0.374485596875 0.1383101859375 0.374485596875 0.1464120375 0.3816872421875 0.15972222187500001 0.39300411562500004 0.16319444375 0.4104938265625 0.1608796296875 0.4176954734375 0.14930555625 0.41563785937500003 0.13368055625 0.4104938265625 0.1302083328125 0.39609053437499997 0.1296296296875
0 0.402263375 0.1660879625 0.39300411562500004 0.1660879625 0.38580246875 0.1678240734375 0.3816872421875 0.171296296875 0.38271605000000003 0.1950231484375 0.386831275 0.203125 0.394032921875 0.206597221875 0.40329218125 0.206597221875 0.411522634375 0.20138888906250002 0.41460905312499996 0.17534722187500001 0.4104938265625 0.1678240734375 0.402263375 0.1660879625
0 0.3971193421875 0.21122685156249998 0.386831275 0.215277778125 0.3847736625 0.22685185156249998 0.386831275 0.24942129687499998 0.3981481484375 0.2546296296875 0.4094650203125 0.2517361109375 0.41460905312499996 0.2453703703125 0.41358024687499995 0.2175925921875 0.411522634375 0.2141203703125 0.40329218125 0.21122685156249998 0.3971193421875 0.21122685156249998
0 0.411522634375 0.2609953703125 0.40329218125 0.2581018515625 0.3981481484375 0.2581018515625 0.3888888890625 0.2615740734375 0.386831275 0.265046296875 0.3878600828125 0.297453703125 0.39197530937499997 0.3020833328125 0.3981481484375 0.3043981484375 0.4094650203125 0.3026620375 0.41460905312499996 0.29976851875 0.4166666671875 0.2951388890625 0.41563785937500003 0.266203703125 0.411522634375 0.2609953703125
0 0.4084362140625 0.30902777812500004 0.40277777812500004 0.30902777812500004 0.39300411562500004 0.3101851859375 0.3878600828125 0.3165509265625 0.3888888890625 0.3454861109375 0.39300411562500004 0.3518518515625 0.4104938265625 0.353009259375 0.41563785937500003 0.3512731484375 0.41872427968750003 0.3454861109375 0.41872427968750003 0.3200231484375 0.41460905312499996 0.3113425921875 0.4084362140625 0.30902777812500004
0 0.411522634375 0.3576388890625 0.40534979375 0.3576388890625 0.3971193421875 0.3582175921875 0.3899176953125 0.36226851875 0.3899176953125 0.3923611109375 0.39197530937499997 0.3964120375 0.3981481484375 0.39930555624999997 0.4176954734375 0.399884259375 0.42078189374999997 0.39756944375000003 0.4197530859375 0.365740740625 0.4166666671875 0.359953703125 0.411522634375 0.3576388890625
0 0.46296296249999996 0.39930555624999997 0.46193415625 0.39930555624999997 0.4465020578125 0.399884259375 0.4372427984375 0.40335648125 0.4372427984375 0.41203703750000004 0.44444444375 0.41608796249999996 0.5 0.41608796249999996 0.511316871875 0.41493055625 0.5164609046875 0.41203703750000004 0.5164609046875 0.40393518593750005 0.5072016453125 0.399884259375 0.46296296249999996 0.39930555624999997
0 0.7139917703124999 0.3964120375 0.6656378593750001 0.3981481484375 0.6574074078125001 0.4050925921875 0.6594650203125 0.41030092656250006 0.67078189375 0.4137731484375 0.7335390953125 0.412615740625 0.740740740625 0.40625 0.7376543203125 0.40046296249999996 0.73148148125 0.396990740625 0.7150205765625001 0.3964120375 0.7139917703124999 0.3964120375
0 0.914609053125 0.396990740625 0.8981481484374999 0.3958333328125 0.8940329218749999 0.3958333328125 0.875514403125 0.396990740625 0.8631687250000001 0.4016203703125 0.8600823046875 0.412615740625 0.86728395 0.41956018593750005 0.8806584359375 0.4207175921875 0.9012345671875 0.41782407343749994 0.9135802468750001 0.415509259375 0.9197530859375 0.41203703750000004 0.9207818937500001 0.40046296249999996 0.914609053125 0.396990740625
0 1 0.3985690234375 0.9958847734375 0.40046296249999996 0.9927983546875 0.40856481406249995 0.9958847734375 0.421875 1 0.42397937656250007 1 0.3985690234375