1 0.5657894734375 0.42320819062500004 0.5637651828125 0.42320819062500004 0.5445344125 0.424345846875 0.5384615390625 0.4266211609375 0.5374493921875 0.4357224125 0.541497975 0.43913538125 0.6366396765625 0.43913538125 0.6447368421874999 0.43742889687500003 0.6497975703125001 0.43287827031250004 0.648785425 0.42832764531249995 0.640688259375 0.424345846875 0.5657894734375 0.42320819062500004
1 0.44230769218750005 0.4260523328125 0.4362348171875 0.424914675 0.43522267187499997 0.424914675 0.3805668015625 0.4271899890625 0.371457490625 0.4294653015625 0.36740890625 0.43344709843749996 0.36740890625 0.444254834375 0.37651821875 0.4544937421875 0.39068825937499996 0.4556314 0.4433198375 0.4402730375 0.4473684203125 0.436291240625 0.4473684203125 0.4300341296875 0.44230769218750005 0.4260523328125
1 0.76619433125 0.420932878125 0.756072875 0.4226393625 0.7530364375 0.4260523328125 0.7540485828125 0.43287827031250004 0.7631578953125 0.43742889687500003 0.8552631578125001 0.43799772499999995 0.8643724703125001 0.43117178593750005 0.8643724703125001 0.4260523328125 0.8542510125 0.42150170625000005 0.7712550609375 0.420932878125 0.76619433125 0.420932878125
1 1 0.424914675 0.9929149796875001 0.420932878125 0.9686234812500001 0.42036405 0.963562753125 0.42036405 0.944331984375 0.420932878125 0.9402834015625 0.4226393625 0.9372469640625001 0.4260523328125 0.9392712546875 0.43515358437499996 0.946356275 0.44084186562500005 0.9625506078124999 0.4453924921875 0.9706477734375 0.45051194531250005 0.9908906875 0.4516496015625 1 0.4465301484375 1 0.424914675
1 0.36437247031250003 0.4516496015625 0.36234817812500003 0.4357224125 0.3582995953125 0.4300341296875 0.35121457500000003 0.4271899890625 0.34564777343749997 0.4271899890625 0.3188259109375 0.42775881718750003 0.3076923078125 0.4323094421875 0.3046558703125 0.44766780468749995 0.3076923078125 0.4544937421875 0.31275303593750003 0.4579067125 0.31983805625 0.459613196875 0.33906882656250004 0.459613196875 0.3552631578125 0.458475540625 0.36133603281250004 0.456200228125 0.36437247031250003 0.4516496015625
1 0.283400809375 0.42775881718750003 0.2773279359375 0.42775881718750003 0.2530364375 0.42832764531249995 0.241902834375 0.43344709843749996 0.2408906875 0.45278725781249995 0.2530364375 0.46018202500000005 0.2823886640625 0.46018202500000005 0.295546559375 0.45676905625 0.3006072875 0.4459613203125 0.2985829953125 0.4340159265625 0.291497975 0.4294653015625 0.283400809375 0.42775881718750003
1 0.229757084375 0.4323094421875 0.21761133593749998 0.4288964734375 0.1902834015625 0.4288964734375 0.18724696406250002 0.4288964734375 0.17611336093750002 0.43344709843749996 0.1730769234375 0.43799772499999995 0.17206477656250002 0.4482366328125 0.17712550625 0.45733788437499995 0.188259109375 0.46131968125 0.2145748984375 0.46131968125 0.2267206484375 0.45904436875 0.232793521875 0.4539249140625 0.2348178140625 0.4453924921875 0.229757084375 0.4323094421875
1 0.1670040484375 0.436291240625 0.1589068828125 0.4306029578125 0.146761134375 0.4288964734375 0.1447368421875 0.4288964734375 0.12044534375 0.4294653015625 0.1103238859375 0.4340159265625 0.106275303125 0.44084186562500005 0.1113360328125 0.458475540625 0.118421053125 0.46188850937500003 0.15182186250000002 0.46188850937500003 0.16093117343750002 0.46018202500000005 0.165991903125 0.45676905625 0.169028340625 0.44709897656250003 0.1670040484375 0.436291240625
1 0.103238865625 0.4499431171875 0.10222672031249999 0.43799772499999995 0.096153846875 0.4323094421875 0.0860323890625 0.4300341296875 0.0799595140625 0.4300341296875 0.055668015625 0.4306029578125 0.044534412499999995 0.4357224125 0.0404858296875 0.44254835000000003 0.041497975 0.4533560859375 0.044534412499999995 0.45904436875 0.0495951421875 0.46188850937500003 0.0779352234375 0.463026165625 0.090080971875 0.46245733749999995 0.0981781375 0.459613196875 0.103238865625 0.4499431171875
1 0 0.464163821875 0.011133603124999999 0.464163821875 0.02530364375 0.463026165625 0.033400809375 0.46018202500000005 0.0374493921875 0.4533560859375 0.0374493921875 0.44084186562500005 0.033400809375 0.4345847546875 0.02530364375 0.43117178593750005 0.0194331984375 0.43117178593750005 0 0.43117178593750005 0 0.464163821875
0 0.43522267187499997 0.11149032968749999 0.43218623437500003 0.11149032968749999 0.4220647765625 0.1131968140625 0.4139676109375 0.11831626875000001 0.415991903125 0.1302616609375 0.4230769234375 0.13310580156250001 0.4554655875 0.13310580156250001 0.460526315625 0.1308304890625 0.4625506078125 0.1268486921875 0.460526315625 0.115472128125 0.45445344062500004 0.11262798593750001 0.43522267187499997 0.11149032968749999
0 0.45040485781250006 0.13594994375 0.43016194375000005 0.135381115625 0.42712550625 0.135381115625 0.41801619375000004 0.13879408437500002 0.41497975781249996 0.14277588125000001 0.4139676109375 0.14846416406250001 0.419028340625 0.16154721249999998 0.42813765156250005 0.1660978390625 0.43218623437500003 0.164391353125 0.45445344062500004 0.164391353125 0.460526315625 0.15813424375000001 0.460526315625 0.14050056875 0.45040485781250006 0.13594994375
0 0.4534412953125 0.1689419796875 0.4453441296875 0.1678043234375 0.4433198375 0.1678043234375 0.42712550625 0.1683731515625 0.419028340625 0.176336746875 0.42004048593750004 0.19624573437499998 0.4251012140625 0.2144482359375 0.43016194375000005 0.21899886249999997 0.43724696406249997 0.22070534687499999 0.4534412953125 0.21786120625 0.45850202500000004 0.2081911265625 0.460526315625 0.1746302609375 0.4534412953125 0.1689419796875
0 0.441295546875 0.22866894218749997 0.4311740890625 0.2315130828125 0.42712550625 0.24061433437500002 0.429149796875 0.2650739484375 0.4311740890625 0.2690557453125 0.4402834015625 0.27189988593750003 0.4534412953125 0.2696245734375 0.45748987812499997 0.26109214999999997 0.4554655875 0.23435722343749998 0.4453441296875 0.22866894218749997 0.441295546875 0.22866894218749997
0 0.4453441296875 0.27758816875000003 0.44433198437500004 0.27758816875000003 0.43218623437500003 0.27986348125 0.429149796875 0.28441410624999997 0.43016194375000005 0.31342434531249996 0.43421052656250003 0.3185438 0.44230769218750005 0.321387940625 0.45242915000000006 0.31968145625 0.45850202500000004 0.3122866890625 0.45748987812499997 0.28441410624999997 0.45445344062500004 0.27986348125 0.4453441296875 0.27758816875000003
0 0.45040485781250006 0.32593856718750003 0.4453441296875 0.32593856718750003 0.43724696406249997 0.3265073953125 0.43218623437500003 0.3299203640625 0.43016194375000005 0.343572240625 0.43218623437500003 0.363481228125 0.4362348171875 0.3686006828125 0.4453441296875 0.3708759953125 0.45748987812499997 0.3668941984375 0.460526315625 0.36177474374999996 0.45951417031249997 0.3321956765625 0.45040485781250006 0.32593856718750003
0 0.45040485781250006 0.3748577921875 0.44230769218750005 0.3748577921875 0.43421052656250003 0.3782707625 0.43218623437500003 0.382252559375 0.43218623437500003 0.40614334531249996 0.4362348171875 0.41524459687500004 0.44433198437500004 0.41865756562499995 0.45748987812499997 0.41695108125 0.4625506078125 0.4101251421875 0.4615384609375 0.38168373125 0.45951417031249997 0.377701934375 0.45040485781250006 0.3748577921875
0 0.5232793515624999 0.424914675 0.5050607281249999 0.42377701874999996 0.5030364375 0.42377701874999996 0.4625506078125 0.424914675 0.4534412953125 0.4294653015625 0.4534412953125 0.436291240625 0.45647773281250004 0.43913538125 0.4655870453125 0.44084186562500005 0.5182186234375 0.4402730375 0.5273279359374999 0.438566553125 0.5313765187499999 0.4345847546875 0.5293522265624999 0.42775881718750003 0.5232793515624999 0.424914675
0 0.72773279375 0.42150170625000005 0.7014170046875 0.42150170625000005 0.7004048578125001 0.42150170625000005 0.679149796875 0.4226393625 0.6690283406249999 0.424914675 0.665991903125 0.42832764531249995 0.66801619375 0.43515358437499996 0.67712550625 0.438566553125 0.7287449390625 0.43799772499999995 0.743927125 0.436291240625 0.7469635625 0.43174061406249997 0.743927125 0.424345846875 0.72773279375 0.42150170625000005
0 0.9240890687500001 0.4226393625 0.9149797578125 0.42150170625000005 0.90915991875 0.42150170625000005 0.8886639671875001 0.422070534375 0.8795546562500001 0.4271899890625 0.8755060734375 0.43344709843749996 0.8755060734375 0.4402730375 0.8805668015625001 0.4465301484375 0.8947368421874999 0.4493742890625 0.9251012140625001 0.44084186562500005 0.9311740890625 0.43515358437499996 0.9311740890625 0.4294653015625 0.9240890687500001 0.4226393625
0 0.45850202500000004 0.0949943109375 0.45445344062500004 0.0949943109375 0.43724696406249997 0.097269625 0.41497975781249996 0.095563140625 0.41093117343749996 0.097269625 0.40991902812500003 0.101251421875 0.4139676109375 0.1080773609375 0.41801619375000004 0.1097838453125 0.45748987812499997 0.1080773609375 0.4625506078125 0.1040955625 0.4625506078125 0.097269625 0.45850202500000004 0.0949943109375