0 0.46275605156250005 0.11570680625 0.4674115453125 0.112041884375 0.466480446875 0.109424084375 0.46275605156250005 0.109424084375 0.448789571875 0.1109947640625 0.43668528906250004 0.119371728125 0.42458100625000006 0.12094240781250001 0.4208566109375 0.12460732968749999 0.4227188078125 0.1314136125 0.434823090625 0.13246073281249998 0.4608938546875 0.13036649218750002 0.46554934843750007 0.12722513124999998 0.466480446875 0.1198952875 0.46275605156250005 0.11570680625
0 0.4497206703125 0.137172775 0.446927375 0.137172775 0.435754190625 0.1382198953125 0.4227188078125 0.1439790578125 0.4227188078125 0.1539267015625 0.43016759843749997 0.159162303125 0.45437616406250003 0.15968586406250002 0.466480446875 0.15654450312499998 0.46927374374999997 0.1513089 0.46834264374999995 0.1429319375 0.45716945937500003 0.137172775 0.4497206703125 0.137172775
0 0.45065176874999996 0.16178010468749998 0.44568622031249994 0.16178010468749998 0.435754190625 0.16178010468749998 0.4292364984375 0.1638743453125 0.42364990625 0.1696335078125 0.426443203125 0.1837696328125 0.434823090625 0.1895287953125 0.45810055937499994 0.188481675 0.46554934843750007 0.18429319375 0.46554934843750007 0.16544502656249999 0.45996275625000005 0.162827225 0.45065176874999996 0.16178010468749998
0 0.4515828671875 0.19162303593750002 0.446927375 0.19162303593750002 0.4338919921875 0.19267015781250002 0.4283054 0.19842931875 0.43016759843749997 0.21675392656249998 0.43668528906250004 0.2225130890625 0.45251396718750003 0.2225130890625 0.461824953125 0.2188481671875 0.46461825 0.2151832453125 0.46461825 0.19581151875 0.45996275625000005 0.19267015781250002 0.4515828671875 0.19162303593750002
0 0.453445065625 0.22565445 0.448324021875 0.22565445 0.4376163875 0.22722513125 0.4338919921875 0.23193717343750003 0.435754190625 0.2570680625 0.44506517656250005 0.262827225 0.45530726250000003 0.2617801046875 0.45996275625000005 0.259162303125 0.46275605156250005 0.253403140625 0.46368715156249996 0.23350785312500003 0.45996275625000005 0.22827225156250003 0.453445065625 0.22565445
0 0.45065176874999996 0.266492146875 0.4413407828125 0.26806282656249997 0.43668528906250004 0.27434555 0.4376163875 0.3 0.44785847343749996 0.306282721875 0.45810055937499994 0.3047120421875 0.46368715156249996 0.29790575937499997 0.46275605156250005 0.27277486875 0.4608938546875 0.2696335078125 0.45251396718750003 0.266492146875 0.45065176874999996 0.266492146875
0 0.4515828671875 0.3104712046875 0.444134078125 0.31099476406250004 0.4385474859375 0.31570680625 0.4385474859375 0.343455496875 0.4432029796875 0.34869110000000003 0.448789571875 0.3502617796875 0.4590316578125 0.34921465937499996 0.46554934843750007 0.3418848171875 0.46461825 0.3162303671875 0.45716945937500003 0.3104712046875 0.4515828671875 0.3104712046875
0 0.45437616406250003 0.3544502625 0.44785847343749996 0.3544502625 0.4413407828125 0.3575916234375 0.43947858437500004 0.360732984375 0.43947858437500004 0.3837696328125 0.444134078125 0.3926701578125 0.45065176874999996 0.3942408375 0.46275605156250005 0.3926701578125 0.4674115453125 0.3869109953125 0.46554934843750007 0.35863874375 0.4608938546875 0.3554973828125 0.45437616406250003 0.3544502625
0 0.45716945937500003 0.397905759375 0.45065176874999996 0.397905759375 0.4432029796875 0.4010471203125 0.4404096828125 0.40523560156249994 0.4404096828125 0.430890053125 0.444134078125 0.4340314140625 0.4562383609375 0.43560209375000003 0.466480446875 0.4340314140625 0.4702048421875 0.4303664921875 0.46834264374999995 0.406282721875 0.46554934843750007 0.4010471203125 0.45716945937500003 0.397905759375
0 0.5549348234375 0.4314136125 0.5540037250000001 0.4314136125 0.5260707640625 0.43350785312499995 0.52234636875 0.43612565468750003 0.5232774671875 0.44345549687499997 0.53072625625 0.44659685937500004 0.587523278125 0.44607329843750004 0.59404096875 0.44345549687499997 0.5949720671875001 0.43664921406249996 0.5903165734375 0.43298429374999997 0.5791433890625 0.4314136125 0.5549348234375 0.4314136125
0 0.7513966484375 0.429319371875 0.7458100562500001 0.429319371875 0.734636871875 0.42984293124999995 0.7262569828125 0.43298429374999997 0.725325884375 0.43926701562500003 0.7290502796875 0.44293193750000004 0.738361265625 0.4445026171875 0.787709496875 0.44397905781249997 0.7960893859375 0.4397905765625 0.7960893859375 0.43350785312499995 0.7895716953125 0.4303664921875 0.7513966484375 0.429319371875
0 0.9404096828125 0.429319371875 0.9050279328125 0.42827225156250004 0.904096834375 0.42827225156250004 0.899441340625 0.4287958109375 0.8938547484375 0.4324607328125 0.8919925515625 0.43926701562500003 0.8947858468750001 0.44293193750000004 0.904096834375 0.44764397968749997 0.921787709375 0.4486911 0.9283054 0.450785340625 0.939478584375 0.4481675390625 0.9450651765625 0.435078534375 0.9404096828125 0.429319371875
1 0 0.469109946875 0.0251396640625 0.469109946875 0.038175046875 0.464921465625 0.0409683421875 0.459162303125 0.0409683421875 0.44607329843750004 0.035381750000000003 0.44136125625 0.0232774671875 0.43926701562500003 0.0183892 0.43926701562500003 0 0.44026367187500004 0 0.469109946875
1 0.0977653625 0.46439790625 0.100558659375 0.4596858640625 0.100558659375 0.44659685937500004 0.0949720671875 0.44031413593749996 0.08472998125 0.4382198953125 0.0796089390625 0.4382198953125 0.05772811875 0.43874345625 0.051210428125 0.44031413593749996 0.0474860328125 0.44345549687499997 0.0446927375 0.4560209421875 0.0456238359375 0.46125654374999997 0.051210428125 0.46701570625000005 0.0586592171875 0.4685863875 0.07541899375 0.4685863875 0.0903165734375 0.46753926718749994 0.0977653625 0.46439790625
1 0.145251396875 0.43717277499999996 0.122905028125 0.43717277499999996 0.12104283125 0.43717277499999996 0.113594040625 0.43874345625 0.10614525156250001 0.445026178125 0.10707635 0.46387434531249994 0.11731843593749999 0.46753926718749994 0.1461824953125 0.46753926718749994 0.1573556796875 0.464921465625 0.1620111734375 0.45654450312500006 0.1620111734375 0.44764397968749997 0.158286778125 0.44083769687499996 0.145251396875 0.43717277499999996
1 0.220670390625 0.44607329843750004 0.216945996875 0.44031413593749996 0.2067039109375 0.43664921406249996 0.20204841718750002 0.43664921406249996 0.17690875156250002 0.43717277499999996 0.1685288640625 0.4418848171875 0.16573556875 0.44659685937500004 0.16573556875 0.4570680625 0.1685288640625 0.462827225 0.17411545625 0.4659685859375 0.20763500937499998 0.466492146875 0.2178770953125 0.462827225 0.2216014890625 0.4575916234375 0.220670390625 0.44607329843750004
1 0.2774674109375 0.4397905765625 0.26815642500000003 0.43612565468750003 0.2628026078125 0.43612565468750003 0.23649906875 0.43664921406249996 0.22718808125 0.44083769687499996 0.2243947859375 0.44554973750000004 0.2243947859375 0.4560209421875 0.23277467343749997 0.464921465625 0.2690875234375 0.4654450265625 0.2774674109375 0.462303665625 0.28119180625 0.45811518281249997 0.2802607078125 0.44293193750000004 0.2774674109375 0.4397905765625
1 0.34078212343750003 0.44345549687499997 0.338919925 0.4397905765625 0.3305400375 0.43560209375000003 0.32572904999999996 0.43560209375000003 0.2951582875 0.43612565468750003 0.28770949687499997 0.4397905765625 0.2849162015625 0.4539267015625 0.29143389218750004 0.46387434531249994 0.29888268125 0.4654450265625 0.31657355625 0.4654450265625 0.3314711359375 0.46439790625 0.337057728125 0.46178010468749997 0.34078212343750003 0.4570680625 0.34078212343750003 0.44345549687499997
1 0.39851024218750003 0.44031413593749996 0.39292365 0.43560209375000003 0.386405959375 0.435078534375 0.38119180625000004 0.435078534375 0.36033519531249997 0.435078534375 0.350093109375 0.43717277499999996 0.34543761562499997 0.44397905781249997 0.34543761562499997 0.4554973828125 0.3538175046875 0.46387434531249994 0.386405959375 0.46387434531249994 0.3957169453125 0.46178010468749997 0.40130353750000003 0.4575916234375 0.4031657359375 0.4513089 0.39851024218750003 0.44031413593749996
1 0.49906890156249994 0.4345549734375 0.4720670390625 0.4345549734375 0.45996275625000005 0.43717277499999996 0.4497206703125 0.43717277499999996 0.43668528906250004 0.4345549734375 0.4338919921875 0.4345549734375 0.41247672187499995 0.43560209375000003 0.40689012968749994 0.437696334375 0.40689012968749994 0.44712041874999997 0.41247672187499995 0.4523560203125 0.42458100625000006 0.453403140625 0.445996275 0.44712041874999997 0.5009310984375 0.44607329843750004 0.5074487890625 0.4418848171875 0.5074487890625 0.437696334375 0.49906890156249994 0.4345549734375
1 0.6955307265624999 0.4303664921875 0.6424581 0.4303664921875 0.6415270015625001 0.4303664921875 0.6042830546875 0.4324607328125 0.6005586593750001 0.43560209375000003 0.6014897578125 0.44240837656250004 0.609869646875 0.44607329843750004 0.6573556796875 0.44554973750000004 0.6973929234375 0.4445026171875 0.7048417125 0.44293193750000004 0.707635009375 0.4397905765625 0.7067039109375 0.4340314140625 0.6955307265624999 0.4303664921875
1 0.8845437609375001 0.44345549687499997 0.8845437609375001 0.437696334375 0.8808193671875 0.4340314140625 0.868715084375 0.4303664921875 0.8137802609375001 0.429319371875 0.8128491625 0.429319371875 0.806331471875 0.430890053125 0.8026070765625001 0.4340314140625 0.805400371875 0.4418848171875 0.8109869640625 0.4445026171875 0.837057728125 0.4481675390625 0.8510242078125 0.453403140625 0.86126629375 0.454973821875 0.8733705765625001 0.4523560203125 0.87988826875 0.44921465937500005 0.8845437609375001 0.44345549687499997
1 0.9813780265625001 0.42827225156250004 0.975791434375 0.42827225156250004 0.9608938546875001 0.4287958109375 0.9525139671874999 0.4340314140625 0.9432029796875 0.453403140625 0.9469273749999999 0.4570680625 0.9869646187500001 0.4575916234375 0.9972067046875001 0.4544502625 1 0.44973822031250005 0.9990689015625 0.4345549734375 0.9944134078125 0.430890053125 0.9813780265625001 0.42827225156250004