0 0.5708737859374999 0.443715846875 0.5708737859374999 0.43387978125000004 0.5640776703125 0.42950819687499997 0.5359223296875 0.4306010921875 0.532038834375 0.4289617484375 0.4864077671875 0.4289617484375 0.47766990312499996 0.4273224046875 0.4699029125 0.41967213125 0.4592233015625 0.41912568281249996 0.4582524265625 0.418579234375 0.45145631093749994 0.422404371875 0.45145631093749994 0.42622950781249996 0.462135921875 0.43387978125000004 0.46796116562499995 0.4426229515625 0.4737864078125 0.44535519062500006 0.512621359375 0.4464480875 0.5359223296875 0.44480874375 0.552427184375 0.4464480875 0.5640776703125 0.4459016390625 0.5708737859374999 0.443715846875
0 0.4699029125 0.374316940625 0.462135921875 0.3726775953125 0.45728155312499996 0.3726775953125 0.45145631093749994 0.37377049218749997 0.4456310671875 0.378688525 0.4456310671875 0.40546448125 0.4495145625 0.41256830625 0.4582524265625 0.415300546875 0.4660194171875 0.41475409843750005 0.472815534375 0.41147540937500005 0.47475728124999994 0.40273224062499996 0.472815534375 0.3770491796875 0.4699029125 0.374316940625
0 0.45436893281249996 0.11420765 0.4281553390625 0.1163934421875 0.42524271875 0.11967213125000001 0.427184465625 0.12950819687499998 0.43495145625 0.1322404375 0.46796116562499995 0.1306010921875 0.4737864078125 0.125683059375 0.4737864078125 0.11803278749999999 0.4699029125 0.1147540984375 0.45533980625000003 0.1147540984375 0.45436893281249996 0.11420765
0 0.4504854375 0.13333333281249998 0.4495145625 0.13333333281249998 0.43495145625 0.134972678125 0.4281553390625 0.1393442625 0.427184465625 0.15191256875 0.43398058281249996 0.1606557375 0.46407767031249997 0.1606557375 0.47184466093750005 0.1568306015625 0.47475728124999994 0.14754098437500002 0.472815534375 0.13770491875 0.4660194171875 0.1344262296875 0.4504854375 0.13333333281249998
0 0.460194175 0.163387978125 0.45436893281249996 0.163387978125 0.439805825 0.16393442656249999 0.4310679609375 0.16885245937499999 0.4300970875 0.17540983593749998 0.43398058281249996 0.1879781421875 0.44174757343750004 0.19344262343750002 0.4660194171875 0.19125683124999998 0.47087378593749996 0.18743169375 0.472815534375 0.170491803125 0.4699029125 0.16612021875 0.460194175 0.163387978125
0 0.46796116562499995 0.19836065625 0.45533980625000003 0.195628415625 0.4495145625 0.195628415625 0.4407766984375 0.19726775937500002 0.436893203125 0.2005464484375 0.4359223296875 0.21803278750000002 0.4407766984375 0.2284153 0.4495145625 0.231147540625 0.4592233015625 0.231147540625 0.46699029062499997 0.22732240468749998 0.46893203906250003 0.22349726718750001 0.47087378593749996 0.20491803281249998 0.46796116562499995 0.19836065625
0 0.4582524265625 0.235519125 0.45533980625000003 0.235519125 0.4466019421875 0.236612021875 0.439805825 0.2431693984375 0.44174757343750004 0.2683060109375 0.44466019375 0.2737704921875 0.452427184375 0.2765027328125 0.460194175 0.27595628437499997 0.46893203906250003 0.268852459375 0.46796116562499995 0.24153005468750002 0.46407767031249997 0.23715847031249998 0.4582524265625 0.235519125
0 0.4582524265625 0.2808743171875 0.4563106796875 0.2808743171875 0.44466019375 0.2841530046875 0.442718446875 0.28907103749999996 0.44368932031249997 0.3158469953125 0.4533980578125 0.3234972671875 0.4592233015625 0.3234972671875 0.46893203906250003 0.3191256828125 0.47087378593749996 0.3131147546875 0.4699029125 0.288524590625 0.46699029062499997 0.2841530046875 0.4582524265625 0.2808743171875
0 0.4533980578125 0.32732240468749996 0.44854368906250003 0.32841529999999997 0.44466019375 0.3322404375 0.44466019375 0.3601092890625 0.4495145625 0.36775956249999997 0.4582524265625 0.3693989078125 0.46796116562499995 0.36775956249999997 0.472815534375 0.3557377046875 0.47087378593749996 0.3322404375 0.462135921875 0.32732240468749996 0.4533980578125 0.32732240468749996
1 0.9106796109375 0.4426229515625 0.9116504859375001 0.43770491875 0.907766990625 0.43278688593750003 0.9 0.42950819687499997 0.8786407765625001 0.4273224046875 0.8699029125 0.4273224046875 0.8388349515625 0.4289617484375 0.83495145625 0.427868853125 0.8291262140625 0.43114754062499994 0.8291262140625 0.43934426249999997 0.836893203125 0.44316939843750003 0.8582524265625 0.4469945359375 0.880582525 0.4540983609375 0.8864077671875 0.4540983609375 0.90485436875 0.44863387968749996 0.9106796109375 0.4426229515625
1 1 0.42637522812500006 0.9893203890625 0.42677595625000003 0.980582525 0.43333333281249997 0.972815534375 0.4513661203125 0.9786407765625 0.4568306015625 1 0.4568306015625 1 0.42637522812500006
1 0 0.46682279531250004 0.0058252421875 0.4612021859375 0.0058252421875 0.4459016390625 0.0029126218749999998 0.442076503125 0 0.4409289625 0 0.46682279531250004
1 0.067961165625 0.443715846875 0.062135921875 0.4387978140625 0.0533980578125 0.43715847031250005 0.052427184375000005 0.436612021875 0.027184465624999998 0.43715847031250005 0.0165048546875 0.4404371578125 0.0106796109375 0.452459015625 0.012621359374999998 0.4628415296875 0.0165048546875 0.46666666718750005 0.024271845312500002 0.4683060109375 0.050485437499999994 0.4683060109375 0.0660194171875 0.464480875 0.0699029125 0.4568306015625 0.067961165625 0.443715846875
1 0.132038834375 0.4426229515625 0.1262135921875 0.43825136562499994 0.1184466015625 0.4360655734375 0.11286407812499999 0.4360655734375 0.0883495140625 0.436612021875 0.0786407765625 0.43934426249999997 0.072815534375 0.4469945359375 0.0718446609375 0.4540983609375 0.07475728125 0.46229508125 0.080582525 0.46666666718750005 0.12038835 0.4672131140625 0.13009708749999999 0.4628415296875 0.133009709375 0.457923496875 0.132038834375 0.4426229515625
1 0.1932038828125 0.4398907109375 0.18446601875 0.435519125 0.172815534375 0.434972678125 0.1699029125 0.434972678125 0.147572815625 0.436612021875 0.136893203125 0.443715846875 0.13786407812499998 0.4612021859375 0.147572815625 0.46666666718750005 0.180582525 0.46666666718750005 0.187378640625 0.4655737703125 0.1932038828125 0.461748634375 0.1961165046875 0.4568306015625 0.1961165046875 0.44535519062500006 0.1932038828125 0.4398907109375
1 0.2592233015625 0.45464480937499996 0.2592233015625 0.44426229531250006 0.25533980624999997 0.4387978140625 0.24271844687500002 0.434972678125 0.236893203125 0.434972678125 0.2116504859375 0.435519125 0.2038834953125 0.4387978140625 0.1990291265625 0.4469945359375 0.1990291265625 0.45355191250000004 0.207766990625 0.464480875 0.21941747500000003 0.46612021875 0.2407766984375 0.4655737703125 0.2485436890625 0.46502732187499995 0.2543689328125 0.46229508125 0.2592233015625 0.45464480937499996
1 0.3135922328125 0.435519125 0.3038834953125 0.43387978125000004 0.3 0.43387978125000004 0.2766990296875 0.4344262296875 0.26504854375 0.4404371578125 0.26407767031249996 0.4568306015625 0.27378640781249997 0.464480875 0.3038834953125 0.46502732187499995 0.31456310625 0.4628415296875 0.3184466015625 0.45956284218750004 0.3213592234375 0.44918032812500003 0.319417475 0.4404371578125 0.3135922328125 0.435519125
1 0.3689320390625 0.43333333281249997 0.362135921875 0.43333333281249997 0.337864078125 0.43387978125000004 0.327184465625 0.4387978140625 0.3262135921875 0.4568306015625 0.33495145625 0.463387978125 0.3718446609375 0.46393442656249995 0.37961165 0.4612021859375 0.3834951453125 0.45464480937499996 0.3815533984375 0.4404371578125 0.3766990296875 0.435519125 0.3689320390625 0.43333333281249997
1 0.460194175 0.434972678125 0.452427184375 0.4316939890625 0.44368932031249997 0.4316939890625 0.4407766984375 0.4316939890625 0.398058253125 0.43333333281249997 0.3902912625 0.435519125 0.38640776718750003 0.4398907109375 0.38640776718750003 0.44863387968749996 0.397087378125 0.4584699453125 0.4087378640625 0.45956284218750004 0.44854368906250003 0.4469945359375 0.462135921875 0.4459016390625 0.46504854375000004 0.44426229531250006 0.460194175 0.434972678125
0 0.760194175 0.4273224046875 0.7466019421875 0.4316939890625 0.7466019421875 0.43825136562499994 0.7563106796875 0.44316939843750003 0.8067961171875 0.44316939843750003 0.82038835 0.4404371578125 0.8213592234375 0.4316939890625 0.8165048546874999 0.4289617484375 0.7737864078125 0.4289617484375 0.7640776703125 0.4273224046875 0.760194175 0.4273224046875
0 0.9699029124999999 0.4464480875 0.9747572812499999 0.43224043749999996 0.9660194171875001 0.42677595625000003 0.9504854375 0.42622950781249996 0.9443368937500001 0.42622950781249996 0.932038834375 0.42622950781249996 0.9242718453125001 0.4284153 0.92038835 0.4344262296875 0.9223300968749999 0.4398907109375 0.927184465625 0.443715846875 0.9368932031250001 0.4469945359375 0.9495145624999999 0.44754098437499995 0.9524271843750001 0.4497267765625 0.960194175 0.45027322343750004 0.9699029124999999 0.4464480875
1 0.7174757281249999 0.44480874375 0.7300970875 0.44426229531250006 0.737864078125 0.44153005468749995 0.7388349515625 0.43278688593750003 0.7349514562499999 0.42950819687499997 0.7213592234374999 0.4273224046875 0.70485436875 0.4273224046875 0.701941746875 0.4273224046875 0.687378640625 0.43224043749999996 0.672815534375 0.4284153 0.5844660187499999 0.42950819687499997 0.5747572812499999 0.43387978125000004 0.5747572812499999 0.44098360625 0.580582525 0.44535519062500006 0.5883495140624999 0.4459016390625 0.672815534375 0.44535519062500006 0.6912621359375 0.44316939843750003 0.7174757281249999 0.44480874375