0 0.41563785937500003 0.1458333328125 0.42386831249999996 0.15335648125 0.450617284375 0.15451388906250002 0.45987654375 0.1516203703125 0.46399177031249994 0.14409722187500001 0.45987654375 0.1290509265625 0.44547325156250006 0.1261574078125 0.42798353906250003 0.1261574078125 0.41460905312499996 0.13368055625 0.41563785937500003 0.1458333328125
0 0.4197530859375 0.178240740625 0.42592592656250006 0.1863425921875 0.432098765625 0.1886574078125 0.45370370312499997 0.1875 0.46193415625 0.1776620375 0.45987654375 0.1620370375 0.450617284375 0.15798611093749998 0.4290123453125 0.15798611093749998 0.4197530859375 0.1637731484375 0.4197530859375 0.178240740625
0 0.43415637812499996 0.230902778125 0.44547325156250006 0.2320601859375 0.45679012343750003 0.22569444375 0.45781892968750004 0.1984953703125 0.450617284375 0.1932870375 0.432098765625 0.1932870375 0.42386831249999996 0.19965277812499999 0.4269547328125 0.225115740625 0.43415637812499996 0.230902778125
0 0.431069959375 0.274884259375 0.43518518593750005 0.2789351859375 0.44753086406250003 0.2800925921875 0.4557613171875 0.27777777812500004 0.4588477359375 0.2696759265625 0.45679012343750003 0.24131944375 0.4465020578125 0.23611111093749998 0.43415637812499996 0.23726851875000002 0.4300411515625 0.24131944375 0.431069959375 0.274884259375
0 0.42078189374999997 0.1238425921875 0.45473251093749995 0.1238425921875 0.46399177031249994 0.11689814843749999 0.46399177031249994 0.10648148125000001 0.45473251093749995 0.10069444375 0.4362139921875 0.09953703750000001 0.41358024687499995 0.1070601859375 0.412551440625 0.11689814843749999 0.42078189374999997 0.1238425921875
0 0.44032921875 0.328703703125 0.451646090625 0.328703703125 0.4588477359375 0.32465277812500004 0.46090535 0.3177083328125 0.4588477359375 0.28993055624999997 0.4465020578125 0.28472222187499996 0.43312757187499995 0.287615740625 0.432098765625 0.3234953703125 0.44032921875 0.328703703125
0 0.43827160468750004 0.37789351875 0.451646090625 0.3796296296875 0.46193415625 0.3726851859375 0.46193415625 0.34085648125 0.450617284375 0.3333333328125 0.43827160468750004 0.334490740625 0.43312757187499995 0.3379629625 0.432098765625 0.3692129625 0.43827160468750004 0.37789351875
0 0.43415637812499996 0.3888888890625 0.43518518593750005 0.42129629687500003 0.43827160468750004 0.42534722187499996 0.450617284375 0.42881944375 0.46193415625 0.42476851875 0.46502057656250007 0.4172453703125 0.46296296249999996 0.3894675921875 0.45987654375 0.3854166671875 0.45267489687499995 0.38368055624999997 0.44341563749999996 0.38368055624999997 0.43415637812499996 0.3888888890625
0 0.5442386828125 0.443865740625 0.550411521875 0.44733796249999996 0.6460905343750001 0.446759259375 0.6543209875 0.4450231484375 0.6594650203125 0.44039351875 0.65534979375 0.4322916671875 0.6388888890625 0.4299768515625 0.5679012343750001 0.43055555625 0.5442386828125 0.43460648125 0.5442386828125 0.443865740625
0 0.7644032921874999 0.43981481406249995 0.7716049375 0.44444444375 0.86419753125 0.4456018515625 0.875514403125 0.4392361109375 0.874485596875 0.4328703703125 0.86419753125 0.42881944375 0.7932098765625 0.42766203750000004 0.7726337453125 0.428240740625 0.7654320984375 0.431134259375 0.7644032921874999 0.43981481406249995
0 1 0.428192515625 0.9547325109375 0.42766203750000004 0.9485596703124999 0.43171296249999996 0.950617284375 0.443865740625 0.9804526750000001 0.45717592656250006 0.9979423875 0.459490740625 1 0.4587418296875 1 0.428192515625
1 0 0.4720614703125 0.0133744859375 0.47164351875 0.026748971875 0.46932870312499997 0.0318930046875 0.46585648125 0.032921810937500004 0.44618055625 0.021604937499999997 0.4386574078125 0 0.438994984375 0 0.4720614703125
1 0.0421810703125 0.4421296296875 0.03806584375 0.446759259375 0.03806584375 0.46296296249999996 0.047325103125000004 0.4704861109375 0.086419753125 0.4704861109375 0.09567901250000001 0.46643518593750005 0.0997942390625 0.46006944375 0.0997942390625 0.4484953703125 0.0925925921875 0.43981481406249995 0.0812757203125 0.4375 0.0524691359375 0.43807870312499997 0.0421810703125 0.4421296296875
1 0.1028806578125 0.4577546296875 0.113168725 0.46932870312499997 0.1481481484375 0.4699074078125 0.162551440625 0.46527777812500004 0.165637859375 0.4456018515625 0.1563786015625 0.43807870312499997 0.145061728125 0.4363425921875 0.1152263375 0.4375 0.103909465625 0.44618055625 0.1028806578125 0.4577546296875
1 0.1779835390625 0.43807870312499997 0.17078189375 0.44444444375 0.17078189375 0.4606481484375 0.182098765625 0.46875 0.20987654375 0.46932870312499997 0.221193415625 0.46817129687500003 0.22942386875 0.4641203703125 0.2335390953125 0.44965277812500004 0.230452675 0.4421296296875 0.22325102812500003 0.4375 0.1851851859375 0.4363425921875 0.1779835390625 0.43807870312499997
1 0.238683128125 0.44328703750000004 0.238683128125 0.46006944375 0.2469135796875 0.4670138890625 0.279835390625 0.46817129687500003 0.2952674890625 0.4635416671875 0.298353909375 0.44618055625 0.296296296875 0.44039351875 0.28909465 0.4363425921875 0.25102880625 0.4357638890625 0.241769546875 0.4392361109375 0.238683128125 0.44328703750000004
1 0.3703703703125 0.45601851875 0.3775720171875 0.46180555625 0.38580246875 0.4635416671875 0.44547325156250006 0.4479166671875 0.450617284375 0.443865740625 0.449588478125 0.4363425921875 0.43827160468750004 0.4322916671875 0.3796296296875 0.43460648125 0.3683127578125 0.44039351875 0.3703703703125 0.45601851875
1 0.45781892968750004 0.4450231484375 0.4681069953125 0.4484953703125 0.5246913578125 0.4479166671875 0.5329218109375 0.446759259375 0.5370370375 0.4427083328125 0.5339506171874999 0.43344907343749994 0.526748971875 0.43171296249999996 0.47222222187499996 0.43171296249999996 0.4588477359375 0.4357638890625 0.45781892968750004 0.4450231484375
1 0.9413580250000001 0.43518518593750005 0.933127571875 0.4293981484375 0.9156378593750001 0.428240740625 0.9104938265625 0.428240740625 0.9012345671875 0.42881944375 0.893004115625 0.43171296249999996 0.8868312749999999 0.43807870312499997 0.8868312749999999 0.4513888890625 0.8888888890625 0.45370370312499997 0.8991769546875 0.45659722187499996 0.92489711875 0.45254629687500003 0.9351851859375 0.4484953703125 0.94238683125 0.4421296296875 0.9413580250000001 0.43518518593750005
1 0.36419753125 0.459490740625 0.3621399171875 0.44097222187499996 0.3518518515625 0.43460648125 0.3456790125 0.43460648125 0.316872428125 0.43518518593750005 0.3065843625 0.4392361109375 0.3024691359375 0.4456018515625 0.3024691359375 0.45370370312499997 0.30555555624999997 0.4612268515625 0.31172839531249996 0.46585648125 0.3199588484375 0.4675925921875 0.33744855937499996 0.4675925921875 0.3611111109375 0.46469907343749994 0.36419753125 0.459490740625
1 0.6965020578125001 0.42881944375 0.683127571875 0.431134259375 0.6790123453125 0.43460648125 0.6800411515625 0.4427083328125 0.6893004109375 0.4456018515625 0.74897119375 0.4450231484375 0.7572016453125 0.44039351875 0.7572016453125 0.43402777812500004 0.75 0.4293981484375 0.700617284375 0.42881944375 0.6965020578125001 0.42881944375