0 0.48981481406249994 0.4484375 0.540740740625 0.4484375 0.5518518515624999 0.44739583281249995 0.55648148125 0.44427083281249996 0.55648148125 0.43854166718750004 0.5518518515624999 0.4348958328125 0.54444444375 0.43333333281249997 0.50648148125 0.43333333281249997 0.503703703125 0.43333333281249997 0.4888888890625 0.434375 0.48425925937500003 0.43645833281249996 0.48333333281249996 0.44322916718750005 0.48981481406249994 0.4484375
0 0.44259259218749997 0.43177083281249995 0.4481481484375 0.43385416718750003 0.46388888906250003 0.434375 0.4675925921875 0.4322916671875 0.46666666718750005 0.4036458328125 0.46388888906250003 0.39895833281250004 0.45648148125 0.396875 0.45 0.396875 0.44166666718750003 0.3994791671875 0.4388888890625 0.4046875 0.43981481406249995 0.428125 0.44259259218749997 0.43177083281249995
0 0.6925925921875 0.44635416718750004 0.7481481484375 0.4458333328125 0.7546296296875 0.440625 0.752777778125 0.434375 0.747222221875 0.43125 0.7324074078125 0.43072916718750004 0.73148148125 0.43072916718750004 0.6888888890625 0.4322916671875 0.6824074078125 0.4359375 0.6833333328125 0.4427083328125 0.6925925921875 0.44635416718750004
0 0.8666666671875 0.4515625 0.88055555625 0.453125 0.9120370375 0.44739583281249995 0.9175925921875001 0.4421875 0.9175925921875001 0.43541666718750005 0.9101851859375 0.43125 0.897222221875 0.4302083328125 0.8916666671875 0.4302083328125 0.8740740734375001 0.43125 0.8638888890624999 0.43541666718750005 0.8611111109375 0.4447916671875 0.8666666671875 0.4515625
0 0.9888888890624999 0.4557291671875 0.997222221875 0.45885416718750005 0.9990740734375001 0.4296875 0.997222221875 0.4296875 0.9879629624999999 0.43333333281249997 0.984259259375 0.43854166718750004 0.9861111109375 0.45208333281249996 0.9888888890624999 0.4557291671875
0 0.42870370312499995 0.1598958328125 0.4583333328125 0.1598958328125 0.46388888906250003 0.1583333328125 0.4675925921875 0.1505208328125 0.46666666718750005 0.1427083328125 0.4583333328125 0.1375 0.45277777812500003 0.1369791671875 0.4481481484375 0.1369791671875 0.4296296296875 0.1395833328125 0.42129629687500003 0.1453125 0.42129629687500003 0.1541666671875 0.42870370312499995 0.1598958328125
0 0.43240740781250003 0.1895833328125 0.4388888890625 0.18802083281249998 0.459259259375 0.1890625 0.46481481406249997 0.1828125 0.46481481406249997 0.1666666671875 0.4611111109375 0.1640625 0.447222221875 0.1619791671875 0.44259259218749997 0.1619791671875 0.43148148124999997 0.1625 0.42222222187499997 0.1692708328125 0.42592592656250006 0.1838541671875 0.43240740781250003 0.1895833328125
0 0.43333333281249997 0.2192708328125 0.44629629687500005 0.22135416718749998 0.4601851859375 0.2182291671875 0.46481481406249997 0.20833333281250002 0.46481481406249997 0.20052083281250002 0.46388888906250003 0.1963541671875 0.4583333328125 0.1921875 0.4453703703125 0.1911458328125 0.44166666718750003 0.1911458328125 0.43240740781250003 0.1921875 0.427777778125 0.1963541671875 0.4268518515625 0.209375 0.43333333281249997 0.2192708328125
0 0.4361111109375 0.25625 0.44444444375 0.2604166671875 0.4509259265625 0.2604166671875 0.4583333328125 0.25729166718749996 0.4611111109375 0.25 0.4601851859375 0.228125 0.4574074078125 0.225 0.4509259265625 0.22395833281250002 0.44629629687500005 0.22395833281250002 0.4388888890625 0.2244791671875 0.434259259375 0.2270833328125 0.43148148124999997 0.2348958328125 0.4361111109375 0.25625
0 0.4388888890625 0.3015625 0.45 0.3046875 0.459259259375 0.3005208328125 0.4620370375 0.2958333328125 0.4611111109375 0.2708333328125 0.459259259375 0.2671875 0.45277777812500003 0.2645833328125 0.44444444375 0.2645833328125 0.4379629625 0.2666666671875 0.4361111109375 0.2697916671875 0.4361111109375 0.2932291671875 0.4388888890625 0.3015625
0 0.44629629687500005 0.3479166671875 0.4583333328125 0.3463541671875 0.46388888906250003 0.3390625 0.46296296249999996 0.3145833328125 0.459259259375 0.3104166671875 0.4509259265625 0.3078125 0.45 0.3078125 0.44259259218749997 0.3088541671875 0.4370370375 0.3135416671875 0.4379629625 0.3421875 0.44629629687500005 0.3479166671875
0 0.44166666718750003 0.390625 0.45 0.3927083328125 0.46296296249999996 0.390625 0.465740740625 0.3859375 0.46481481406249997 0.359375 0.46296296249999996 0.3552083328125 0.45648148125 0.35208333281250004 0.4513888890625 0.35208333281250004 0.44351851875000003 0.3526041671875 0.4379629625 0.3583333328125 0.4388888890625 0.3859375 0.44166666718750003 0.390625
1 0 0.46875 0.00555555625 0.47083333281249995 0.019444443750000002 0.4703125 0.0268518515625 0.46666666718750005 0.025 0.4536458328125 0.021296296875000002 0.45 0.013888889062500001 0.4484375 0.0129629625 0.4479166671875 0.00555555625 0.44895833281249997 0 0.4536458328125 0 0.46875
1 0.0296296296875 0.45677083281249997 0.0361111109375 0.4682291671875 0.052777778124999994 0.4703125 0.072222221875 0.4692708328125 0.08148148125 0.46666666718750005 0.08518518593749999 0.45885416718750005 0.08425925937499999 0.4484375 0.08055555625000001 0.44322916718750005 0.06851851875000001 0.43958333281249995 0.065740740625 0.43958333281249995 0.0416666671875 0.4401041671875 0.0324074078125 0.44322916718750005 0.0296296296875 0.446875 0.0296296296875 0.45677083281249997
1 0.0981481484375 0.46875 0.13148148125 0.46875 0.140740740625 0.46510416718750003 0.14351851875 0.44947916718750003 0.13981481406250001 0.44322916718750005 0.1296296296875 0.4390625 0.11574074062499999 0.4390625 0.1148148140625 0.43854166718750004 0.0981481484375 0.4401041671875 0.0898148140625 0.44635416718750004 0.0898148140625 0.46458333281249997 0.0981481484375 0.46875
1 0.15092592656249998 0.465625 0.15648148125 0.4682291671875 0.1898148140625 0.4682291671875 0.196296296875 0.46666666718750005 0.2009259265625 0.46302083281249995 0.2009259265625 0.44375 0.190740740625 0.43854166718750004 0.17962962968750001 0.4380208328125 0.1740740734375 0.4380208328125 0.1546296296875 0.4401041671875 0.147222221875 0.446875 0.146296296875 0.45885416718750005 0.15092592656249998 0.465625
1 0.20833333281250002 0.4625 0.2138888890625 0.46666666718750005 0.2518518515625 0.4671875 0.259259259375 0.4640625 0.2629629625 0.45729166718750003 0.2629629625 0.4479166671875 0.2601851859375 0.4421875 0.2518518515625 0.4380208328125 0.24598796250000002 0.4380208328125 0.2166666671875 0.43854166718750004 0.20833333281250002 0.4427083328125 0.20555555625 0.45625 0.20833333281250002 0.4625
1 0.271296296875 0.4640625 0.27777777812500004 0.46666666718750005 0.3148148140625 0.465625 0.322222221875 0.4609375 0.322222221875 0.4427083328125 0.3138888890625 0.4375 0.302777778125 0.4369791671875 0.3018518515625 0.4369791671875 0.27870370312500004 0.4375 0.26851851875 0.4427083328125 0.2666666671875 0.4578125 0.271296296875 0.4640625
1 0.32777777812500003 0.45729166718750003 0.3324074078125 0.4635416671875 0.33703703749999997 0.465625 0.3703703703125 0.465625 0.38055555625 0.46302083281249995 0.384259259375 0.45885416718750005 0.38055555625 0.44166666718750003 0.375 0.4375 0.36666666718749996 0.43645833281249996 0.3611111109375 0.43645833281249996 0.33888888906250003 0.4369791671875 0.3296296296875 0.44166666718750003 0.32685185156249996 0.4484375 0.32777777812500003 0.45729166718750003
1 0.3861111109375 0.4515625 0.396296296875 0.4604166671875 0.40555555625000006 0.4609375 0.44166666718750003 0.44947916718750003 0.459259259375 0.44895833281249997 0.4675925921875 0.446875 0.4703703703125 0.4427083328125 0.46666666718750005 0.43854166718750004 0.4370370375 0.43541666718750005 0.43148148124999997 0.43541666718750005 0.4 0.4359375 0.3888888890625 0.43854166718750004 0.3851851859375 0.4458333328125 0.3861111109375 0.4515625
1 0.5675925921875 0.44739583281249995 0.5796296296875 0.4484375 0.6490740734375 0.44739583281249995 0.6574074078125001 0.446875 0.6666666671875 0.44322916718750005 0.6675925921875 0.4390625 0.6611111109375 0.43333333281249997 0.6166666671875001 0.4322916671875 0.6115740734374999 0.4322916671875 0.56851851875 0.43385416718750003 0.5620370375 0.4375 0.5629629625 0.44427083281249996 0.5675925921875 0.44739583281249995
1 0.7666666671875 0.4453125 0.8166666671874999 0.4458333328125 0.8453703703125001 0.45104166718750005 0.85555555625 0.44375 0.852777778125 0.434375 0.8416666671874999 0.43125 0.7805555562500001 0.43072916718750004 0.775 0.43072916718750004 0.7666666671875 0.43125 0.7601851859375001 0.43541666718750005 0.7611111109375 0.44166666718750003 0.7666666671875 0.4453125
1 0.9305555562500001 0.45625 0.9379629625 0.45885416718750005 0.9666666671874999 0.45885416718750005 0.978703703125 0.45208333281249996 0.977777778125 0.43541666718750005 0.9675925921875 0.43072916718750004 0.9620370375 0.4302083328125 0.9570990734375 0.4302083328125 0.9324074078125 0.4302083328125 0.925 0.4348958328125 0.9240740734375 0.44895833281249997 0.9305555562500001 0.45625