0 0.8684759921874999 0.41383352812499996 0.8726513562499999 0.400937865625 0.86743215 0.39566236875 0.847599165625 0.3944900359375 0.82463465625 0.3968347015625 0.8173277656250001 0.3944900359375 0.803757828125 0.39390386875 0.7995824640625 0.39390386875 0.7578288093750001 0.3944900359375 0.7494780796875 0.396248534375 0.744258871875 0.4021102 0.747390396875 0.4103165296875 0.7515657625000001 0.4126611953125 0.7682672234375 0.41383352812499996 0.8183716078125001 0.41324736250000005 0.8382045921874999 0.41090269687500003 0.8507306890624999 0.4144196953125 0.8684759921874999 0.41383352812499996
1 0.939457203125 0.426729190625 0.9478079328125 0.42262602656250003 0.9572025046875 0.426729190625 0.9655532359375 0.4249706921875 0.9697286015625 0.41969519375 0.9874739046875 0.420281359375 0.995824634375 0.4062133640625 0.9937369515625001 0.398007034375 0.9874739046875 0.3944900359375 0.98121085625 0.39390386875 0.9624217125 0.39566236875 0.958246346875 0.3985932 0.9572025046875 0.4062133640625 0.9551148218750001 0.3985932 0.9436325671875 0.39390386875 0.9373695203124999 0.39390386875 0.8830897703125 0.39566236875 0.8768267218749999 0.400937865625 0.8736951984375001 0.40855803125 0.8726513562499999 0.41383352812499996 0.8768267218749999 0.4208675265625 0.8956158656250001 0.42555685781249997 0.925887265625 0.42321219218749995 0.93006263125 0.426143025 0.9352818375 0.42438452499999996 0.939457203125 0.426729190625
1 0 0.43832578125 0.030271398437500003 0.4378663546875 0.0396659703125 0.433177021875 0.041753653125 0.41324736250000005 0.035490604687499996 0.40738569687500004 0.0208768265625 0.40504103125 0.0114822546875 0.40504103125 0 0.4057574578125 0 0.43832578125
1 0.1033402921875 0.40738569687500004 0.090814196875 0.404454865625 0.084968684375 0.404454865625 0.061586639062500004 0.404454865625 0.051148225000000005 0.40797186406249997 0.044885178125 0.42321219218749995 0.046972859374999995 0.4320046890625 0.05427975 0.436694021875 0.090814196875 0.4378663546875 0.1033402921875 0.4355216875 0.10855949843749998 0.4279015234375 0.10855949843749998 0.41383352812499996 0.1033402921875 0.40738569687500004
1 0.169102296875 0.4062133640625 0.16075156562499998 0.404454865625 0.159707725 0.40386869843750006 0.1252609609375 0.4056271984375 0.12004175312500001 0.409144196875 0.11586638906249999 0.423798359375 0.1189979125 0.4296600234375 0.128392484375 0.436694021875 0.1576200421875 0.436694021875 0.1732776625 0.43259085625000004 0.1774530265625 0.426143025 0.1764091859375 0.41207502968750004 0.169102296875 0.4062133640625
1 0.2306889359375 0.4032825328125 0.21398747343750002 0.40386869843750006 0.2129436328125 0.4032825328125 0.1941544890625 0.404454865625 0.1858037578125 0.4114888625 0.1858037578125 0.4273153578125 0.1899791234375 0.4320046890625 0.198329853125 0.4355216875 0.228601253125 0.4355216875 0.237995825 0.433177021875 0.244258871875 0.42907385624999994 0.24321503125000002 0.409144196875 0.2306889359375 0.4032825328125
1 0.31419624218750003 0.423798359375 0.31106471875 0.40855803125 0.3048016703125 0.40386869843750006 0.29331941562499997 0.40269636562500005 0.2922755734375 0.4021102 0.2640918578125 0.4032825328125 0.25678496875 0.40504103125 0.2536534453125 0.40797186406249997 0.25156576249999996 0.42555685781249997 0.255741128125 0.4314185234375 0.260960334375 0.43376318906250005 0.29331941562499997 0.43493552187500006 0.3048016703125 0.433177021875 0.31106471875 0.42907385624999994 0.31419624218750003 0.423798359375
1 0.371607515625 0.40269636562500005 0.3590814203125 0.40152403281250004 0.3538622125 0.40152403281250004 0.3298538625 0.4021102 0.31941544843749997 0.40797186406249997 0.31837160781249996 0.4249706921875 0.3277661796875 0.43376318906250005 0.3413361171875 0.43493552187500006 0.366388309375 0.433177021875 0.38100208750000003 0.426143025 0.3830897703125 0.41793669375000003 0.3778705640625 0.40738569687500004 0.371607515625 0.40269636562500005
1 0.39979123125 0.42262602656250003 0.42693110624999997 0.4161781953125 0.495824634375 0.415592028125 0.5062630484375 0.41324736250000005 0.5073068890625 0.404454865625 0.504175365625 0.400937865625 0.495824634375 0.3985932 0.47807933125 0.3985932 0.47494780781249996 0.3985932 0.4592901875 0.3991793671875 0.43841336093749994 0.40504103125 0.42797494843750006 0.404454865625 0.4154488515625 0.3997655328125 0.3966597078125 0.3997655328125 0.3872651359375 0.40269636562500005 0.3830897703125 0.40855803125 0.3841336109375 0.41383352812499996 0.3872651359375 0.41793669375000003 0.39979123125 0.42262602656250003
1 0.715031315625 0.3968347015625 0.655532359375 0.3968347015625 0.650313153125 0.3968347015625 0.623173278125 0.3974208671875 0.6148225468749999 0.3991793671875 0.61064718125 0.4032825328125 0.6127348640625 0.4103165296875 0.6210855953125 0.41383352812499996 0.7077244265625 0.41207502968750004 0.7233820453125 0.4103165296875 0.7296450937500001 0.40504103125 0.7275574109375 0.40035170000000003 0.715031315625 0.3968347015625
0 0.42797494843750006 0.055685814062500005 0.40292275625 0.0550996484375 0.398747390625 0.0592028140625 0.39979123125 0.0656506453125 0.41753653437500005 0.066822978125 0.44467640937499997 0.06389214531250001 0.44885177499999995 0.0597889796875 0.44780793281250003 0.054513481249999995 0.44572025000000004 0.0533411484375 0.42797494843750006 0.055685814062500005
0 0.4509394578125 0.0744431421875 0.43841336093749994 0.06916764375 0.432672234375 0.06916764375 0.4154488515625 0.07033997656249999 0.4018789140625 0.0744431421875 0.398747390625 0.079718640625 0.39979123125 0.086166471875 0.40605427968749996 0.09320046875 0.43632567812499995 0.0937866359375 0.44780793281250003 0.09144196875 0.4519832984375 0.0855803046875 0.4519832984375 0.0767878078125 0.4509394578125 0.0744431421875
0 0.431106471875 0.09613130156250001 0.425539665625 0.09613130156250001 0.40814196249999996 0.0978898 0.4008350734375 0.10550996406249999 0.403966596875 0.12075029374999999 0.4154488515625 0.127198125 0.43945720312500003 0.126025790625 0.44780793281250003 0.1219226265625 0.4509394578125 0.11078546250000001 0.44885177499999995 0.10140679999999999 0.4436325671875 0.0978898 0.431106471875 0.09613130156250001
0 0.41336116875 0.1313012890625 0.40709812031250003 0.1383352875 0.409185803125 0.1570926140625 0.41649269375 0.1629542796875 0.43423799531249996 0.1629542796875 0.44572025000000004 0.1570926140625 0.44780793281250003 0.135990621875 0.43841336093749994 0.13012895625 0.43180271406250004 0.13012895625 0.41336116875 0.1313012890625
0 0.43215031249999997 0.166471278125 0.43006263125000005 0.166471278125 0.4206680578125 0.1676436109375 0.412317328125 0.17584994062499998 0.41649269375 0.2028135984375 0.42797494843750006 0.20750293125 0.4352818375 0.20691676406249998 0.4415448859375 0.20398593125 0.44572025000000004 0.1910902703125 0.44572025000000004 0.175263775 0.4425887265625 0.17057444375 0.43215031249999997 0.166471278125
0 0.425887265625 0.21219226249999998 0.41858037656249997 0.21512309531249998 0.41649269375 0.21922626093750003 0.41649269375 0.25029308281249996 0.42693110624999997 0.25732708125000003 0.43945720312500003 0.2561547484375 0.44572025000000004 0.24853458437499998 0.44572025000000004 0.222743259375 0.4425887265625 0.21512309531249998 0.4352818375 0.21219226249999998 0.425887265625 0.21219226249999998
0 0.4373695203125 0.2626025796875 0.4290187890625 0.2626025796875 0.4237995828125 0.2637749125 0.41753653437500005 0.27022274375 0.41753653437500005 0.2995310671875 0.422755740625 0.3059788984375 0.431106471875 0.3083235640625 0.4415448859375 0.3065650640625 0.44780793281250003 0.3007034 0.44780793281250003 0.27198124218749997 0.4436325671875 0.2655334109375 0.4373695203125 0.2626025796875
0 0.44676409218749996 0.315943728125 0.43423799531249996 0.31242672968749996 0.431106471875 0.31242672968749996 0.422755740625 0.3147713953125 0.41858037656249997 0.32063305937500003 0.41962421718750004 0.34759671718749996 0.422755740625 0.35463071562500004 0.431106471875 0.357561546875 0.4373695203125 0.357561546875 0.44572025000000004 0.3558030484375 0.44885177499999995 0.35228605 0.449895615625 0.324150059375 0.44676409218749996 0.315943728125
0 0.43423799531249996 0.3616647125 0.4331941546875 0.3616647125 0.425887265625 0.3634232125 0.4206680578125 0.36811254375 0.41962421718750004 0.3968347015625 0.4248434234375 0.400937865625 0.4436325671875 0.4021102 0.449895615625 0.400937865625 0.453027140625 0.3968347015625 0.4509394578125 0.36987104375 0.44572025000000004 0.3634232125 0.43423799531249996 0.3616647125
0 0.5535835078125 0.398007034375 0.5292275578125001 0.3991793671875 0.522964509375 0.4021102 0.522964509375 0.40855803125 0.5302713984375 0.4144196953125 0.59707724375 0.41383352812499996 0.6043841343749999 0.409144196875 0.6043841343749999 0.40386869843750006 0.5991649265625 0.3997655328125 0.55949895625 0.398007034375 0.5535835078125 0.398007034375