1 0.505186721875 0.47960372968750004 0.505186721875 0.47727272656249997 0.5124481328125 0.4766899765625 0.515560165625 0.474358975 0.495850621875 0.47261072187500003 0.47717842343749994 0.4761072265625 0.45643153593749997 0.46911421875 0.4533195015625 0.46911421875 0.4170124484375 0.47086247031250006 0.40975103749999997 0.47319347343749996 0.4066390046875 0.484265734375 0.413900415625 0.49300699375 0.4221991703125 0.49592074531249997 0.42842323593750004 0.49592074531249997 0.46887966875 0.483682984375 0.5082987546875 0.4831002328125 0.51037344375 0.48193473124999997 0.505186721875 0.47960372968750004
1 0.40352697031250007 0.4825174828125 0.4004149375 0.4761072265625 0.39004149374999997 0.47086247031250006 0.3879668046875 0.47086247031250006 0.3516597515625 0.47202797187499995 0.344398340625 0.475524475 0.3402489625 0.4831002328125 0.3402489625 0.49184149218749995 0.3475103734375 0.5017482515625 0.36410788437499997 0.5040792546875 0.3921161828125 0.5034965031249999 0.39937759375000004 0.5017482515625 0.405601659375 0.49592074531249997 0.40352697031250007 0.4825174828125
1 0.3329875515625 0.4761072265625 0.3226141078125 0.471445221875 0.31708195 0.471445221875 0.2883817421875 0.47202797187499995 0.2769709546875 0.4766899765625 0.2728215765625 0.49300699375 0.28112033125 0.502913753125 0.2894190875 0.5046620046875 0.32053941875 0.5046620046875 0.3309128625 0.5017482515625 0.336099584375 0.49592074531249997 0.336099584375 0.4825174828125 0.3329875515625 0.4761072265625
1 0.2686721984375 0.48484848437499994 0.265560165625 0.47727272656249997 0.256224065625 0.47261072187500003 0.25062240625 0.47261072187500003 0.21887966875 0.47319347343749996 0.20954356875000002 0.47727272656249997 0.20643153593750002 0.4947552453125 0.21161825781250002 0.502913753125 0.2199170125 0.5052447546875001 0.2385892109375 0.50582750625 0.2531120328125 0.5052447546875001 0.264522821875 0.5011655015625001 0.2686721984375 0.49592074531249997 0.2686721984375 0.48484848437499994
1 0.2033195015625 0.4877622375 0.199170125 0.47785547812500007 0.185684646875 0.47261072187500003 0.1597510375 0.47319347343749996 0.1587136921875 0.47261072187500003 0.1514522828125 0.47377622343750003 0.1431535265625 0.4801864796875 0.1410788375 0.4947552453125 0.144190871875 0.5017482515625 0.1514522828125 0.50582750625 0.1587136921875 0.50699300625 0.185684646875 0.5064102562499999 0.1970954359375 0.5034965031249999 0.20228215781249997 0.49650349687500006 0.2033195015625 0.4877622375
1 0.1327800828125 0.47785547812500007 0.1213692953125 0.47377622343750003 0.0985477171875 0.47377622343750003 0.09751037343749999 0.47319347343749996 0.0819502078125 0.475524475 0.07468879687499999 0.48193473124999997 0.0736514515625 0.497086246875 0.07780082968749999 0.5034965031249999 0.0871369296875 0.50699300625 0.1182572609375 0.50699300625 0.12966804999999998 0.5052447546875001 0.1369294609375 0.4953379953125 0.1369294609375 0.48484848437499994 0.1327800828125 0.47785547812500007
1 0.06224066406249999 0.4766899765625 0.044605809375 0.474358975 0.0425311203125 0.474358975 0.0207468875 0.475524475 0.0124481328125 0.48135198125 0.0093361 0.49650349687500006 0.018672198437500002 0.5075757578125 0.054979253125 0.5075757578125 0.06224066406249999 0.5064102562499999 0.0663900421875 0.5034965031249999 0.069502075 0.4947552453125 0.0674273859375 0.48076923125000004 0.06224066406249999 0.4766899765625
1 0.7085062234375 0.465617715625 0.63070539375 0.46794871718750003 0.624481328125 0.471445221875 0.624481328125 0.47843822812500003 0.6317427390625 0.4831002328125 0.7230290453125 0.4825174828125 0.7375518671875 0.47960372968750004 0.73962655625 0.47202797187499995 0.735477178125 0.46794871718750003 0.7105809125 0.465617715625 0.7085062234375 0.465617715625
1 0.9377593359375 0.46853146875 0.9284232359375 0.465034965625 0.8786307046875 0.4644522140625 0.8729253109374999 0.4644522140625 0.855809128125 0.4644522140625 0.8495850624999999 0.46678321718750004 0.8475103734375 0.474941725 0.8516597515625 0.47960372968750004 0.8869294609375 0.48193473124999997 0.92012448125 0.49067599062499995 0.9336099578124999 0.4889277390625 0.9429460578125 0.47960372968750004 0.9419087140625001 0.47261072187500003 0.9377593359375 0.46853146875
0 0.47510373437500003 0.128787878125 0.45020746875000006 0.1270396265625 0.44605809062499996 0.128787878125 0.44502074687500004 0.134615384375 0.454356846875 0.13869463906249999 0.4865145234375 0.13869463906249999 0.49273858906249995 0.1334498828125 0.49170124531250003 0.125291375 0.49066390000000004 0.12470862499999999 0.47510373437500003 0.128787878125
0 0.4678423234375 0.1421911421875 0.45020746875000006 0.14335664374999998 0.4419087140625 0.146853146875 0.44087136875 0.1573426578125 0.4481327796875 0.165501165625 0.48236514531249997 0.165501165625 0.48858921093749996 0.1625874125 0.49170124531250003 0.15675990625 0.48858921093749996 0.14452214375 0.4699170125 0.1421911421875 0.4678423234375 0.1421911421875
0 0.4574688796875 0.16899766875 0.45643153593749997 0.16899766875 0.4481327796875 0.171328671875 0.4429460578125 0.1765734265625 0.44502074687500004 0.19405594375 0.45643153593749997 0.19988345000000002 0.48236514531249997 0.19871794843749999 0.4875518671875 0.19580419531249998 0.48962655625 0.19114219062499999 0.48858921093749996 0.1730769234375 0.474066390625 0.16899766875 0.4574688796875 0.16899766875
0 0.471646265625 0.202797203125 0.45643153593749997 0.203379953125 0.4481327796875 0.21037296093750002 0.44917012500000003 0.22960372968749998 0.45643153593749997 0.234848484375 0.46473029062500004 0.23601398593749998 0.48132780156250005 0.23368298437499999 0.4875518671875 0.22668997656249998 0.48858921093749996 0.20920745937500002 0.4782157671875 0.202797203125 0.471646265625 0.202797203125
0 0.47510373437500003 0.24009324062499998 0.46680497968749995 0.24009324062499998 0.465767634375 0.24009324062499998 0.4585062234375 0.2418414921875 0.4533195015625 0.247086246875 0.45539419062500003 0.27272727343750003 0.4616182578125 0.2791375296875 0.474066390625 0.2803030296875 0.48236514531249997 0.27738927812499997 0.484439834375 0.27389277343749996 0.4865145234375 0.25058275 0.48236514531249997 0.24242424218749997 0.47510373437500003 0.24009324062499998
0 0.47717842343749994 0.284965034375 0.4719917015625 0.284965034375 0.45954356875 0.2872960375 0.45643153593749997 0.29428904375 0.4574688796875 0.32109557187500004 0.45954356875 0.325174825 0.46680497968749995 0.328671328125 0.48029045625 0.327505828125 0.4865145234375 0.3205128203125 0.4865145234375 0.29545454531250004 0.484439834375 0.2896270390625 0.47717842343749994 0.284965034375
0 0.4585062234375 0.340326340625 0.4585062234375 0.36888111874999996 0.4616182578125 0.374708625 0.46887966875 0.37820512812499996 0.4834024890625 0.37587412656249997 0.48858921093749996 0.36888111874999996 0.4875518671875 0.34090909062499997 0.4782157671875 0.33391608437500003 0.46887966875 0.33391608437500003 0.4585062234375 0.340326340625
0 0.4782157671875 0.3828671328125 0.4719917015625 0.3828671328125 0.4616182578125 0.3863636359375 0.45954356875 0.39044289062500004 0.46058091250000005 0.41783216718749994 0.4636929453125 0.42365967343750005 0.4719917015625 0.4265734265625 0.48236514531249997 0.4259906765625 0.4875518671875 0.4230769234375 0.49066390000000004 0.41724941718749997 0.48858921093749996 0.3875291375 0.4782157671875 0.3828671328125
0 0.4730290453125 0.43123543125 0.4636929453125 0.434149184375 0.46058091250000005 0.4388111890625 0.46058091250000005 0.4673659671875 0.46473029062500004 0.47086247031250006 0.48858921093749996 0.47261072187500003 0.493775934375 0.4696969703125 0.49170124531250003 0.44055944062499997 0.4875518671875 0.43356643281249996 0.4782157671875 0.43123543125 0.4730290453125 0.43123543125
0 0.5622406640625 0.4673659671875 0.55912863125 0.4673659671875 0.5466804984375 0.46794871718750003 0.5383817421875 0.47086247031250006 0.5373443984375 0.47843822812500003 0.5425311203125001 0.4831002328125 0.6068464734375 0.483682984375 0.614107884375 0.4825174828125 0.6172199171874999 0.47902097968749996 0.6172199171874999 0.47319347343749996 0.61099585 0.46853146875 0.5622406640625 0.4673659671875
0 0.814315353125 0.4644522140625 0.7707468875 0.465034965625 0.76037344375 0.4696969703125 0.7614107890625 0.47785547812500007 0.76970954375 0.48135198125 0.835062240625 0.4801864796875 0.8412863078124999 0.474358975 0.8392116187499999 0.46853146875 0.8329875515625 0.465617715625 0.815352696875 0.4644522140625 0.814315353125 0.4644522140625
0 1 0.4644522140625 0.9834024890625 0.4638694640625 0.976141078125 0.4638694640625 0.95954356875 0.465034965625 0.9502074687500001 0.4702797203125 0.9502074687500001 0.47902097968749996 0.95954356875 0.48543123593750004 0.9979253109374999 0.48543123593750004 1 0.48438228437499997 1 0.4644522140625