0 0.42957746406249997 0.082485875 0.428571428125 0.082485875 0.4124748484375 0.083050846875 0.40140845 0.0892655375 0.40241448750000003 0.1022598875 0.4114688125 0.1090395484375 0.4426559359375 0.10960452031250001 0.448692153125 0.1050847453125 0.4517102609375 0.099435028125 0.45070422499999996 0.08813559374999999 0.443661971875 0.084180790625 0.42957746406249997 0.082485875
0 0.42253521093749996 0.111299434375 0.4084507046875 0.11412429375 0.4034205234375 0.1197740109375 0.40643863125 0.1350282484375 0.41649899375 0.14237288125 0.4406438625 0.1412429375 0.4476861171875 0.1361581921875 0.448692153125 0.11694915312500001 0.44567404374999997 0.11412429375 0.4305835015625 0.111299434375 0.42253521093749996 0.111299434375
0 0.44567404374999997 0.1485875703125 0.438631790625 0.145197740625 0.4329305828125 0.145197740625 0.414486921875 0.14689265468749999 0.4084507046875 0.15423728750000001 0.4114688125 0.17175141249999998 0.414486921875 0.1762711859375 0.424547284375 0.1802259890625 0.433601609375 0.1802259890625 0.4416499 0.17796610156249998 0.44466800781250004 0.1740113 0.4476861171875 0.1519774015625 0.44567404374999997 0.1485875703125
0 0.4300804828125 0.18361581875 0.42052313906250005 0.18418079062499998 0.414486921875 0.1920903953125 0.41649899375 0.21920903906250003 0.418511065625 0.2225988703125 0.428571428125 0.2259887 0.43762575468750003 0.225423728125 0.44466800781250004 0.21807909531249997 0.443661971875 0.18870056562499998 0.43661971875 0.18361581875 0.4300804828125 0.18361581875
0 0.433601609375 0.230508475 0.4305835015625 0.230508475 0.421529175 0.23220338906250002 0.4175050296875 0.2378531078125 0.4175050296875 0.26497175156249997 0.42052313906250005 0.270056496875 0.428571428125 0.2740113 0.4416499 0.2717514125 0.44668008124999997 0.2615819203125 0.44567404374999997 0.2384180796875 0.4426559359375 0.23333333281250002 0.433601609375 0.230508475
0 0.433601609375 0.2779661015625 0.4315895375 0.2779661015625 0.424547284375 0.2790960453125 0.419517103125 0.28305084687500004 0.418511065625 0.3039548015625 0.423541246875 0.3186440671875 0.43460764531249996 0.32146892656250003 0.44567404374999997 0.317514125 0.448692153125 0.3062146890625 0.44668008124999997 0.28361581875 0.4426559359375 0.27966101718749997 0.433601609375 0.2779661015625
0 0.43661971875 0.325423728125 0.4305835015625 0.325423728125 0.423541246875 0.32711864375 0.419517103125 0.3327683609375 0.42052313906250005 0.3610169484375 0.42655935625 0.3672316390625 0.43762575468750003 0.368926553125 0.448692153125 0.3644067796875 0.45070422499999996 0.3491525421875 0.448692153125 0.331073446875 0.443661971875 0.326553671875 0.43661971875 0.325423728125
0 0.40140845 0.0779661015625 0.4084507046875 0.0802259890625 0.4476861171875 0.0796610171875 0.4527162984375 0.074576271875 0.4527162984375 0.0677966109375 0.448692153125 0.0638418078125 0.4406438625 0.0638418078125 0.40241448750000003 0.0666666671875 0.40140845 0.0779661015625
0 0.438631790625 0.37231638437500003 0.43762575468750003 0.3717514125 0.42756539218749995 0.373446328125 0.42253521093749996 0.3768361578125 0.421529175 0.39548022656250004 0.43762575468750003 0.40903954843749996 0.45875251562499997 0.40960452031249994 0.4668008046875 0.4045197734375 0.4668008046875 0.39887005625 0.4527162984375 0.39152542343749996 0.4476861171875 0.3740113 0.438631790625 0.37231638437500003
0 0.66197183125 0.3920903953125 0.607645875 0.3937853109375 0.6016096578125001 0.39717514062500003 0.60261569375 0.4045197734375 0.6116700203125001 0.40903954843749996 0.6710261562500001 0.4079096046875 0.679074446875 0.4050847453125 0.6800804828125 0.39548022656250004 0.67203219375 0.3926553671875 0.6629778671875 0.3920903953125 0.66197183125 0.3920903953125
0 0.84305835 0.3909604515625 0.8370221328125 0.3909604515625 0.82796780625 0.39152542343749996 0.8199195171874999 0.3949152546875 0.8189134812500001 0.4 0.8219315890625 0.4045197734375 0.863179075 0.41638418125000004 0.8732394359375 0.41581920937500005 0.8782696171875 0.4050847453125 0.8752515093750001 0.3932203390625 0.86720321875 0.3909604515625 0.84305835 0.3909604515625
0 1 0.3912025828125 0.9949698187499999 0.3903954796875 0.987927565625 0.3903954796875 0.9748490953125 0.39717514062500003 0.967806840625 0.40903954843749996 0.9688128765625 0.417514125 0.977867203125 0.4214689265625 0.9989939640625 0.4214689265625 1 0.42128060312500004 1 0.3912025828125
1 0.08350100625 0.4056497171875 0.080482896875 0.402824859375 0.0694164984375 0.4 0.052313882812500004 0.4 0.05130784687499999 0.4 0.0382293765625 0.40112994375 0.0301810859375 0.4050847453125 0.026156942187499997 0.41412429375000004 0.027162978124999997 0.426553671875 0.03420523125 0.43163841875 0.042253521875 0.4327683609375 0.076458753125 0.43163841875 0.081488934375 0.42994350312499996 0.0865191140625 0.4220338984375 0.08350100625 0.4056497171875
1 0 0.432913640625 0.0090543265625 0.4327683609375 0.019114687499999998 0.42937853125 0.022132796875 0.42316384218750003 0.022132796875 0.40903954843749996 0.01509054375 0.402824859375 0.00503018125 0.40112994375 0 0.40112994375 0 0.432913640625
1 0.1509054328125 0.40903954843749996 0.1478873234375 0.40338983125 0.13782696249999998 0.399435028125 0.132628771875 0.399435028125 0.1066398390625 0.399435028125 0.09557344062499999 0.40338983125 0.0915492953125 0.40847457656249997 0.09054325937499999 0.4214689265625 0.09356136875 0.427683615625 0.10060362187500001 0.431073446875 0.1358148890625 0.43163841875 0.1478873234375 0.427683615625 0.1509054328125 0.4225988703125 0.1509054328125 0.40903954843749996
1 0.213279678125 0.402824859375 0.20422535156250002 0.39887005625 0.1985241453125 0.39887005625 0.1700201203125 0.39887005625 0.158953721875 0.40338983125 0.154929578125 0.4192090390625 0.16297786718750001 0.42937853125 0.1700201203125 0.431073446875 0.203219315625 0.430508475 0.213279678125 0.426553671875 0.2173038234375 0.4209039546875 0.2162977875 0.40847457656249997 0.213279678125 0.402824859375
1 0.27867203281249997 0.40225988749999997 0.267605634375 0.3977401125 0.2619044265625 0.3977401125 0.23641851093750002 0.398305084375 0.2243460765625 0.40395480156249997 0.2213279671875 0.4186440671875 0.227364184375 0.42711864374999997 0.232394365625 0.42937853125 0.26961770625 0.42937853125 0.27967806875 0.4248587578125 0.2826961765625 0.4214689265625 0.281690140625 0.4073446328125 0.27867203281249997 0.40225988749999997
1 0.3470824953125 0.4209039546875 0.346076459375 0.4073446328125 0.3440643859375 0.40225988749999997 0.336016096875 0.3977401125 0.3308420515625 0.3977401125 0.2997987921875 0.3977401125 0.28973843125 0.40112994375 0.28571428593750003 0.40903954843749996 0.28571428593750003 0.41807909531250004 0.2927565390625 0.427683615625 0.30985915468749997 0.42994350312499996 0.3269617703125 0.42937853125 0.336016096875 0.428813559375 0.34305835 0.4259887 0.3470824953125 0.4209039546875
1 0.42052313906250005 0.399435028125 0.4134808859375 0.3960451984375 0.4079476859375 0.3960451984375 0.363179075 0.39717514062500003 0.35412474843749997 0.400564971875 0.350100603125 0.41299435000000007 0.35311871250000004 0.4214689265625 0.35814889375000003 0.4259887 0.370221328125 0.427683615625 0.41549295781250006 0.41412429375000004 0.423541246875 0.40847457656249997 0.423541246875 0.40395480156249997 0.42052313906250005 0.399435028125
1 0.5010060359375 0.3937853109375 0.47585513125 0.3960451984375 0.47384305781249997 0.4050847453125 0.47786720312500003 0.40903954843749996 0.5774647890625 0.40903954843749996 0.585513078125 0.4045197734375 0.5865191140625 0.4 0.58350100625 0.39717514062500003 0.5694164984375 0.3937853109375 0.5020120718750001 0.3943502828125 0.5010060359375 0.3937853109375
1 0.7313883296875 0.3909604515625 0.73038229375 0.3909604515625 0.69114688125 0.3932203390625 0.6861167 0.3960451984375 0.688128771875 0.4056497171875 0.6971830984375 0.4079096046875 0.78470825 0.40677966093749995 0.7937625749999999 0.4056497171875 0.7997987921874999 0.40112994375 0.79879275625 0.3960451984375 0.78973843125 0.39152542343749996 0.7313883296875 0.3909604515625
1 0.962776659375 0.4056497171875 0.962776659375 0.39548022656250004 0.9597585515624999 0.3926553671875 0.9446680078125 0.3903954796875 0.9389668015625 0.3903954796875 0.892354125 0.39152542343749996 0.8822937625 0.39887005625 0.884305834375 0.41299435000000007 0.8913480890625 0.41581920937500005 0.9024144875 0.41581920937500005 0.9356136828125001 0.41186440625 0.9426559359375 0.41807909531250004 0.943661971875 0.414689265625 0.9557344062500001 0.41186440625 0.962776659375 0.4056497171875