0 0.510299625 0.4352631578125 0.5074906359375 0.4352631578125 0.491573034375 0.43684210468750007 0.48782771562500005 0.440526315625 0.491573034375 0.44894736875 0.4971910109375 0.450526315625 0.547752809375 0.450526315625 0.556179775 0.45 0.561797753125 0.44578947343750003 0.5627340828125 0.44105263125 0.556179775 0.43631578906249996 0.510299625 0.4352631578125
1 0.6591760296875 0.4336842109375 0.6554307109375 0.4336842109375 0.647940075 0.4352631578125 0.575842696875 0.43578947343749996 0.57022471875 0.4378947375 0.5674157296875 0.44263157968750005 0.5749063671875 0.449473684375 0.6591760296875 0.44894736875 0.6694756546875 0.4468421046875 0.6732209734375 0.44263157968750005 0.6713483140625 0.43684210468750007 0.6591760296875 0.4336842109375
1 0.8417603 0.4326315796875 0.8099250937500001 0.4326315796875 0.8043071156250001 0.4326315796875 0.77434456875 0.4347368421875 0.7705992515625 0.43947368437499995 0.7734082390625 0.44578947343750003 0.7883895125 0.4478947375 0.8146067421875 0.4478947375 0.8473782765625 0.45526315781250004 0.857677903125 0.45105263124999995 0.8614232203125001 0.44105263125 0.8558052437500001 0.4347368421875 0.8417603 0.4326315796875
1 0.980337078125 0.43631578906249996 0.96816479375 0.43210526250000003 0.9485018734375 0.43157894687500004 0.9447565546875 0.43157894687500004 0.938202246875 0.4326315796875 0.9307116109375 0.440526315625 0.9269662921874999 0.45157894687500005 0.9307116109375 0.45736842031249997 0.9363295875000001 0.460526315625 0.9447565546875 0.461578946875 0.9625468171874999 0.461578946875 0.97846441875 0.45894736875 0.9831460671875 0.4526315796875 0.980337078125 0.43631578906249996
1 0.46722846406249996 0.4436842109375 0.42977528125 0.43684210468750007 0.4269662921875 0.43684210468750007 0.3904494375 0.438421053125 0.3829588015625 0.440526315625 0.3792134828125 0.4452631578125 0.3792134828125 0.45157894687500005 0.38857677968750004 0.4621052625 0.397940075 0.4636842109375 0.43632958750000006 0.45157894687500005 0.45786516875 0.45105263124999995 0.46816479375000003 0.44842105312499997 0.46722846406249996 0.4436842109375
1 0.37359550625 0.4452631578125 0.367977528125 0.44000000000000006 0.3595505625 0.438421053125 0.3548689140625 0.438421053125 0.332397003125 0.43894736874999996 0.322097378125 0.4442105265625 0.32022471874999997 0.45894736875 0.322097378125 0.46263157968749996 0.3305243453125 0.4678947375 0.36235955 0.4678947375 0.371722846875 0.46631578906250004 0.3745318359375 0.4642105265625 0.37640449375 0.4531578953125 0.37359550625 0.4452631578125
1 0.3071161046875 0.43947368437499995 0.2986891390625 0.43894736874999996 0.29213483125 0.43894736874999996 0.27059925156250003 0.44000000000000006 0.262172284375 0.4447368421875 0.260299625 0.45947368437499997 0.26404494375 0.4657894734375 0.27153558125 0.46894736875 0.29962546875 0.46894736875 0.311797753125 0.4657894734375 0.3164794 0.45894736875 0.3146067421875 0.4447368421875 0.3071161046875 0.43947368437499995
1 0.2574906359375 0.4526315796875 0.2528089890625 0.4436842109375 0.2453183515625 0.44000000000000006 0.240402621875 0.44000000000000006 0.20786516875 0.44105263125 0.2031835203125 0.4442105265625 0.1994382015625 0.449473684375 0.1994382015625 0.45894736875 0.2013108609375 0.4636842109375 0.20786516875 0.46894736875 0.244382021875 0.46947368437500003 0.2528089890625 0.4657894734375 0.2565543078125 0.46105263125 0.2574906359375 0.4526315796875
1 0.19569288437500001 0.449473684375 0.19194756562499998 0.4436842109375 0.181647940625 0.44000000000000006 0.1713483140625 0.44000000000000006 0.1666666671875 0.44000000000000006 0.147940075 0.4421052625 0.139513109375 0.450526315625 0.13857677968749998 0.45947368437499997 0.1413857671875 0.4657894734375 0.147940075 0.47000000000000003 0.15355805312499998 0.47105263124999996 0.1853932578125 0.47000000000000003 0.1928838953125 0.46631578906250004 0.19569288437500001 0.4621052625 0.19569288437500001 0.449473684375
1 0.1301498125 0.4436842109375 0.12172284687499998 0.44105263125 0.1166666671875 0.44105263125 0.093632959375 0.441578946875 0.0842696625 0.4473684203125 0.082397003125 0.461578946875 0.0842696625 0.46631578906250004 0.0908239703125 0.470526315625 0.1226591765625 0.47105263124999996 0.132022471875 0.468421053125 0.1348314609375 0.46315789531249996 0.1348314609375 0.45 0.1301498125 0.4436842109375
1 0.065543071875 0.4421052625 0.0449438203125 0.441578946875 0.043071160937500005 0.441578946875 0.029962546875000003 0.4436842109375 0.02434456875 0.44842105312499997 0.022471909374999998 0.45842105312500003 0.0271535578125 0.46947368437500003 0.04213483125 0.4726315796875 0.0730337078125 0.47000000000000003 0.07865168593750001 0.4621052625 0.079588015625 0.4536842109375 0.0749063671875 0.4452631578125 0.065543071875 0.4421052625
1 0 0.4723684203125 0.010299625 0.47157894687499996 0.0177902625 0.4657894734375 0.0187265921875 0.45 0.0168539328125 0.4473684203125 0.0065543078125 0.44315789531250005 0.0009363296874999999 0.44315789531250005 0 0.44315789531250005 0 0.4723684203125
0 0.4372659171875 0.141578946875 0.42228464375 0.1436842109375 0.4157303375 0.14894736875 0.4166666671875 0.1573684203125 0.4250936328125 0.16368421093750002 0.45318352031250003 0.1631578953125 0.4606741578125 0.15842105312500002 0.459737828125 0.1447368421875 0.45411985 0.1426315796875 0.44194756562500004 0.141578946875 0.4372659171875 0.141578946875
0 0.4353932578125 0.1657894734375 0.424157303125 0.16736842031250002 0.417602996875 0.1726315796875 0.41947565468750003 0.18789473750000002 0.42790262187500006 0.1936842109375 0.45318352031250003 0.1926315796875 0.45880149843750007 0.188421053125 0.45880149843750007 0.16947368437500002 0.45318352031250003 0.1668421046875 0.44007490625 0.1657894734375 0.4353932578125 0.1657894734375
0 0.45224719062499996 0.19684210468750002 0.4447565546875 0.1957894734375 0.43913857656250005 0.1957894734375 0.42977528125 0.1963157890625 0.424157303125 0.199473684375 0.42134831406249995 0.208421053125 0.4232209734375 0.220526315625 0.42977528125 0.2252631578125 0.43632958750000006 0.2263157890625 0.45318352031250003 0.2236842109375 0.45880149843750007 0.2142105265625 0.45786516875 0.20052631562499998 0.45224719062499996 0.19684210468750002
0 0.445692884375 0.229473684375 0.4447565546875 0.229473684375 0.43352060000000003 0.230526315625 0.4269662921875 0.2363157890625 0.43071161093750004 0.2621052625 0.43352060000000003 0.2652631578125 0.4428838953125 0.26684210468749997 0.45411985 0.2636842109375 0.455992509375 0.2573684203125 0.455992509375 0.23578947343749998 0.45411985 0.23263157968749998 0.445692884375 0.229473684375
0 0.44756554375 0.27105263125 0.4428838953125 0.27105263125 0.43445692812500003 0.2721052625 0.43071161093750004 0.27578947343750004 0.43071161093750004 0.3026315796875 0.43352060000000003 0.3073684203125 0.44101123593749997 0.31 0.45037453125000004 0.30894736875 0.45692883906250004 0.30210526249999997 0.455992509375 0.27736842031250003 0.45411985 0.2742105265625 0.44756554375 0.27105263125
0 0.4494382015625 0.31421052656250004 0.44101123593749997 0.31421052656250004 0.43352060000000003 0.3173684203125 0.431647940625 0.320526315625 0.431647940625 0.3468421046875 0.4353932578125 0.35210526249999996 0.44382022499999996 0.3552631578125 0.45318352031250003 0.35315789531249997 0.45880149843750007 0.3468421046875 0.45880149843750007 0.3231578953125 0.4550561796875 0.31684210468749996 0.4494382015625 0.31421052656250004
0 0.4447565546875 0.35894736875 0.4372659171875 0.360526315625 0.43258427031249996 0.36526315781249996 0.43352060000000003 0.390526315625 0.4372659171875 0.39684210468750003 0.4447565546875 0.39894736875 0.45411985 0.39789473750000004 0.4606741578125 0.39 0.45880149843750007 0.36263157968750004 0.44850187343750003 0.35894736875 0.4447565546875 0.35894736875
0 0.445692884375 0.4026315796875 0.4372659171875 0.40473684218750006 0.43445692812500003 0.40894736875 0.4353932578125 0.4331578953125 0.4466292140625 0.438421053125 0.46161048750000006 0.43947368437499995 0.4634831453125 0.42894736875 0.4606741578125 0.40894736875 0.45786516875 0.40473684218750006 0.4466292140625 0.4026315796875 0.445692884375 0.4026315796875
0 0.75374531875 0.4326315796875 0.7078651687499999 0.4331578953125 0.7069288390625 0.4326315796875 0.69756554375 0.4347368421875 0.6928838953125 0.4378947375 0.693820225 0.4447368421875 0.7013108609375001 0.4478947375 0.75374531875 0.4478947375 0.762172284375 0.4463157890625 0.76404494375 0.4442105265625 0.76404494375 0.43684210468750007 0.7612359546875 0.43421052656250003 0.75374531875 0.4326315796875
0 0.9129213484375001 0.43210526250000003 0.9073033703125001 0.43210526250000003 0.8792134828125 0.4331578953125 0.8707865171875 0.43684210468750007 0.8689138578125 0.44578947343750003 0.8754681640624999 0.4526315796875 0.8913857671875001 0.4531578953125 0.9194756546875 0.45 0.9241573031250001 0.4447368421875 0.9241573031250001 0.43684210468750007 0.9194756546875 0.4331578953125 0.9129213484375001 0.43210526250000003
0 0.9990636703125 0.460526315625 1 0.43210526250000003 0.9981273406250001 0.43210526250000003 0.989700375 0.4373684203125 0.987827715625 0.44578947343750003 0.9906367046875 0.4557894734375 0.9990636703125 0.460526315625