1 0.4613778703125 0.3716295421875 0.4572025046875 0.3757327078125 0.46033402968750003 0.3862837046875 0.5626304796875 0.38686987031250003 0.5720250515624999 0.3821805390625 0.5709812109375 0.374560375 0.5615866390625001 0.37104337656249997 0.501043840625 0.370457209375 0.49895615937500004 0.370457209375 0.4613778703125 0.3716295421875
1 0.7212943625 0.367526378125 0.7181628390625 0.367526378125 0.683716075 0.3692848765625 0.6774530265625 0.374560375 0.67849686875 0.38159437343749997 0.6858037578125 0.385111371875 0.7724425890625 0.3845252046875 0.7860125265625 0.383352871875 0.79436325625 0.37924970625 0.793319415625 0.372801875 0.78079331875 0.36811254375 0.7212943625 0.367526378125
1 0.8778705640625001 0.3686987109375 0.8361169109375 0.367526378125 0.8288100203125 0.367526378125 0.8183716078125001 0.3716295421875 0.8183716078125001 0.37924970625 0.8225469734375 0.38276670625000003 0.849686846875 0.3862837046875 0.8653444671875 0.3909730359375 0.8747390390625001 0.39155920312500003 0.8810020875 0.3886283703125 0.885177453125 0.376318875 0.8830897703125 0.3716295421875 0.8778705640625001 0.3686987109375
1 1 0.3679171546875 0.9885177453124999 0.372215709375 0.9895615859375001 0.3774912078125 0.9864300625 0.38159437343749997 0.9895615859375001 0.3909730359375 0.995824634375 0.3974208671875 1 0.3978898 1 0.3679171546875
1 0.0521920671875 0.3780773734375 0.035490604687499996 0.3780773734375 0.031315240625000004 0.3780773734375 0.016701460937500003 0.37924970625 0.0052192062499999995 0.385111371875 0.0052192062499999995 0.40386869843750006 0.012526095312499999 0.4097303640625 0.0208768265625 0.4114888625 0.053235907812500004 0.4103165296875 0.0657620046875 0.40269636562500005 0.0668058453125 0.39155920312500003 0.063674321875 0.3821805390625 0.0521920671875 0.3780773734375
1 0.133611690625 0.3856975375 0.1315240078125 0.38159437343749997 0.12004175312500001 0.376318875 0.114822546875 0.376318875 0.0887265140625 0.376318875 0.07620041718750001 0.38042204062499996 0.07098121093750001 0.3874560375 0.07098121093750001 0.3991793671875 0.0782881 0.40855803125 0.0949895609375 0.4103165296875 0.12004175312500001 0.4097303640625 0.1304801671875 0.4056271984375 0.1346555328125 0.3997655328125 0.133611690625 0.3856975375
1 0.1972860125 0.37983587343749997 0.1868475984375 0.3757327078125 0.1816283921875 0.3757327078125 0.155532359375 0.3757327078125 0.14196242187500002 0.38100820625 0.13883089843750002 0.398007034375 0.14405010468749999 0.4062133640625 0.1492693109375 0.40855803125 0.1868475984375 0.40855803125 0.1972860125 0.404454865625 0.201461378125 0.3985932 0.2004175359375 0.38393903906250004 0.1972860125 0.37983587343749997
1 0.244258871875 0.374560375 0.242171190625 0.374560375 0.21711899843750002 0.3757327078125 0.2077244265625 0.38100820625 0.206680584375 0.3997655328125 0.21085595000000001 0.4056271984375 0.21711899843750002 0.40797186406249997 0.25678496875 0.40679953125 0.2640918578125 0.400937865625 0.2640918578125 0.38159437343749997 0.25782880937499997 0.376318875 0.244258871875 0.374560375
1 0.3298538625 0.3780773734375 0.31941544843749997 0.374560375 0.313674321875 0.374560375 0.284968684375 0.374560375 0.274530271875 0.37866354062499996 0.271398746875 0.3845252046875 0.271398746875 0.3968347015625 0.2818371609375 0.40679953125 0.31106471875 0.40738569687500004 0.3288100203125 0.40386869843750006 0.3329853859375 0.398007034375 0.3329853859375 0.383352871875 0.3298538625 0.3780773734375
1 0.40605427968749996 0.3757327078125 0.398747390625 0.3733880421875 0.3924843421875 0.3733880421875 0.35699373749999996 0.373974209375 0.3423799578125 0.3774912078125 0.3382045921875 0.39155920312500003 0.3465553234375 0.404454865625 0.36012526093749997 0.4062133640625 0.37265135625 0.40386869843750006 0.40605427968749996 0.39155920312500003 0.4112734859375 0.3862837046875 0.4112734859375 0.3821805390625 0.40605427968749996 0.3757327078125
0 0.43423799531249996 0.3470105515625 0.43215031249999997 0.3470105515625 0.41858037656249997 0.35052755 0.4144050109375 0.3774912078125 0.41858037656249997 0.383352871875 0.4237995828125 0.3856975375 0.44050104375 0.38686987031250003 0.449895615625 0.383352871875 0.4519832984375 0.372801875 0.44780793281250003 0.367526378125 0.44572025000000004 0.35169988281250003 0.43423799531249996 0.3470105515625
0 0.4237995828125 0.24970691718750002 0.4144050109375 0.2538100828125 0.41336116875 0.2801875734375 0.4154488515625 0.2895662375 0.425887265625 0.29425556875000003 0.43632567812499995 0.2930832359375 0.4436325671875 0.2860492375 0.4425887265625 0.2561547484375 0.43945720312500003 0.2520515828125 0.431106471875 0.24970691718750002 0.4237995828125 0.24970691718750002
0 0.42797494843750006 0.298358734375 0.41753653437500005 0.301289565625 0.4144050109375 0.3065650640625 0.4154488515625 0.3347010546875 0.42171190000000003 0.34173505312499997 0.4352818375 0.3434935515625 0.44572025000000004 0.3370457203125 0.44572025000000004 0.31066822968749996 0.4415448859375 0.301289565625 0.43006263125000005 0.298358734375 0.42797494843750006 0.298358734375
0 0.6398747390625 0.3692848765625 0.59707724375 0.37104337656249997 0.5897703546875 0.37690504062499997 0.5929018796875 0.38393903906250004 0.6033402921875 0.38686987031250003 0.6670146140625001 0.3856975375 0.6722338203125 0.37983587343749997 0.6701461375 0.372215709375 0.6638830890625 0.36987104375 0.6409185796875 0.3692848765625 0.6398747390625 0.3692848765625
0 0.9572025046875 0.3968347015625 0.9592901875000001 0.39214536875 0.9697286015625 0.3874560375 0.9749478078125 0.3821805390625 0.9749478078125 0.372801875 0.9665970765624999 0.36811254375 0.9342379953125001 0.3669402109375 0.9248434234375 0.3669402109375 0.903966596875 0.367526378125 0.8924843421875 0.372215709375 0.8872651359375 0.38159437343749997 0.8893528187499999 0.39214536875 0.8945720250000001 0.39390386875 0.931106471875 0.39390386875 0.948851775 0.3892145375 0.9519832984375001 0.3903868703125 0.9478079328125 0.3950762015625 0.9572025046875 0.3968347015625
0 0.4425887265625 0.0316529890625 0.4415448859375 0.031066823437500002 0.42171190000000003 0.0334114890625 0.40709812031250003 0.0316529890625 0.3977035484375 0.034583821875 0.394572025 0.0369284875 0.395615865625 0.0468933171875 0.40292275625 0.0486518171875 0.4436325671875 0.0492379828125 0.44676409218749996 0.047479484375 0.44780793281250003 0.034583821875 0.4425887265625 0.0316529890625
0 0.4352818375 0.0504103171875 0.42980167031249994 0.0504103171875 0.409185803125 0.0509964828125 0.395615865625 0.055685814062500005 0.395615865625 0.069753809375 0.39979123125 0.0767878078125 0.40605427968749996 0.079718640625 0.43841336093749994 0.079718640625 0.4436325671875 0.0767878078125 0.44676409218749996 0.0574443140625 0.44467640937499997 0.05392731562500001 0.4352818375 0.0504103171875
0 0.4206680578125 0.08147713906250001 0.41962421718750004 0.08147713906250001 0.40814196249999996 0.082649471875 0.39979123125 0.08792497031249999 0.4008350734375 0.1031652984375 0.4112734859375 0.11254396250000001 0.4373695203125 0.11254396250000001 0.4415448859375 0.110199296875 0.44467640937499997 0.10140679999999999 0.4436325671875 0.086166471875 0.43632567812499995 0.082649471875 0.4206680578125 0.08147713906250001
0 0.43945720312500003 0.11723329375 0.4331941546875 0.1154747953125 0.42762734843750005 0.1154747953125 0.4112734859375 0.1160609609375 0.4050104390625 0.12075029374999999 0.40292275625 0.13188745625 0.40605427968749996 0.142438453125 0.412317328125 0.14947245 0.41962421718750004 0.151817115625 0.4290187890625 0.15123095 0.44050104375 0.1441969515625 0.4425887265625 0.1219226265625 0.43945720312500003 0.11723329375
0 0.42797494843750006 0.1547479484375 0.41962421718750004 0.1547479484375 0.41336116875 0.1570926140625 0.409185803125 0.1635404453125 0.41022964531249995 0.185814771875 0.41649269375 0.19460726875 0.4290187890625 0.19577960156250002 0.4373695203125 0.19284876875 0.44050104375 0.18757327031249998 0.44050104375 0.1641266125 0.4373695203125 0.15767878125 0.42797494843750006 0.1547479484375
0 0.43006263125000005 0.2010551 0.422755740625 0.2010551 0.4144050109375 0.20398593125 0.412317328125 0.20867526406249998 0.412317328125 0.23622508749999999 0.4154488515625 0.24150058593749998 0.42693110624999997 0.24560375156249997 0.43841336093749994 0.242086753125 0.4425887265625 0.232121921875 0.44050104375 0.20750293125 0.43841336093749994 0.20398593125 0.43006263125000005 0.2010551