0 0.49110671874999995 0.4238888890625 0.4861660078125 0.41111111093749997 0.47924901249999996 0.407777778125 0.4733201578125 0.407777778125 0.4654150203125 0.40944444375 0.4604743078125 0.41444444375 0.459486165625 0.42888888906249995 0.46245059218750006 0.4338888890625 0.4743083 0.44055555625 0.50395256875 0.44055555625 0.5079051390625 0.43666666718749997 0.5079051390625 0.43055555625 0.50395256875 0.4266666671875 0.49110671874999995 0.4238888890625
0 0.46837944687500005 0.36055555625 0.4604743078125 0.3638888890625 0.4584980234375 0.367222221875 0.4584980234375 0.39388888906249997 0.46245059218750006 0.40222222187499995 0.47727272656249997 0.40444444375 0.4861660078125 0.39944444375 0.4881422921875 0.38166666718750003 0.485177865625 0.3638888890625 0.4752964421875 0.36055555625 0.46837944687500005 0.36055555625
0 0.4604743078125 0.3133333328125 0.4584980234375 0.315 0.4584980234375 0.34888888906250004 0.46146244999999997 0.3533333328125 0.46936758906250003 0.35611111093750003 0.47924901249999996 0.35444444375 0.485177865625 0.34888888906250004 0.48320158125 0.31 0.4822134390625 0.31 0.4604743078125 0.3133333328125
0 0.4654150203125 0.26777777812500003 0.45652173906250004 0.272222221875 0.45553359687499995 0.29333333281249996 0.45750988125000003 0.30444444375 0.46739130468749995 0.30944444375 0.48023715468750006 0.307222221875 0.4841897234375 0.2988888890625 0.4822134390625 0.272777778125 0.48023715468750006 0.27 0.4733201578125 0.26777777812500003 0.4654150203125 0.26777777812500003
0 0.4733201578125 0.2216666671875 0.467885375 0.2216666671875 0.4604743078125 0.222222221875 0.4535573125 0.22777777812500002 0.4525691703125 0.24333333281249997 0.45652173906250004 0.25944444375 0.4604743078125 0.262222221875 0.46936758906250003 0.2633333328125 0.47924901249999996 0.2611111109375 0.4822134390625 0.25444444375 0.48122529687500004 0.2266666671875 0.4733201578125 0.2216666671875
0 0.464426878125 0.18444444375 0.46245059218750006 0.18444444375 0.44960474375 0.1883333328125 0.446640315625 0.197777778125 0.4525691703125 0.2133333328125 0.459486165625 0.21833333281249998 0.46640316249999997 0.21888888906249998 0.4713438734375 0.21833333281249998 0.4822134390625 0.2116666671875 0.4841897234375 0.19055555625 0.47924901249999996 0.18555555625 0.464426878125 0.18444444375
0 0.48320158125 0.12444444375 0.4713438734375 0.12166666718750001 0.4649209484375 0.12166666718750001 0.446640315625 0.1238888890625 0.43972332031250005 0.12833333281249998 0.43972332031250005 0.13999999999999999 0.4436758890625 0.14666666718750002 0.4505928859375 0.14944444375 0.48122529687500004 0.14944444375 0.485177865625 0.147222221875 0.489130434375 0.1361111109375 0.4881422921875 0.1288888890625 0.48320158125 0.12444444375
0 0.46146244999999997 0.15111111093750001 0.4505928859375 0.152222221875 0.442687746875 0.15944444375 0.4456521734375 0.17444444374999998 0.45454545468749996 0.18222222187499998 0.48023715468750006 0.18055555625 0.485177865625 0.175 0.4861660078125 0.1566666671875 0.48023715468750006 0.15277777812499999 0.46739130468749995 0.15111111093750001 0.46146244999999997 0.15111111093750001
0 0.43972332031250005 0.107777778125 0.43873517812499996 0.1161111109375 0.4476284578125 0.12 0.48023715468750006 0.11888888906249999 0.485177865625 0.117222221875 0.4881422921875 0.11333333281249999 0.4881422921875 0.10833333281249999 0.485177865625 0.1061111109375 0.47924901249999996 0.1061111109375 0.43972332031250005 0.107777778125
0 0.7045454546875 0.4233333328125 0.650197628125 0.425 0.644268775 0.42888888906249995 0.6452569171875 0.4361111109375 0.655138340625 0.44000000000000006 0.714426878125 0.43833333281250003 0.72035573125 0.43499999999999994 0.7213438734375 0.43 0.7164031625 0.42555555624999997 0.705533596875 0.4238888890625 0.7045454546875 0.4233333328125
0 0.8725296437500001 0.42222222187499997 0.8685770749999999 0.42222222187499997 0.8567193671875 0.42611111093750004 0.8567193671875 0.43499999999999994 0.866600790625 0.44000000000000006 0.8942687749999999 0.447777778125 0.904150196875 0.447777778125 0.9100790515625 0.44000000000000006 0.9100790515625 0.4311111109375 0.905138340625 0.4238888890625 0.8972332015625 0.42222222187499997 0.8725296437500001 0.42222222187499997
1 0.56324110625 0.425 0.5622529640625 0.425 0.5197628453124999 0.42611111093750004 0.514822134375 0.43 0.51679841875 0.4388888890625 0.5256917 0.4411111109375 0.6136363640625 0.44055555625 0.620553359375 0.43944444374999997 0.6254940718750001 0.43555555625000003 0.6245059281249999 0.42944444375 0.612648221875 0.42555555624999997 0.56324110625 0.425
1 0.8300395249999999 0.42444444375 0.8221343875 0.42277777812500006 0.7895256921875 0.42222222187499997 0.7845849796875 0.42222222187499997 0.735177865625 0.4238888890625 0.7282608703125 0.4266666671875 0.7282608703125 0.43499999999999994 0.735177865625 0.43833333281250003 0.75 0.4388888890625 0.8152173906250001 0.43833333281250003 0.8270750984375 0.43777777812499996 0.8339920953125001 0.43555555625000003 0.8359683796875 0.43 0.8300395249999999 0.42444444375
1 0.98715415 0.42277777812500006 0.9654150203125 0.4216666671875 0.9624505921875001 0.4216666671875 0.9219367593750001 0.42277777812500006 0.9160079046874999 0.42611111093750004 0.9140316203125 0.4311111109375 0.916996046875 0.44333333281250004 0.92391304375 0.44555555625 0.9545454546875 0.44277777812499997 0.9841897234375001 0.44444444375 0.9930830046875 0.43833333281250003 0.9940711468749999 0.427222221875 0.98715415 0.42277777812500006
1 0.4584980234375 0.43499999999999994 0.4486166015625 0.427777778125 0.4416996046875 0.427777778125 0.404150196875 0.42833333281249997 0.3913043484375 0.4311111109375 0.387351778125 0.44444444375 0.39031620624999996 0.4533333328125 0.396245059375 0.457777778125 0.4081027671875 0.4588888890625 0.41600790468750004 0.45722222187500006 0.446640315625 0.447222221875 0.45652173906250004 0.442222221875 0.4584980234375 0.43499999999999994
1 0.37648221406250004 0.43055555625 0.3695652171875 0.42888888906249995 0.3642954546875 0.42888888906249995 0.3349802375 0.42944444375 0.324110671875 0.43444444375 0.3221343875 0.45 0.3290513828125 0.4583333328125 0.34090909062499997 0.46055555625 0.366600790625 0.45999999999999996 0.379446640625 0.4561111109375 0.383399209375 0.4483333328125 0.38142292499999997 0.43555555625000003 0.37648221406250004 0.43055555625
1 0.316205534375 0.43555555625000003 0.3083003953125 0.43 0.2964426875 0.42888888906249995 0.294466403125 0.42888888906249995 0.26877470312499996 0.43 0.260869565625 0.4338888890625 0.2569169953125 0.4438888890625 0.2579051390625 0.45222222187499994 0.26284585 0.4583333328125 0.26877470312499996 0.46055555625 0.29249011875 0.4611111109375 0.30928853749999996 0.45944444375 0.31719367656249997 0.45277777812500003 0.316205534375 0.43555555625000003
1 0.2529644265625 0.45277777812500003 0.2529644265625 0.43833333281250003 0.244071146875 0.4311111109375 0.23320158124999998 0.43 0.22776679843749997 0.43 0.205533596875 0.43055555625 0.196640315625 0.43499999999999994 0.1936758890625 0.44000000000000006 0.1936758890625 0.45055555625 0.196640315625 0.457777778125 0.2035573125 0.4611111109375 0.22924901250000002 0.462222221875 0.24110671875 0.4611111109375 0.24901185781250001 0.457777778125 0.2529644265625 0.45277777812500003
1 0.1768774703125 0.43055555625 0.16403162031250001 0.43055555625 0.163043478125 0.43 0.1413043484375 0.43166666718749996 0.1324110671875 0.43777777812499996 0.1304347828125 0.4516666671875 0.13438735156249998 0.4588888890625 0.1413043484375 0.462222221875 0.175889328125 0.462222221875 0.18181818125 0.4611111109375 0.1877470359375 0.45722222187500006 0.188735178125 0.43722222187500004 0.1768774703125 0.43055555625
1 0.0978260875 0.4311111109375 0.092885375 0.4311111109375 0.078063240625 0.432777778125 0.0691699609375 0.4388888890625 0.0691699609375 0.45999999999999996 0.0849802375 0.46333333281250005 0.11462450625000001 0.462777778125 0.125494071875 0.4583333328125 0.125494071875 0.43833333281250003 0.1235177859375 0.43555555625000003 0.11264822187500001 0.4311111109375 0.0978260875 0.4311111109375
1 0.047430829687499995 0.43222222187500003 0.0410079046875 0.43222222187500003 0.0207509875 0.432777778125 0.00889328125 0.43944444374999997 0.0098814234375 0.4588888890625 0.01284585 0.462222221875 0.0207509875 0.46444444375 0.05533596875 0.462777778125 0.062252964062500006 0.4583333328125 0.06324110625 0.4411111109375 0.0592885375 0.43555555625000003 0.047430829687499995 0.43222222187500003