0 0.49054621875000004 0.41145218437500003 0.484243696875 0.41145218437500003 0.472689075 0.416174734375 0.469537815625 0.4409681234375 0.47373949531250004 0.4521841796875 0.484243696875 0.4557260921875 0.49579831875 0.45454545468749996 0.502100840625 0.45041322343749995 0.50420168125 0.44510035468750003 0.502100840625 0.41912632812500006 0.5 0.414994096875 0.49054621875000004 0.41145218437500003
0 0.4873949578125 0.3116883109375 0.48004201718750006 0.3116883109375 0.47373949531250004 0.31286895000000003 0.4684873953125 0.31818181874999996 0.4684873953125 0.34651711875 0.472689075 0.3541912640625 0.48214285781250005 0.3577331765625 0.4936974796875 0.3565525390625 0.49894957968750003 0.34887839375 0.497899159375 0.3187721375 0.4936974796875 0.31345926875 0.4873949578125 0.3116883109375
0 0.4894957984375 0.3618654078125 0.48004201718750006 0.3618654078125 0.4758403359375 0.3624557265625 0.469537815625 0.3677685953125 0.469537815625 0.3955135765625 0.47373949531250004 0.404368359375 0.4831932765625 0.40791027187499995 0.49579831875 0.40613931562500005 0.5010504203124999 0.400236128125 0.5 0.3677685953125 0.49579831875 0.3636363640625 0.4894957984375 0.3618654078125
0 0.484243696875 0.261511215625 0.48214285781250005 0.261511215625 0.47373949531250004 0.262691853125 0.46743697500000003 0.269185359375 0.46743697500000003 0.2981109796875 0.4705882359375 0.30401416718749996 0.48109243749999997 0.3075560796875 0.4915966390625 0.30519480468750004 0.49684873906250004 0.29870129843750004 0.49684873906250004 0.2709563171875 0.4936974796875 0.265643446875 0.484243696875 0.261511215625
0 0.4831932765625 0.2142857140625 0.469537815625 0.2154663515625 0.46323529375000005 0.2219598578125 0.46533613437500004 0.249114521875 0.4705882359375 0.256198346875 0.4831932765625 0.257969303125 0.49579831875 0.249114521875 0.49579831875 0.22136953906249998 0.49264705937500003 0.21605667031250003 0.4852941171875 0.2142857140625 0.4831932765625 0.2142857140625
0 0.47373949531250004 0.1410861859375 0.45693277343750005 0.1446280984375 0.451680671875 0.151711925 0.45693277343750005 0.16883116874999998 0.46533613437500004 0.17355371875 0.49264705937500003 0.1717827625 0.5 0.1646989375 0.49894957968750003 0.1452184171875 0.4873949578125 0.14167650468749998 0.4758403359375 0.1410861859375 0.47373949531250004 0.1410861859375
0 0.47689075625 0.098583234375 0.46323529375000005 0.096221959375 0.4537815125 0.097402596875 0.45063025156250003 0.1050767421875 0.45903361406250004 0.10861865468750001 0.49579831875 0.1092089734375 0.5031512609375 0.1044864234375 0.502100840625 0.095041321875 0.49684873906250004 0.095041321875 0.47689075625 0.098583234375
0 0.4852941171875 0.1127508859375 0.48004201718750006 0.1127508859375 0.46428571406249997 0.1127508859375 0.45063025156250003 0.1192443921875 0.451680671875 0.13164108593749999 0.461134453125 0.1381345921875 0.4915966390625 0.1381345921875 0.5 0.1340023609375 0.5031512609375 0.1263282171875 0.5010504203124999 0.1174734359375 0.49894957968750003 0.11511216093750001 0.4852941171875 0.1127508859375
0 0.49264705937500003 0.17709563125 0.4873949578125 0.17650531249999998 0.48214285781250005 0.17650531249999998 0.46428571406249997 0.17768595 0.45903361406250004 0.18181818125 0.45693277343750005 0.1883116890625 0.45903361406250004 0.20188902031249997 0.46743697500000003 0.20897284531250002 0.474789915625 0.21015348281250001 0.4915966390625 0.20838252656249998 0.497899159375 0.2001180640625 0.49894957968750003 0.18181818125 0.49264705937500003 0.17709563125
0 0.669117646875 0.43978748593750006 0.652310925 0.44155844218749996 0.6439075625 0.4445100359375 0.6428571421875 0.4510035421875 0.650210084375 0.45690672968749996 0.7142857140625 0.45690672968749996 0.724789915625 0.45277449843750006 0.724789915625 0.44391971718749995 0.717436975 0.4409681234375 0.6701680671875 0.43978748593750006 0.669117646875 0.43978748593750006
0 0.9285714281249999 0.43860684843750003 0.8928571421875 0.4380165296875 0.8876050421875 0.4380165296875 0.8760504203125 0.4391971671875 0.8676470593750001 0.44391971718749995 0.8697478984375 0.4510035421875 0.875 0.45395513593750003 0.9033613453125 0.4563164109375 0.9212184875 0.46103896093749996 0.9317226890624999 0.46044864218750003 0.938025209375 0.45041322343749995 0.9359243703125 0.4409681234375 0.9285714281249999 0.43860684843750003
1 0 0.48282866875 0.032563025 0.4822904375 0.0451680671875 0.47933884375 0.048319328125 0.47225501718749996 0.0472689078125 0.45926800468750006 0.0430672265625 0.45277449843750006 0.033613445312500004 0.4492325859375 0.0277310921875 0.4492325859375 0 0.449801359375 0 0.48282866875
1 0.1165966390625 0.4704840609375 0.11449579843749999 0.4557260921875 0.1123949578125 0.45277449843750006 0.1008403359375 0.44805194843749996 0.0955882359375 0.44805194843749996 0.07457983124999999 0.44805194843749996 0.057773109375 0.4521841796875 0.053571428125 0.45690672968749996 0.0514705875 0.46753246718749997 0.053571428125 0.4752066109375 0.0588235296875 0.48051948125 0.06722689062500001 0.4822904375 0.10189075624999999 0.48170011874999996 0.113445378125 0.47638724843749997 0.1165966390625 0.4704840609375
1 0.1701680671875 0.44746162968750003 0.14810924375 0.44746162968750003 0.1470588234375 0.4468713109375 0.132352940625 0.44805194843749996 0.122899159375 0.4533648171875 0.1197478984375 0.45926800468750006 0.122899159375 0.47638724843749997 0.1313025203125 0.48110980000000003 0.173319328125 0.48051948125 0.18067226875 0.4769775671875 0.18487395 0.47166469843750003 0.1838235296875 0.45454545468749996 0.1701680671875 0.44746162968750003
1 0.2531512609375 0.4574970484375 0.25 0.4515938609375 0.238445378125 0.4468713109375 0.23304306718749998 0.4468713109375 0.20063025156249997 0.4468713109375 0.192226890625 0.4510035421875 0.188025209375 0.4645808734375 0.19012605 0.47343565468750004 0.196428571875 0.47933884375 0.22899159687499998 0.48051948125 0.2415966390625 0.47933884375 0.247899159375 0.47638724843749997 0.2531512609375 0.4687131046875 0.2531512609375 0.4574970484375
1 0.317226890625 0.4752066109375 0.32142857187499996 0.46989374218749996 0.31932773124999997 0.4521841796875 0.311974790625 0.4468713109375 0.298319328125 0.4456906734375 0.29726890781250004 0.4456906734375 0.2720588234375 0.44628099218750006 0.261554621875 0.45041322343749995 0.257352940625 0.4574970484375 0.257352940625 0.46753246718749997 0.261554621875 0.47579692968750004 0.265756303125 0.47815820468750003 0.275210084375 0.47992916250000006 0.3025210078125 0.47933884375 0.311974790625 0.47815820468750003 0.317226890625 0.4752066109375
1 0.3718487390625 0.44510035468750003 0.363445378125 0.44510035468750003 0.3340336140625 0.4468713109375 0.32773109218749996 0.4521841796875 0.326680671875 0.46930342343750003 0.3371848734375 0.47815820468750003 0.3739495796875 0.47815820468750003 0.3802521015625 0.4769775671875 0.386554621875 0.4728453359375 0.3876050421875 0.45277449843750006 0.3802521015625 0.44628099218750006 0.3718487390625 0.44510035468750003
1 0.46743697500000003 0.45926800468750006 0.4684873953125 0.4521841796875 0.45798319374999996 0.4445100359375 0.45238130312499997 0.4445100359375 0.40756302499999997 0.44510035468750003 0.39810924375 0.44805194843749996 0.39390756250000003 0.45454545468749996 0.39390756250000003 0.4639905546875 0.3970588234375 0.47166469843750003 0.4044117640625 0.4769775671875 0.413865546875 0.4775678859375 0.4264705875 0.4752066109375 0.460084034375 0.4639905546875 0.46743697500000003 0.45926800468750006
1 0.777310925 0.43860684843750003 0.7762605046875 0.43860684843750003 0.7373949578125 0.4409681234375 0.7321428578125 0.44628099218750006 0.734243696875 0.4533648171875 0.7426470593750001 0.4563164109375 0.8298319328125 0.4557260921875 0.840336134375 0.45454545468749996 0.8476890750000001 0.45041322343749995 0.8476890750000001 0.44391971718749995 0.83823529375 0.4391971671875 0.777310925 0.43860684843750003
1 1 0.4391971671875 0.96323529375 0.4391971671875 0.9621848734375 0.43860684843750003 0.9537815125 0.43978748593750006 0.9464285718750001 0.44391971718749995 0.942226890625 0.4515938609375 0.9411764703125 0.4616292796875 0.9442763453125 0.46395204999999995 0.9431123953125 0.4645336484375 0.9568019359375001 0.46494585 0.9509789921875 0.4667449828125 0.9663865546875 0.46576151093749996 0.9716386546875 0.4616292796875 1 0.45889694687500004 1 0.4391971671875
1 0.53676470625 0.44155844218749996 0.5168067234375 0.4421487609375 0.50945378125 0.44510035468750003 0.5073529406249999 0.45395513593750003 0.5105042015625 0.4580873671875 0.6165966390625 0.4580873671875 0.627100840625 0.45277449843750006 0.6260504203124999 0.44628099218750006 0.61554621875 0.4421487609375 0.5378151265625 0.4421487609375 0.53676470625 0.44155844218749996