1 0.46851851875 0.44322916718750005 0.46481481406249997 0.43854166718750004 0.4370370375 0.43541666718750005 0.43194444374999996 0.43541666718750005 0.3981481484375 0.43645833281249996 0.3888888890625 0.43854166718750004 0.3851851859375 0.44895833281249997 0.39074074062499997 0.45729166718750003 0.3953703703125 0.45989583281249996 0.4046296296875 0.4609375 0.44166666718750003 0.44947916718750003 0.4583333328125 0.44895833281249997 0.46666666718750005 0.446875 0.46851851875 0.44322916718750005
1 0.5916666671875 0.4328125 0.5898148140624999 0.4328125 0.5648148140625 0.434375 0.5611111109375 0.43854166718750004 0.5638888890625 0.4458333328125 0.56851851875 0.4479166671875 0.5796296296875 0.4484375 0.6537037031249999 0.44739583281249995 0.6620370375 0.4453125 0.6675925921875 0.4401041671875 0.6611111109375 0.43333333281249997 0.5916666671875 0.4328125
1 0.8546296296874999 0.4390625 0.8490740734375001 0.4328125 0.8425925921875 0.43125 0.8027777781250001 0.4302083328125 0.8018518515625 0.4302083328125 0.771296296875 0.43072916718750004 0.7629629625 0.4322916671875 0.759259259375 0.43385416718750003 0.7611111109375 0.4427083328125 0.772222221875 0.4458333328125 0.8203703703125 0.44635416718750004 0.8370370375 0.45104166718750005 0.8453703703125001 0.45104166718750005 0.8509259265625 0.4479166671875 0.8546296296874999 0.4390625
1 0.9518518515625001 0.43177083281249995 0.94351851875 0.43125 0.9425925921875 0.43072916718750004 0.934259259375 0.43125 0.9277777781250001 0.4369791671875 0.9268518515625 0.4479166671875 0.9296296296875 0.45520833281249995 0.9361111109375001 0.45885416718750005 0.9472222218749999 0.45885416718750005 0.9546296296874999 0.4557291671875 0.95648148125 0.45208333281249996 0.95555555625 0.43385416718750003 0.9518518515625001 0.43177083281249995
1 0.36851851875 0.43645833281249996 0.3638888890625 0.43645833281249996 0.33888888906250003 0.4369791671875 0.328703703125 0.4421875 0.32777777812500003 0.45885416718750005 0.3351851859375 0.46510416718750003 0.36944444375 0.465625 0.38055555625 0.4625 0.38333333281250004 0.4583333328125 0.38055555625 0.44322916718750005 0.3759259265625 0.43854166718750004 0.36851851875 0.43645833281249996
1 0.3138888890625 0.4375 0.30740740781250003 0.4369791671875 0.302777778125 0.4369791671875 0.2796296296875 0.4375 0.2703703703125 0.44114583281249997 0.2666666671875 0.4557291671875 0.2740740734375 0.465625 0.30648148124999997 0.46666666718750005 0.31851851875000003 0.4635416671875 0.3231481484375 0.4578125 0.3231481484375 0.44635416718750004 0.31944444375000003 0.440625 0.3138888890625 0.4375
1 0.2629629625 0.44635416718750004 0.2601851859375 0.44166666718750003 0.2518518515625 0.4380208328125 0.24660462968750002 0.4380208328125 0.21574074062499998 0.4390625 0.21111111093749999 0.44166666718750003 0.20740740781250003 0.446875 0.20740740781250003 0.45885416718750005 0.21296296250000002 0.4661458328125 0.221296296875 0.46770833281249996 0.252777778125 0.4671875 0.2611111109375 0.4635416671875 0.2638888890625 0.4583333328125 0.2629629625 0.44635416718750004
1 0.190740740625 0.4380208328125 0.17962962968750001 0.4380208328125 0.175 0.4380208328125 0.15648148125 0.4401041671875 0.1490740734375 0.44635416718750004 0.1481481484375 0.459375 0.15277777812499999 0.4661458328125 0.1583333328125 0.4682291671875 0.1916666671875 0.4682291671875 0.2018518515625 0.4635416671875 0.2046296296875 0.4583333328125 0.2018518515625 0.44322916718750005 0.190740740625 0.4380208328125
1 0.140740740625 0.4427083328125 0.13055555624999998 0.4390625 0.1251851859375 0.4390625 0.10370370312499999 0.4390625 0.09351851875 0.44375 0.0898148140625 0.45885416718750005 0.0916666671875 0.46458333281249997 0.0990740734375 0.46875 0.12592592656249998 0.4692708328125 0.1416666671875 0.4661458328125 0.14444444375 0.4583333328125 0.14351851875 0.446875 0.140740740625 0.4427083328125
1 0.08518518593749999 0.4458333328125 0.08055555625000001 0.44166666718750003 0.06851851875000001 0.43958333281249995 0.0620370375 0.43958333281249995 0.040740740625 0.440625 0.03148148125 0.446875 0.030555556249999997 0.46302083281249995 0.037037037499999995 0.4682291671875 0.04444444375 0.46979166718750004 0.06851851875000001 0.46979166718750004 0.07962962968750001 0.4682291671875 0.08333333281250001 0.4661458328125 0.0870370375 0.4526041671875 0.08518518593749999 0.4458333328125
1 0 0.47083333281249995 0.013888889062500001 0.4703125 0.022222221875 0.46770833281249996 0.025 0.46458333281249997 0.0259259265625 0.44739583281249995 0.0203703703125 0.4427083328125 0.013888889062500001 0.44114583281249997 0.009259259374999999 0.44114583281249997 0 0.44114583281249997 0 0.47083333281249995
0 0.45648148125 0.3984375 0.44907407343749994 0.3984375 0.44444444375 0.3994791671875 0.43981481406249995 0.4036458328125 0.43981481406249995 0.42760416718750005 0.44166666718750003 0.43125 0.447222221875 0.43385416718750003 0.46296296249999996 0.4348958328125 0.4675925921875 0.4322916671875 0.46666666718750005 0.40625 0.46388888906250003 0.40052083281249995 0.45648148125 0.3984375
0 0.5337962968750001 0.43385416718750003 0.4888888890625 0.4348958328125 0.4824074078125 0.4390625 0.48425925937500003 0.4447916671875 0.490740740625 0.4484375 0.54444444375 0.4484375 0.5527777781250001 0.446875 0.5555555562500001 0.44375 0.5527777781250001 0.4359375 0.5388888890625 0.43385416718750003 0.5337962968750001 0.43385416718750003
0 0.7166666671875 0.43072916718750004 0.715740740625 0.43072916718750004 0.6981481484375001 0.43125 0.6888888890625 0.43333333281249997 0.684259259375 0.4380208328125 0.6861111109375 0.44322916718750005 0.69351851875 0.44635416718750004 0.7388888890625 0.44635416718750004 0.7509259265625 0.44375 0.752777778125 0.43645833281249996 0.747222221875 0.43177083281249995 0.7166666671875 0.43072916718750004
0 0.9037037031249999 0.43072916718750004 0.896296296875 0.4302083328125 0.8925925921875001 0.4302083328125 0.8731481484374999 0.43072916718750004 0.8620370375 0.4348958328125 0.8583333328125 0.44114583281249997 0.8583333328125 0.45 0.8648148140625 0.45416666718750004 0.88055555625 0.4536458328125 0.9 0.4505208328125 0.9120370375 0.44427083281249996 0.9120370375 0.434375 0.9037037031249999 0.43072916718750004
0 0.9638888890624999 0.43541666718750005 0.9620370375 0.45208333281249996 0.9648148140625 0.45677083281249997 0.9694444437499999 0.45885416718750005 0.9990740734375001 0.459375 0.9990740734375001 0.4296875 0.9938888890625 0.4296875 0.9703703703125001 0.4302083328125 0.9638888890624999 0.43541666718750005
0 0.42314814843750004 0.12395833281249999 0.42129629687500003 0.1307291671875 0.43518518593750005 0.13333333281249998 0.46388888906250003 0.1317708328125 0.4675925921875 0.1291666671875 0.4675925921875 0.1223958328125 0.46666666718750005 0.1208333328125 0.4601851859375 0.1203125 0.4546296296875 0.1203125 0.42314814843750004 0.12395833281249999
0 0.44166666718750003 0.1354166671875 0.42314814843750004 0.14010416718750002 0.42129629687500003 0.1546875 0.43055555625 0.1598958328125 0.4601851859375 0.159375 0.46481481406249997 0.1572916671875 0.4675925921875 0.15 0.465740740625 0.14114583281249998 0.4620370375 0.1380208328125 0.44351851875000003 0.1354166671875 0.44166666718750003 0.1354166671875
0 0.44907407343749994 0.1614583328125 0.4438268515625 0.1614583328125 0.43148148124999997 0.1619791671875 0.42222222187499997 0.1677083328125 0.425 0.1817708328125 0.43518518593750005 0.1885416671875 0.44629629687500005 0.18697916718750002 0.459259259375 0.18802083281249998 0.46481481406249997 0.1822916671875 0.46481481406249997 0.1661458328125 0.45555555625000005 0.1619791671875 0.44907407343749994 0.1614583328125
0 0.44351851875000003 0.1901041671875 0.44259259218749997 0.1901041671875 0.43148148124999997 0.1916666671875 0.42592592656250006 0.1989583328125 0.427777778125 0.2125 0.43240740781250003 0.21770833281250002 0.44166666718750003 0.2203125 0.4574074078125 0.21875 0.46481481406249997 0.20833333281250002 0.4620370375 0.1932291671875 0.4546296296875 0.190625 0.44351851875000003 0.1901041671875
0 0.4601851859375 0.22760416718749998 0.45185185156249996 0.2234375 0.446759259375 0.2234375 0.4388888890625 0.22395833281250002 0.434259259375 0.2260416671875 0.43148148124999997 0.2338541671875 0.434259259375 0.2515625 0.4370370375 0.25625 0.44629629687500005 0.259375 0.4509259265625 0.259375 0.4583333328125 0.2552083328125 0.4620370375 0.2442708328125 0.4601851859375 0.22760416718749998
0 0.45185185156249996 0.2640625 0.44629629687500005 0.2640625 0.43981481406249995 0.26510416718749996 0.4361111109375 0.2697916671875 0.4370370375 0.2979166671875 0.4388888890625 0.3005208328125 0.44629629687500005 0.303125 0.4509259265625 0.303125 0.4620370375 0.2947916671875 0.4611111109375 0.2708333328125 0.4583333328125 0.26614583281250004 0.45185185156249996 0.2640625
0 0.4509259265625 0.3072916671875 0.44907407343749994 0.3072916671875 0.44259259218749997 0.3083333328125 0.4370370375 0.31302083281250004 0.4370370375 0.3390625 0.440740740625 0.3458333328125 0.4453703703125 0.3479166671875 0.4583333328125 0.3463541671875 0.46388888906250003 0.3401041671875 0.46296296249999996 0.3145833328125 0.459259259375 0.3098958328125 0.4509259265625 0.3072916671875
0 0.45185185156249996 0.3526041671875 0.45 0.3526041671875 0.440740740625 0.3557291671875 0.4379629625 0.35989583281250004 0.4388888890625 0.3864583328125 0.440740740625 0.39010416718749996 0.45 0.39375 0.4620370375 0.39114583281250004 0.465740740625 0.3869791671875 0.46481481406249997 0.35989583281250004 0.4620370375 0.3557291671875 0.45185185156249996 0.3526041671875