1 0.501890359375 0.434042553125 0.49810964062499996 0.434042553125 0.46408317656250003 0.43510638281249997 0.451795840625 0.43989361718750003 0.44896030312499996 0.44787234062500003 0.451795840625 0.449468084375 0.5396975421875 0.4489361703125 0.5472589796875 0.44787234062500003 0.5529300562499999 0.4441489359375 0.5529300562499999 0.43829787187499997 0.5453686203125 0.43510638281249997 0.501890359375 0.434042553125
1 0.6833648390625 0.43191489375 0.6531190921875 0.4335106390625 0.647448015625 0.4388297875 0.6512287328124999 0.4462765953125 0.732514178125 0.4462765953125 0.742911153125 0.445212765625 0.74858223125 0.44042553125 0.7476370515624999 0.4361702125 0.739130434375 0.4324468078125 0.68431001875 0.4324468078125 0.6833648390625 0.43191489375
1 0.906427221875 0.431382978125 0.8695652171875 0.4308510640625 0.86483931875 0.4308510640625 0.8506616250000001 0.4308510640625 0.8412098296874999 0.4372340421875 0.8383742906249999 0.4484042546875 0.8506616250000001 0.45585106406250003 0.86200378125 0.4579787234375 0.8705103968750001 0.45691489374999994 0.9026465031249999 0.45053191562499995 0.9149338374999999 0.443617021875 0.9149338374999999 0.4377659578125 0.906427221875 0.431382978125
0 0.9536861999999999 0.43031914843749997 0.948960303125 0.43031914843749997 0.9395085062499999 0.43031914843749997 0.9319470703125001 0.4329787234375 0.9253308125 0.4420212765625 0.931001890625 0.454787234375 0.941398865625 0.45957446874999996 0.9565217390624999 0.45904255312500003 0.965973534375 0.4515957453125 0.965973534375 0.4372340421875 0.9621928171875 0.4329787234375 0.9536861999999999 0.43031914843749997
1 1 0.429787234375 0.99858223125 0.429787234375 0.9782608703125 0.43031914843749997 0.9725897921875 0.4335106390625 0.9697542531250001 0.4393617015625 0.9697542531250001 0.452127659375 0.9725897921875 0.4574468078125 0.977315690625 0.45957446874999996 1 0.46003039531249995 1 0.429787234375
1 0.4139886578125 0.4377659578125 0.4054820421875 0.4361702125 0.3979206046875 0.4361702125 0.366729678125 0.4372340421875 0.3572778828125 0.4414893609375 0.3553875234375 0.45691489374999994 0.363894140625 0.46542553125 0.376181475 0.46648936093750004 0.3913043484375 0.4643617015625 0.41115311875 0.4574468078125 0.41965973593749994 0.452127659375 0.41965973593749994 0.4420212765625 0.4139886578125 0.4377659578125
1 0.350661625 0.44308510625 0.3478260875 0.43989361718750003 0.34026465 0.4372340421875 0.3353497171875 0.4372340421875 0.30623818593749996 0.4377659578125 0.299621928125 0.43989361718750003 0.29395085 0.447340425 0.29395085 0.45691489374999994 0.3024574671875 0.46595744687499996 0.3109640828125 0.46755319218749997 0.33648393125 0.46702127656250003 0.349716446875 0.46276595781249996 0.352551984375 0.4515957453125 0.350661625 0.44308510625
1 0.289224953125 0.4441489359375 0.27788279843749997 0.4377659578125 0.2725897921875 0.4377659578125 0.24480151249999998 0.43829787187499997 0.2353497171875 0.443617021875 0.2334593578125 0.45691489374999994 0.2362948953125 0.46329787187499993 0.24102079375000002 0.46648936093750004 0.24763705156250002 0.46808510625000005 0.27599243906250004 0.46755319218749997 0.28638941406249996 0.46382978750000003 0.29017013281250004 0.45691489374999994 0.289224953125 0.4441489359375
1 0.22495274062499998 0.4420212765625 0.21455576562499998 0.43829787187499997 0.1909262765625 0.43829787187499997 0.1871455578125 0.43829787187499997 0.175803403125 0.4420212765625 0.17202268437499998 0.447340425 0.17202268437499998 0.45957446874999996 0.175803403125 0.46595744687499996 0.1852551984375 0.46914893593749996 0.2136105859375 0.468617021875 0.22306238125000002 0.46648936093750004 0.22873345937499998 0.45957446874999996 0.2296786390625 0.4515957453125 0.22495274062499998 0.4420212765625
1 0.16635160625 0.4468085109375 0.1606805296875 0.440957446875 0.149338375 0.4388297875 0.1483931953125 0.43829787187499997 0.1247637046875 0.4388297875 0.115311909375 0.4420212765625 0.11153119062500001 0.4468085109375 0.1105860109375 0.46010638281249994 0.11247637031249999 0.4643617015625 0.1200378078125 0.46914893593749996 0.150283553125 0.46968085156250006 0.1625708890625 0.46702127656250003 0.1672967859375 0.45904255312500003 0.16635160625 0.4468085109375
1 0.10207939531250002 0.4420212765625 0.086956521875 0.4393617015625 0.0822306234375 0.4393617015625 0.06049149375 0.44042553125 0.051984876562500004 0.44574468125 0.051039696875 0.4622340421875 0.05293005625 0.46648936093750004 0.06049149375 0.47021276562500003 0.0916824203125 0.47021276562500003 0.1039697546875 0.46702127656250003 0.10680529375 0.46063829843750004 0.1058601140625 0.44574468125 0.10207939531250002 0.4420212765625
1 0 0.47074468124999996 0.005671078125 0.4718085109375 0.0387523625 0.46968085156250006 0.0434782609375 0.46702127656250003 0.0472589796875 0.46063829843750004 0.0453686203125 0.445212765625 0.0359168234375 0.440957446875 0.016068053125000002 0.44042553125 0.012287334375 0.44042553125 0 0.4418085109375 0 0.47074468124999996
0 0.45652173906250004 0.1234042546875 0.44517958437500005 0.12606382968750002 0.41682419687500005 0.12606382968750002 0.413043478125 0.1303191484375 0.4139886578125 0.1356382984375 0.41682419687500005 0.1372340421875 0.44706994375000003 0.1372340421875 0.4603024578125 0.1388297875 0.4621928171875 0.127659575 0.459357278125 0.1234042546875 0.45652173906250004 0.1234042546875
0 0.44423440468750003 0.1388297875 0.4357277875 0.1388297875 0.4243856328125 0.13989361718749999 0.413043478125 0.1468085109375 0.4149338375 0.156382978125 0.41871455625 0.1606382984375 0.42533081250000004 0.163297871875 0.4508506609375 0.163297871875 0.459357278125 0.15904255312499999 0.4603024578125 0.143617021875 0.45652173906250004 0.140957446875 0.44423440468750003 0.1388297875
0 0.45746691874999995 0.16968085156249998 0.44896030312499996 0.1664893609375 0.44801512343749994 0.165957446875 0.42911153124999996 0.1664893609375 0.42155009374999997 0.16808510625 0.41682419687500005 0.1718085109375 0.41682419687500005 0.18457446875 0.4224952734375 0.1925531921875 0.42816635156249994 0.19468085156249998 0.4508506609375 0.19361702187500002 0.45746691874999995 0.18882978749999998 0.459357278125 0.172872340625 0.45746691874999995 0.16968085156249998
0 0.44517958437500005 0.197872340625 0.4262759921875 0.1989361703125 0.42060491562499996 0.20585106406250003 0.42155009374999997 0.21914893593749998 0.427221171875 0.22765957499999998 0.434782609375 0.22978723437499998 0.4508506609375 0.22872340468750002 0.4546313796875 0.224468084375 0.45746691874999995 0.2037234046875 0.4499054828125 0.197872340625 0.44517958437500005 0.197872340625
0 0.44517958437500005 0.23404255312500002 0.43761814687499995 0.23404255312500002 0.4319470703125 0.23510638281250001 0.427221171875 0.23936170156249997 0.4262759921875 0.25425531874999996 0.4300567109375 0.26861702187500003 0.43950850625 0.272340425 0.4508506609375 0.270212765625 0.4546313796875 0.2638297875 0.4546313796875 0.24095744687499998 0.4527410203125 0.236702128125 0.44517958437500005 0.23404255312500002
0 0.44517958437500005 0.2765957453125 0.43856332656249997 0.2765957453125 0.4319470703125 0.2787234046875 0.42911153124999996 0.28297872343749997 0.42911153124999996 0.3058510640625 0.4319470703125 0.3138297875 0.443289225 0.3175531921875 0.45368620000000004 0.313297871875 0.45652173906250004 0.3 0.4546313796875 0.28191489375 0.451795840625 0.2781914890625 0.44517958437500005 0.2765957453125
0 0.44423440468750003 0.32127659531249997 0.443289225 0.32127659531249997 0.43289225 0.3239361703125 0.4300567109375 0.329787234375 0.431001890625 0.3531914890625 0.434782609375 0.3579787234375 0.443289225 0.3601063828125 0.45368620000000004 0.3585106390625 0.45746691874999995 0.354787234375 0.45746691874999995 0.3287234046875 0.4546313796875 0.325 0.44423440468750003 0.32127659531249997
0 0.44706994375000003 0.363297871875 0.4423440453125 0.363297871875 0.4357277875 0.3648936171875 0.4319470703125 0.36808510625 0.431001890625 0.3851063828125 0.434782609375 0.40106382968750004 0.44423440468750003 0.40531914843749994 0.455576559375 0.40265957500000005 0.459357278125 0.397872340625 0.45841209843749997 0.36755319218750004 0.4527410203125 0.363297871875 0.44706994375000003 0.363297871875
0 0.45746691874999995 0.4106382984375 0.4499054828125 0.40797872343749997 0.44423440468750003 0.40797872343749997 0.43950850625 0.40904255312500004 0.4338374296875 0.4138297875 0.4319470703125 0.4308510640625 0.427221171875 0.4393617015625 0.4319470703125 0.4441489359375 0.44139886562499997 0.4441489359375 0.4461247640625 0.4393617015625 0.4612476375 0.4324468078125 0.4603024578125 0.41436170156249996 0.45746691874999995 0.4106382984375
0 0.583175803125 0.4329787234375 0.5756143671875 0.434042553125 0.57088846875 0.4377659578125 0.5718336484375001 0.4441489359375 0.57844990625 0.44787234062500003 0.63516068125 0.447340425 0.6427221171874999 0.4425531921875 0.6408317578125 0.4356382984375 0.636105859375 0.4335106390625 0.5897920609375 0.4329787234375 0.583175803125 0.4329787234375
0 0.7684310015625 0.434042553125 0.7665406421875 0.43829787187499997 0.7722117203125001 0.445212765625 0.8270321359375 0.447340425 0.835538753125 0.44308510625 0.8364839312499999 0.4356382984375 0.827977315625 0.431382978125 0.781663515625 0.4308510640625 0.7759924390624999 0.4308510640625 0.7684310015625 0.434042553125