1 0.4796334015625 0.42620137343750003 0.43890020312500005 0.428489703125 0.43890020312500005 0.4405034328125 0.44704684375000003 0.44336384375 0.5346232171875 0.4427917625 0.5427698578125 0.44221967968750003 0.550916496875 0.4376430203125 0.550916496875 0.4313501140625 0.5427698578125 0.42734553750000004 0.482688390625 0.42620137343750003 0.4796334015625 0.42620137343750003
1 0.7566191453125 0.4250572078125 0.6883910390625 0.42391304375 0.6873727093750001 0.42391304375 0.6690427703124999 0.4244851265625 0.657841140625 0.42677345468750005 0.652749490625 0.4324942796875 0.65478615 0.4376430203125 0.6619144609375 0.4405034328125 0.735234215625 0.4405034328125 0.7566191453125 0.43993135 0.76680244375 0.43592677343749997 0.764765784375 0.42734553750000004 0.7566191453125 0.4250572078125
1 0.8686354375 0.42391304375 0.8676171078125 0.42391304375 0.8574338078125001 0.429061784375 0.8543788187500001 0.4370709375 0.8553971484374999 0.44622425625 0.8716904281250001 0.44965675000000005 0.8849287171875 0.4456521734375 0.9236252546875001 0.44450800937499996 0.9327902234375 0.4405034328125 0.9348268843750001 0.43077803281250004 0.9287169046875 0.4250572078125 0.8686354375 0.42391304375
1 1 0.422768878125 0.9898167000000001 0.42620137343750003 0.9867617109375001 0.4427917625 0.9918533609375 0.45251716249999996 1 0.45505975000000004 1 0.422768878125
1 0.38289205625 0.429061784375 0.36456211875 0.429061784375 0.3584521390625 0.429061784375 0.33095722968749997 0.43020595000000006 0.3217922609375 0.434782609375 0.3197556015625 0.44965675000000005 0.3289205703125 0.4599542328125 0.3391038703125 0.4610983984375 0.3482688390625 0.45938215156249995 0.3900203671875 0.44450800937499996 0.39205702656249997 0.43649885624999996 0.38696537656249996 0.43077803281250004 0.38289205625 0.429061784375
1 0.2963340125 0.43020595000000006 0.2871690421875 0.43020595000000006 0.2657841140625 0.43077803281250004 0.2556008140625 0.43592677343749997 0.252545825 0.44164759687500005 0.2535641546875 0.454233409375 0.2637474546875 0.4622425625 0.3065173109375 0.46167048125 0.313645621875 0.45709382187500003 0.313645621875 0.4370709375 0.30549898125 0.43077803281250004 0.2963340125 0.43020595000000006
1 0.24541751562499997 0.435354690625 0.23319755625 0.43077803281250004 0.22810590625 0.43077803281250004 0.20162932812499998 0.4313501140625 0.18940936875 0.43592677343749997 0.186354378125 0.450800915625 0.18940936875 0.45881006874999997 0.19450101875 0.4622425625 0.2291242359375 0.463386728125 0.24338085468749998 0.4599542328125 0.24847250468749998 0.4536613265625 0.24847250468749998 0.44107551562499997 0.24541751562499997 0.435354690625
1 0.182281059375 0.44107551562499997 0.17922606875 0.43649885624999996 0.168024440625 0.431922196875 0.1625936859375 0.431922196875 0.13543788125 0.431922196875 0.124236253125 0.43649885624999996 0.12016293281249998 0.44393592656249997 0.12016293281249998 0.45251716249999996 0.1252545828125 0.4610983984375 0.1313645625 0.46395880937499995 0.167006109375 0.46395880937499995 0.17922606875 0.45938215156249995 0.182281059375 0.45594965624999995 0.182281059375 0.44107551562499997
1 0.1130346234375 0.4370709375 0.103869653125 0.4324942796875 0.0865580453125 0.431922196875 0.085539715625 0.431922196875 0.0641547859375 0.43421052656250003 0.056008146875 0.4405034328125 0.056008146875 0.4582379859375 0.0590631359375 0.4622425625 0.0672097765625 0.46510297500000003 0.10488798437499999 0.46453089218750004 0.114052953125 0.4599542328125 0.11608961250000001 0.45652173906250004 0.11710794375 0.447940503125 0.1130346234375 0.4370709375
1 0 0.4656750578125 0.0203665984375 0.4662471390625 0.037678207812499996 0.4656750578125 0.047861507812499995 0.4622425625 0.050916496874999995 0.455377575 0.049898167187499995 0.44221967968750003 0.047861507812499995 0.4376430203125 0.0356415484375 0.43306636093749995 0.030142565625 0.43306636093749995 0.008146639062499999 0.43306636093749995 0 0.43517866562499996 0 0.4656750578125
0 0.3706720984375 0.09725400468749999 0.371690428125 0.104691075 0.38594704687500003 0.10755148750000001 0.4185336046875 0.1069794046875 0.4236252546875 0.0989702515625 0.4205702640625 0.09210526249999999 0.41751527499999996 0.09210526249999999 0.37678207812500003 0.09382151093749999 0.3706720984375 0.09725400468749999
0 0.39714867656249997 0.1098398171875 0.395112015625 0.1098398171875 0.38289205625 0.11098398125 0.3747454171875 0.11441647656250001 0.3706720984375 0.118993134375 0.3727087578125 0.1287185359375 0.38289205625 0.1355835234375 0.41140529531250003 0.1355835234375 0.419551934375 0.131578946875 0.422606925 0.11670480624999999 0.415478615625 0.1115560640625 0.39714867656249997 0.1098398171875
0 0.39103869687500004 0.13844393593749998 0.38085539687500003 0.1401601828125 0.3737270875 0.14588100625 0.3778004078125 0.16418764375 0.38594704687500003 0.169336384375 0.41140529531250003 0.1681922203125 0.419551934375 0.15961098437500001 0.419551934375 0.144164759375 0.410386965625 0.13901601875 0.39205702656249997 0.13901601875 0.39103869687500004 0.13844393593749998
0 0.410386965625 0.172768878125 0.40393788124999996 0.172768878125 0.38696537656249996 0.1733409609375 0.3798370671875 0.178489703125 0.3798370671875 0.19565217343750002 0.38594704687500003 0.204233409375 0.39205702656249997 0.20594965625 0.40835030625 0.20537757499999998 0.415478615625 0.19965675 0.4185336046875 0.179061784375 0.415478615625 0.17448512656249998 0.410386965625 0.172768878125
0 0.40733197499999996 0.210526315625 0.400203665625 0.210526315625 0.39103869687500004 0.21109839843749997 0.3839103875 0.2179633875 0.38594704687500003 0.24141876406249999 0.3900203671875 0.24942791718750001 0.39816700625 0.2528604125 0.40427698593750006 0.2528604125 0.412423625 0.2488558359375 0.415478615625 0.24141876406249999 0.41446028437500004 0.21510297500000003 0.40733197499999996 0.210526315625
0 0.40427698593750006 0.2568649890625 0.40325865624999996 0.2568649890625 0.39205702656249997 0.25858123593750004 0.38798370625 0.26372997656249997 0.3890020359375 0.29633867343750003 0.395112015625 0.30034325 0.40325865624999996 0.3014874140625 0.4134419546875 0.2974828375 0.4164969453125 0.292906178125 0.4164969453125 0.2665903890625 0.4134419546875 0.2602974828125 0.40427698593750006 0.2568649890625
0 0.40427698593750006 0.3049199078125 0.4022403265625 0.3049199078125 0.395112015625 0.30606407343750003 0.3890020359375 0.3112128140625 0.3900203671875 0.343249428125 0.395112015625 0.3489702515625 0.400203665625 0.3506864984375 0.41140529531250003 0.34954233437500004 0.4185336046875 0.343249428125 0.41751527499999996 0.311784896875 0.412423625 0.3072082375 0.40427698593750006 0.3049199078125
0 0.405295315625 0.35411899375 0.40325865624999996 0.35411899375 0.39307535625 0.3575514875 0.3900203671875 0.362128146875 0.3900203671875 0.384439359375 0.3940936859375 0.3964530890625 0.40631364531249997 0.39874141875 0.41751527499999996 0.397025171875 0.419551934375 0.3947368421875 0.4205702640625 0.3649885578125 0.41751527499999996 0.3581235703125 0.405295315625 0.35411899375
0 0.412423625 0.4027459953125 0.40325865624999996 0.4027459953125 0.39205702656249997 0.40789473750000005 0.39205702656249997 0.43077803281250004 0.400203665625 0.4387871859375 0.40733197499999996 0.44221967968750003 0.42158859531250004 0.44221967968750003 0.429735234375 0.4376430203125 0.4307535640625 0.43306636093749995 0.4236252546875 0.425629290625 0.4205702640625 0.40675057187499997 0.412423625 0.4027459953125
0 0.5936863546875 0.4250572078125 0.5906313640625 0.4250572078125 0.5794297359375 0.425629290625 0.5692464359375 0.42963386718749996 0.5682281062500001 0.435354690625 0.5763747453125 0.44164759687500005 0.633401221875 0.44164759687500005 0.6466395109375 0.438215103125 0.647657840625 0.4324942796875 0.643584521875 0.42677345468750005 0.6364562125 0.4250572078125 0.5936863546875 0.4250572078125
0 0.8401222 0.42391304375 0.7993890015625 0.4233409609375 0.798370671875 0.4233409609375 0.7871690421875 0.428489703125 0.7881873734375 0.435354690625 0.7922606921875001 0.4387871859375 0.81568228125 0.44221967968750003 0.8360488796875 0.447940503125 0.84521385 0.44622425625 0.8503054984375 0.434782609375 0.8503054984375 0.429061784375 0.8462321796875001 0.425629290625 0.8401222 0.42391304375
0 0.973523421875 0.4250572078125 0.9633401218750001 0.42391304375 0.9623217921875 0.42391304375 0.954175153125 0.425629290625 0.949083503125 0.429061784375 0.939825865625 0.44581235625 0.9501018328124999 0.4536613265625 0.954175153125 0.45308924531250006 0.9572301421875 0.4548054921875 0.97556008125 0.454233409375 0.9816700609375 0.4456521734375 0.9796334015625 0.42963386718749996 0.973523421875 0.4250572078125