1 0.8555992140625 0.43038674062500004 0.8084479375000001 0.42928176718750005 0.8035363453125001 0.42928176718750005 0.7662082515625 0.43038674062500004 0.75638506875 0.43480662968750006 0.7573673875 0.44143646406250003 0.7603143421875 0.44419889531249995 0.7662082515625 0.44530386718750004 0.8398821218749999 0.44585635312500005 0.8565815328124999 0.44530386718750004 0.8654223968749999 0.43922651874999996 0.8634577609375 0.4337016578125 0.8555992140625 0.43038674062500004
1 0.61591355625 0.4314917125 0.6149312375 0.4314917125 0.5491159140625 0.4337016578125 0.5432220046875 0.43867403281249995 0.544204321875 0.44309392187499996 0.5491159140625 0.4475138125 0.557956778125 0.44861878437499997 0.6444007859374999 0.4475138125 0.65422396875 0.443646409375 0.6552062875 0.4375690609375 0.648330059375 0.432596684375 0.61591355625 0.4314917125
1 1 0.4324125234375 0.99901768125 0.4314917125 0.9891944984375 0.42872928125 0.96070726875 0.42872928125 0.954813359375 0.42872928125 0.9400785859375 0.42983425468750003 0.93516699375 0.432596684375 0.9341846765625 0.43922651874999996 0.9381139484375 0.44530386718750004 0.9459724953125 0.4491712703125 0.9636542234375 0.45082872968750004 0.9842829078124999 0.459116021875 0.9960707265625001 0.456906078125 1 0.454143646875 1 0.4324125234375
1 0.4518664046875 0.4337016578125 0.44891945 0.4337016578125 0.403732809375 0.435359115625 0.391944990625 0.43922651874999996 0.389980353125 0.4524861875 0.4007858546875 0.4624309390625 0.41257367343749995 0.4635359109375 0.46070726874999995 0.44861878437499997 0.46365422343749996 0.44585635312500005 0.46267190625000004 0.438121546875 0.45776031406250006 0.43425414375000004 0.4518664046875 0.4337016578125
1 0.3811394890625 0.43867403281249995 0.37328094375 0.43591160156250003 0.3683693515625 0.43591160156250003 0.339882121875 0.4364640890625 0.3300589390625 0.44198895 0.328094303125 0.4574585640625 0.33300589375 0.4640883984375 0.3379174859375 0.46629834218750005 0.372298625 0.466850828125 0.38408644375 0.4640883984375 0.3870333984375 0.46077348125000006 0.3850687625 0.4425414359375 0.3811394890625 0.43867403281249995
1 0.321218075 0.44198895 0.313359528125 0.437016575 0.2976424359375 0.4364640890625 0.29469548125 0.4364640890625 0.274066796875 0.4375690609375 0.2662082515625 0.44309392187499996 0.263261296875 0.45082872968750004 0.2652259328125 0.45966850781249996 0.26915520625 0.46519337031249997 0.275049115625 0.46740331562500004 0.30550098281250004 0.4679558015625 0.313359528125 0.466850828125 0.32023575625 0.4624309390625 0.321218075 0.44198895
1 0.25834970468749996 0.4585635359375 0.25834970468749996 0.4469613265625 0.25540275 0.44143646406250003 0.2426326125 0.437016575 0.2416502953125 0.437016575 0.21316306406250002 0.4375690609375 0.2043222 0.4403314921875 0.198428290625 0.44972375624999994 0.199410609375 0.45966850781249996 0.2043222 0.46629834218750005 0.2161100203125 0.46906077343749997 0.2278978390625 0.46906077343749997 0.24361493125 0.4685082875 0.25442043281250004 0.46464088437499995 0.25834970468749996 0.4585635359375
1 0.1944990171875 0.4469613265625 0.1895874265625 0.440883978125 0.17779960781249998 0.4375690609375 0.1689587421875 0.4375690609375 0.14931237656250002 0.438121546875 0.14243615 0.4403314921875 0.1375245578125 0.44475138125 0.13654223906250001 0.46187845312500003 0.14636542187499998 0.46906077343749997 0.1768172890625 0.469613259375 0.1886051078125 0.46740331562500004 0.1915520625 0.46519337031249997 0.1944990171875 0.46077348125000006 0.1944990171875 0.4469613265625
1 0.12475442031249999 0.440883978125 0.1110019640625 0.438121546875 0.10805500937500001 0.438121546875 0.084479371875 0.43977900625000005 0.0746561890625 0.4464088390625 0.0746561890625 0.462983425 0.076620825 0.46629834218750005 0.084479371875 0.4701657453125 0.1149312375 0.4701657453125 0.12868369375 0.46629834218750005 0.13261296718749999 0.4558011046875 0.1316306484375 0.4464088390625 0.12475442031249999 0.440883978125
1 0.046168959375 0.43922651874999996 0.0407662078125 0.43922651874999996 0.020628684375 0.4403314921875 0.01178781875 0.4464088390625 0.009823182812500001 0.462983425 0.018664046875 0.47071823281249997 0.0599214140625 0.4701657453125 0.06876227968750001 0.4640883984375 0.069744596875 0.44861878437499997 0.06679764218749999 0.44419889531249995 0.057956778125 0.43977900625000005 0.046168959375 0.43922651874999996
1 0 0.46906077343749997 0.0029469546875 0.46740331562500004 0.005893909375 0.46022099375 0.0039292734375 0.44585635312500005 0 0.44320442031249996 0 0.46906077343749997
0 0.468565815625 0.12872928125 0.46365422343749996 0.12872928125 0.44499017656250006 0.1292817671875 0.43418467656250004 0.135359115625 0.4361493125 0.14806629843750002 0.4440078578125 0.1535911609375 0.474459725 0.15414364687499998 0.479371315625 0.151381215625 0.48330058906250006 0.1453038671875 0.48330058906250006 0.135359115625 0.479371315625 0.1309392265625 0.468565815625 0.12872928125
0 0.46561886093749993 0.156353590625 0.45088408593749996 0.156353590625 0.43811394843749996 0.161878453125 0.44007858593750004 0.17624309375 0.44793713124999995 0.18121547031250002 0.47544204375000004 0.17955801093749998 0.47838899843749993 0.177900553125 0.481335953125 0.1624309390625 0.479371315625 0.1596685078125 0.47053045156250006 0.156353590625 0.46561886093749993 0.156353590625
0 0.467583496875 0.182872928125 0.461198428125 0.182872928125 0.4459724953125 0.1839779 0.442043221875 0.1895027625 0.443025540625 0.2071823203125 0.44990176875000004 0.21325966875 0.455795678125 0.21381215468749998 0.47347740624999995 0.21215469687500002 0.479371315625 0.20441988906250003 0.480353634375 0.18895027656250002 0.474459725 0.1839779 0.467583496875 0.182872928125
0 0.474459725 0.21933701718749998 0.468565815625 0.2176795578125 0.46316306406249996 0.2176795578125 0.453831040625 0.21823204375 0.44695481406250004 0.22430939218749998 0.44891945 0.267403315625 0.45088408593749996 0.2729281765625 0.45776031406250006 0.277348065625 0.467583496875 0.277348065625 0.474459725 0.2740331484375 0.4774066796875 0.26961325937499997 0.4774066796875 0.22596685156250002 0.474459725 0.21933701718749998
0 0.47642436093749996 0.2889502765625 0.467583496875 0.2861878453125 0.4616895875 0.2861878453125 0.453831040625 0.287845303125 0.4518664046875 0.29005524843749997 0.45088408593749996 0.3127071828125 0.45284872343749993 0.3243093921875 0.45776031406250006 0.327624309375 0.4646365421875 0.32872928125 0.47544204375000004 0.3254143640625 0.479371315625 0.31933701718749996 0.47838899843749993 0.2928176796875 0.47642436093749996 0.2889502765625
0 0.46267190625000004 0.3337016578125 0.45284872343749993 0.3386740328125 0.45284872343749993 0.3679558015625 0.45776031406250006 0.3745856359375 0.468565815625 0.37624309375 0.480353634375 0.3701657453125 0.481335953125 0.36077348124999997 0.479371315625 0.3386740328125 0.47642436093749996 0.3359116015625 0.467583496875 0.3337016578125 0.46267190625000004 0.3337016578125
0 0.467583496875 0.3806629828125 0.46561886093749993 0.3806629828125 0.4567779953125 0.3834254140625 0.453831040625 0.387845303125 0.453831040625 0.4149171265625 0.4567779953125 0.420994475 0.47053045156250006 0.42486187812500004 0.47642436093749996 0.42375690625000006 0.482318271875 0.41933701718750005 0.48330058906250006 0.3994475140625 0.480353634375 0.3850828734375 0.467583496875 0.3806629828125
0 0.481335953125 0.42983425468750003 0.47249508906250004 0.42983425468750003 0.468565815625 0.4314917125 0.466601178125 0.43591160156250003 0.469548134375 0.44419889531249995 0.47544204375000004 0.4480662984375 0.525540275 0.44861878437499997 0.5353634578124999 0.4464088390625 0.5383104125 0.43867403281249995 0.532416503125 0.4337016578125 0.49115913593749994 0.43314917187499996 0.481335953125 0.42983425468750003
0 0.7337917484375 0.43038674062500004 0.7161100203124999 0.4309392265625 0.7151277015625 0.43038674062500004 0.6807465625 0.43204419843749997 0.6748526515625 0.43591160156250003 0.6768172890625 0.443646409375 0.6836935171875 0.4464088390625 0.7082514734375 0.4464088390625 0.7406679765625 0.44585635312500005 0.749508840625 0.44309392187499996 0.750491159375 0.43591160156250003 0.7475442046875 0.432596684375 0.7337917484375 0.43038674062500004
0 0.9076620828124999 0.42983425468750003 0.9024233796875001 0.42983425468750003 0.891944990625 0.42983425468750003 0.8850687625000001 0.43204419843749997 0.878192534375 0.4403314921875 0.8801571703125 0.45082872968750004 0.89685658125 0.456906078125 0.9056974453125 0.456353590625 0.92436149375 0.451381215625 0.9322200390625 0.44309392187499996 0.9273084484374999 0.4337016578125 0.9076620828124999 0.42983425468750003