0 0.490605428125 0.4747948421875 0.482254696875 0.4630715125 0.47286012499999996 0.46131301249999995 0.471816284375 0.460726846875 0.4624217125 0.4618991796875 0.45615866406250005 0.4689331765625 0.4572025046875 0.48007034062500004 0.4645093953125 0.48710433750000004 0.47703549062499995 0.49179366875 0.5114822546875 0.49120750312499994 0.5167014609375 0.48710433750000004 0.5156576203125 0.4794841734375 0.5104384140625 0.47655334062500004 0.490605428125 0.4747948421875
0 0.468684759375 0.2655334109375 0.463465553125 0.2655334109375 0.45407098125 0.26670574375 0.44780793281250003 0.273153575 0.44885177499999995 0.2995310671875 0.453027140625 0.3065650640625 0.4613778703125 0.309495896875 0.47286012499999996 0.307737396875 0.4791231734375 0.3018757328125 0.4791231734375 0.27549824218749996 0.47494780781249996 0.267878078125 0.468684759375 0.2655334109375
0 0.43423799531249996 0.14126612031250002 0.4352818375 0.15123095 0.44572025000000004 0.1547479484375 0.4791231734375 0.153575615625 0.48538622187499997 0.148886284375 0.48538622187499997 0.1383352875 0.4801670140625 0.1365767875 0.45407098125 0.1365767875 0.4519832984375 0.1365767875 0.43423799531249996 0.14126612031250002
0 0.47703549062499995 0.1570926140625 0.4707724421875 0.1565064484375 0.4655532359375 0.1565064484375 0.449895615625 0.1565064484375 0.44050104375 0.15826494687499998 0.4352818375 0.1617819453125 0.43423799531249996 0.17584994062499998 0.4425887265625 0.185814771875 0.46764091875 0.1869871046875 0.4801670140625 0.1846424390625 0.48538622187499997 0.17174677656249998 0.48434237968750005 0.1629542796875 0.47703549062499995 0.1570926140625
0 0.47599165 0.1899179359375 0.4613778703125 0.188745603125 0.4572025046875 0.188745603125 0.44676409218749996 0.1899179359375 0.44050104375 0.19284876875 0.4373695203125 0.1975381015625 0.4415448859375 0.21570926093749998 0.449895615625 0.220984759375 0.4697286015625 0.22039859375 0.47599165 0.21922626093750003 0.48121085625 0.21512309531249998 0.482254696875 0.19402110156250002 0.47599165 0.1899179359375
0 0.4572025046875 0.2239155921875 0.44676409218749996 0.22684642500000002 0.4425887265625 0.2327080890625 0.4436325671875 0.24853458437499998 0.4509394578125 0.2590855796875 0.46764091875 0.261430246875 0.47807933125 0.25556858125000004 0.48121085625 0.23329425625 0.47703549062499995 0.2256740921875 0.46659707656249994 0.2239155921875 0.4572025046875 0.2239155921875
0 0.46764091875 0.31359906249999997 0.4645093953125 0.31359906249999997 0.4572025046875 0.3147713953125 0.4519832984375 0.3188745609375 0.4509394578125 0.34407971875 0.45407098125 0.35463071562500004 0.4655532359375 0.35873387968750003 0.47807933125 0.3558030484375 0.48121085625 0.346424384375 0.4801670140625 0.32180539218750004 0.47599165 0.31652989374999996 0.46764091875 0.31359906249999997
0 0.468684759375 0.3622508796875 0.46659707656249994 0.3622508796875 0.45824634687500004 0.3634232125 0.453027140625 0.3663540453125 0.4519832984375 0.3944900359375 0.45615866406250005 0.40386869843750006 0.4645093953125 0.40738569687500004 0.4739039671875 0.40738569687500004 0.482254696875 0.40035170000000003 0.482254696875 0.370457209375 0.4801670140625 0.3663540453125 0.468684759375 0.3622508796875
0 0.46764091875 0.41207502968750004 0.4592901875 0.41324736250000005 0.45407098125 0.41852286093749996 0.45407098125 0.4472450171875 0.4613778703125 0.45662368124999997 0.47599165 0.4577960140625 0.48434237968750005 0.45193435 0.48538622187499997 0.43083235625 0.482254696875 0.4161781953125 0.471816284375 0.41207502968750004 0.46764091875 0.41207502968750004
0 0.6628392484375001 0.4747948421875 0.6576200421875 0.48065650625 0.660751565625 0.48769050468749997 0.6680584546875 0.4900351703125 0.733820459375 0.4882766703125 0.7379958249999999 0.4788980078125 0.7317327765625 0.473622509375 0.698329853125 0.4730363421875 0.6917192062499999 0.4730363421875 0.6628392484375001 0.4747948421875
0 0.8945720250000001 0.47186400937500006 0.8841336109375 0.47772567343750005 0.8841336109375 0.48710433750000004 0.8935281843749999 0.49237983593749995 0.925887265625 0.5005861671875 0.9342379953125001 0.497655334375 0.9384133609375 0.49355216874999996 0.936325678125 0.478311840625 0.9248434234375 0.47186400937500006 0.9018789140625 0.47186400937500006 0.8945720250000001 0.47186400937500006
1 0.0751565765625 0.49120750312499994 0.0668058453125 0.4835873390625 0.05636743281249999 0.48182883906249996 0.0506263046875 0.48182883906249996 0.027139875 0.48241500625 0.0198329859375 0.4841735046875 0.0135699375 0.489449003125 0.012526095312499999 0.5058616640625 0.016701460937500003 0.5123094953125 0.02400835 0.515240328125 0.063674321875 0.5146541625000001 0.0720250515625 0.5105509968749999 0.0751565765625 0.50468933125 0.0751565765625 0.49120750312499994
1 0.12421711875000001 0.48065650625 0.11586638906249999 0.48065650625 0.0918580375 0.48182883906249996 0.0814196234375 0.48769050468749997 0.08037578281249999 0.508792496875 0.090814196875 0.5140679953125 0.12421711875000001 0.5146541625000001 0.13883089843750002 0.5105509968749999 0.14196242187500002 0.50468933125 0.14196242187500002 0.4906213359375 0.13883089843750002 0.4853458375 0.12421711875000001 0.48065650625
1 0.2077244265625 0.48769050468749997 0.2045929015625 0.4841735046875 0.1941544890625 0.48007034062500004 0.1883089765625 0.48007034062500004 0.1586638828125 0.48065650625 0.15135699375 0.4841735046875 0.1461377875 0.492966003125 0.1461377875 0.502344665625 0.1534446765625 0.5123094953125 0.1617954078125 0.5140679953125 0.1899791234375 0.5140679953125 0.20563674375000002 0.5093786640625 0.20876826718750002 0.50468933125 0.2077244265625 0.48769050468749997
1 0.271398746875 0.4835873390625 0.262004175 0.4794841734375 0.255741128125 0.4794841734375 0.22755741093749998 0.48007034062500004 0.21607515624999998 0.4853458375 0.2129436328125 0.5 0.21607515624999998 0.50644783125 0.2233820453125 0.5117233296875 0.2505219203125 0.5128956625 0.27035490625 0.5099648296875 0.2755741125 0.504103165625 0.274530271875 0.48769050468749997 0.271398746875 0.4835873390625
1 0.3413361171875 0.48300117187499997 0.330897703125 0.4788980078125 0.3250521921875 0.4788980078125 0.2912317328125 0.4794841734375 0.28288100156249996 0.48300117187499997 0.279749478125 0.5005861671875 0.2870563671875 0.5105509968749999 0.2954070984375 0.5123094953125 0.316283925 0.5123094953125 0.330897703125 0.5105509968749999 0.3361169109375 0.5076201640625 0.344467640625 0.4882766703125 0.3413361171875 0.48300117187499997
1 0.34759916562500004 0.49237983593749995 0.3434238 0.5029308328125001 0.3455114828125 0.508792496875 0.35490605468749997 0.5117233296875 0.370563675 0.5111371625000001 0.37891440468750004 0.5076201640625 0.37891440468750004 0.4988276671875 0.366388309375 0.48769050468749997 0.35699373749999996 0.48769050468749997 0.34759916562500004 0.49237983593749995
1 0.453027140625 0.48065650625 0.44572025000000004 0.4771395078125 0.43841336093749994 0.4771395078125 0.393528184375 0.478311840625 0.3820459296875 0.48182883906249996 0.37891440468750004 0.48593200468750003 0.38100208750000003 0.49824149999999995 0.3914405015625 0.508792496875 0.4008350734375 0.5099648296875 0.41022964531249995 0.50820633125 0.45407098125 0.49237983593749995 0.45615866406250005 0.4853458375 0.453027140625 0.48065650625
1 0.582463465625 0.474208675 0.5814196234375 0.474208675 0.528183715625 0.47596717499999996 0.52192066875 0.48007034062500004 0.522964509375 0.48710433750000004 0.531315240625 0.49179366875 0.5918580375 0.49179366875 0.6304801671875 0.4906213359375 0.6388308984375 0.48593200468750003 0.6367432156249999 0.478311840625 0.6263048015625 0.4747948421875 0.582463465625 0.474208675
1 0.840292275 0.47186400937500006 0.8048016703125 0.47186400937500006 0.79749478125 0.47186400937500006 0.7536534453125 0.4730363421875 0.7453027140625 0.47655334062500004 0.7463465546875 0.48593200468750003 0.7599164921875 0.4888628375 0.8465553234375 0.4888628375 0.8549060546874999 0.48769050468749997 0.8590814203124999 0.484759671875 0.8601252609375001 0.4788980078125 0.8549060546874999 0.473622509375 0.840292275 0.47186400937500006
1 1 0.47153575625000005 0.9885177453124999 0.4712778421875 0.9874739046875 0.47069167656250005 0.9551148218750001 0.47186400937500006 0.9467640921875 0.474208675 0.9415448859375 0.48065650625 0.9457202499999999 0.49120750312499994 0.9519832984375001 0.4941383359375 0.9624217125 0.49531066875 0.9885177453124999 0.4941383359375 0.995824634375 0.49941383281249996 0.9979123171875001 0.4964830015625 1 0.4963527421875 1 0.47153575625000005