1 0.56724511875 0.38109756093749997 0.562906725 0.3829268296875 0.5488069421875 0.38109756093749997 0.5195227765625 0.3829268296875 0.5075921906249999 0.3804878046875 0.5 0.3804878046875 0.470715834375 0.38109756093749997 0.46312364375000004 0.3841463421875 0.46095444687500003 0.3939024390625 0.4685466375 0.4012195125 0.4804772234375 0.40426829218749993 0.5119305859375001 0.3957317078125 0.56724511875 0.3939024390625 0.5748373109375 0.388414634375 0.5748373109375 0.3841463421875 0.56724511875 0.38109756093749997
1 0 0.421105428125 0.0271149671875 0.4201219515625 0.03687635625 0.41341463437500003 0.03687635625 0.39329268281249996 0.0314533625 0.388414634375 0.0195227765625 0.38597560937500003 0.0126540125 0.38597560937500003 0 0.38637828281250003 0 0.421105428125
1 0.106290671875 0.3926829265625 0.0997830796875 0.387195121875 0.091106290625 0.384756096875 0.0737527109375 0.384756096875 0.0726681125 0.384756096875 0.059652928125000004 0.385365853125 0.0488069421875 0.389024390625 0.04229935 0.40182926874999997 0.044468546875 0.414634146875 0.052060737499999996 0.41890243906249996 0.059652928125000004 0.4201219515625 0.09869848125 0.4182926828125 0.10520607343749999 0.4158536578125 0.107375271875 0.411585365625 0.106290671875 0.3926829265625
1 0.1626898046875 0.3841463421875 0.1475054234375 0.3841463421875 0.146420825 0.3835365859375 0.127982646875 0.3841463421875 0.1160520609375 0.389024390625 0.111713665625 0.4054878046875 0.1138828640625 0.41219512187499996 0.1214750546875 0.4182926828125 0.1648590015625 0.4182926828125 0.1757049890625 0.41219512187499996 0.17787418593749998 0.3963414640625 0.174620390625 0.389024390625 0.1626898046875 0.3841463421875
1 0.22125813437500003 0.3835365859375 0.2180043390625 0.3835365859375 0.19197397031250002 0.385365853125 0.18329717968749998 0.3920731703125 0.184381778125 0.41219512187499996 0.195227765625 0.4182926828125 0.23427331875 0.4176829265625 0.2483731015625 0.41036585312499996 0.2494577 0.397560975 0.24511930624999997 0.388414634375 0.237527115625 0.384756096875 0.22125813437500003 0.3835365859375
1 0.3167028203125 0.40304878125 0.3134490234375 0.388414634375 0.30802602968750004 0.384756096875 0.293926246875 0.3829268296875 0.2906724515625 0.3829268296875 0.2646420828125 0.3841463421875 0.2559652921875 0.390243903125 0.2559652921875 0.4085365859375 0.26572668125 0.414634146875 0.293926246875 0.414634146875 0.29718004374999996 0.4164634140625 0.299349240625 0.414024390625 0.30694143125 0.414634146875 0.312364425 0.411585365625 0.3167028203125 0.40304878125
1 0.3850325375 0.386585365625 0.3785249453125 0.3829268296875 0.36659435937499996 0.3817073171875 0.3644251625 0.3817073171875 0.33839479375 0.3823170734375 0.3297180046875 0.384756096875 0.325379609375 0.38963414687500003 0.3242950109375 0.4054878046875 0.3340563984375 0.41524390312500004 0.372017353125 0.41524390312500004 0.3850325375 0.410975609375 0.388286334375 0.40609756093750005 0.388286334375 0.3926829265625 0.3850325375 0.386585365625
1 0.43709327499999995 0.38109756093749997 0.4338394796875 0.38109756093749997 0.40563991250000003 0.3817073171875 0.395878525 0.387195121875 0.3947939265625 0.4073170734375 0.40563991250000003 0.41524390312500004 0.4360086765625 0.41524390312500004 0.45336225625 0.411585365625 0.4598698484375 0.39939024375 0.455531453125 0.388414634375 0.4490238609375 0.3829268296875 0.43709327499999995 0.38109756093749997
1 0.7147505421875 0.37682926875 0.7136659437499999 0.37621951249999996 0.6908893703125 0.37804878125 0.684381778125 0.3804878046875 0.6832971796875 0.386585365625 0.687635575 0.3926829265625 0.788503253125 0.3926829265625 0.8026030375 0.390243903125 0.80694143125 0.38597560937500003 0.8047722343749999 0.3798780484375 0.7960954453125 0.37682926875 0.7147505421875 0.37682926875
1 1 0.37533259375 0.9989154015624999 0.375 0.960954446875 0.37439024375 0.9598698484374999 0.37439024375 0.924078090625 0.37560975625 0.9175704984375 0.3798780484375 0.918655096875 0.388414634375 0.9273318875 0.3914634140625 0.9479392624999999 0.3920731703125 0.9674620390625 0.3957317078125 0.9934924078125 0.40304878125 1 0.40213414687500004 1 0.37533259375
0 0.5260303687500001 0.0335365859375 0.5097613890625 0.0335365859375 0.5075921906249999 0.032317073437499996 0.4989154015625 0.0341463421875 0.48698481562499996 0.0408536578125 0.4859002171875 0.050609756250000006 0.4902386109375 0.0573170734375 0.5043383953125 0.059756096875 0.533622559375 0.058536585937499996 0.5401301515625 0.053048781249999996 0.54121475 0.0439024390625 0.5379609546874999 0.038414634375 0.5260303687500001 0.0335365859375
0 0.5325379609375 0.06402439062500001 0.518438178125 0.062195121875 0.5126540125 0.062195121875 0.49457700625 0.06402439062500001 0.4880694140625 0.0707317078125 0.49240780937500006 0.088414634375 0.496746203125 0.0926829265625 0.5032537968749999 0.0945121953125 0.5303687640625 0.0932926828125 0.53687635625 0.089024390625 0.5401301515625 0.07804878125 0.5379609546874999 0.0676829265625 0.5325379609375 0.06402439062500001
0 0.5347071578125 0.1 0.5271149671875001 0.09695121875 0.51626898125 0.0963414640625 0.5108459875 0.0963414640625 0.497830803125 0.0987804875 0.49349240781250003 0.1048780484375 0.49349240781250003 0.11524390312499999 0.497830803125 0.12743902499999998 0.5032537968749999 0.1317073171875 0.5119305859375001 0.13231707343750002 0.5216919734375 0.1317073171875 0.533622559375 0.12621951250000002 0.5379609546874999 0.110365853125 0.5347071578125 0.1
0 0.5168112796875 0.135365853125 0.5032537968749999 0.137804878125 0.4989154015625 0.14634146406249998 0.5032537968749999 0.17317073125 0.51518438125 0.1792682921875 0.5260303687500001 0.17804878125 0.533622559375 0.1695121953125 0.5347071578125 0.14512195156250002 0.5303687640625 0.13841463437499998 0.5227765734375 0.135365853125 0.5168112796875 0.135365853125
0 0.5227765734375 0.18414634218749998 0.5140997828125 0.18414634218749998 0.5065075921875 0.186585365625 0.5032537968749999 0.2 0.5043383953125 0.222560975 0.5065075921875 0.2262195125 0.51626898125 0.2304878046875 0.5303687640625 0.22743902500000002 0.5347071578125 0.2207317078125 0.533622559375 0.1914634140625 0.5314533625 0.187804878125 0.5227765734375 0.18414634218749998
0 0.5097613890625 0.23658536562500002 0.50542299375 0.2414634140625 0.5065075921875 0.2762195125 0.5173535796875 0.28170731718750003 0.5303687640625 0.27987804843749997 0.53687635625 0.27195121875 0.5357917578125 0.2420731703125 0.5271149671875001 0.23536585312499997 0.521149675 0.23536585312499997 0.5097613890625 0.23658536562500002
0 0.5238611718749999 0.28658536562500003 0.5173535796875 0.28658536562500003 0.513015184375 0.287195121875 0.5065075921875 0.2926829265625 0.5065075921875 0.3207317078125 0.5119305859375001 0.3304878046875 0.520607375 0.3329268296875 0.5347071578125 0.3304878046875 0.539045553125 0.325 0.5379609546874999 0.2932926828125 0.5347071578125 0.289634146875 0.5238611718749999 0.28658536562500003
0 0.518438178125 0.337195121875 0.5108459875 0.340243903125 0.5075921906249999 0.3457317078125 0.5075921906249999 0.37560975625 0.51626898125 0.3798780484375 0.5314533625 0.3804878046875 0.54121475 0.37682926875 0.54121475 0.3536585359375 0.5379609546874999 0.3414634140625 0.528199565625 0.337195121875 0.518438178125 0.337195121875
0 0.6149674625 0.37743902500000004 0.60954446875 0.37743902500000004 0.5954446859375 0.3792682921875 0.5921908890625 0.3829268296875 0.5921908890625 0.389024390625 0.5965292843750001 0.39329268281249996 0.6030368765625 0.3951219515625 0.669197396875 0.3939024390625 0.6767895875 0.387804878125 0.6767895875 0.3823170734375 0.6681127984375 0.3786585359375 0.6149674625 0.37743902500000004
0 0.9099783078125 0.38597560937500003 0.9067245125 0.37682926875 0.8893709328125 0.37439024375 0.882863340625 0.37439024375 0.841648590625 0.375 0.8329717999999999 0.37682926875 0.8264642078125 0.3817073171875 0.8275488062499999 0.388414634375 0.8318872015625001 0.39085365781250003 0.8459869843750001 0.3920731703125 0.8600867671874999 0.390243903125 0.8709327546875001 0.3920731703125 0.9056399125000001 0.39085365781250003 0.9099783078125 0.38597560937500003