0 0.43761814687499995 0.12021276562500001 0.4177693765625 0.1234042546875 0.41115311875 0.12606382968750002 0.41115311875 0.1356382984375 0.41682419687500005 0.1388297875 0.44896030312499996 0.1388297875 0.455576559375 0.1361702125 0.45841209843749997 0.1324468078125 0.45746691874999995 0.12446808437500001 0.43856332656249997 0.12074468125 0.43761814687499995 0.12021276562500001
0 0.451795840625 0.14308510624999998 0.4319470703125 0.14202127656250002 0.427221171875 0.14202127656250002 0.4177693765625 0.143617021875 0.4120982984375 0.1489361703125 0.41115311875 0.1579787234375 0.4139886578125 0.1638297875 0.4177693765625 0.1675531921875 0.423440453125 0.168617021875 0.44896030312499996 0.16808510625 0.45652173906250004 0.16223404218749998 0.45652173906250004 0.147340425 0.451795840625 0.14308510624999998
0 0.4300567109375 0.16968085156249998 0.42816635156249994 0.16968085156249998 0.42060491562499996 0.1712765953125 0.4149338375 0.17553191562499998 0.4177693765625 0.19468085156249998 0.42533081250000004 0.2 0.4499054828125 0.2 0.4546313796875 0.19574468125 0.45652173906250004 0.188297871875 0.4546313796875 0.1734042546875 0.4461247640625 0.170212765625 0.4300567109375 0.16968085156249998
0 0.4423440453125 0.20265957499999998 0.43714555781250003 0.20265957499999998 0.42533081250000004 0.20425531874999997 0.41965973593749994 0.20957446875 0.423440453125 0.23191489375000002 0.43289225 0.236702128125 0.44517958437500005 0.23617021249999998 0.4499054828125 0.2335106390625 0.4527410203125 0.22765957499999998 0.45368620000000004 0.2101063828125 0.4499054828125 0.204787234375 0.4423440453125 0.20265957499999998
0 0.4357277875 0.24095744687499998 0.4262759921875 0.24574468125 0.4243856328125 0.263297871875 0.42816635156249994 0.277659575 0.43289225 0.2803191484375 0.44139886562499997 0.28085106406250004 0.4508506609375 0.2760638296875 0.4527410203125 0.2558510640625 0.4499054828125 0.24414893593749998 0.43950850625 0.24095744687499998 0.4357277875 0.24095744687499998
0 0.4423440453125 0.2851063828125 0.44139886562499997 0.28457446875 0.42911153124999996 0.28723404218750004 0.4262759921875 0.29574468125000003 0.42816635156249994 0.32074468125 0.43289225 0.32446808437499997 0.44139886562499997 0.3260638296875 0.4508506609375 0.322872340625 0.45368620000000004 0.318617021875 0.4527410203125 0.2914893609375 0.4508506609375 0.2877659578125 0.4423440453125 0.2851063828125
0 0.443289225 0.32925531874999997 0.43856332656249997 0.32925531874999997 0.4300567109375 0.33244680781249997 0.42816635156249994 0.33563829843750004 0.42816635156249994 0.361702128125 0.4319470703125 0.36808510625 0.43950850625 0.37074468125000004 0.4508506609375 0.368617021875 0.455576559375 0.363297871875 0.4546313796875 0.33563829843750004 0.4527410203125 0.3329787234375 0.443289225 0.32925531874999997
0 0.4461247640625 0.375 0.4404536859375 0.375 0.43289225 0.3765957453125 0.42911153124999996 0.3835106390625 0.431001890625 0.41010638281249995 0.4338374296875 0.4138297875 0.4404536859375 0.41595744687499997 0.451795840625 0.41489361718750006 0.45746691874999995 0.40957446875 0.455576559375 0.379787234375 0.4527410203125 0.3765957453125 0.4461247640625 0.375
0 0.4886578453125 0.4281914890625 0.46502835468750003 0.4287234046875 0.4499054828125 0.41914893593749997 0.4423440453125 0.41914893593749997 0.4357277875 0.42127659531250006 0.43289225 0.425531915625 0.443289225 0.43829787187499997 0.4499054828125 0.4420212765625 0.4905482046875 0.4425531921875 0.4971644609375 0.4414893609375 0.5009451796875 0.4388297875 0.501890359375 0.4335106390625 0.49621928125 0.429787234375 0.4886578453125 0.4281914890625
0 0.6493383749999999 0.425531915625 0.647448015625 0.425531915625 0.6342155015625 0.427659575 0.6304347828125 0.43191489375 0.633270321875 0.43829787187499997 0.6398865781249999 0.440957446875 0.689981096875 0.44042553125 0.6975425328125 0.43989361718750003 0.704158790625 0.43670212812500003 0.704158790625 0.43031914843749997 0.696597353125 0.4260638296875 0.6493383749999999 0.425531915625
0 0.8478260875 0.42446808437500005 0.8345935734375001 0.42925531875 0.8308128546875 0.4414893609375 0.8487712671875001 0.449468084375 0.8657844984375 0.45 0.8752362953124999 0.4468085109375 0.8799621921874999 0.4425531921875 0.8799621921874999 0.431382978125 0.8714555765625001 0.4260638296875 0.8487712671875001 0.42446808437500005 0.8478260875 0.42446808437500005
0 0.9560491499999999 0.42393617031249997 0.9442344046875 0.425531915625 0.9366729671874999 0.4329787234375 0.9328922499999999 0.4489361703125 0.941398865625 0.45372340468749994 0.963137996875 0.4531914890625 0.96786389375 0.45 0.9725897921875 0.42925531875 0.96786389375 0.42446808437500005 0.9621928171875 0.42393617031249997 0.9560491499999999 0.42393617031249997
1 0.055765595312500006 0.4377659578125 0.0453686203125 0.434042553125 0.0399338375 0.434042553125 0.014177693750000001 0.43457446875 0.00378071875 0.43989361718750003 0.0009451796875 0.44468085156250003 0.001890359375 0.45691489374999994 0.0094517953125 0.46382978750000003 0.0349716453125 0.46489361718750005 0.054820415624999994 0.46170212812500006 0.05954631406250001 0.4553191484375 0.05954631406250001 0.4425531921875 0.055765595312500006 0.4377659578125
1 0.103024575 0.4329787234375 0.09640831718750001 0.4329787234375 0.0746691875 0.434042553125 0.06427221250000001 0.43989361718750003 0.06427221250000001 0.4574468078125 0.0746691875 0.46382978750000003 0.107750471875 0.46329787187499993 0.11625708906250001 0.46010638281249994 0.11909262812500002 0.454787234375 0.11909262812500002 0.44042553125 0.11342155000000001 0.4356382984375 0.103024575 0.4329787234375
1 0.1748582234375 0.43510638281249997 0.1625708890625 0.43191489375 0.1587901703125 0.43191489375 0.1342155015625 0.4329787234375 0.1247637046875 0.4388297875 0.1228733453125 0.4531914890625 0.125708884375 0.45851063906249995 0.13327032187500001 0.46276595781249996 0.161625709375 0.46329787187499993 0.175803403125 0.46010638281249994 0.17958412031249998 0.45425531875 0.17863894062500002 0.4393617015625 0.1748582234375 0.43510638281249997
1 0.2051039703125 0.43191489375 0.1994328921875 0.43191489375 0.189981096875 0.434042553125 0.18431001875 0.44042553125 0.1852551984375 0.4574468078125 0.19659735312499999 0.4622340421875 0.2258979203125 0.4622340421875 0.2362948953125 0.45851063906249995 0.2400756140625 0.4531914890625 0.2381852546875 0.43670212812500003 0.22684310000000002 0.43191489375 0.2051039703125 0.43191489375
1 0.29395085 0.4324468078125 0.28638941406249996 0.4308510640625 0.2826086953125 0.4308510640625 0.25614366718750003 0.43191489375 0.24669187187500002 0.4372340421875 0.24480151249999998 0.45106382968750003 0.2495274109375 0.45851063906249995 0.2542533078125 0.46063829843750004 0.28733459375 0.4611702125 0.29867674843750003 0.4574468078125 0.3015122875 0.452127659375 0.299621928125 0.43670212812500003 0.29395085 0.4324468078125
1 0.34688090781250003 0.43031914843749997 0.31568998125 0.431382978125 0.30812854375 0.43510638281249997 0.30529300625 0.45106382968750003 0.3147448015625 0.46010638281249994 0.352551984375 0.46010638281249994 0.36200378125 0.45585106406250003 0.36200378125 0.4388297875 0.356332703125 0.4324468078125 0.349716446875 0.43031914843749997 0.34688090781250003 0.43031914843749997
1 0.42911153124999996 0.42925531875 0.42391304375 0.42925531875 0.376181475 0.4308510640625 0.370510396875 0.4324468078125 0.36483931875 0.440957446875 0.3695652171875 0.45425531875 0.3790170125 0.4579787234375 0.3894139890625 0.4574468078125 0.43667296718750004 0.4425531921875 0.43856332656249997 0.43670212812500003 0.4357277875 0.4324468078125 0.42911153124999996 0.42925531875
1 0.6086956515625 0.4281914890625 0.5453686203125 0.42712765937499997 0.5444234406249999 0.42712765937499997 0.5122873343750001 0.4287234046875 0.5075614359375 0.4329787234375 0.508506615625 0.43829787187499997 0.5122873343750001 0.4414893609375 0.5189035921875 0.4425531921875 0.5614366734375 0.4425531921875 0.6058601140625 0.4414893609375 0.615311909375 0.4372340421875 0.6162570890625 0.4329787234375 0.6086956515625 0.4281914890625
1 0.80812854375 0.425 0.76937618125 0.42393617031249997 0.767485821875 0.42393617031249997 0.72022684375 0.425 0.710775046875 0.42925531875 0.7117202265625 0.4361702125 0.7164461249999999 0.4393617015625 0.7240075609375001 0.44042553125 0.7722117203125001 0.44042553125 0.80812854375 0.43989361718750003 0.8166351609375001 0.43510638281249997 0.8166351609375001 0.4287234046875 0.80812854375 0.425
1 0.892249528125 0.42393617031249997 0.8875236296875 0.4265957453125 0.8856332703125 0.4377659578125 0.892249528125 0.44308510625 0.923440453125 0.44468085156250003 0.9319470703125001 0.43670212812500003 0.9319470703125001 0.4287234046875 0.9196597359375 0.42393617031249997 0.9141776937499999 0.42393617031249997 0.892249528125 0.42393617031249997
1 1 0.4296099296875 0.9924385640625 0.4281914890625 0.9867674859375001 0.4281914890625 0.9763705109374999 0.434042553125 0.9744801515624999 0.44787234062500003 0.980151228125 0.45265957500000004 0.9971644609375 0.45372340468749994 1 0.45292553125 1 0.4296099296875