0 0.570043103125 0.39818181875 0.5689655171875 0.39818181875 0.5603448281250001 0.3993939390625 0.5560344828125 0.4024242421875 0.554956896875 0.40969697031249996 0.5614224140624999 0.415151515625 0.617456896875 0.41575757500000005 0.6314655171875 0.41454545468750004 0.6357758625 0.4103030296875 0.632543103125 0.4006060609375 0.6228448281250001 0.39818181875 0.570043103125 0.39818181875
0 0.814655171875 0.395151515625 0.8135775859375001 0.395151515625 0.78663793125 0.39818181875 0.7834051718749999 0.40727272656249996 0.7877155171875 0.41151515156249996 0.7952586203124999 0.41333333281250006 0.8534482765625 0.41272727343750004 0.85991379375 0.41212121249999994 0.8653017234375 0.4084848484375 0.8663793109375 0.40181818125 0.85991379375 0.3963636359375 0.814655171875 0.395151515625
0 0.5193965515625 0.355757575 0.5140086203124999 0.355757575 0.5043103453125 0.35818181875 0.5010775859375001 0.3624242421875 0.5010775859375001 0.39272727343749997 0.503232759375 0.3963636359375 0.512931034375 0.4 0.53125 0.4006060609375 0.534482759375 0.39575757500000003 0.5323275859375001 0.364848484375 0.5301724140624999 0.3593939390625 0.5193965515625 0.355757575
0 0.5301724140624999 0.0503030296875 0.5215517234375 0.0503030296875 0.5010775859375001 0.0533333328125 0.4913793109375 0.05151515156249999 0.4806034484375 0.053939393749999995 0.47844827656250005 0.07030302968749999 0.48706896562499996 0.07696969687500001 0.5226293109375 0.0775757578125 0.528017240625 0.0745454546875 0.5334051718749999 0.0654545453125 0.5334051718749999 0.055151515625 0.5301724140624999 0.0503030296875
0 0.523706896875 0.08303030312500001 0.5140086203124999 0.081212121875 0.507543103125 0.081212121875 0.4913793109375 0.08181818125 0.4806034484375 0.089090909375 0.48383620625 0.10545454531250001 0.4881465515625 0.1115151515625 0.4956896546875 0.11393939374999999 0.507543103125 0.1115151515625 0.5226293109375 0.1121212125 0.5301724140624999 0.10545454531250001 0.5301724140624999 0.0866666671875 0.523706896875 0.08303030312500001
0 0.5193965515625 0.11575757499999999 0.5086206890625 0.11515151562499999 0.5021551718749999 0.11515151562499999 0.48922413750000004 0.118787878125 0.48491379375 0.124848484375 0.48491379375 0.1321212125 0.48706896562499996 0.1406060609375 0.4935344828125 0.1478787875 0.503232759375 0.1496969703125 0.5226293109375 0.1478787875 0.5301724140624999 0.135151515625 0.5269396546875 0.1193939390625 0.5193965515625 0.11575757499999999
0 0.51508620625 0.1533333328125 0.5096982765625 0.1533333328125 0.49461206874999997 0.1563636359375 0.4913793109375 0.1715151515625 0.496767240625 0.19030302968749999 0.5021551718749999 0.19393939375 0.5107758625 0.195151515625 0.5226293109375 0.190909090625 0.5269396546875 0.17818181875 0.5247844828125 0.1575757578125 0.5215517234375 0.1545454546875 0.51508620625 0.1533333328125
0 0.5140086203124999 0.2006060609375 0.5096982765625 0.2006060609375 0.5 0.2024242421875 0.4956896546875 0.20909090937500002 0.497844828125 0.241212121875 0.5086206890625 0.24606060625 0.5140086203124999 0.24606060625 0.5215517234375 0.24242424218749997 0.5269396546875 0.236969696875 0.52586206875 0.20787878750000002 0.5247844828125 0.20484848437499997 0.5140086203124999 0.2006060609375
0 0.523706896875 0.25393939374999996 0.5140086203124999 0.250909090625 0.512931034375 0.250909090625 0.5043103453125 0.25212121249999997 0.497844828125 0.25757575781250003 0.497844828125 0.2884848484375 0.5 0.29333333281249996 0.5086206890625 0.29818181875 0.5215517234375 0.29636363593750004 0.528017240625 0.29151515156249996 0.5290948281250001 0.2872727265625 0.528017240625 0.2593939390625 0.523706896875 0.25393939374999996
0 0.518318965625 0.303030303125 0.5107758625 0.303030303125 0.5 0.3084848484375 0.497844828125 0.3193939390625 0.5010775859375001 0.34606060625 0.5043103453125 0.349090909375 0.512931034375 0.350909090625 0.52586206875 0.349090909375 0.53125 0.3424242421875 0.5301724140624999 0.3121212125 0.528017240625 0.30727272656250004 0.518318965625 0.303030303125
1 0 0.44141414062499995 0.00538793125 0.44121212187500003 0.012931034375 0.43878787812500003 0.018318965625 0.43393939374999996 0.0193965515625 0.41575757500000005 0.01616379375 0.41151515156249996 0.00538793125 0.40727272656249996 0 0.40727272656249996 0 0.44141414062499995
1 0.0818965515625 0.40787878749999995 0.0689655171875 0.40545454531249997 0.06034482812500001 0.40545454531249997 0.035560345312500005 0.4066666671875 0.02586206875 0.41333333281250006 0.0247844828125 0.43333333281249997 0.0323275859375 0.4393939390625 0.06034482812500001 0.44121212187500003 0.075431034375 0.44000000000000006 0.08512931093750001 0.436969696875 0.08943965468750001 0.4303030296875 0.08836206875 0.41333333281250006 0.0818965515625 0.40787878749999995
1 0.158405171875 0.41575757500000005 0.15517241406249999 0.40969697031249996 0.1422413796875 0.404848484375 0.11637931093750001 0.404848484375 0.11099137968749999 0.404848484375 0.09913793125 0.409090909375 0.095905171875 0.41393939375000005 0.09375 0.4254545453125 0.096982759375 0.435151515625 0.1045258625 0.4393939390625 0.1131465515625 0.44000000000000006 0.143318965625 0.4393939390625 0.154094828125 0.436969696875 0.158405171875 0.430909090625 0.158405171875 0.41575757500000005
1 0.22737068906250002 0.41636363593750003 0.22306034531250002 0.4084848484375 0.21336206875000002 0.40424242499999996 0.1971982765625 0.4036363640625 0.1939655171875 0.4036363640625 0.1767241375 0.404848484375 0.169181034375 0.40787878749999995 0.1648706890625 0.41333333281250006 0.1648706890625 0.430909090625 0.1670258625 0.43454545468749994 0.1767241375 0.43878787812500003 0.211206896875 0.43878787812500003 0.21875 0.436969696875 0.226293103125 0.4303030296875 0.22737068906250002 0.41636363593750003
1 0.294181034375 0.409090909375 0.28232758593749996 0.4036363640625 0.25107758593749996 0.4036363640625 0.25 0.4036363640625 0.24137931093749998 0.404848484375 0.23491379375000002 0.4084848484375 0.2306034484375 0.415151515625 0.2306034484375 0.4254545453125 0.23706896562500002 0.43575757499999995 0.2489224140625 0.43818181875000006 0.28125 0.4375757578125 0.288793103125 0.43575757499999995 0.29741379375 0.4284848484375 0.294181034375 0.409090909375
1 0.3545258625 0.403030303125 0.34482758593749996 0.4024242421875 0.3372844828125 0.4024242421875 0.3125 0.4036363640625 0.3038793109375 0.4084848484375 0.3017241375 0.4272727265625 0.304956896875 0.43272727343749995 0.3125 0.43636363593749994 0.34590517187500003 0.436969696875 0.3556034484375 0.43575757499999995 0.3642241375 0.4303030296875 0.3642241375 0.40969697031249996 0.3545258625 0.403030303125
1 0.4181034484375 0.40181818125 0.408405171875 0.40181818125 0.3814655171875 0.403030303125 0.371767240625 0.409090909375 0.3706896546875 0.4272727265625 0.37607758593749996 0.43393939374999996 0.3814655171875 0.43575757499999995 0.42025862031249994 0.43575757499999995 0.43211206874999997 0.4315151515625 0.43211206874999997 0.410909090625 0.42672413750000004 0.40424242499999996 0.4181034484375 0.40181818125
1 0.53125 0.40424242499999996 0.496767240625 0.4 0.4881465515625 0.4 0.45366379375 0.401212121875 0.440732759375 0.404848484375 0.4364224140625 0.41212121249999994 0.4375 0.418787878125 0.4493534484375 0.4296969703125 0.4601293109375 0.4303030296875 0.5064655171875 0.41636363593750003 0.5323275859375001 0.41454545468750004 0.5355603453125 0.40969697031249996 0.53125 0.40424242499999996
1 0.753232759375 0.3975757578125 0.6778017234375 0.396969696875 0.6767241375 0.396969696875 0.6454741375 0.3993939390625 0.6422413796875001 0.404848484375 0.6454741375 0.41272727343750004 0.65086206875 0.415151515625 0.663793103125 0.41575757500000005 0.746767240625 0.41454545468750004 0.7586206890625 0.41212121249999994 0.76508620625 0.4066666671875 0.762931034375 0.4006060609375 0.753232759375 0.3975757578125
1 0.9773706890625 0.3975757578125 0.96875 0.395151515625 0.924568965625 0.3945454546875 0.92241379375 0.3945454546875 0.8814655171875 0.39575757500000003 0.8739224140624999 0.4 0.877155171875 0.4103030296875 0.89116379375 0.41272727343750004 0.939655171875 0.41272727343750004 0.9633620687500001 0.41818181875000004 0.9730603453125 0.41818181875000004 0.981681034375 0.41393939375000005 0.98491379375 0.4036363640625 0.9773706890625 0.3975757578125