0 0.4800380234375 0.4320855609375 0.479087453125 0.43155080156250003 0.4667300375 0.4326203203125 0.46102661562499997 0.4352941171875 0.4600760453125 0.44278074843750004 0.46387832656250005 0.4465240640625 0.5218631171875 0.4470588234375 0.5285171109375 0.4459893046875 0.5332699625 0.4422459890625 0.5323193921875 0.4352941171875 0.5266159703125 0.4326203203125 0.4800380234375 0.4320855609375
0 0.45057034218750003 0.1283422453125 0.4391634984375 0.1267379671875 0.4339353609375 0.1267379671875 0.423954371875 0.1272727265625 0.40969581718750003 0.13208556093749999 0.40684410625 0.1411764703125 0.40874524687499997 0.1449197859375 0.41634980937500005 0.1491978609375 0.4467680609375 0.1491978609375 0.4524714828125 0.1470588234375 0.45627376406250003 0.1395721921875 0.45532319374999997 0.13208556093749999 0.45057034218750003 0.1283422453125
0 0.44011406875 0.1513368984375 0.43409410625 0.1513368984375 0.4192015203125 0.1518716578125 0.40969581718750003 0.15775401093750002 0.41064638750000004 0.1689839578125 0.41444866874999997 0.1743315515625 0.42205323124999994 0.178609625 0.4467680609375 0.178609625 0.453422053125 0.17326203281250002 0.453422053125 0.1556149734375 0.44771863125 0.1524064171875 0.44011406875 0.1513368984375
0 0.453422053125 0.18823529375 0.45057034218750003 0.18342245937499999 0.4353612171875 0.18021390312500002 0.42870722499999997 0.18021390312500002 0.42205323124999994 0.1807486625 0.41634980937500005 0.18342245937499999 0.41349809843749996 0.19679144375 0.4192015203125 0.206951871875 0.42300380156250006 0.20962566875 0.42965779531250003 0.2106951875 0.44296577968750006 0.21016042812500002 0.4467680609375 0.20855615 0.453422053125 0.19839572187500001 0.453422053125 0.18823529375
0 0.43060836562500004 0.21336898437500001 0.4211026609375 0.21604278125 0.41825095 0.22085561562499997 0.420152090625 0.2401069515625 0.42870722499999997 0.24973262031250001 0.44011406875 0.2502673796875 0.449619771875 0.2417112296875 0.45057034218750003 0.22085561562499997 0.445817490625 0.21497326249999998 0.4315589359375 0.21336898437500001 0.43060836562500004 0.21336898437500001
0 0.4391634984375 0.2545454546875 0.4372623578125 0.2545454546875 0.4258555140625 0.2572192515625 0.42205323124999994 0.2647058828125 0.4249049421875 0.29037433125 0.43250950625 0.29518716562499997 0.4391634984375 0.29518716562499997 0.4467680609375 0.29251336875 0.45057034218750003 0.285561496875 0.449619771875 0.2614973265625 0.44771863125 0.25828877031249997 0.4391634984375 0.2545454546875
0 0.4391634984375 0.29893048125 0.438212928125 0.29893048125 0.42775665468749996 0.30053475937499996 0.4249049421875 0.304812834375 0.4249049421875 0.3315508015625 0.43060836562500004 0.3395721921875 0.44296577968750006 0.34010695156250004 0.449619771875 0.3379679140625 0.45152091250000004 0.3347593578125 0.45152091250000004 0.308021390625 0.44771863125 0.30106951875 0.4391634984375 0.29893048125
0 0.44201520937499994 0.3449197859375 0.43631178750000005 0.3449197859375 0.4315589359375 0.3459893046875 0.4258555140625 0.3508021390625 0.4258555140625 0.375935828125 0.42965779531250003 0.383422459375 0.4372623578125 0.386631015625 0.4448669203125 0.386631015625 0.453422053125 0.3807486625 0.45437262343749996 0.36096256718749997 0.4524714828125 0.3491978609375 0.44201520937499994 0.3449197859375
0 0.44391635 0.38983957187499996 0.44296577968750006 0.3893048125 0.4315589359375 0.39144385000000004 0.42775665468749996 0.39465240625 0.426806084375 0.41443850312499997 0.42965779531250003 0.4272727265625 0.4353612171875 0.4299465234375 0.4467680609375 0.43101604218749995 0.45532319374999997 0.4267379671875 0.45627376406250003 0.41016042812500003 0.453422053125 0.3935828875 0.44391635 0.38983957187499996
0 0.718631178125 0.42941176406250003 0.6711026609374999 0.4304812828125 0.666349809375 0.43155080156250003 0.662547528125 0.4352941171875 0.6634980984375 0.4417112296875 0.6720532312499999 0.44491978593750003 0.7281368828125 0.4438502671875 0.7357414453125 0.4374331546875 0.7271863125 0.4299465234375 0.7195817484375 0.42941176406250003 0.718631178125 0.42941176406250003
0 0.9077946765625 0.4352941171875 0.904942965625 0.43155080156250003 0.8887832703124999 0.4283422453125 0.8878327 0.4283422453125 0.871673003125 0.4288770046875 0.85836501875 0.4326203203125 0.85076045625 0.4417112296875 0.8517110265625 0.4465240640625 0.8574144484374999 0.4513368984375 0.8631178703125 0.45294117656250005 0.878326996875 0.45240641718749997 0.89923954375 0.44759358281250006 0.9058935359375001 0.44438502656249995 0.9077946765625 0.4352941171875
0 0.9762357421875001 0.42941176406250003 0.9676806078125001 0.42780748593749995 0.9648288968750001 0.42780748593749995 0.9600760453125 0.4283422453125 0.9515209125 0.43368983906249997 0.9448669203125 0.4465240640625 0.94391635 0.4540106953125 0.9515209125 0.45775401093749996 0.9724334593749999 0.45775401093749996 0.9800380234375 0.45614973281250004 0.982889734375 0.45294117656250005 0.982889734375 0.43422459843750005 0.9762357421875001 0.42941176406250003
1 0.05988593125 0.45775401093749996 0.057984790625000004 0.4459893046875 0.05608365 0.4422459890625 0.046577946875 0.4385026734375 0.0414448671875 0.4385026734375 0.020912546875 0.4385026734375 0.008555132812500001 0.4417112296875 0.00380228125 0.4513368984375 0.00380228125 0.4598930484375 0.005703421875 0.4647058828125 0.013307984375000002 0.4684491984375 0.032319392187500004 0.46951871718750005 0.046577946875 0.4684491984375 0.05608365 0.46577540156249997 0.05988593125 0.45775401093749996
1 0.1074144484375 0.4374331546875 0.10194866875 0.4374331546875 0.07794676874999999 0.4379679140625 0.069391634375 0.4406417109375 0.0636882125 0.44759358281250006 0.0627376421875 0.45775401093749996 0.071292775 0.4673796796875 0.10836501875 0.46791443906249996 0.1188212921875 0.46310160468749995 0.12072243281249999 0.4454545453125 0.1188212921875 0.4422459890625 0.1074144484375 0.4374331546875
1 0.17110266093749998 0.4368983953125 0.158745246875 0.43636363593749994 0.15779467656249999 0.43636363593749994 0.1349809890625 0.4379679140625 0.1254752859375 0.44491978593750003 0.1254752859375 0.4604278078125 0.1330798484375 0.4668449203125 0.1673003796875 0.4673796796875 0.1758555140625 0.46577540156249997 0.1815589359375 0.46149732656250003 0.18346007656250002 0.4465240640625 0.180608365625 0.4417112296875 0.17110266093749998 0.4368983953125
1 0.2433460078125 0.4438502671875 0.23764258593749998 0.4385026734375 0.2271863125 0.43636363593749994 0.222433459375 0.43636363593749994 0.19771863125 0.4368983953125 0.19011406875 0.4406417109375 0.1863117875 0.4534759359375 0.1891634984375 0.46149732656250003 0.1948669203125 0.46577540156249997 0.22148288906250002 0.4668449203125 0.2338403046875 0.46577540156249997 0.24049429687499999 0.4625668453125 0.244296578125 0.45454545468749996 0.2433460078125 0.4438502671875
1 0.3032319390625 0.4604278078125 0.30608365000000004 0.4518716578125 0.3032319390625 0.4406417109375 0.2975285171875 0.43636363593749994 0.28707224375 0.4352941171875 0.2861216734375 0.4352941171875 0.2623574140625 0.43582887656249997 0.255703421875 0.4368983953125 0.251901140625 0.43957219218750004 0.24809885937499998 0.4454545453125 0.24809885937499998 0.4540106953125 0.24904942968750002 0.45828877031250004 0.2566539921875 0.4647058828125 0.2899239546875 0.46577540156249997 0.2975285171875 0.4641711234375 0.3032319390625 0.4604278078125
1 0.35076045625 0.4347593578125 0.34600760468749997 0.4347593578125 0.3203422046875 0.43582887656249997 0.311787071875 0.4406417109375 0.3108365015625 0.45775401093749996 0.323193915625 0.4652406421875 0.3555133078125 0.4647058828125 0.3631178703125 0.4620320859375 0.3669201515625 0.4572192515625 0.364068440625 0.4406417109375 0.35836501875 0.43636363593749994 0.35076045625 0.4347593578125
1 0.44866920156249995 0.4374331546875 0.44296577968750006 0.43422459843750005 0.434410646875 0.4331550796875 0.42965779531250003 0.4331550796875 0.37642585624999997 0.4352941171875 0.3697718625 0.4406417109375 0.3688212921875 0.44759358281250006 0.37737642656250003 0.45828877031250004 0.38212927812499997 0.4604278078125 0.3906844109375 0.4604278078125 0.42965779531250003 0.44812834218750003 0.445817490625 0.4459893046875 0.449619771875 0.4417112296875 0.44866920156249995 0.4374331546875
1 0.6321292781250001 0.43101604218749995 0.5922053234375 0.43101604218749995 0.5912547531250001 0.4304812828125 0.54467680625 0.4326203203125 0.538973384375 0.4368983953125 0.5399239546875 0.4422459890625 0.5437262359374999 0.4454545453125 0.5494296578125 0.4465240640625 0.5912547531250001 0.4465240640625 0.6311787078125 0.4454545453125 0.643536121875 0.4417112296875 0.643536121875 0.4347593578125 0.6321292781250001 0.43101604218749995
1 0.7509505703125 0.4288770046875 0.7414448671875 0.43422459843750005 0.7423954375 0.4401069515625 0.7471482890625001 0.4433155078125 0.8174904937499999 0.44438502656249995 0.8326996203125001 0.4470588234375 0.84315589375 0.44117647031249996 0.8422053234375 0.4331550796875 0.8326996203125001 0.42941176406250003 0.75380228125 0.4288770046875 0.7509505703125 0.4288770046875
1 0.9173003796874999 0.4320855609375 0.9153992390625 0.4422459890625 0.9249049421875 0.44919786093749997 0.9344106468750001 0.4502673796875 0.9410646390625 0.4465240640625 0.9458174906249999 0.4331550796875 0.9410646390625 0.42941176406250003 0.9325095062500001 0.42780748593749995 0.9287072249999999 0.42780748593749995 0.9173003796874999 0.4320855609375
1 1 0.42780748593749995 0.9961977187500001 0.42780748593749995 0.9876425859375001 0.43368983906249997 0.98859315625 0.44973262031249994 0.9914448671875 0.4550802140625 0.9961977187500001 0.45775401093749996 1 0.45775401093749996 1 0.42780748593749995