1 0.527139875 0.41324736250000005 0.5250521921875 0.41324736250000005 0.5052192062499999 0.4144196953125 0.49895615937500004 0.4167643609375 0.4979123171875 0.426143025 0.5020876828125 0.4296600234375 0.6002087687500001 0.4296600234375 0.6085594984375 0.4279015234375 0.61377870625 0.42321219218749995 0.6127348640625 0.41852286093749996 0.6043841343749999 0.4144196953125 0.527139875 0.41324736250000005
1 0.39979123125 0.4161781953125 0.393528184375 0.41500586093749997 0.3924843421875 0.41500586093749997 0.3361169109375 0.41735052812499995 0.3267223375 0.41969519375 0.3225469734375 0.423798359375 0.3225469734375 0.43493552187500006 0.3319415453125 0.44548651875 0.3465553234375 0.4466588515625 0.4008350734375 0.43083235625 0.4050104390625 0.426729190625 0.4050104390625 0.420281359375 0.39979123125 0.4161781953125
1 0.733820459375 0.41090269687500003 0.7233820453125 0.4126611953125 0.7202505218749999 0.4161781953125 0.7212943625 0.42321219218749995 0.7306889359375 0.4279015234375 0.8256784968750001 0.42848769062500003 0.8350730687500001 0.4214536921875 0.8350730687500001 0.4161781953125 0.82463465625 0.4114888625 0.739039665625 0.41090269687500003 0.733820459375 0.41090269687500003
1 0.98121085625 0.41852286093749996 0.9676409187499999 0.41090269687500003 0.9425887265625 0.4103165296875 0.9373695203124999 0.4103165296875 0.917536534375 0.41090269687500003 0.9133611687500001 0.4126611953125 0.9102296453125 0.4161781953125 0.9123173281250001 0.42555685781249997 0.9196242171875 0.4314185234375 0.936325678125 0.4361078546875 0.944676409375 0.441383353125 0.9655532359375 0.4425556859375 0.98121085625 0.43376318906250005 0.98121085625 0.41852286093749996
1 0.31941544843749997 0.4425556859375 0.317327765625 0.426143025 0.3131524015625 0.420281359375 0.3058455109375 0.41735052812499995 0.30010438437500003 0.41735052812499995 0.2724425890625 0.41793669375000003 0.260960334375 0.42262602656250003 0.25782880937499997 0.43845252031250004 0.260960334375 0.44548651875 0.266179540625 0.44900351718750003 0.27348642968750003 0.4507620171875 0.29331941562499997 0.4507620171875 0.3100208765625 0.4495896828125 0.316283925 0.4472450171875 0.31941544843749997 0.4425556859375
1 0.2359081421875 0.41793669375000003 0.22964509375 0.41793669375000003 0.2045929015625 0.41852286093749996 0.19311064687499999 0.423798359375 0.19206680625 0.44372801875 0.2045929015625 0.4513481828125 0.2348643 0.4513481828125 0.24843423750000002 0.447831184375 0.2536534453125 0.436694021875 0.25156576249999996 0.42438452499999996 0.244258871875 0.41969519375 0.2359081421875 0.41793669375000003
1 0.1805845515625 0.42262602656250003 0.1680584546875 0.41910902656250004 0.1398747390625 0.41910902656250004 0.136743215625 0.41910902656250004 0.1252609609375 0.423798359375 0.1221294359375 0.42848769062500003 0.1210855953125 0.43903868749999997 0.12630480156249999 0.44841735 0.13778705625 0.452520515625 0.16492693125 0.452520515625 0.1774530265625 0.45017585000000004 0.183716075 0.44490035156249996 0.1858037578125 0.4361078546875 0.1805845515625 0.42262602656250003
1 0.11586638906249999 0.426729190625 0.10751565781250001 0.4208675265625 0.0949895609375 0.41910902656250004 0.0929018796875 0.41910902656250004 0.0678496875 0.41969519375 0.0574112734375 0.42438452499999996 0.053235907812500004 0.4314185234375 0.0584551140625 0.4495896828125 0.0657620046875 0.4531066828125 0.10020876875 0.4531066828125 0.10960334062499999 0.4513481828125 0.114822546875 0.447831184375 0.1179540703125 0.4378663546875 0.11586638906249999 0.426729190625
1 0 0.453316028125 0.02400835 0.45427901562499995 0.036534446875 0.4536928484375 0.044885178125 0.4507620171875 0.050104384375 0.44079718593750006 0.0490605421875 0.42848769062500003 0.0427974953125 0.42262602656250003 0.03235908125 0.420281359375 0.026096032812499996 0.420281359375 0.001043840625 0.4208675265625 0 0.42134711718749995 0 0.453316028125
0 0.3924843421875 0.0920281359375 0.38935281875 0.0920281359375 0.37891440468750004 0.0937866359375 0.370563675 0.099062134375 0.37265135625 0.1113716296875 0.379958246875 0.11430246250000001 0.41336116875 0.11430246250000001 0.41858037656249997 0.11195779531250001 0.4206680578125 0.10785463125000001 0.41858037656249997 0.09613130156250001 0.412317328125 0.09320046875 0.3924843421875 0.0920281359375
0 0.40814196249999996 0.11723329375 0.3872651359375 0.116647128125 0.3841336109375 0.116647128125 0.3747390390625 0.1201641265625 0.371607515625 0.12426729218749999 0.370563675 0.13012895625 0.37578288125000003 0.1436107859375 0.38517745312499996 0.1483001171875 0.38935281875 0.1465416171875 0.412317328125 0.1465416171875 0.41858037656249997 0.1400937859375 0.41858037656249997 0.1219226265625 0.40814196249999996 0.11723329375
0 0.4112734859375 0.15123095 0.40292275625 0.1500586171875 0.4008350734375 0.1500586171875 0.3841336109375 0.1506447828125 0.37578288125000003 0.15885111406250002 0.376826721875 0.179366940625 0.3820459296875 0.1981242671875 0.3872651359375 0.2028135984375 0.394572025 0.2045720984375 0.4112734859375 0.201641265625 0.41649269375 0.1916764359375 0.41858037656249997 0.1570926140625 0.4112734859375 0.15123095
0 0.398747390625 0.2127784296875 0.38830897656249996 0.21570926093749998 0.3841336109375 0.22508792500000002 0.38622129374999997 0.25029308281249996 0.38830897656249996 0.2543962484375 0.3977035484375 0.25732708125000003 0.4112734859375 0.254982415625 0.4154488515625 0.2461899171875 0.41336116875 0.21864009375000001 0.40292275625 0.2127784296875 0.398747390625 0.2127784296875
0 0.40292275625 0.2631887453125 0.4018789140625 0.2631887453125 0.38935281875 0.2655334109375 0.38622129374999997 0.27022274375 0.3872651359375 0.3001172328125 0.3914405015625 0.30539273125 0.39979123125 0.3083235640625 0.41022964531249995 0.3065650640625 0.41649269375 0.2989449 0.4154488515625 0.27022274375 0.412317328125 0.2655334109375 0.40292275625 0.2631887453125
0 0.40814196249999996 0.3130128953125 0.40292275625 0.3130128953125 0.394572025 0.31359906249999997 0.38935281875 0.3171160609375 0.3872651359375 0.33118405625 0.38935281875 0.35169988281250003 0.393528184375 0.35697538125 0.40292275625 0.359320046875 0.4154488515625 0.35521688125 0.41858037656249997 0.3499413828125 0.41753653437500005 0.3194607265625 0.40814196249999996 0.3130128953125
0 0.40814196249999996 0.3634232125 0.39979123125 0.3634232125 0.3914405015625 0.3669402109375 0.38935281875 0.37104337656249997 0.38935281875 0.39566236875 0.393528184375 0.40504103125 0.4018789140625 0.40855803125 0.4154488515625 0.40679953125 0.4206680578125 0.3997655328125 0.41962421718750004 0.370457209375 0.41753653437500005 0.3663540453125 0.40814196249999996 0.3634232125
0 0.4832985390625 0.41500586093749997 0.4645093953125 0.41383352812499996 0.4624217125 0.41383352812499996 0.4206680578125 0.41500586093749997 0.4112734859375 0.41969519375 0.4112734859375 0.426729190625 0.4144050109375 0.4296600234375 0.4237995828125 0.4314185234375 0.47807933125 0.43083235625 0.48747390468749996 0.42907385624999994 0.49164926875 0.4249706921875 0.4895615859375 0.41793669375000003 0.4832985390625 0.41500586093749997
0 0.6941544890625 0.4114888625 0.6670146140625001 0.4114888625 0.665970771875 0.4114888625 0.6440501046875 0.4126611953125 0.633611690625 0.41500586093749997 0.6304801671875 0.41852286093749996 0.63256785 0.42555685781249997 0.641962421875 0.42907385624999994 0.6951983296875001 0.42848769062500003 0.71085595 0.426729190625 0.7139874734375 0.422039859375 0.71085595 0.4144196953125 0.6941544890625 0.4114888625
0 0.8966597078125 0.4126611953125 0.8872651359375 0.4114888625 0.8812630484374999 0.4114888625 0.8601252609375001 0.41207502968750004 0.8507306890624999 0.41735052812499995 0.8465553234375 0.423798359375 0.8465553234375 0.43083235625 0.8517745296875001 0.43728018750000003 0.866388309375 0.4402110203125 0.8977035484375 0.4314185234375 0.903966596875 0.42555685781249997 0.903966596875 0.41969519375 0.8966597078125 0.4126611953125
0 1 0.4110492375 0.9979123171875001 0.4114888625 0.9895615859375001 0.4167643609375 0.9885177453124999 0.43376318906250005 0.9968684765625 0.44196951875 1 0.44213699531249995 1 0.4110492375
0 0.41649269375 0.0750293078125 0.412317328125 0.0750293078125 0.394572025 0.0773739734375 0.371607515625 0.075615475 0.36743215 0.0773739734375 0.366388309375 0.08147713906250001 0.370563675 0.0885111375 0.3747390390625 0.09026963593750001 0.4154488515625 0.0885111375 0.4206680578125 0.084407971875 0.4206680578125 0.0773739734375 0.41649269375 0.0750293078125