0 0.582514734375 0.420994475 0.5687622796875 0.422099446875 0.5609037328124999 0.4259668515625 0.5609037328124999 0.432596684375 0.5667976421875001 0.4364640890625 0.6237721015625 0.437016575 0.634577603125 0.4337016578125 0.635559921875 0.4270718234375 0.6316306484374999 0.422651934375 0.583497053125 0.420994475 0.582514734375 0.420994475
0 0.7721021609375 0.42375690625000006 0.7721021609375 0.42983425468750003 0.7779960703125 0.43425414375000004 0.8339882125000001 0.4364640890625 0.8418467578125 0.43204419843749997 0.8438113953125 0.4243093921875 0.8398821218749999 0.420994475 0.7829076625 0.41933701718750005 0.78192534375 0.41933701718750005 0.7721021609375 0.42375690625000006
0 0.969548134375 0.420994475 0.9587426328124999 0.4187845296875 0.953831040625 0.4187845296875 0.9440078578125 0.419889503125 0.93713163125 0.42375690625000006 0.9341846765625 0.4364640890625 0.9400785859375 0.44419889531249995 0.9459724953125 0.4475138125 0.9508840859375001 0.4491712703125 0.9646365421875001 0.4491712703125 0.97544204375 0.4403314921875 0.97544204375 0.42762430937499996 0.969548134375 0.420994475
0 0.44007858593750004 0.3928176796875 0.43418467656250004 0.3928176796875 0.4263261296875 0.3944751375 0.42239685624999995 0.398895028125 0.4184675828125 0.42872928125 0.42141453906250004 0.43204419843749997 0.42534381093749996 0.432596684375 0.44695481406250004 0.4243093921875 0.4518664046875 0.4204419890625 0.45088408593749996 0.4005524859375 0.44793713124999995 0.395027625 0.44007858593750004 0.3928176796875
0 0.4390962671875 0.3022099453125 0.4336935171875 0.3022099453125 0.42239685624999995 0.303867403125 0.41944990156250006 0.3138121546875 0.4204322203125 0.335359115625 0.423379175 0.3403314921875 0.43222003906250006 0.343646409375 0.4440078578125 0.34254143593749997 0.44793713124999995 0.337016575 0.44793713124999995 0.3110497234375 0.443025540625 0.3033149171875 0.4390962671875 0.3022099453125
0 0.42730844843750004 0.21325966875 0.4263261296875 0.2127071828125 0.4204322203125 0.214364640625 0.415520628125 0.2187845296875 0.416502946875 0.24585635312499998 0.42436149375000004 0.2524861875 0.43418467656250004 0.2530386734375 0.442043221875 0.25027624375 0.4440078578125 0.24640883906250002 0.44499017656250006 0.22265193437500003 0.441060903125 0.2149171265625 0.42730844843750004 0.21325966875
0 0.44695481406250004 0.1 0.4459724953125 0.09944751406249999 0.428290765625 0.10165745781249999 0.404715128125 0.101104971875 0.4007858546875 0.10386740312500001 0.40176817343750004 0.1110497234375 0.4056974453125 0.11325966875 0.41453831093750004 0.11381215468749999 0.45088408593749996 0.11381215468749999 0.44891945 0.1088397796875 0.4518664046875 0.104972375 0.44695481406250004 0.1
0 0.42534381093749996 0.11602209999999999 0.40864440156250004 0.1187845296875 0.402750490625 0.12320442031250001 0.403732809375 0.13425414375 0.4135559921875 0.1414364640625 0.43811394843749996 0.1414364640625 0.44891945 0.13756906093750002 0.45088408593749996 0.12154696093749999 0.4459724953125 0.11767955781249999 0.43418467656250004 0.11602209999999999 0.42534381093749996 0.11602209999999999
0 0.42141453906250004 0.14419889531250002 0.40962671874999995 0.1464088390625 0.404715128125 0.1519337015625 0.4076620828125 0.1679558015625 0.417485265625 0.1740331484375 0.44007858593750004 0.17292817656249998 0.44793713124999995 0.1679558015625 0.44891945 0.14972375625 0.43811394843749996 0.14419889531250002 0.423379175 0.14419889531250002 0.42141453906250004 0.14419889531250002
0 0.430255403125 0.17679557968749998 0.429273084375 0.17679557968749998 0.417485265625 0.177900553125 0.40962671874999995 0.18618784531250002 0.4106090375 0.1983425421875 0.41453831093750004 0.2055248625 0.42436149375000004 0.20883977968749998 0.442043221875 0.2071823203125 0.44695481406250004 0.1983425421875 0.44695481406250004 0.18176795625 0.442043221875 0.177900553125 0.430255403125 0.17679557968749998
0 0.430255403125 0.2574585640625 0.4204322203125 0.26022099375 0.4184675828125 0.264640884375 0.41944990156250006 0.2911602203125 0.430255403125 0.29723756875 0.443025540625 0.2944751375 0.4459724953125 0.2895027625 0.4459724953125 0.2662983421875 0.443025540625 0.26022099375 0.43516699374999995 0.2574585640625 0.430255403125 0.2574585640625
0 0.4312377203125 0.3480662984375 0.42141453906250004 0.3524861875 0.4204322203125 0.36574585625 0.42239685624999995 0.38287292812499996 0.43222003906250006 0.38895027656250003 0.441060903125 0.388397790625 0.4459724953125 0.3861878453125 0.44990176875000004 0.3784530390625 0.44891945 0.3535911609375 0.44007858593750004 0.3480662984375 0.4312377203125 0.3480662984375
1 0.4587426328125 0.422651934375 0.4440078578125 0.4270718234375 0.4390962671875 0.43038674062500004 0.4390962671875 0.438121546875 0.525540275 0.438121546875 0.5353634578124999 0.437016575 0.5422396859374999 0.432596684375 0.5422396859374999 0.42762430937499996 0.533398821875 0.42320442031249994 0.45972495156250004 0.42320442031249994 0.4587426328125 0.422651934375
1 0.7161100203124999 0.419889503125 0.7151277015625 0.419889503125 0.6444007859374999 0.422651934375 0.6404715125 0.42486187812500004 0.6404715125 0.432596684375 0.648330059375 0.4364640890625 0.7328094296875001 0.43591160156250003 0.748526521875 0.43314917187499996 0.750491159375 0.4259668515625 0.7475442046875 0.42320442031249994 0.7328094296875001 0.419889503125 0.7161100203124999 0.419889503125
1 0.9145383109375 0.4204419890625 0.8762278984374999 0.41933701718750005 0.8693516703125 0.41933701718750005 0.8565815328124999 0.419889503125 0.8506876234374999 0.42320442031249994 0.84675835 0.42983425468750003 0.84774066875 0.440883978125 0.85756385 0.44530386718750004 0.8762278984374999 0.4464088390625 0.9135559921875 0.43867403281249995 0.923379175 0.432596684375 0.92239685625 0.4243093921875 0.9145383109375 0.4204419890625
1 1 0.418350434375 0.9891944984375 0.4187845296875 0.980353634375 0.42486187812500004 0.979371315625 0.44143646406250003 0.9823182718749999 0.4464088390625 0.98821218125 0.4491712703125 1 0.44940805 1 0.418350434375
1 0.40962671874999995 0.44198895 0.41159135625000004 0.432596684375 0.40864440156250004 0.42928176718750005 0.404715128125 0.4265193375 0.3929273078125 0.42486187812500004 0.3880157171875 0.42486187812500004 0.3595284875 0.4259668515625 0.351669940625 0.4270718234375 0.34774066875 0.42983425468750003 0.3438113953125 0.437016575 0.3447937125 0.44585635312500005 0.3497053046875 0.4530386734375 0.3555992140625 0.4558011046875 0.364440078125 0.456353590625 0.379174853125 0.454143646875 0.40962671874999995 0.44198895
1 0.340864440625 0.443646409375 0.339882121875 0.43204419843749997 0.3290766203125 0.4259668515625 0.323379175 0.4259668515625 0.2917485265625 0.4265193375 0.28388997968749996 0.43038674062500004 0.27996070781250004 0.44143646406250003 0.28192534375 0.44861878437499997 0.287819253125 0.45524861874999994 0.29666011718749996 0.4574585640625 0.313359528125 0.4574585640625 0.3310412578125 0.4558011046875 0.3369351671875 0.4530386734375 0.340864440625 0.443646409375
1 0.275049115625 0.43314917187499996 0.270137525 0.42872928125 0.2593320234375 0.4259668515625 0.25834970468749996 0.4259668515625 0.2269155203125 0.4270718234375 0.2210216109375 0.4309392265625 0.2170923375 0.44475138125 0.219056975 0.451381215625 0.22495088437500002 0.456353590625 0.23280942968749999 0.45801105 0.262278978125 0.4574585640625 0.27111984218749996 0.454143646875 0.277013753125 0.44198895 0.275049115625 0.43314917187499996
1 0.2092337921875 0.43204419843749997 0.1954813359375 0.4270718234375 0.1699410609375 0.4270718234375 0.167976425 0.4270718234375 0.161100196875 0.42872928125 0.15422396875 0.43480662968750006 0.15324165 0.4480662984375 0.1571709234375 0.45524861874999994 0.16699410625 0.459116021875 0.1944990171875 0.4585635359375 0.20530451875 0.456353590625 0.21218074687500002 0.44861878437499997 0.21218074687500002 0.437016575 0.2092337921875 0.43204419843749997
1 0.1453831046875 0.43204419843749997 0.13261296718749999 0.42762430937499996 0.10412573750000001 0.42817679531249997 0.10314341875 0.42762430937499996 0.0933202359375 0.4314917125 0.0893909625 0.4364640890625 0.08840864375 0.44861878437499997 0.0943025546875 0.4574585640625 0.10117878124999999 0.45966850781249996 0.12868369375 0.45966850781249996 0.14243615 0.4574585640625 0.14931237656250002 0.4491712703125 0.14931237656250002 0.437016575 0.1453831046875 0.43204419843749997
1 0.0638506875 0.42817679531249997 0.058447937500000005 0.42817679531249997 0.0363457765625 0.42928176718750005 0.027504910937499998 0.43425414375000004 0.02652259375 0.45524861874999994 0.0363457765625 0.46022099375 0.0746561890625 0.45966850781249996 0.082514734375 0.456353590625 0.0854616890625 0.4475138125 0.084479371875 0.435359115625 0.07760314375 0.42983425468750003 0.0638506875 0.42817679531249997
1 0 0.4609806625 0.0108055015625 0.46022099375 0.017681728125 0.45801105 0.0225933203125 0.4491712703125 0.020628684375 0.43480662968750006 0.0166994109375 0.4314917125 0.007858546875 0.42928176718750005 0.004911590625 0.42928176718750005 0 0.42938407968750003 0 0.4609806625