0 0.62033195 0.4638694640625 0.615145228125 0.4638694640625 0.5975103734375 0.465034965625 0.5912863078124999 0.46794871718750003 0.5902489625 0.47377622343750003 0.595435684375 0.47960372968750004 0.6566390046875 0.48076923125000004 0.6680497921875 0.47960372968750004 0.6721991703125 0.4766899765625 0.6721991703125 0.46853146875 0.6670124484375 0.465034965625 0.62033195 0.4638694640625
0 0.835062240625 0.4615384609375 0.8236514515625 0.4632867140625 0.8163900421875001 0.46678321718750004 0.8174273859375001 0.474941725 0.8226141078125 0.47727272656249997 0.8869294609375 0.47843822812500003 0.8962655609375 0.471445221875 0.895228215625 0.46620046562499995 0.8879668046875 0.46212121249999993 0.8371369296875001 0.4615384609375 0.835062240625 0.4615384609375
0 0.47614107812500006 0.43065268124999995 0.4719917015625 0.43123543125 0.46473029062500004 0.4370629375 0.4636929453125 0.4673659671875 0.4678423234375 0.46911421875 0.4865145234375 0.4702797203125 0.49688796718750006 0.46678321718750004 0.49688796718750006 0.45512820468750004 0.493775934375 0.43589743593749997 0.485477178125 0.43065268124999995 0.47614107812500006 0.43065268124999995
0 0.4616182578125 0.1392773890625 0.4585062234375 0.1392773890625 0.44917012500000003 0.14160839218750002 0.443983403125 0.1456876453125 0.443983403125 0.1550116546875 0.45020746875000006 0.1620046625 0.45643153593749997 0.1637529140625 0.48962655625 0.1620046625 0.495850621875 0.153846153125 0.49273858906249995 0.1421911421875 0.485477178125 0.13986014062500002 0.4616182578125 0.1392773890625
0 0.4719917015625 0.166083915625 0.46265560156249996 0.166083915625 0.4481327796875 0.171328671875 0.44502074687500004 0.177738928125 0.4481327796875 0.1917249421875 0.4585062234375 0.19696969687500002 0.485477178125 0.19580419531249998 0.49066390000000004 0.19347319375 0.49273858906249995 0.1893939390625 0.49273858906249995 0.171911421875 0.485477178125 0.1672494171875 0.4719917015625 0.166083915625
0 0.48029045625 0.19988345000000002 0.47372095468750003 0.19988345000000002 0.4585062234375 0.2004662 0.4512448125 0.20804195781249998 0.4522821578125 0.22668997656249998 0.45954356875 0.23193473125000003 0.4782157671875 0.2325174828125 0.485477178125 0.23076923124999998 0.48962655625 0.22668997656249998 0.49273858906249995 0.208624709375 0.48962655625 0.203379953125 0.48029045625 0.19988345000000002
0 0.47717842343749994 0.2365967359375 0.474066390625 0.2365967359375 0.46265560156249996 0.2383449890625 0.45643153593749997 0.2447552453125 0.4585062234375 0.2703962703125 0.46473029062500004 0.27680652656250004 0.474066390625 0.278554778125 0.4865145234375 0.275058275 0.48962655625 0.259906759375 0.48858921093749996 0.24300699374999998 0.4865145234375 0.24009324062499998 0.47717842343749994 0.2365967359375
0 0.4782157671875 0.2826340328125 0.474066390625 0.2826340328125 0.465767634375 0.283799534375 0.46058091250000005 0.2890442890625 0.46058091250000005 0.31934731875 0.46265560156249996 0.32342657343750003 0.47095435625000004 0.3269230765625 0.485477178125 0.325174825 0.48962655625 0.31818181874999996 0.48858921093749996 0.2896270390625 0.4865145234375 0.28613053593750004 0.4782157671875 0.2826340328125
0 0.47717842343749994 0.33158508124999997 0.47614107812500006 0.33158508124999997 0.4678423234375 0.33275058281250003 0.46265560156249996 0.3356643359375 0.46058091250000005 0.3508158515625 0.46265560156249996 0.371212121875 0.474066390625 0.3770396265625 0.484439834375 0.37587412656249997 0.49170124531250003 0.36888111874999996 0.49066390000000004 0.3391608390625 0.4865145234375 0.33391608437500003 0.47717842343749994 0.33158508124999997
0 0.49066390000000004 0.384615384375 0.48236514531249997 0.38111888125000004 0.474066390625 0.38111888125000004 0.46680497968749995 0.38344988281250003 0.46265560156249996 0.3881118875 0.46265560156249996 0.4114219109375 0.465767634375 0.42249417187500005 0.47614107812500006 0.4265734265625 0.485477178125 0.4259906765625 0.49170124531250003 0.4230769234375 0.494813278125 0.4114219109375 0.49273858906249995 0.3886946390625 0.49066390000000004 0.384615384375
1 0.5632780078125 0.46620046562499995 0.514522821875 0.465617715625 0.5114107890625 0.465617715625 0.5020746890625001 0.46678321718750004 0.4846939828125 0.4719737765625 0.44583091250000007 0.4663636359375 0.443691909375 0.48139160781249996 0.4789885890625 0.481592075 0.5580912859375 0.48135198125 0.5674273859375 0.4801864796875 0.5715767640625 0.47727272656249997 0.5726141078125 0.47086247031250006 0.5632780078125 0.46620046562499995
1 0.4377593359375 0.47902097968749996 0.42946058125000003 0.46911421875 0.421161825 0.46794871718750003 0.414937759375 0.46794871718750003 0.383817428125 0.46853146875 0.374481328125 0.47202797187499995 0.37136929531249996 0.4766899765625 0.37136929531249996 0.49067599062499995 0.374481328125 0.49592074531249997 0.3817427390625 0.5 0.414937759375 0.4988344984375 0.4336099578125 0.490093240625 0.43879668125000004 0.48484848437499994 0.4377593359375 0.47902097968749996
1 0.365145228125 0.475524475 0.3578838171875 0.4696969703125 0.3495850625 0.46853146875 0.34387966875 0.46853146875 0.3174273859375 0.46911421875 0.31120331874999996 0.4702797203125 0.3070539421875 0.47377622343750003 0.303941909375 0.48951048906250005 0.3122406640625 0.5 0.32053941875 0.5017482515625 0.3423236515625 0.5017482515625 0.36099585 0.49825174843750003 0.3672199171875 0.4860139859375 0.365145228125 0.475524475
1 0.2883817421875 0.4696969703125 0.28112033125 0.46911421875 0.2717842328125 0.46911421875 0.25 0.4696969703125 0.23962655625 0.474941725 0.23755186718750002 0.49300699375 0.2427385890625 0.5 0.24896265624999997 0.5023310015625 0.28734439843750004 0.5017482515625 0.29875518749999996 0.4953379953125 0.30082987499999997 0.483682984375 0.2977178421875 0.474358975 0.2883817421875 0.4696969703125
1 0.2292531125 0.47377622343750003 0.2199170125 0.4702797203125 0.2085062234375 0.4696969703125 0.2033195015625 0.4696969703125 0.17946058125 0.4702797203125 0.16908713749999998 0.47843822812500003 0.1680497921875 0.484265734375 0.174273859375 0.49766899843749995 0.184647303125 0.5034965031249999 0.21784232343749999 0.502913753125 0.2271784234375 0.50058275 0.23236514531250002 0.49592074531249997 0.2334024890625 0.48076923125000004 0.2292531125 0.47377622343750003
1 0.15041493749999998 0.47785547812500007 0.14937759374999998 0.47727272656249997 0.1379668046875 0.4825174828125 0.133817428125 0.490093240625 0.134854771875 0.5 0.13900415 0.502913753125 0.1462655609375 0.5040792546875 0.1618257265625 0.502913753125 0.1680497921875 0.4988344984375 0.164937759375 0.484265734375 0.16078838125 0.4801864796875 0.15041493749999998 0.47785547812500007
1 0.1182572609375 0.47086247031250006 0.094398340625 0.47086247031250006 0.08921161875 0.47086247031250006 0.07987551875 0.47261072187500003 0.07468879687499999 0.4766899765625 0.07157676406249999 0.48484848437499994 0.0726141078125 0.4988344984375 0.0819502078125 0.5040792546875 0.1182572609375 0.5040792546875 0.12863070468749999 0.49766899843749995 0.133817428125 0.484265734375 0.1317427390625 0.4761072265625 0.1182572609375 0.47086247031250006
1 0.0663900421875 0.47960372968750004 0.06120331875 0.474358975 0.0477178421875 0.471445221875 0.04045643125 0.471445221875 0.0165975109375 0.47261072187500003 0.0072614109375 0.47960372968750004 0.006224065625 0.49592074531249997 0.013485476562500001 0.5040792546875 0.021784232812500002 0.50582750625 0.0394190875 0.50582750625 0.0570539421875 0.5040792546875 0.064315353125 0.5011655015625001 0.0674273859375 0.4947552453125 0.0663900421875 0.47960372968750004
1 0.6939834031250001 0.4627039625 0.6815352703124999 0.465034965625 0.6784232359375 0.46794871718750003 0.6794605812500001 0.475524475 0.685684646875 0.47960372968750004 0.785269709375 0.47843822812500003 0.7946058093749999 0.474358975 0.7935684640625 0.46620046562499995 0.7831950203125 0.4627039625 0.6970954359375 0.4627039625 0.6939834031250001 0.4627039625
1 0.975103734375 0.4638694640625 0.9678423234375 0.46212121249999993 0.924273859375 0.4615384609375 0.9221991703124999 0.4615384609375 0.905601659375 0.4644522140625 0.9004149375000001 0.4761072265625 0.904564315625 0.48193473124999997 0.9263485484375 0.48951048906250005 0.9367219921875 0.49067599062499995 0.9574688796874999 0.4865967359375 0.97095435625 0.4831002328125 0.9834024890625 0.4761072265625 0.9844398343749999 0.4702797203125 0.975103734375 0.4638694640625