0 0.9053537281249999 0.46129032187499996 0.9101338437500001 0.456989246875 0.9101338437500001 0.447311828125 0.902485659375 0.44193548437499997 0.891013384375 0.44139785 0.876673040625 0.44516129062500004 0.8671128109374999 0.44193548437499997 0.8393881453125 0.440860215625 0.8374761 0.440860215625 0.8279158703125 0.44462365625 0.8250478015624999 0.454838709375 0.8317399625 0.4607526875 0.85181644375 0.46720430156250004 0.8661567874999999 0.46827957031249995 0.8776290625 0.4655913984375 0.8824091781250001 0.46666666718750005 0.8862332703125 0.462365590625 0.8948374765624999 0.4639784953125 0.9053537281249999 0.46129032187499996
1 1 0.4407526875 0.9990439765625 0.44032258124999996 0.9789674953124999 0.44247311875 0.9684512421875 0.44032258124999996 0.9636711281249999 0.44032258124999996 0.91873805 0.440860215625 0.9139579343750001 0.445698925 0.9177820265625 0.46129032187499996 0.9416826 0.4720430109375 0.9598470359375 0.4720430109375 0.969407265625 0.46989247343749996 0.986615678125 0.4725806453125 1 0.4721378875 1 0.4407526875
0 0.43881453125 0.1338709671875 0.437858509375 0.1338709671875 0.41300191249999996 0.13709677343749999 0.411089865625 0.146236559375 0.41300191249999996 0.15 0.41778202656249996 0.15215053750000002 0.443594646875 0.151612903125 0.45411089843749997 0.15 0.457934990625 0.14731182812500002 0.4588910140625 0.13870967812499999 0.45602294531250004 0.1354838703125 0.43881453125 0.1338709671875
0 0.45028680625 0.15322580624999999 0.43690248593750003 0.152688171875 0.431644359375 0.152688171875 0.41778202656249996 0.154301075 0.41395793437500006 0.1564516125 0.41204588906249995 0.1698924734375 0.41395793437500006 0.1763440859375 0.41873805 0.1795698921875 0.44741873749999994 0.1795698921875 0.45602294531250004 0.17580645156250002 0.4588910140625 0.16827957031250002 0.45697896718750003 0.1564516125 0.45028680625 0.15322580624999999
0 0.4340344171875 0.18118279531249998 0.42160611875000004 0.1833333328125 0.4149139578125 0.190860215625 0.4196940734375 0.20752688125000002 0.4254302109375 0.21129032187500002 0.449330784375 0.210215053125 0.45506692187500003 0.20591397812499998 0.45602294531250004 0.1860215046875 0.4512428296875 0.18279569843750001 0.437858509375 0.18118279531249998 0.4340344171875 0.18118279531249998
0 0.45506692187500003 0.2204301078125 0.45219885312499997 0.2161290328125 0.44455066875 0.2139784953125 0.437858509375 0.2139784953125 0.4263862328125 0.2150537640625 0.42160611875000004 0.2182795703125 0.41873805 0.22473118281249999 0.4206500953125 0.2360215046875 0.4254302109375 0.244086021875 0.4340344171875 0.24731182812500002 0.44263862343750005 0.24731182812500002 0.449330784375 0.24516129062499997 0.45411089843749997 0.23817204374999998 0.45506692187500003 0.2204301078125
0 0.443594646875 0.25107526875 0.4359464625 0.25107526875 0.4292543015625 0.252688171875 0.4244741875 0.25967741875 0.42734225625000005 0.2854838703125 0.4359464625 0.29139784999999996 0.44455066875 0.29086021562500003 0.4512428296875 0.28817204375 0.45315487499999996 0.2849462359375 0.45315487499999996 0.260215053125 0.45028680625 0.253763440625 0.443594646875 0.25107526875
0 0.4512428296875 0.2978494625 0.44263862343750005 0.29516129062499996 0.43881453125 0.29516129062499996 0.4321223703125 0.296236559375 0.4282982796875 0.3 0.42734225625000005 0.3166666671875 0.4292543015625 0.3327956984375 0.4349904390625 0.3370967734375 0.44072657812499993 0.33817204375 0.45219885312499997 0.33602150468750003 0.45506692187500003 0.3290322578125 0.45411089843749997 0.30268817187499997 0.4512428296875 0.2978494625
0 0.4512428296875 0.343010753125 0.44263862343750005 0.34139785 0.44168260000000004 0.34139785 0.4349904390625 0.34247311874999997 0.4292543015625 0.346236559375 0.4292543015625 0.3747311828125 0.43307839374999996 0.3806451609375 0.44455066875 0.38387096718749997 0.4512428296875 0.3827956984375 0.45506692187500003 0.37956989218750004 0.45697896718750003 0.3682795703125 0.45506692187500003 0.345698925 0.4512428296875 0.343010753125
0 0.44741873749999994 0.38763440937500004 0.44263862343750005 0.38763440937500004 0.4359464625 0.388709678125 0.430210325 0.3935483875 0.430210325 0.41989247343749997 0.4340344171875 0.4268817203125 0.44168260000000004 0.4295698921875 0.45411089843749997 0.4279569890625 0.4588910140625 0.4225806453125 0.457934990625 0.394086021875 0.45506692187500003 0.389784946875 0.44741873749999994 0.38763440937500004
0 0.463671128125 0.44462365625 0.45602294531250004 0.4344086015625 0.44741873749999994 0.43225806406249995 0.4455066921875 0.43225806406249995 0.4349904390625 0.4349462359375 0.4321223703125 0.44193548437499997 0.43307839374999996 0.44677419374999994 0.44263862343750005 0.4564516125 0.45411089843749997 0.46021505312500005 0.48757170156249996 0.459139784375 0.49139579375000003 0.4564516125 0.4904397703125 0.44892473125 0.48279158750000006 0.44623655937500006 0.463671128125 0.44462365625
0 0.63957935 0.443010753125 0.6195028687499999 0.447311828125 0.6195028687499999 0.45376344062499996 0.6290630968750001 0.45860215000000004 0.6854684515625 0.458064515625 0.6921606125 0.456989246875 0.6959847031249999 0.45430107499999994 0.6969407265625 0.45 0.6902485656249999 0.44462365625 0.6472275328125 0.443010753125 0.63957935 0.443010753125
1 0.52294455 0.44462365625 0.5038240921875 0.445698925 0.4980879546875 0.448387096875 0.49713193125000005 0.45322580625000003 0.5009560234375 0.459139784375 0.5956022937500001 0.45967741875 0.606118546875 0.454838709375 0.6042065015625 0.44784946249999996 0.5965583171875 0.44516129062500004 0.5239005734375 0.44516129062500004 0.52294455 0.44462365625
1 0.81070745625 0.45268817187500004 0.809751434375 0.44623655937500006 0.7973231359375 0.44193548437499997 0.742829828125 0.44193548437499997 0.7399617593750001 0.44193548437499997 0.7084130015625 0.44354838750000003 0.7026768640625 0.44892473125 0.704588909375 0.454838709375 0.7131931171875 0.458064515625 0.7246653921874999 0.455913978125 0.7275334609375 0.45752688125 0.751434034375 0.458064515625 0.7973231359375 0.45752688125 0.8078393875 0.45537634374999997 0.81070745625 0.45268817187500004
1 0.4349904390625 0.45268817187500004 0.4263862328125 0.44677419374999994 0.42160611875000004 0.44677419374999994 0.3785850859375 0.44784946249999996 0.370936903125 0.44946236562499997 0.3652007640625 0.4564516125 0.3652007640625 0.4645161296875 0.36998087968750004 0.4736559140625 0.37954110937499996 0.4763440859375 0.388145315625 0.47580645156249995 0.4254302109375 0.4645161296875 0.4359464625 0.45752688125 0.4349904390625 0.45268817187500004
1 0.3508604203125 0.448387096875 0.34576195 0.448387096875 0.3135755265625 0.44892473125 0.3059273421875 0.45376344062499996 0.30497131875 0.4715053765625 0.312619503125 0.47741935468749996 0.3422562140625 0.4784946234375 0.3585086046875 0.47580645156249995 0.3623326953125 0.4715053765625 0.3623326953125 0.46021505312500005 0.3585086046875 0.4521505375 0.3508604203125 0.448387096875
1 0.295411090625 0.451612903125 0.28776290625 0.44892473125 0.2826644359375 0.44892473125 0.257170171875 0.44892473125 0.24474187343749998 0.45430107499999994 0.24187380468750003 0.46827957031249995 0.2504780109375 0.4779569890625 0.2609942640625 0.4795698921875 0.2848948375 0.47903225781250003 0.2963671125 0.47526881718749997 0.3001912046875 0.4715053765625 0.29923518125 0.4564516125 0.295411090625 0.451612903125
1 0.2361376671875 0.4564516125 0.2246653921875 0.44946236562499997 0.2196940734375 0.44946236562499997 0.19120458906249999 0.45 0.181644359375 0.45430107499999994 0.1778202671875 0.46827957031249995 0.181644359375 0.47580645156249995 0.1864244734375 0.47903225781250003 0.21797323125 0.4801075265625 0.22753346093750001 0.47903225781250003 0.2332695984375 0.4763440859375 0.237093690625 0.4715053765625 0.2361376671875 0.4564516125
1 0 0.4763888890625 0.010516253125 0.4827956984375 0.028680689062499997 0.4827956984375 0.0430210328125 0.48064516093750004 0.04971319375 0.47526881718749997 0.04971319375 0.45752688125 0.044933078125 0.45430107499999994 0.0353728484375 0.45322580625000003 0.0291587 0.45322580625000003 0.009560229687500001 0.45430107499999994 0 0.45821114375 0 0.4763888890625
1 0.11376672968749998 0.4629032265625 0.108986615625 0.45430107499999994 0.09655831718749999 0.450537634375 0.08030592656249999 0.45107526875000004 0.0793499046875 0.450537634375 0.0678776296875 0.451612903125 0.0583174 0.4564516125 0.0544933078125 0.46666666718750005 0.056405353125 0.47580645156249995 0.06405353750000001 0.48064516093750004 0.0707456984375 0.48172042968750006 0.10325047812499999 0.48064516093750004 0.1080305921875 0.47903225781250003 0.1128107078125 0.4720430109375 0.11376672968749998 0.4629032265625
1 0.15296367187499998 0.4521505375 0.151051625 0.4521505375 0.13097514375 0.45322580625000003 0.11950286875 0.45752688125 0.11950286875 0.47526881718749997 0.12428298281250001 0.47903225781250003 0.131931165625 0.4811827953125 0.1606118546875 0.48064516093750004 0.173040153125 0.47473118281250004 0.173040153125 0.456989246875 0.16443594687500002 0.45268817187500004 0.15296367187499998 0.4521505375