0 0.44793713124999995 0.10220994531250001 0.45972495156250004 0.0977900546875 0.455795678125 0.090607734375 0.41453831093750004 0.093370165625 0.41159135625000004 0.09558011093749999 0.41257367343749995 0.101104971875 0.4184675828125 0.10276243125 0.44793713124999995 0.10220994531250001
0 0.41944990156250006 0.12872928125 0.4440078578125 0.1298342546875 0.45776031406250006 0.127624309375 0.4616895875 0.1127071828125 0.4567779953125 0.10773480625000001 0.42436149375000004 0.10607734843750001 0.41257367343749995 0.1127071828125 0.41257367343749995 0.12154696093749999 0.41944990156250006 0.12872928125
0 0.41453831093750004 0.13977900625 0.416502946875 0.15524861875 0.42239685624999995 0.16077348125 0.4459724953125 0.1613259671875 0.4567779953125 0.15801105 0.45972495156250004 0.13977900625 0.455795678125 0.13480662968749998 0.44695481406250004 0.132596684375 0.42730844843750004 0.132596684375 0.4184675828125 0.135359115625 0.41453831093750004 0.13977900625
0 0.4204322203125 0.17127071875 0.4204322203125 0.1895027625 0.4263261296875 0.19502762499999998 0.43516699374999995 0.1966850828125 0.4518664046875 0.19502762499999998 0.45776031406250006 0.18508287343750002 0.4567779953125 0.16906077343749998 0.4518664046875 0.1662983421875 0.43418467656250004 0.1651933703125 0.423379175 0.167403315625 0.4204322203125 0.17127071875
0 0.430255403125 0.23922651875 0.44007858593750004 0.24143646406250002 0.454813359375 0.23425414375 0.454813359375 0.20607734843749997 0.4440078578125 0.2005524859375 0.43222003906250006 0.20110497187499998 0.4263261296875 0.20441988906250003 0.4263261296875 0.23370165781250002 0.430255403125 0.23922651875
0 0.429273084375 0.2812154703125 0.4361493125 0.28674033125 0.4459724953125 0.28674033125 0.45284872343749993 0.2845303875 0.455795678125 0.279005525 0.454813359375 0.2508287296875 0.4459724953125 0.2453038671875 0.43516699374999995 0.2453038671875 0.429273084375 0.24917127031250003 0.429273084375 0.2812154703125
0 0.430255403125 0.2955801109375 0.430255403125 0.327624309375 0.4361493125 0.332596684375 0.44499017656250006 0.33425414375 0.45284872343749993 0.332596684375 0.45776031406250006 0.32707182343749996 0.4567779953125 0.29779005468749997 0.45088408593749996 0.29226519375 0.4440078578125 0.2911602203125 0.43516699374999995 0.29226519375 0.430255403125 0.2955801109375
0 0.4390962671875 0.380110496875 0.4518664046875 0.3806629828125 0.45972495156250004 0.3729281765625 0.4587426328125 0.34419889531250003 0.44793713124999995 0.3375690609375 0.43418467656250004 0.33977900625 0.4312377203125 0.34254143593749997 0.4312377203125 0.3734806625 0.4390962671875 0.380110496875
0 0.430255403125 0.422099446875 0.43516699374999995 0.42486187812500004 0.443025540625 0.42486187812500004 0.4616895875 0.41325966875000003 0.46070726874999995 0.39226519375 0.4567779953125 0.3861878453125 0.44990176875000004 0.3845303875 0.43811394843749996 0.38563535937500004 0.43222003906250006 0.39116022031250003 0.430255403125 0.422099446875
1 0.5019646359375 0.4149171265625 0.4646365421875 0.4160221 0.45284872343749993 0.4215469609375 0.4518664046875 0.42983425468750003 0.5383104125 0.43038674062500004 0.5559921421875 0.42928176718750005 0.5609037328124999 0.4259668515625 0.5609037328124999 0.41933701718750005 0.5530451859375 0.4160221 0.5029469546875001 0.41546961250000003 0.5019646359375 0.4149171265625
1 0.6876227890625 0.41270718281249996 0.678781925 0.414364640625 0.6748526515625 0.417127071875 0.673870334375 0.4215469609375 0.67976424375 0.4270718234375 0.7092337921875 0.42817679531249997 0.7170923375 0.4259668515625 0.719056975 0.41657458593749996 0.7082514734375 0.41270718281249996 0.6954813359375 0.41270718281249996 0.6876227890625 0.41270718281249996
1 0.8909626718749999 0.417127071875 0.8752455796874999 0.41215469687499995 0.8251473484374999 0.41160220937499997 0.8231827109375001 0.41160220937499997 0.8133595281250001 0.41215469687499995 0.8055009828124999 0.41657458593749996 0.8064833 0.422651934375 0.8133595281250001 0.4270718234375 0.8310412578124999 0.42762430937499996 0.872298625 0.4375690609375 0.8850687625000001 0.435359115625 0.8929273078125 0.42872928125 0.8948919453125 0.4243093921875 0.8909626718749999 0.417127071875
1 1 0.41160220937499997 0.9953339874999999 0.41160220937499997 0.9783889984374999 0.41160220937499997 0.969548134375 0.4160221 0.9577603140625 0.437016575 0.9616895875000001 0.440883978125 1 0.44137368125 1 0.41160220937499997
1 0.41453831093750004 0.4176795578125 0.403732809375 0.417127071875 0.39882121875 0.417127071875 0.3683693515625 0.41823204374999995 0.36051080625 0.420994475 0.3565815328125 0.4265193375 0.3565815328125 0.4364640890625 0.365422396875 0.4475138125 0.3742632609375 0.44861878437499997 0.390962671875 0.44585635312500005 0.423379175 0.43314917187499996 0.423379175 0.422099446875 0.41453831093750004 0.4176795578125
1 0.351669940625 0.43922651874999996 0.351669940625 0.4270718234375 0.3487229859375 0.4215469609375 0.339882121875 0.41823204374999995 0.3341846765625 0.41823204374999995 0.3035363453125 0.4187845296875 0.2976424359375 0.4215469609375 0.2937131625 0.42817679531249997 0.2937131625 0.43922651874999996 0.2956778 0.443646409375 0.3035363453125 0.44861878437499997 0.3241650296875 0.44972375624999994 0.339882121875 0.44861878437499997 0.34774066875 0.44585635312500005 0.351669940625 0.43922651874999996
1 0.2848722984375 0.422651934375 0.275049115625 0.4187845296875 0.270137525 0.4187845296875 0.2416502953125 0.41933701718750005 0.23280942968749999 0.42320442031249994 0.229862475 0.42872928125 0.229862475 0.440883978125 0.238703340625 0.4491712703125 0.2662082515625 0.45027624375 0.28388997968749996 0.4464088390625 0.287819253125 0.44198895 0.287819253125 0.42762430937499996 0.2848722984375 0.422651934375
1 0.2082514734375 0.41933701718750005 0.1807465625 0.41933701718750005 0.17779960781249998 0.41933701718750005 0.1699410609375 0.422099446875 0.16502947031249998 0.42928176718750005 0.16502947031249998 0.44143646406250003 0.1689587421875 0.4475138125 0.1807465625 0.451381215625 0.2161100203125 0.44972375624999994 0.22495088437500002 0.4425414359375 0.225933203125 0.42983425468750003 0.2220039296875 0.42375690625000006 0.2082514734375 0.41933701718750005
1 0.1502946953125 0.4204419890625 0.1385068765625 0.419889503125 0.1375245578125 0.41933701718750005 0.11394891874999999 0.4204419890625 0.1051080546875 0.4254143640625 0.1021611 0.4309392265625 0.10314341875 0.443646409375 0.1110019640625 0.451381215625 0.148330059375 0.451381215625 0.15422396875 0.45027624375 0.160117878125 0.44530386718750004 0.160117878125 0.4259668515625 0.1502946953125 0.4204419890625
1 0.0874263265625 0.420994475 0.0746561890625 0.4204419890625 0.0692534375 0.4204419890625 0.0481335953125 0.422099446875 0.0402750484375 0.42817679531249997 0.0383104125 0.4425414359375 0.0402750484375 0.4475138125 0.0471512765625 0.4519337015625 0.0874263265625 0.4519337015625 0.097249509375 0.44585635312500005 0.0992141453125 0.440883978125 0.096267190625 0.4254143640625 0.0874263265625 0.420994475
1 0 0.45359116093749996 0.0127701375 0.45359116093749996 0.033398821875 0.45027624375 0.0353634578125 0.4337016578125 0.031434184375 0.4254143640625 0.020628684375 0.4215469609375 0 0.4215469609375 0 0.45359116093749996
0 0.634577603125 0.41325966875000003 0.6326129671875 0.41325966875000003 0.5874263265625 0.414364640625 0.57760314375 0.4187845296875 0.57760314375 0.422651934375 0.584479371875 0.42872928125 0.5913555984375 0.42983425468750003 0.6512770140625 0.42762430937499996 0.6561886046875001 0.4243093921875 0.6552062875 0.4176795578125 0.6512770140625 0.41546961250000003 0.634577603125 0.41325966875000003
0 0.7671905703124999 0.41160220937499997 0.729862475 0.41381215468750004 0.724950884375 0.4187845296875 0.7269155203125 0.42486187812500004 0.735756384375 0.42762430937499996 0.7927308453124999 0.4270718234375 0.7996070734375 0.4215469609375 0.7976424359375 0.41546961250000003 0.7917485265625 0.41215469687499995 0.770137525 0.41160220937499997 0.7671905703124999 0.41160220937499997
0 0.93713163125 0.4110497234375 0.9125736734375 0.4110497234375 0.903732809375 0.41546961250000003 0.902750490625 0.4243093921875 0.9125736734375 0.4309392265625 0.9469548140624999 0.43314917187499996 0.9557956781250001 0.42928176718750005 0.9597249515625 0.4160221 0.9567779953125 0.41325966875000003 0.9420432218749999 0.4110497234375 0.93713163125 0.4110497234375