1 0 0.46382978750000003 0.023629489062500002 0.46276595781249996 0.034026465625 0.4579787234375 0.034026465625 0.44042553125 0.032136106250000004 0.4372340421875 0.0217391296875 0.4329787234375 0.0170132328125 0.4329787234375 0 0.4335106390625 0 0.46382978750000003
1 0.093572778125 0.43670212812500003 0.0841209828125 0.4324468078125 0.0699432890625 0.43191489375 0.068998109375 0.43191489375 0.0472589796875 0.4335106390625 0.040642721874999996 0.4393617015625 0.0378071828125 0.447340425 0.039697542187500004 0.45585106406250003 0.0472589796875 0.4622340421875 0.0775047265625 0.46276595781249996 0.0879017015625 0.4611702125 0.0945179578125 0.45691489374999994 0.09640831718750001 0.4425531921875 0.093572778125 0.43670212812500003
1 0.13327032187500001 0.4308510640625 0.1323251421875 0.4308510640625 0.1105860109375 0.43191489375 0.101134215625 0.4388297875 0.101134215625 0.4553191484375 0.10964083124999999 0.46170212812500006 0.1465028359375 0.4611702125 0.15500945156249998 0.456382978125 0.157844990625 0.445212765625 0.15595463125 0.4377659578125 0.1512287328125 0.4335106390625 0.13327032187500001 0.4308510640625
1 0.21833648437500003 0.4393617015625 0.21077504687499998 0.4324468078125 0.2013232515625 0.43031914843749997 0.19588846875000002 0.43031914843749997 0.17202268437499998 0.4308510640625 0.16351606875 0.4356382984375 0.1606805296875 0.45106382968750003 0.1654064265625 0.45851063906249995 0.1710775046875 0.4611702125 0.1994328921875 0.4611702125 0.20888468750000003 0.46010638281249994 0.21455576562499998 0.4574468078125 0.21833648437500003 0.4515957453125 0.21833648437500003 0.4393617015625
1 0.2788279765625 0.4372340421875 0.275047259375 0.4329787234375 0.26370510468749997 0.429787234375 0.25897920625 0.429787234375 0.23440453749999998 0.43031914843749997 0.2258979203125 0.434042553125 0.2221172015625 0.4388297875 0.2211720234375 0.44787234062500003 0.22306238125000002 0.4531914890625 0.2315689984375 0.45957446874999996 0.262759925 0.46010638281249994 0.27599243906250004 0.456382978125 0.2807183359375 0.4468085109375 0.2788279765625 0.4372340421875
1 0.3374291109375 0.4329787234375 0.32608695625 0.42925531875 0.3015122875 0.429787234375 0.30056710781249996 0.42925531875 0.29017013281250004 0.43191489375 0.285444234375 0.43829787187499997 0.28449905468750003 0.44787234062500003 0.29017013281250004 0.45691489374999994 0.2967863890625 0.45957446874999996 0.321361059375 0.45957446874999996 0.33364839375 0.4574468078125 0.3393194703125 0.452127659375 0.3412098296875 0.44468085156250003 0.3374291109375 0.4329787234375
1 0.3875236296875 0.4287234046875 0.380907371875 0.4287234046875 0.356332703125 0.42925531875 0.34877126718749996 0.43191489375 0.3449905484375 0.4388297875 0.3449905484375 0.4468085109375 0.352551984375 0.4579787234375 0.3856332703125 0.45851063906249995 0.398865784375 0.4553191484375 0.4017013234375 0.4484042546875 0.398865784375 0.43457446875 0.3875236296875 0.4287234046875
1 0.5 0.431382978125 0.49432892187500005 0.4287234046875 0.45746691874999995 0.429787234375 0.44517958437500005 0.427659575 0.44423440468750003 0.42712765937499997 0.413043478125 0.4287234046875 0.4054820421875 0.4308510640625 0.4035916828125 0.44042553125 0.40831757968750004 0.4462765953125 0.4177693765625 0.45 0.4243856328125 0.45 0.4527410203125 0.4414893609375 0.49243856406250003 0.44042553125 0.5 0.4356382984375 0.5 0.431382978125
1 0.678638940625 0.42393617031249997 0.672022684375 0.42393617031249997 0.6020793953125 0.4260638296875 0.5954631375 0.4287234046875 0.5945179578124999 0.434042553125 0.603024575 0.43989361718750003 0.6606805296875 0.43989361718750003 0.6956521734375001 0.4377659578125 0.7013232515625 0.434042553125 0.700378071875 0.4281914890625 0.6909262765624999 0.42446808437500005 0.678638940625 0.42393617031249997
1 0.8752362953124999 0.42393617031249997 0.8591682421875 0.422872340625 0.8582230624999999 0.422872340625 0.8024574671875 0.42393617031249997 0.795841209375 0.42712765937499997 0.795841209375 0.4329787234375 0.8043478265624999 0.4377659578125 0.8336483937500001 0.43829787187499997 0.86483931875 0.4462765953125 0.8752362953124999 0.44574468125 0.8856332703125 0.4372340421875 0.8837429109375 0.4287234046875 0.8752362953124999 0.42393617031249997
1 1 0.4238179671875 0.9952741015625 0.42234042499999996 0.9900756140625001 0.42234042499999996 0.9640831765625 0.42234042499999996 0.9584120984375 0.425 0.948960303125 0.443617021875 0.9546313796874999 0.45053191562499995 0.9640831765625 0.452127659375 0.9886578453125001 0.452127659375 1 0.45 1 0.4238179671875
0 0.45746691874999995 0.1058510640625 0.44801512343749994 0.106382978125 0.44423440468750003 0.1122340421875 0.4319470703125 0.109042553125 0.42816635156249994 0.118617021875 0.43289225 0.122872340625 0.4603024578125 0.12127659531249999 0.4716446125 0.1175531921875 0.4716446125 0.1101063828125 0.4603024578125 0.1058510640625 0.45746691874999995 0.1058510640625
0 0.46786389375 0.125 0.44896030312499996 0.125 0.44801512343749994 0.125 0.4404536859375 0.12606382968750002 0.431001890625 0.1308510640625 0.42911153124999996 0.13989361718749999 0.4319470703125 0.1441489359375 0.43856332656249997 0.147340425 0.44801512343749994 0.14787234062500001 0.4716446125 0.14627659531249998 0.47731569062499996 0.1388297875 0.47542533125 0.12872340468750001 0.46786389375 0.125
0 0.4527410203125 0.15 0.43856332656249997 0.1510638296875 0.4319470703125 0.156382978125 0.434782609375 0.1712765953125 0.4423440453125 0.177127659375 0.46786389375 0.1765957453125 0.47353497187500004 0.172340425 0.4744801515625 0.154787234375 0.46975425312499997 0.1515957453125 0.45746691874999995 0.15 0.4527410203125 0.15
0 0.46502835468750003 0.179787234375 0.45982986718749996 0.179787234375 0.4423440453125 0.18031914843750002 0.4357277875 0.188297871875 0.43856332656249997 0.204787234375 0.4423440453125 0.2085106390625 0.44896030312499996 0.2106382984375 0.463137996875 0.20957446875 0.46975425312499997 0.20691489375 0.4725897921875 0.2031914890625 0.47353497187500004 0.1851063828125 0.46502835468750003 0.179787234375
0 0.459357278125 0.213297871875 0.4508506609375 0.213297871875 0.443289225 0.21648936093749999 0.4404536859375 0.22393617031250002 0.443289225 0.243617021875 0.44896030312499996 0.24946808437499998 0.4603024578125 0.250531915625 0.46691871406249996 0.2484042546875 0.46975425312499997 0.2446808515625 0.4716446125 0.222872340625 0.46786389375 0.21542553125000002 0.459357278125 0.213297871875
0 0.4603024578125 0.254787234375 0.45368620000000004 0.254787234375 0.44706994375000003 0.2579787234375 0.44423440468750003 0.2638297875 0.44517958437500005 0.2888297875 0.4508506609375 0.295212765625 0.4621928171875 0.2962765953125 0.46786389375 0.29414893593749997 0.4716446125 0.2877659578125 0.4716446125 0.2648936171875 0.4688090734375 0.2579787234375 0.4603024578125 0.254787234375
0 0.459357278125 0.3010638296875 0.44896030312499996 0.30265957499999996 0.4461247640625 0.30691489375000003 0.44706994375000003 0.3361702125 0.45746691874999995 0.3414893609375 0.46786389375 0.3398936171875 0.47353497187500004 0.3329787234375 0.4725897921875 0.3074468078125 0.46975425312499997 0.3031914890625 0.46408317656250003 0.3010638296875 0.459357278125 0.3010638296875
0 0.4725897921875 0.3489361703125 0.4621928171875 0.34574468125 0.45746691874999995 0.34574468125 0.4527410203125 0.3462765953125 0.44706994375000003 0.3515957453125 0.44706994375000003 0.37606382968749996 0.451795840625 0.384042553125 0.45652173906250004 0.3861702125 0.46502835468750003 0.3861702125 0.4725897921875 0.3835106390625 0.47542533125 0.379787234375 0.47542533125 0.35691489375 0.4725897921875 0.3489361703125
0 0.4603024578125 0.3898936171875 0.451795840625 0.3920212765625 0.44801512343749994 0.3984042546875 0.44896030312499996 0.4234042546875 0.455576559375 0.42712765937499997 0.46975425312499997 0.427659575 0.47731569062499996 0.42446808437500005 0.47731569062499996 0.4031914890625 0.47353497187500004 0.3925531921875 0.46408317656250003 0.3898936171875 0.4603024578125 0.3898936171875
0 0.5803402640625 0.4260638296875 0.5406427218750001 0.425531915625 0.5396975421875 0.425 0.522684309375 0.4260638296875 0.5151228734375 0.42925531875 0.51417769375 0.4361702125 0.5170132328125 0.4393617015625 0.5245746687499999 0.440957446875 0.565217390625 0.440957446875 0.579395084375 0.44042553125 0.5879017015625 0.43670212812500003 0.5879017015625 0.43031914843749997 0.5803402640625 0.4260638296875
0 0.7637051046875001 0.4234042546875 0.762759925 0.422872340625 0.7268431 0.4234042546875 0.7173913046875 0.4265957453125 0.7164461249999999 0.43457446875 0.7221172015625 0.4377659578125 0.73062381875 0.4388297875 0.7722117203125001 0.43829787187499997 0.78733459375 0.4361702125 0.78733459375 0.425 0.77977315625 0.4234042546875 0.7637051046875001 0.4234042546875
0 0.941398865625 0.4234042546875 0.9319470703125001 0.42234042499999996 0.9267485828125 0.42234042499999996 0.9045368625 0.422872340625 0.8931947062500001 0.42712765937499997 0.892249528125 0.4361702125 0.898865784375 0.4414893609375 0.9102079390625001 0.44308510625 0.9366729671874999 0.4420212765625 0.943289225 0.43989361718750003 0.9480151234375 0.4356382984375 0.948960303125 0.427659575 0.941398865625 0.4234042546875