1 0.47494780781249996 0.40152403281250004 0.46033402968750003 0.40269636562500005 0.45615866406250005 0.40504103125 0.45511482187499996 0.4126611953125 0.4624217125 0.41793669375000003 0.5657620046875 0.41735052812499995 0.574112734375 0.41324736250000005 0.57306889375 0.40504103125 0.563674321875 0.4021102 0.47703549062499995 0.40152403281250004 0.47494780781249996 0.40152403281250004
1 0.706680584375 0.3985932 0.7035490609374999 0.3985932 0.6868475984375 0.3997655328125 0.67849686875 0.40269636562500005 0.6764091859375 0.41090269687500003 0.6805845515625 0.4144196953125 0.68893528125 0.4161781953125 0.7494780796875 0.415592028125 0.7578288093750001 0.41207502968750004 0.7588726515625 0.40386869843750006 0.7484342374999999 0.3985932 0.706680584375 0.3985932
1 0.9342379953125001 0.3991793671875 0.9196242171875 0.398007034375 0.9138830890625 0.398007034375 0.8956158656250001 0.3985932 0.8820459296875001 0.4032825328125 0.8789144046875 0.41500586093749997 0.88622129375 0.4214536921875 0.89979123125 0.42321219218749995 0.9070981203124999 0.4208675265625 0.931106471875 0.41852286093749996 0.94050104375 0.41383352812499996 0.94050104375 0.4021102 0.9342379953125001 0.3991793671875
0 1 0.399700403125 0.998956159375 0.3991793671875 0.9874739046875 0.3974208671875 0.9818371609375 0.3974208671875 0.9592901875000001 0.3974208671875 0.9540709812499999 0.3985932 0.948851775 0.4032825328125 0.9478079328125 0.420281359375 0.9519832984375001 0.42555685781249997 0.963465553125 0.43024619062499997 0.9926931109374999 0.43024619062499997 1 0.42665592031250005 1 0.399700403125
1 0 0.438305978125 0.0073068890624999995 0.441383353125 0.0427974953125 0.441383353125 0.050104384375 0.4402110203125 0.055323590624999995 0.436694021875 0.0584551140625 0.43024619062499997 0.0584551140625 0.4167643609375 0.051148225000000005 0.4103165296875 0.035490604687499996 0.40738569687500004 0.03235908125 0.40738569687500004 0.0104384140625 0.40855803125 0.001043840625 0.4114888625 0 0.4126611953125 0 0.438305978125
1 0.1210855953125 0.43024619062499997 0.1189979125 0.41383352812499996 0.10751565781250001 0.40855803125 0.08037578281249999 0.409144196875 0.0793319421875 0.40855803125 0.0720250515625 0.41207502968750004 0.06993736874999999 0.4208675265625 0.0668058453125 0.4214536921875 0.07098121093750001 0.42262602656250003 0.06993736874999999 0.4343493546875 0.07306889375 0.43845252031250004 0.08350730625 0.441383353125 0.11064718124999999 0.43962485312500005 0.1189979125 0.43493552187500006 0.1210855953125 0.43024619062499997
1 0.18789144062500002 0.41500586093749997 0.1847599171875 0.4103165296875 0.1764091859375 0.40679953125 0.17049373750000002 0.40679953125 0.1409185796875 0.40679953125 0.129436325 0.4114888625 0.1252609609375 0.41910902656250004 0.1252609609375 0.4273153578125 0.133611690625 0.43845252031250004 0.14300626249999998 0.4402110203125 0.1722338203125 0.43962485312500005 0.1858037578125 0.43493552187500006 0.18893528125 0.4296600234375 0.18789144062500002 0.41500586093749997
1 0.25260960312499997 0.4103165296875 0.24321503125000002 0.4056271984375 0.2374739046875 0.4056271984375 0.2035490609375 0.40679953125 0.1972860125 0.41090269687500003 0.19311064687499999 0.426143025 0.20250521875 0.4378663546875 0.23695198281250002 0.43903868749999997 0.244258871875 0.43845252031250004 0.2536534453125 0.4343493546875 0.25678496875 0.4296600234375 0.25678496875 0.4167643609375 0.25260960312499997 0.4103165296875
1 0.3131524015625 0.4056271984375 0.303757828125 0.40504103125 0.2954070984375 0.40504103125 0.27348642968750003 0.4056271984375 0.262004175 0.41207502968750004 0.260960334375 0.42848769062500003 0.2651357 0.43493552187500006 0.271398746875 0.4378663546875 0.3131524015625 0.43728018750000003 0.32150313124999996 0.4320046890625 0.3235908140625 0.423798359375 0.320459290625 0.4114888625 0.3131524015625 0.4056271984375
1 0.40292275625 0.41735052812499995 0.40292275625 0.4114888625 0.3977035484375 0.4056271984375 0.3914405015625 0.4032825328125 0.3872651359375 0.4032825328125 0.34029227500000003 0.40504103125 0.3319415453125 0.40797186406249997 0.3277661796875 0.4126611953125 0.3267223375 0.4214536921875 0.3298538625 0.43083235625 0.33507306875 0.43493552187500006 0.3413361171875 0.436694021875 0.35699373749999996 0.43493552187500006 0.3966597078125 0.422039859375 0.40292275625 0.41735052812499995
0 0.41336116875 0.07913247343749999 0.40657620000000005 0.07913247343749999 0.3914405015625 0.079718640625 0.38100208750000003 0.0855803046875 0.3820459296875 0.1002344671875 0.38935281875 0.10609613124999999 0.395615865625 0.10726846406249999 0.4248434234375 0.10668229843749999 0.43006263125000005 0.101992965625 0.43215031249999997 0.084407971875 0.42693110624999997 0.0808909734375 0.41336116875 0.07913247343749999
0 0.413100209375 0.1096131296875 0.3966597078125 0.1096131296875 0.3841336109375 0.1160609609375 0.38622129374999997 0.13188745625 0.395615865625 0.1395076203125 0.4206680578125 0.1383352875 0.4290187890625 0.1330597890625 0.43006263125000005 0.1160609609375 0.42797494843750006 0.11254396250000001 0.41858037656249997 0.1096131296875 0.413100209375 0.1096131296875
0 0.4290187890625 0.1500586171875 0.42693110624999997 0.1465416171875 0.41962421718750004 0.14302461875 0.41336116875 0.14302461875 0.3966597078125 0.1436107859375 0.3914405015625 0.1465416171875 0.38830897656249996 0.15240328281249998 0.38935281875 0.1635404453125 0.394572025 0.1740914421875 0.403966596875 0.177608440625 0.4144050109375 0.177608440625 0.422755740625 0.17584994062499998 0.4248434234375 0.173505275 0.4290187890625 0.1500586171875
0 0.41753653437500005 0.18171160625 0.4112734859375 0.18171160625 0.39979123125 0.1828839390625 0.394572025 0.190504103125 0.3977035484375 0.21864009375000001 0.40292275625 0.22332942500000003 0.41022964531249995 0.22508792500000002 0.4237995828125 0.22039859375 0.425887265625 0.21512309531249998 0.425887265625 0.1910902703125 0.4237995828125 0.1846424390625 0.41753653437500005 0.18171160625
0 0.4154488515625 0.229191090625 0.409185803125 0.229191090625 0.4018789140625 0.2303634234375 0.3977035484375 0.235638921875 0.3977035484375 0.2584994140625 0.39979123125 0.2690504109375 0.41336116875 0.27373974218749997 0.422755740625 0.27022274375 0.42693110624999997 0.2649472453125 0.42693110624999997 0.238569753125 0.4237995828125 0.232121921875 0.4154488515625 0.229191090625
0 0.4154488515625 0.2778429078125 0.4112734859375 0.2778429078125 0.403966596875 0.279015240625 0.398747390625 0.28487690468750004 0.39979123125 0.3147713953125 0.4050104390625 0.32063305937500003 0.4112734859375 0.322391559375 0.42693110624999997 0.31828839375 0.43006263125000005 0.311254396875 0.4290187890625 0.2860492375 0.4248434234375 0.28077373906249997 0.4154488515625 0.2778429078125
0 0.4144050109375 0.326494725 0.4050104390625 0.3276670578125 0.39979123125 0.333528721875 0.4018789140625 0.3651817109375 0.40605427968749996 0.370457209375 0.4144050109375 0.3716295421875 0.42797494843750006 0.36987104375 0.43215031249999997 0.3599062140625 0.4290187890625 0.33118405625 0.41962421718750004 0.326494725 0.4144050109375 0.326494725
0 0.422755740625 0.376318875 0.41753653437500005 0.376318875 0.409185803125 0.3774912078125 0.40292275625 0.38100820625 0.4018789140625 0.40386869843750006 0.41858037656249997 0.4161781953125 0.4331941546875 0.41735052812499995 0.4436325671875 0.4126611953125 0.44572025000000004 0.40738569687500004 0.43423799531249996 0.3997655328125 0.431106471875 0.38100820625 0.422755740625 0.376318875
0 0.609603340625 0.40035170000000003 0.602818371875 0.40035170000000003 0.5866388312499999 0.4021102 0.582463465625 0.404454865625 0.5814196234375 0.4114888625 0.5887265140625 0.4167643609375 0.6450939453125 0.4167643609375 0.6576200421875 0.41500586093749997 0.6628392484375001 0.4114888625 0.660751565625 0.4032825328125 0.6524008343750001 0.40035170000000003 0.609603340625 0.40035170000000003
0 0.863256784375 0.40035170000000003 0.8549060546874999 0.3985932 0.81106471875 0.398007034375 0.8100208765625 0.398007034375 0.7703549062499999 0.3997655328125 0.7651357 0.40386869843750006 0.7672233828125 0.41207502968750004 0.7755741125 0.41500586093749997 0.8267223375 0.415592028125 0.8590814203124999 0.4214536921875 0.8684759921874999 0.41735052812499995 0.8716075156249999 0.41383352812499996 0.8716075156249999 0.4062133640625 0.863256784375 0.40035170000000003