0 0.454 0.10168539375 0.44800000000000006 0.10168539375 0.43 0.103932584375 0.42300000000000004 0.10842696562500001 0.42300000000000004 0.117977528125 0.43200000000000005 0.12471910156249999 0.457 0.1252808984375 0.46900000000000003 0.12191011249999999 0.472 0.116292134375 0.471 0.106179775 0.466 0.1033707859375 0.454 0.10168539375
0 0.466 0.130337078125 0.45499999999999996 0.1280898875 0.44933300000000004 0.1280898875 0.438 0.1280898875 0.43 0.130337078125 0.42400000000000004 0.13595505624999998 0.42699999999999994 0.152247190625 0.43600000000000005 0.15786516875 0.46299999999999997 0.1567415734375 0.46799999999999997 0.1533707859375 0.471 0.1449438203125 0.47000000000000003 0.1342696625 0.466 0.130337078125
0 0.458 0.1606741578125 0.45199999999999996 0.1606741578125 0.43600000000000005 0.161797753125 0.429 0.17022471875 0.43099999999999994 0.1870786515625 0.438 0.19213483125 0.446 0.1932584265625 0.462 0.1910112359375 0.46799999999999997 0.18426966250000001 0.46900000000000003 0.1668539328125 0.46699999999999997 0.16404494375 0.458 0.1606741578125
0 0.46399999999999997 0.2 0.45599999999999996 0.1971910109375 0.45099999999999996 0.1971910109375 0.441 0.19831460625 0.43499999999999994 0.203932584375 0.437 0.22977528125000002 0.44000000000000006 0.23426966249999998 0.45 0.23764045 0.45499999999999996 0.23764045 0.46399999999999997 0.233707865625 0.466 0.22584269687499997 0.466 0.2028089890625 0.46399999999999997 0.2
0 0.45599999999999996 0.24213483125000002 0.45 0.24213483125000002 0.441 0.244382021875 0.438 0.2494382015625 0.43899999999999995 0.277528090625 0.446 0.28426966249999996 0.45 0.2848314609375 0.462 0.2825842703125 0.46699999999999997 0.27528089843750003 0.466 0.2488764046875 0.46399999999999997 0.24550561875 0.45599999999999996 0.24213483125000002
0 0.454 0.2893258421875 0.446 0.2904494375 0.44000000000000006 0.29550561875 0.44000000000000006 0.3247191015625 0.446 0.332022471875 0.461 0.3331460671875 0.46900000000000003 0.3252808984375 0.46900000000000003 0.3028089890625 0.465 0.29213483125 0.45499999999999996 0.2893258421875 0.454 0.2893258421875
0 0.46799999999999997 0.341573034375 0.45899999999999996 0.33764045 0.45499999999999996 0.33764045 0.446 0.3393258421875 0.441 0.343820225 0.441 0.3719101125 0.445 0.3792134828125 0.453 0.38258427031250003 0.46299999999999997 0.382022471875 0.46799999999999997 0.3792134828125 0.471 0.37359550625 0.47000000000000003 0.34494382031250004 0.46799999999999997 0.341573034375
0 0.45899999999999996 0.38595505625 0.458 0.38595505625 0.44800000000000006 0.38764045 0.44299999999999995 0.39269662968749997 0.44000000000000006 0.42359550625000003 0.445 0.4269662921875 0.454 0.4252808984375 0.457 0.4219101125 0.47300000000000003 0.41460674218750004 0.471 0.3910112359375 0.466 0.3870786515625 0.45899999999999996 0.38595505625
0 0.604 0.41516853906250006 0.5940000000000001 0.416292134375 0.588 0.4219101125 0.5900000000000001 0.4280898875 0.597 0.43146067343750005 0.654 0.43089887656250003 0.666 0.42640449374999995 0.665 0.4191011234375 0.658 0.4157303375 0.608 0.41516853906250006 0.604 0.41516853906250006
0 0.827 0.41348314531249997 0.826 0.41292134843749995 0.817 0.41348314531249997 0.8089999999999999 0.416292134375 0.807 0.422471909375 0.8109999999999999 0.42752809062499997 0.86 0.43146067343750005 0.868 0.43146067343750005 0.8720000000000001 0.42921348281249994 0.877 0.4185393265625 0.8699999999999999 0.41460674218750004 0.827 0.41348314531249997
0 1 0.41397471875 0.9949999999999999 0.41292134843749995 0.9880000000000001 0.41292134843749995 0.977 0.41404494375 0.9710000000000001 0.41797752812500005 0.967 0.4247191015625 0.969 0.4365168546875 0.982 0.44382022499999996 0.9970000000000001 0.4432584265625 1 0.44143258437500005 1 0.41397471875
1 0.43200000000000005 0.42640449374999995 0.425 0.42022471875 0.393 0.419662921875 0.392 0.4191011234375 0.37 0.42078651718750004 0.363 0.4269662921875 0.363 0.44213483125 0.369 0.44831460625 0.375 0.4505617984375 0.389 0.4505617984375 0.40199999999999997 0.447752809375 0.42400000000000004 0.439887640625 0.43200000000000005 0.43426966250000004 0.43200000000000005 0.42640449374999995
1 0.356 0.4466292140625 0.357 0.42640449374999995 0.35 0.42078651718750004 0.343 0.419662921875 0.339 0.419662921875 0.312 0.42022471875 0.302 0.424157303125 0.298 0.430337078125 0.298 0.4404494375 0.302 0.447752809375 0.307 0.4505617984375 0.315 0.45224719062499996 0.341 0.45168539374999994 0.34900000000000003 0.4505617984375 0.356 0.4466292140625
1 0.292 0.4252808984375 0.27799999999999997 0.42022471875 0.269 0.42022471875 0.24700000000000003 0.42078651718750004 0.238 0.42584269687500004 0.236 0.4426966296875 0.24 0.4494382015625 0.24700000000000003 0.45224719062499996 0.27799999999999997 0.45224719062499996 0.286 0.4505617984375 0.29100000000000004 0.4471910109375 0.294 0.43932584218750004 0.292 0.4252808984375
1 0.22799999999999998 0.4269662921875 0.21800000000000003 0.4219101125 0.196 0.42134831406249995 0.191 0.42134831406249995 0.177 0.42303370781250005 0.172 0.4269662921875 0.16899999999999998 0.44101123593749997 0.174 0.45 0.183 0.4533707859375 0.22000000000000003 0.45224719062499996 0.227 0.44887640468749995 0.22999999999999998 0.44382022499999996 0.231 0.4331460671875 0.22799999999999998 0.4269662921875
1 0.159 0.424157303125 0.144 0.42134831406249995 0.141 0.42134831406249995 0.11699999999999999 0.422471909375 0.10700000000000001 0.42977528125 0.10800000000000001 0.44887640468749995 0.11699999999999999 0.45393258437500006 0.151 0.45393258437500006 0.159 0.45224719062499996 0.16299999999999998 0.44887640468749995 0.16599999999999998 0.44101123593749997 0.16499999999999998 0.42921348281249994 0.159 0.424157303125
1 0.093 0.42359550625000003 0.078 0.422471909375 0.0725 0.422471909375 0.05600000000000001 0.42303370781250005 0.045 0.42752809062499997 0.040999999999999995 0.43483146093749997 0.040999999999999995 0.44550561875000005 0.05 0.45449438124999997 0.088 0.45449438124999997 0.094 0.4533707859375 0.101 0.44831460625 0.101 0.4286516859375 0.093 0.42359550625000003
1 0 0.45583929218749997 0.023 0.4550561796875 0.034999999999999996 0.45168539374999994 0.038 0.44550561875000005 0.034999999999999996 0.4286516859375 0.024 0.42359550625000003 0.014000000000000002 0.42359550625000003 0.008667 0.42359550625000003 0 0.42406670156250004 0 0.45583929218749997
1 0.5309999999999999 0.416292134375 0.53 0.416292134375 0.47400000000000003 0.41797752812500005 0.458 0.4252808984375 0.457 0.43146067343750005 0.462 0.4331460671875 0.5559999999999999 0.43258427031249996 0.5690000000000001 0.42921348281249994 0.571 0.422471909375 0.5650000000000001 0.41797752812500005 0.5559999999999999 0.416292134375 0.5309999999999999 0.416292134375
1 0.718 0.41404494375 0.716 0.41404494375 0.679 0.41516853906250006 0.673 0.41797752812500005 0.673 0.42752809062499997 0.683 0.43089887656250003 0.769 0.42977528125 0.778 0.4286516859375 0.7849999999999999 0.42359550625000003 0.784 0.4185393265625 0.776 0.41460674218750004 0.718 0.41404494375
1 0.959 0.4185393265625 0.952 0.41460674218750004 0.913 0.41348314531249997 0.908 0.41348314531249997 0.893 0.41348314531249997 0.8859999999999999 0.41516853906250006 0.8789999999999999 0.4247191015625 0.8789999999999999 0.43595505625 0.885 0.43932584218750004 0.898 0.44213483125 0.9400000000000001 0.43483146093749997 0.952 0.43146067343750005 0.96 0.4247191015625 0.959 0.4185393265625