0 0.5684647296875001 0.4114219109375 0.565352696875 0.4114219109375 0.5477178421875 0.4131701625 0.5435684640625 0.41724941718749997 0.5477178421875 0.4265734265625 0.553941909375 0.428321678125 0.60995850625 0.428321678125 0.61929460625 0.427738928125 0.625518671875 0.4230769234375 0.6265560171875 0.41783216718749994 0.61929460625 0.41258741250000003 0.5684647296875001 0.4114219109375
1 0.7334024890624999 0.409673659375 0.7292531125 0.409673659375 0.72095435625 0.4114219109375 0.6410788375 0.41200466249999995 0.634854771875 0.4143356640625 0.6317427390625 0.41958042031250004 0.64004149375 0.4271561765625 0.7334024890624999 0.4265734265625 0.744813278125 0.424242425 0.74896265625 0.41958042031250004 0.7468879671875001 0.4131701625 0.7334024890624999 0.409673659375
1 0.935684646875 0.4085081578125 0.9004149375000001 0.4085081578125 0.894190871875 0.4085081578125 0.8609958499999999 0.41083916093750006 0.8568464734375001 0.41608391562499997 0.8599585062499999 0.4230769234375 0.8765560171875 0.425407925 0.905601659375 0.425407925 0.9419087140625001 0.43356643281249996 0.9533195015624999 0.42890442812499996 0.9574688796874999 0.41783216718749994 0.9512448125 0.41083916093750006 0.935684646875 0.4085081578125
1 0.5207468875 0.4207459203125 0.4792531125 0.4131701625 0.47614107812500006 0.4131701625 0.43568464687499997 0.414918415625 0.4273858921875 0.41724941718749997 0.4232365140625 0.42249417187500005 0.4232365140625 0.42948717968750005 0.4336099578125 0.44114219062500004 0.443983403125 0.4428904421875 0.4865145234375 0.42948717968750005 0.51037344375 0.42890442812499996 0.5217842328125 0.4259906765625 0.5207468875 0.4207459203125
1 0.4170124484375 0.42249417187500005 0.41078838125 0.4166666671875 0.4014522828125 0.414918415625 0.3962655609375 0.414918415625 0.37136929531249996 0.415501165625 0.35995850625000003 0.421328671875 0.3578838171875 0.4376456875 0.35995850625000003 0.44172494218749997 0.36929460625 0.44755244687499995 0.40456431562499995 0.44755244687499995 0.414937759375 0.4458041953125 0.41804979218750005 0.44347319374999994 0.42012448124999996 0.43123543125 0.4170124484375 0.42249417187500005
1 0.3433609953125 0.41608391562499997 0.33402489687500003 0.415501165625 0.32676348593750004 0.415501165625 0.3029045640625 0.4166666671875 0.2935684640625 0.42191142187499997 0.2914937765625 0.4382284375 0.295643153125 0.4452214453125 0.303941909375 0.4487179484375 0.335062240625 0.4487179484375 0.3485477171875 0.4452214453125 0.3537344390625 0.4376456875 0.3516597515625 0.42191142187499997 0.3433609953125 0.41608391562499997
1 0.2883817421875 0.43065268124999995 0.2831950203125 0.4207459203125 0.27489626562499997 0.4166666671875 0.2694502078125 0.4166666671875 0.2334024890625 0.41783216718749994 0.22821576718749997 0.421328671875 0.224066390625 0.4271561765625 0.224066390625 0.4376456875 0.226141078125 0.4428904421875 0.2334024890625 0.4487179484375 0.273858921875 0.44930070000000005 0.2831950203125 0.4452214453125 0.28734439843750004 0.439976690625 0.2883817421875 0.43065268124999995
1 0.2199170125 0.4271561765625 0.215767634375 0.4207459203125 0.20435684687500003 0.4166666671875 0.19294605781250002 0.4166666671875 0.1877593359375 0.4166666671875 0.16701244843750002 0.41899766875 0.1576763484375 0.428321678125 0.1566390046875 0.4382284375 0.1597510375 0.4452214453125 0.16701244843750002 0.44988345 0.1732365140625 0.4510489515625 0.2085062234375 0.44988345 0.2168049796875 0.4458041953125 0.2199170125 0.44114219062500004 0.2199170125 0.4271561765625
1 0.1473029046875 0.4207459203125 0.1379668046875 0.41783216718749994 0.13236514531250002 0.41783216718749994 0.1068464734375 0.41841491875000003 0.0964730296875 0.42482517499999994 0.094398340625 0.44055944062499997 0.0964730296875 0.4458041953125 0.10373443906249999 0.4504662 0.13900415 0.4510489515625 0.14937759374999998 0.44813519843750005 0.1524896265625 0.44230769218750005 0.1524896265625 0.427738928125 0.1473029046875 0.4207459203125
1 0.07572614062500001 0.41899766875 0.052904564062500006 0.41841491875000003 0.050829875000000004 0.41841491875000003 0.0363070546875 0.4207459203125 0.030082987500000002 0.4259906765625 0.028008298437500002 0.4370629375 0.033195020312500004 0.44930070000000005 0.04979253125 0.452797203125 0.084024896875 0.44988345 0.0902489625 0.44114219062500004 0.0912863078125 0.43181818125 0.08609958437500001 0.42249417187500005 0.07572614062500001 0.41899766875
1 0 0.452744225 0.014522821875 0.4516317015625 0.0228215765625 0.4452214453125 0.023858921875 0.427738928125 0.021784232812500002 0.42482517499999994 0.01037344375 0.4201631703125 0.004149378125 0.4201631703125 0 0.4201631703125 0 0.452744225
0 0.4875518671875 0.0862470859375 0.47095435625000004 0.0885780890625 0.4636929453125 0.09440559375 0.46473029062500004 0.10372960312499999 0.474066390625 0.1107226109375 0.505186721875 0.110139859375 0.5134854765625 0.1048951046875 0.5124481328125 0.08974358906249999 0.506224065625 0.0874125875 0.49273858906249995 0.0862470859375 0.4875518671875 0.0862470859375
0 0.485477178125 0.11305361249999998 0.4730290453125 0.1148018640625 0.465767634375 0.12062937031250001 0.4678423234375 0.1375291375 0.47717842343749994 0.14393939375 0.505186721875 0.1427738921875 0.5114107890625 0.1381118875 0.5114107890625 0.1171328671875 0.505186721875 0.1142191140625 0.49066390000000004 0.11305361249999998 0.485477178125 0.11305361249999998
0 0.5041493781249999 0.147435896875 0.495850621875 0.146270396875 0.48962655625 0.146270396875 0.4792531125 0.146853146875 0.4730290453125 0.15034965 0.4699170125 0.1602564109375 0.4719917015625 0.1736596734375 0.4792531125 0.17890442812500001 0.4865145234375 0.1800699296875 0.505186721875 0.1771561765625 0.5114107890625 0.1666666671875 0.51037344375 0.1515151515625 0.5041493781249999 0.147435896875
0 0.49688796718750006 0.1835664328125 0.495850621875 0.1835664328125 0.4834024890625 0.184731934375 0.47614107812500006 0.19114219062499999 0.48029045625 0.21969697031250002 0.4834024890625 0.22319347343749998 0.493775934375 0.224941725 0.506224065625 0.221445221875 0.5082987546875 0.21445221406249998 0.5082987546875 0.19055944062500002 0.506224065625 0.1870629375 0.49688796718750006 0.1835664328125
0 0.49896265624999997 0.22960372968749998 0.493775934375 0.22960372968749998 0.484439834375 0.23076923124999998 0.48029045625 0.234848484375 0.48029045625 0.26456876406249996 0.4834024890625 0.2698135203125 0.49170124531250003 0.27272727343750003 0.5020746890625001 0.27156177187499997 0.5093361 0.2639860140625 0.5082987546875 0.2365967359375 0.506224065625 0.23310023281249997 0.49896265624999997 0.22960372968749998
0 0.50103734375 0.27738927812499997 0.49170124531250003 0.27738927812499997 0.4834024890625 0.28088578124999997 0.48132780156250005 0.284382284375 0.48132780156250005 0.3135198140625 0.485477178125 0.31934731875 0.494813278125 0.3228438234375 0.505186721875 0.3205128203125 0.5114107890625 0.3135198140625 0.5114107890625 0.2872960375 0.5072614109375 0.2803030296875 0.50103734375 0.27738927812499997
0 0.495850621875 0.3269230765625 0.4875518671875 0.328671328125 0.48236514531249997 0.33391608437500003 0.4834024890625 0.3618881125 0.4875518671875 0.36888111874999996 0.495850621875 0.371212121875 0.506224065625 0.3700466203125 0.5134854765625 0.3613053609375 0.5114107890625 0.33100233125 0.5 0.3269230765625 0.495850621875 0.3269230765625
0 0.49688796718750006 0.375291375 0.4875518671875 0.377622378125 0.484439834375 0.3822843828125 0.485477178125 0.409090909375 0.4979253109375 0.414918415625 0.514522821875 0.41608391562499997 0.5165975109375001 0.4044289046875 0.5134854765625 0.3822843828125 0.51037344375 0.377622378125 0.4979253109375 0.375291375 0.49688796718750006 0.375291375
0 0.8381742734375001 0.4085081578125 0.7873443984375 0.409090909375 0.7863070546875 0.4085081578125 0.775933609375 0.41083916093750006 0.7707468875 0.4143356640625 0.7717842328125 0.42191142187499997 0.7800829874999999 0.425407925 0.8381742734375001 0.425407925 0.8475103734375 0.42365967343750005 0.8495850624999999 0.421328671875 0.8495850624999999 0.4131701625 0.8464730296875 0.4102564109375 0.8381742734375001 0.4085081578125
0 1 0.4082362078125 0.9771784234374999 0.409090909375 0.9678423234375 0.4131701625 0.9657676343749999 0.4230769234375 0.9730290453125001 0.43065268124999995 0.9906639 0.43123543125 1 0.4301864796875 1 0.4082362078125