0 0.5 0.09939024375 0.4880694140625 0.0963414640625 0.4826464203125 0.0963414640625 0.466377440625 0.0963414640625 0.45878525000000003 0.09817073125 0.45227765781249996 0.1048780484375 0.455531453125 0.12195121874999999 0.4674620390625 0.1286585359375 0.49240780937500006 0.12743902499999998 0.5010845984375 0.12317073125 0.5043383953125 0.110365853125 0.502169196875 0.10182926875000001 0.5 0.09939024375
0 0.4859002171875 0.0682926828125 0.479753796875 0.0682926828125 0.4674620390625 0.0682926828125 0.45227765781249996 0.07439024375 0.45119305781249996 0.0841463421875 0.455531453125 0.090243903125 0.46312364375000004 0.0945121953125 0.49457700625 0.0939024390625 0.5032537968749999 0.089024390625 0.5043383953125 0.07439024375 0.5 0.0707317078125 0.4859002171875 0.0682926828125
0 0.47885032499999997 0.1310975609375 0.466377440625 0.1317073171875 0.45878525000000003 0.14024390312499999 0.46095444687500003 0.160365853125 0.47288503281249994 0.1664634140625 0.4880694140625 0.1658536578125 0.5 0.1579268296875 0.5 0.135365853125 0.49457700625 0.13231707343750002 0.48481561875 0.1310975609375 0.47885032499999997 0.1310975609375
0 0.481561821875 0.1707317078125 0.4696312359375 0.172560975 0.4642082421875 0.17804878125 0.466377440625 0.2042682921875 0.476138828125 0.213414634375 0.49240780937500006 0.21158536562500002 0.497830803125 0.20304878125 0.4989154015625 0.1786585359375 0.49457700625 0.17317073125 0.48698481562499996 0.1707317078125 0.481561821875 0.1707317078125
0 0.48698481562499996 0.21829268281249997 0.4826464203125 0.21829268281249997 0.47396963124999997 0.21951219531250002 0.4685466375 0.22439024375 0.4685466375 0.2567073171875 0.47180043437499997 0.261585365625 0.4804772234375 0.26463414687500003 0.49349240781250003 0.262804878125 0.4989154015625 0.2548780484375 0.497830803125 0.22560975625 0.49457700625 0.2207317078125 0.48698481562499996 0.21829268281249997
0 0.4826464203125 0.26951219531250004 0.47505422968750005 0.2713414640625 0.4696312359375 0.27682926874999997 0.4696312359375 0.3079268296875 0.4804772234375 0.3164634140625 0.49457700625 0.314634146875 0.5010845984375 0.3079268296875 0.5010845984375 0.2792682921875 0.496746203125 0.272560975 0.4902386109375 0.26951219531250004 0.4826464203125 0.26951219531250004
0 0.481561821875 0.32134146406249997 0.47288503281249994 0.325 0.470715834375 0.3286585359375 0.47180043437499997 0.3573170734375 0.47722342656250005 0.365243903125 0.49240780937500006 0.3670731703125 0.5010845984375 0.362804878125 0.5043383953125 0.35 0.5010845984375 0.325 0.4902386109375 0.32134146406249997 0.481561821875 0.32134146406249997
0 0.4902386109375 0.3713414640625 0.48481561875 0.3713414640625 0.476138828125 0.37378048750000004 0.47180043437499997 0.38109756093749997 0.47288503281249994 0.410975609375 0.476138828125 0.414634146875 0.48481561875 0.4158536578125 0.49457700625 0.414634146875 0.50542299375 0.4085365859375 0.5043383953125 0.3804878046875 0.5 0.37378048750000004 0.4902386109375 0.3713414640625
1 0.49457700625 0.42682926875 0.5260303687500001 0.42804878124999995 0.54121475 0.42560975624999997 0.54229935 0.414634146875 0.5357917578125 0.411585365625 0.5140997828125 0.41036585312499996 0.5119305859375001 0.41036585312499996 0.49457700625 0.4176829265625 0.49457700625 0.42682926875
1 0.648590021875 0.41219512187499996 0.6464208250000001 0.42195121875 0.6518438171875001 0.4262195125 0.658351409375 0.42682926875 0.752711496875 0.425 0.7646420828125 0.422560975 0.7689804765625 0.4176829265625 0.7603036875 0.409756096875 0.7429501078125 0.4085365859375 0.6670282000000001 0.4091463421875 0.648590021875 0.41219512187499996
1 0.8806941437500001 0.411585365625 0.87960954375 0.4176829265625 0.8839479390625 0.422560975 0.9099783078125 0.42439024375 0.9533622562499999 0.434756096875 0.9696312359375 0.4329268296875 0.979392625 0.422560975 0.976138828125 0.41280487812500005 0.9620390453125 0.4073170734375 0.895878525 0.4073170734375 0.8806941437500001 0.411585365625
1 0 0.45283771093749997 0.0097613890625 0.45304878125 0.033622559375 0.44817073125 0.03687635625 0.4335365859375 0.033622559375 0.42439024375 0.0271149671875 0.41951219531249995 0 0.4181263859375 0 0.45283771093749997
1 0.04121475 0.427439025 0.04121475 0.44451219531249997 0.0477223421875 0.45060975625 0.0921908890625 0.4512195125 0.1030368765625 0.44573170781250004 0.106290671875 0.439634146875 0.10412147499999999 0.425 0.0943600875 0.4176829265625 0.05748373125 0.4170731703125 0.04663774375 0.4201219515625 0.04121475 0.427439025
1 0.12255965312499999 0.4164634140625 0.1127982640625 0.4207317078125 0.10954446874999998 0.4262195125 0.10954446874999998 0.4420731703125 0.1160520609375 0.44939024375000003 0.1475054234375 0.4512195125 0.1648590015625 0.45 0.17136659375000002 0.44695121875000005 0.1767895875 0.43902439062500004 0.1757049890625 0.42560975624999997 0.16702820000000002 0.4176829265625 0.1475054234375 0.41524390312500004 0.12255965312499999 0.4164634140625
1 0.180043384375 0.425 0.180043384375 0.440243903125 0.187635575 0.4487804875 0.22017353593750003 0.45060975625 0.2353579171875 0.4487804875 0.241865509375 0.44512195156249995 0.24511930624999997 0.42439024375 0.2353579171875 0.4164634140625 0.19305856875 0.41524390312500004 0.184381778125 0.41890243906249996 0.180043384375 0.425
1 0.26355748437500004 0.41524390312500004 0.2570498921875 0.4170731703125 0.2505423 0.425 0.2505423 0.440243903125 0.2592190890625 0.44817073125 0.289587853125 0.44939024375000003 0.30802602968750004 0.44695121875000005 0.3112798265625 0.44451219531249997 0.3167028203125 0.43048780468750003 0.312364425 0.41951219531249995 0.30694143125 0.4158536578125 0.293926246875 0.414024390625 0.26355748437500004 0.41524390312500004
1 0.33188720156249996 0.414634146875 0.32212581406249996 0.42195121875 0.32104121406249997 0.43841463437500006 0.3297180046875 0.44695121875000005 0.353579175 0.4487804875 0.372017353125 0.447560975 0.37960954375 0.44451219531249997 0.3861171359375 0.43048780468750003 0.382863340625 0.41951219531249995 0.37527115 0.41524390312500004 0.362255965625 0.41341463437500003 0.33188720156249996 0.414634146875
1 0.40238611718749995 0.414024390625 0.39045553125 0.42134146406250006 0.3893709328125 0.43048780468750003 0.39370932812500004 0.43902439062500004 0.398047721875 0.44512195156249995 0.40455531406249995 0.44695121875000005 0.43167028125 0.4432926828125 0.4598698484375 0.4329268296875 0.466377440625 0.42682926875 0.4642082421875 0.4176829265625 0.45336225625 0.41280487812500005 0.40238611718749995 0.414024390625
0 0.56724511875 0.427439025 0.632321040625 0.4262195125 0.6399132328125 0.4176829265625 0.6312364421875001 0.41036585312499996 0.5737527109375 0.409756096875 0.5639913234375 0.41036585312499996 0.55748373125 0.414024390625 0.55748373125 0.42317073125000004 0.56724511875 0.427439025
0 0.7960954453125 0.4237804875 0.8622559656250001 0.42439024375 0.8731019515625 0.41951219531249995 0.8731019515625 0.411585365625 0.8611713671875 0.40670731718750003 0.8026030375 0.4073170734375 0.7906724515625 0.41280487812500005 0.7906724515625 0.41951219531249995 0.7960954453125 0.4237804875