0 0.5097087375 0.44098360625 0.507766990625 0.44098360625 0.49126213593749996 0.44153005468749995 0.482524271875 0.443715846875 0.47864077656250004 0.44808743125 0.48446601874999995 0.45628415312500004 0.5417475734375 0.4568306015625 0.5495145625 0.45573770468749997 0.5543689328125 0.4530054640625 0.55533980625 0.4459016390625 0.5495145625 0.442076503125 0.5097087375 0.44098360625
0 0.7058252421875 0.43825136562499994 0.7038834953124999 0.43825136562499994 0.692233009375 0.44153005468749995 0.6902912625 0.443715846875 0.6912621359375 0.450819671875 0.697087378125 0.45355191250000004 0.7466019421875 0.4540983609375 0.7582524265624999 0.4530054640625 0.7640776703125 0.45027322343750004 0.7650485437500001 0.44316939843750003 0.7553398062500001 0.4387978140625 0.7058252421875 0.43825136562499994
0 0.912621359375 0.43770491875 0.9067961171875 0.43770491875 0.8834951453125001 0.43825136562499994 0.872815534375 0.4426229515625 0.8718446609375 0.4513661203125 0.877669903125 0.45737704843750004 0.88543689375 0.45901639375 0.92038835 0.45737704843750004 0.9281553390624999 0.45027322343750004 0.9281553390624999 0.4426229515625 0.919417475 0.43825136562499994 0.912621359375 0.43770491875
0 1 0.43715847031250005 0.9932038828125 0.43715847031250005 0.9825242718749999 0.43825136562499994 0.9766990296875001 0.4459016390625 0.9796116500000001 0.46393442656249995 0.987378640625 0.46775956250000006 0.9932038828125 0.4683060109375 1 0.4683060109375 1 0.43715847031250005
0 0.4300970875 0.40765027343750004 0.41941747500000004 0.40874316874999994 0.41553398125 0.4131147546875 0.41553398125 0.4398907109375 0.42038834999999997 0.443715846875 0.439805825 0.44535519062500006 0.4456310671875 0.44316939843750003 0.44466019375 0.41912568281249996 0.44174757343750004 0.41147540937500005 0.43495145625 0.40765027343750004 0.4300970875 0.40765027343750004
0 0.4038834953125 0.12185792343749999 0.3990291265625 0.12349726718750001 0.397087378125 0.12950819687499998 0.4038834953125 0.13333333281249998 0.44368932031249997 0.1360655734375 0.44368932031249997 0.12021857968750001 0.442718446875 0.11967213125000001 0.427184465625 0.12349726718750001 0.4038834953125 0.12185792343749999
0 0.4359223296875 0.13770491875 0.41165048593750003 0.136612021875 0.40970873750000003 0.136612021875 0.3990291265625 0.1398907109375 0.39611650468750004 0.1431693984375 0.39514563125 0.14808743124999998 0.4 0.1584699453125 0.40582524218750005 0.1612021859375 0.436893203125 0.1606557375 0.44174757343750004 0.1584699453125 0.4456310671875 0.14808743124999998 0.44174757343750004 0.1393442625 0.4359223296875 0.13770491875
0 0.432038834375 0.164480875 0.426941746875 0.164480875 0.4087378640625 0.165027321875 0.3990291265625 0.17103825156250002 0.4 0.184699453125 0.40485436874999997 0.190163934375 0.40970873750000003 0.191803278125 0.43495145625 0.19125683124999998 0.4407766984375 0.1879781421875 0.442718446875 0.17158469999999998 0.4407766984375 0.1677595625 0.432038834375 0.164480875
0 0.4300970875 0.19398907031249998 0.4233009703125 0.19398907031249998 0.4067961171875 0.1961748640625 0.402912621875 0.20218579218750002 0.4038834953125 0.21857923437500001 0.4106796109375 0.22459016406250001 0.4184466015625 0.22568305937500002 0.433009709375 0.22459016406250001 0.439805825 0.2174863390625 0.44174757343750004 0.201092896875 0.439805825 0.19726775937500002 0.4300970875 0.19398907031249998
0 0.41456310625 0.2306010921875 0.407766990625 0.2387978140625 0.412621359375 0.26338797812500003 0.42524271875 0.2672131140625 0.436893203125 0.2628415296875 0.4388349515625 0.24808743125000002 0.4359223296875 0.2322404375 0.427184465625 0.229508196875 0.4262135921875 0.229508196875 0.41456310625 0.2306010921875
0 0.4291262140625 0.2710382515625 0.4213592234375 0.2710382515625 0.41456310625 0.2726775953125 0.41165048593750003 0.2781420765625 0.41165048593750003 0.3038251359375 0.41456310625 0.30874316875 0.4213592234375 0.31147540937499996 0.43495145625 0.309836065625 0.4388349515625 0.3038251359375 0.4388349515625 0.27923497343750003 0.4359223296875 0.2737704921875 0.4291262140625 0.2710382515625
0 0.422330096875 0.3163934421875 0.412621359375 0.32185792343749997 0.412621359375 0.3497267765625 0.41553398125 0.354644809375 0.427184465625 0.3584699453125 0.43398058281249996 0.3568306015625 0.4407766984375 0.35081967187499996 0.4407766984375 0.324043715625 0.4359223296875 0.3180327875 0.4310679609375 0.3163934421875 0.422330096875 0.3163934421875
0 0.432038834375 0.36229508125 0.4233009703125 0.36229508125 0.417475728125 0.3639344265625 0.4135922328125 0.368852459375 0.4135922328125 0.3896174859375 0.417475728125 0.401092896875 0.4262135921875 0.40382513593749997 0.43495145625 0.40327868906250003 0.439805825 0.401092896875 0.44368932031249997 0.3907103828125 0.4407766984375 0.36612021875 0.432038834375 0.36229508125
1 0.657281553125 0.43934426249999997 0.652427184375 0.43934426249999997 0.582524271875 0.442076503125 0.572815534375 0.44098360625 0.562135921875 0.44426229531250006 0.5611650484374999 0.450819671875 0.5689320390625 0.45573770468749997 0.6592233015625 0.45464480937499996 0.6689320390625 0.4513661203125 0.6708737859375 0.4469945359375 0.667961165625 0.4426229515625 0.657281553125 0.43934426249999997
1 0.8640776703125 0.44316939843750003 0.8533980578125 0.4387978140625 0.797087378125 0.4387978140625 0.7961165046875001 0.43825136562499994 0.7834951453125 0.43934426249999997 0.7766990296875 0.442076503125 0.7757281546875 0.44754098437499995 0.7825242718750001 0.4530054640625 0.812621359375 0.45464480937499996 0.8456310671875 0.463387978125 0.8611650484375 0.46229508125 0.866990290625 0.4540983609375 0.866990290625 0.44754098437499995 0.8640776703125 0.44316939843750003
1 0.966990290625 0.4404371578125 0.9524271843750001 0.4387978140625 0.9514563109375 0.43825136562499994 0.939805825 0.44316939843750003 0.9417475734374999 0.44863387968749996 0.93495145625 0.450819671875 0.9310679609375001 0.4612021859375 0.9339805828125 0.46612021875 0.9456310671875 0.4683060109375 0.9631067968749999 0.4683060109375 0.9718446609375 0.463387978125 0.9718446609375 0.4459016390625 0.966990290625 0.4404371578125
1 0.46407767031249997 0.4513661203125 0.4592233015625 0.4459016390625 0.44757281562499995 0.44535519062500006 0.4291262140625 0.44754098437499995 0.4106796109375 0.44316939843750003 0.4067961171875 0.44316939843750003 0.3737864078125 0.44426229531250006 0.36796116562500003 0.4459016390625 0.3640776703125 0.4530054640625 0.3699029125 0.4655737703125 0.3786407765625 0.4683060109375 0.38640776718750003 0.46775956250000006 0.4184466015625 0.45737704843750004 0.4533980578125 0.4568306015625 0.460194175 0.45573770468749997 0.46407767031249997 0.4513661203125
1 0.362135921875 0.45737704843750004 0.357281553125 0.44808743125 0.3495145625 0.44426229531250006 0.3436893203125 0.44426229531250006 0.31553398125 0.44480874375 0.307766990625 0.44863387968749996 0.3038834953125 0.45519125625 0.3038834953125 0.46502732187499995 0.3116504859375 0.4737704921875 0.34077669843749997 0.47540983593749997 0.3514563109375 0.4748633875 0.360194175 0.4715847 0.363106796875 0.46885245937500003 0.362135921875 0.45737704843750004
1 0.3 0.4540983609375 0.29708737812499997 0.44918032812500003 0.28737864062499996 0.44480874375 0.27961165 0.44480874375 0.2543689328125 0.44535519062500006 0.24466019375 0.4497267765625 0.2407766984375 0.45628415312500004 0.2407766984375 0.463387978125 0.2456310671875 0.47213114687499996 0.25048543749999996 0.4748633875 0.2834951453125 0.47595628437500004 0.29708737812499997 0.47213114687499996 0.3009708734375 0.46393442656249995 0.3 0.4540983609375
1 0.21553398124999998 0.44535519062500006 0.21456310625000002 0.44535519062500006 0.18932038906249998 0.4469945359375 0.1834951453125 0.45191256874999997 0.1815533984375 0.46666666718750005 0.19126213593750002 0.47595628437500004 0.222330096875 0.4765027328125 0.233009709375 0.47267759531250003 0.23592232968750002 0.46775956250000006 0.23495145625 0.450819671875 0.227184465625 0.4464480875 0.21553398124999998 0.44535519062500006
1 0.172815534375 0.4497267765625 0.1592233015625 0.4459016390625 0.14077669843750001 0.4459016390625 0.139805825 0.4459016390625 0.12718446562500002 0.44754098437499995 0.122330096875 0.4513661203125 0.119417475 0.4672131140625 0.12330097031250001 0.4737704921875 0.1310679609375 0.477595628125 0.1689320390625 0.4765027328125 0.17475728125 0.47267759531250003 0.177669903125 0.463387978125 0.177669903125 0.45737704843750004 0.172815534375 0.4497267765625
1 0.1067961171875 0.44808743125 0.08446601875000001 0.4464480875 0.082524271875 0.4464480875 0.066990290625 0.44754098437499995 0.0611650484375 0.45027322343750004 0.0563106796875 0.4568306015625 0.0582524265625 0.47322404375 0.066990290625 0.47814207656249996 0.10776699062499999 0.47704917968749994 0.11553398125 0.4693989078125 0.1165048546875 0.4584699453125 0.1135922328125 0.45191256874999997 0.1067961171875 0.44808743125
1 0 0.47814207656249996 0.033009709375 0.4792349734375 0.04466019375 0.477595628125 0.050485437499999994 0.47322404375 0.051456310937500006 0.4540983609375 0.04466019375 0.44918032812500003 0.0281553390625 0.44754098437499995 0.02038835 0.44754098437499995 0.001941746875 0.44918032812500003 0 0.4508977359375 0 0.47814207656249996