1 0.46004098437499996 0.42750287656249997 0.445696721875 0.42865362500000004 0.4415983609375 0.43095512031250005 0.4405737703125 0.4384349828125 0.44774590156249994 0.44361334843750005 0.5491803281250001 0.44303797500000003 0.5573770484375 0.43901035625 0.556352459375 0.43095512031250005 0.547131146875 0.4280782515625 0.46209016406250003 0.42750287656249997 0.46004098437499996 0.42750287656249997
1 0.6875 0.42462600625 0.6844262296875 0.42462600625 0.6680327875 0.4257767546875 0.659836065625 0.42865362500000004 0.6577868859375 0.4367088609375 0.6618852453125 0.44016110468749997 0.6700819671875 0.44188722656249996 0.729508196875 0.44131185312500004 0.73770491875 0.43785960937499996 0.7387295078125 0.4298043734375 0.72848360625 0.42462600625 0.6875 0.42462600625
1 0.91086065625 0.42520138125000007 0.89651639375 0.4240506328125 0.8908811468750001 0.4240506328125 0.8729508203125 0.42462600625 0.8596311468750001 0.42922899843750006 0.8565573765625001 0.440736478125 0.8637295078125 0.4470655921875 0.8770491796875 0.4487917140625 0.8842213109375001 0.44649021875 0.9077868859375 0.4441887234375 0.9170081968750001 0.43958573124999994 0.9170081968750001 0.4280782515625 0.91086065625 0.42520138125000007
0 0.9743852453124999 0.42520138125000007 0.9631147546875001 0.42347525937499997 0.9575819671874999 0.42347525937499997 0.9354508203125 0.42347525937499997 0.9303278687500001 0.42462600625 0.9252049187500001 0.42922899843750006 0.9241803281250001 0.4459148453125 0.9282786890624999 0.4510932109375 0.9395491796875 0.45569620312500003 0.9682377046875 0.45569620312500003 0.9846311468750001 0.4476409671875 0.9836065578125 0.4298043734375 0.9743852453124999 0.42520138125000007
1 1 0.42470820312499996 0.9959016390625001 0.426352128125 0.9907786890624999 0.43210586875 0.991803278125 0.4476409671875 0.9969262296875 0.45339470625 1 0.4544303796875 1 0.42470820312499996
1 0 0.46619677812500004 0.001024590625 0.4666283078125 0.03586065625 0.4666283078125 0.0430327875 0.46547756093750003 0.048155737500000004 0.46202531718750006 0.0512295078125 0.45569620312500003 0.0512295078125 0.4424626 0.0440573765625 0.43613348749999997 0.028688525 0.4332566171875 0.0256147546875 0.4332566171875 0.0040983609375 0.4344073640625 0 0.4356859734375 0 0.46619677812500004
1 0.11270491875 0.45569620312500003 0.11065573749999999 0.43958573124999994 0.09938524531250001 0.4344073640625 0.0727459015625 0.4349827390625 0.0717213109375 0.4344073640625 0.0645491796875 0.43785960937499996 0.0625 0.44649021875 0.0594262296875 0.4470655921875 0.063524590625 0.448216340625 0.0625 0.45972382031250003 0.0655737703125 0.46375143906250005 0.07581967187500001 0.4666283078125 0.102459015625 0.4649021859375 0.11065573749999999 0.46029919374999995 0.11270491875 0.45569620312500003
1 0.1782786890625 0.440736478125 0.17520491875 0.43613348749999997 0.167008196875 0.43268124218750004 0.16120184375 0.43268124218750004 0.13217213125 0.43268124218750004 0.1209016390625 0.437284234375 0.11680327812499999 0.444764096875 0.11680327812499999 0.4528193328125 0.125 0.46375143906250005 0.1342213109375 0.46547756093750003 0.1629098359375 0.4649021859375 0.1762295078125 0.46029919374999995 0.179303278125 0.455120828125 0.1782786890625 0.440736478125
1 0.241803278125 0.43613348749999997 0.23258196718750002 0.4315304953125 0.226946721875 0.4315304953125 0.193647540625 0.43268124218750004 0.1875 0.4367088609375 0.1834016390625 0.451668584375 0.1926229515625 0.4631760640625 0.2264344265625 0.46432681249999996 0.2336065578125 0.46375143906250005 0.24282786875 0.45972382031250003 0.2459016390625 0.455120828125 0.2459016390625 0.4424626 0.241803278125 0.43613348749999997
1 0.3012295078125 0.4315304953125 0.292008196875 0.43095512031250005 0.283811475 0.43095512031250005 0.26229508125 0.4315304953125 0.25102459062500004 0.43785960937499996 0.25 0.45397008124999993 0.2540983609375 0.46029919374999995 0.2602459015625 0.4631760640625 0.3012295078125 0.462600690625 0.3094262296875 0.457422325 0.31147540937499996 0.4493670890625 0.3084016390625 0.437284234375 0.3012295078125 0.4315304953125
1 0.3893442625 0.44303797500000003 0.3893442625 0.437284234375 0.3842213109375 0.4315304953125 0.3780737703125 0.42922899843750006 0.37397540937499996 0.42922899843750006 0.32786885312499997 0.43095512031250005 0.31967213125 0.433831990625 0.3155737703125 0.4384349828125 0.3145491796875 0.4470655921875 0.31762295156250003 0.45627157656249995 0.3227459015625 0.46029919374999995 0.3288934421875 0.46202531718750006 0.34426229531249997 0.46029919374999995 0.383196721875 0.4476409671875 0.3893442625 0.44303797500000003
0 0.39959016406250003 0.11104718124999999 0.392930328125 0.11104718124999999 0.3780737703125 0.1116225546875 0.36782786875 0.1173762953125 0.368852459375 0.13176064375000002 0.37602459062500004 0.13751438437500002 0.38217213125 0.13866513281249998 0.41086065625 0.1380897578125 0.41598360625 0.133486765625 0.41803278749999995 0.116225546875 0.41290983593749997 0.112773303125 0.39959016406250003 0.11104718124999999
0 0.399334015625 0.140966628125 0.383196721875 0.140966628125 0.3709016390625 0.1472957421875 0.3729508203125 0.162830840625 0.38217213125 0.1703107015625 0.4067622953125 0.1691599546875 0.41495901562500004 0.1639815875 0.41598360625 0.1472957421875 0.41393442656249996 0.1438434984375 0.4047131140625 0.140966628125 0.399334015625 0.140966628125
0 0.41495901562500004 0.180667434375 0.41290983593749997 0.177215190625 0.4057377046875 0.1737629453125 0.39959016406250003 0.1737629453125 0.383196721875 0.17433832031250002 0.3780737703125 0.177215190625 0.375 0.1829689296875 0.37602459062500004 0.19390103593750002 0.381147540625 0.20425776718750002 0.39036885312499997 0.2077100109375 0.40061475468749996 0.2077100109375 0.408811475 0.2059838890625 0.41086065625 0.20368239375 0.41495901562500004 0.180667434375
0 0.403688525 0.21173762968749998 0.397540984375 0.21173762968749998 0.3862704921875 0.212888378125 0.381147540625 0.2203682390625 0.3842213109375 0.247986190625 0.3893442625 0.2525891828125 0.39651639375 0.2543153046875 0.40983606562499997 0.24971231249999998 0.41188524531250004 0.244533946875 0.41188524531250004 0.2209436140625 0.40983606562499997 0.2146145 0.403688525 0.21173762968749998
0 0.40163934375 0.2583429234375 0.395491803125 0.2583429234375 0.388319671875 0.25949367031250004 0.3842213109375 0.2646720375 0.3842213109375 0.287111621875 0.3862704921875 0.2974683546875 0.39959016406250003 0.302071346875 0.408811475 0.298619103125 0.41290983593749997 0.29344073593750003 0.41290983593749997 0.26754890625 0.40983606562499997 0.2612197921875 0.40163934375 0.2583429234375
0 0.40163934375 0.3060989640625 0.397540984375 0.3060989640625 0.39036885312499997 0.3072497125 0.3852459015625 0.3130034515625 0.3862704921875 0.3423475265625 0.3913934421875 0.348101265625 0.397540984375 0.34982738750000003 0.41290983593749997 0.34579977031250003 0.41598360625 0.33889528125 0.41495901562500004 0.3141542 0.41086065625 0.308975834375 0.40163934375 0.3060989640625
0 0.40061475468749996 0.35385500625 0.3913934421875 0.355005753125 0.3862704921875 0.36075949375 0.388319671875 0.39182968906250004 0.3924180328125 0.3970080546875 0.40061475468749996 0.39815880312499996 0.41393442656249996 0.39643268125 0.41803278749999995 0.3866513234375 0.41495901562500004 0.3584579984375 0.4057377046875 0.35385500625 0.40061475468749996 0.35385500625
0 0.408811475 0.40276179531249995 0.403688525 0.40276179531249995 0.395491803125 0.40391254375 0.3893442625 0.4073647875 0.388319671875 0.4298043734375 0.4047131140625 0.44188722656249996 0.41905737656250003 0.44303797500000003 0.429303278125 0.4384349828125 0.43135245937500005 0.4332566171875 0.4200819671875 0.4257767546875 0.417008196875 0.4073647875 0.408811475 0.40276179531249995
0 0.5922131140625 0.426352128125 0.585553278125 0.426352128125 0.56967213125 0.4280782515625 0.5655737703125 0.430379746875 0.5645491796875 0.437284234375 0.5717213109375 0.4424626 0.6270491796875 0.4424626 0.6393442625 0.440736478125 0.6444672125 0.437284234375 0.6424180328125 0.42922899843750006 0.6342213109375 0.426352128125 0.5922131140625 0.426352128125
0 0.841188525 0.426352128125 0.8329918031249999 0.42462600625 0.789959015625 0.4240506328125 0.7889344265625 0.4240506328125 0.75 0.4257767546875 0.7448770484375 0.4298043734375 0.7469262296875 0.43785960937499996 0.7551229515625 0.440736478125 0.8053278687500001 0.44131185312500004 0.8370901640625 0.4470655921875 0.846311475 0.44303797500000003 0.8493852453124999 0.43958573124999994 0.8493852453124999 0.43210586875 0.841188525 0.426352128125