1 0.594704684375 0.470251715625 0.592668025 0.470251715625 0.5753564156250001 0.4719679640625 0.570264765625 0.47540045781250007 0.570264765625 0.48226544687499995 0.5753564156250001 0.4862700234375 0.6395112015625 0.48684210468750005 0.6446028515625 0.4862700234375 0.6496945015625 0.48283752812499997 0.65071283125 0.476544621875 0.6446028515625 0.47139588125 0.594704684375 0.470251715625
1 0.8513238296875001 0.46853546875 0.8167006109375 0.46853546875 0.81568228125 0.46853546875 0.8034623218749999 0.4691075515625 0.793279021875 0.47311212812500003 0.7942973515625 0.48226544687499995 0.8034623218749999 0.4851258578125 0.8309572296875001 0.48684210468750005 0.8462321796875001 0.49084668125 0.856415478125 0.489130434375 0.861507128125 0.47940503437500004 0.8584521390625 0.4708237984375 0.8513238296875001 0.46853546875
1 0.4725050921875 0.4776887875 0.468431771875 0.4742562921875 0.4511201625 0.47482837499999997 0.43890020312500005 0.4719679640625 0.43340122187499996 0.4719679640625 0.41140529531250003 0.4719679640625 0.40427698593750006 0.4742562921875 0.3737270875 0.47597254062500005 0.3706720984375 0.47940503437500004 0.3737270875 0.4925629296875 0.39307535625 0.4942791765625 0.412423625 0.489130434375 0.458248471875 0.488558353125 0.4694501015625 0.4862700234375 0.4725050921875 0.4776887875
1 0.366598778125 0.48970251718749996 0.3625254578125 0.48112128125 0.356415478125 0.47597254062500005 0.347250509375 0.47482837499999997 0.34164969375 0.47482837499999997 0.3167006109375 0.47540045781250007 0.3095723015625 0.4771167046875 0.30549898125 0.48112128125 0.303462321875 0.49656750625 0.308553971875 0.5040045765625 0.3146639515625 0.5068649890625 0.3482688390625 0.5068649890625 0.3574338078125 0.5051487421874999 0.3655804484375 0.4994279171875 0.366598778125 0.48970251718749996
1 0.2993890015625 0.485697940625 0.2963340125 0.4799771171875 0.2861507125 0.47540045781250007 0.2805498984375 0.47540045781250007 0.24949083437500003 0.47597254062500005 0.24236252500000002 0.47940503437500004 0.23828920625 0.4862700234375 0.23828920625 0.49656750625 0.24541751562499997 0.50629290625 0.252545825 0.508009153125 0.27902240312500004 0.508009153125 0.2942973515625 0.504576659375 0.2993890015625 0.49771167031249997 0.2993890015625 0.485697940625
1 0.2240325859375 0.4776887875 0.19959266874999998 0.4771167046875 0.1975560078125 0.4771167046875 0.18126272968749998 0.47940503437500004 0.177189409375 0.48226544687499995 0.1761710796875 0.5011441640625 0.1802443984375 0.504576659375 0.1934826890625 0.5068649890625 0.2199592671875 0.5068649890625 0.226069246875 0.5051487421874999 0.2321792265625 0.5 0.23319755625 0.485697940625 0.2240325859375 0.4776887875
1 0.15580448125 0.47883295156249994 0.1303462328125 0.47883295156249994 0.12932790156250001 0.47883295156249994 0.12118126250000001 0.47940503437500004 0.1109979640625 0.48398169375 0.10794297343749999 0.4994279171875 0.11201629375 0.5051487421874999 0.11608961250000001 0.508009153125 0.1252545828125 0.5097254 0.1588594703125 0.508009153125 0.16904277031249998 0.5005720828125 0.167006109375 0.48398169375 0.15580448125 0.47883295156249994
1 0.0977596734375 0.48226544687499995 0.089613034375 0.4799771171875 0.084521384375 0.4799771171875 0.060081465625 0.4805491984375 0.050916496874999995 0.4834096109375 0.045824846875000005 0.49027459999999995 0.0468431765625 0.5011441640625 0.0549898171875 0.5097254 0.0835030546875 0.510869565625 0.09979633437499999 0.5057208234375 0.1028513234375 0.49828375312500006 0.10183299374999999 0.485697940625 0.0977596734375 0.48226544687499995
1 0 0.5110172000000001 0.0234215890625 0.511441646875 0.0325865578125 0.5097254 0.037678207812499996 0.50629290625 0.040733196875 0.4994279171875 0.0397148671875 0.48684210468750005 0.0336048875 0.48169336406249996 0.025458248437499997 0.4805491984375 0.0196873734375 0.4805491984375 0 0.48135848281250004 0 0.5110172000000001
0 0.42668024375 0.1447368421875 0.41446028437500004 0.144164759375 0.412423625 0.1430205953125 0.400203665625 0.144164759375 0.39103869687500004 0.14874141875 0.38696537656249996 0.1607551484375 0.3890020359375 0.165903890625 0.395112015625 0.1699084671875 0.4307535640625 0.1699084671875 0.43686354375 0.1681922203125 0.439918534375 0.16132723124999998 0.43686354375 0.14874141875 0.42668024375 0.1447368421875
0 0.4022403265625 0.172196796875 0.3900203671875 0.179061784375 0.39205702656249997 0.1922196796875 0.40325865624999996 0.200800915625 0.4287169046875 0.2002288328125 0.43686354375 0.1950800921875 0.43686354375 0.17734553749999998 0.422606925 0.172196796875 0.41751527499999996 0.172196796875 0.4022403265625 0.172196796875
0 0.40427698593750006 0.20251716250000001 0.395112015625 0.2082379859375 0.395112015625 0.22482837500000002 0.40427698593750006 0.23398169375000002 0.42566191406250004 0.23398169375000002 0.43584521406250004 0.22654462187500002 0.43584521406250004 0.2082379859375 0.42566191406250004 0.20251716250000001 0.4203156828125 0.20251716250000001 0.40427698593750006 0.20251716250000001
0 0.41140529531250003 0.23798627031250003 0.4022403265625 0.24084668125 0.3991853359375 0.245423340625 0.4012219953125 0.26601830625 0.4093686359375 0.275171625 0.42158859531250004 0.2763157890625 0.4327902234375 0.267734553125 0.4338085546875 0.245423340625 0.4287169046875 0.23970251718750002 0.4164969453125 0.23798627031250003 0.41140529531250003 0.23798627031250003
0 0.42158859531250004 0.280320365625 0.4185336046875 0.280320365625 0.40733197499999996 0.2837528609375 0.40325865624999996 0.29118993125000003 0.40631364531249997 0.318077803125 0.41140529531250003 0.32265446249999996 0.4185336046875 0.324370709375 0.4307535640625 0.32093821562499997 0.4338085546875 0.31292906249999997 0.4338085546875 0.29004576718749997 0.429735234375 0.2843249421875 0.42158859531250004 0.280320365625
0 0.422606925 0.327803203125 0.419551934375 0.327803203125 0.410386965625 0.3295194515625 0.40631364531249997 0.33237986249999996 0.40631364531249997 0.362128146875 0.410386965625 0.368421053125 0.4205702640625 0.3712814640625 0.4327902234375 0.36784897031249997 0.43584521406250004 0.362128146875 0.43482688437499994 0.33581235625 0.4307535640625 0.3300915328125 0.422606925 0.327803203125
0 0.42566191406250004 0.375286040625 0.4185336046875 0.375286040625 0.412423625 0.37643020625 0.40733197499999996 0.38100686562499997 0.40733197499999996 0.409610984375 0.410386965625 0.415903890625 0.41751527499999996 0.4199084671875 0.429735234375 0.41933638437500004 0.43686354375 0.41361556093749996 0.43686354375 0.38215102968750003 0.4338085546875 0.378146453125 0.42566191406250004 0.375286040625
0 0.42464358437499994 0.42391304375 0.41446028437500004 0.425629290625 0.40835030625 0.43306636093749995 0.410386965625 0.4610983984375 0.4205702640625 0.46739130468749995 0.4338085546875 0.46510297500000003 0.439918534375 0.45709382187500003 0.43788187343749996 0.43077803281250004 0.43482688437499994 0.42677345468750005 0.42566191406250004 0.42391304375 0.42464358437499994 0.42391304375
0 0.5091649687500001 0.47139588125 0.5061099796875 0.47139588125 0.48574338125 0.4719679640625 0.4796334015625 0.4742562921875 0.477596740625 0.48283752812499997 0.48167006093750003 0.48741418750000004 0.5376782078125 0.4879862703125 0.5488798375 0.48684210468750005 0.5549898171875001 0.48226544687499995 0.5549898171875001 0.4771167046875 0.5488798375 0.47311212812500003 0.5091649687500001 0.47139588125
0 0.768839103125 0.48112128125 0.768839103125 0.47311212812500003 0.7566191453125 0.4691075515625 0.7556008140625 0.4691075515625 0.7179226062499999 0.47139588125 0.7148676171874999 0.469679634375 0.66496945 0.470251715625 0.6568228109375001 0.47254004531250005 0.65580448125 0.48112128125 0.6608961296875 0.4851258578125 0.6690427703124999 0.4862700234375 0.7566191453125 0.4851258578125 0.764765784375 0.48398169375 0.768839103125 0.48112128125
0 0.9378818734375001 0.4879862703125 0.9450101828124999 0.4771167046875 0.93686354375 0.4691075515625 0.8869653765625 0.46853546875 0.8798370671875 0.46853546875 0.8676171078125 0.4736842109375 0.8625254578125 0.484553775 0.861507128125 0.49370709375 0.8706720984375 0.49771167031249997 0.8808553968749999 0.49828375312500006 0.8981670062499999 0.49370709375 0.912423625 0.4931350109375 0.919551934375 0.49027459999999995 0.9338085546875 0.48970251718749996 0.9378818734375001 0.4879862703125
1 0.9623217921875 0.476544621875 0.9613034624999999 0.49485125781250006 0.9674134421874999 0.4994279171875 0.9847250515624999 0.4994279171875 0.9938900203125 0.4942791765625 0.9928716906249999 0.47311212812500003 0.98065173125 0.4691075515625 0.973523421875 0.4691075515625 0.9704684312499999 0.4691075515625 0.9623217921875 0.476544621875