1 0.446428571875 0.48110980000000003 0.44012605000000005 0.48110980000000003 0.43382352968750004 0.47815820468750003 0.4317226890625 0.47815820468750003 0.3602941171875 0.48170011874999996 0.3529411765625 0.48524203125 0.3529411765625 0.497638725 0.36554621875 0.50531286875 0.3760504203125 0.50531286875 0.405462184375 0.49645808750000003 0.4453781515625 0.49468713124999997 0.451680671875 0.48996458125000003 0.45063025156250003 0.48406139374999996 0.446428571875 0.48110980000000003
1 0.6197478984375 0.4769775671875 0.6165966390625 0.4769775671875 0.563025209375 0.47874852343749996 0.557773109375 0.48288075625 0.55987395 0.49114521875 0.56512605 0.49409681250000004 0.5735294125 0.49468713124999997 0.6260504203124999 0.49350649375 0.6323529406249999 0.49055489999999996 0.63445378125 0.4846517125 0.6302521015625 0.47874852343749996 0.6197478984375 0.4769775671875
1 0.8025210078124999 0.4746162921875 0.7836134453125 0.4752066109375 0.777310925 0.47815820468750003 0.775210084375 0.48524203125 0.7815126046875001 0.49114521875 0.8413865546875 0.49350649375 0.849789915625 0.48996458125000003 0.849789915625 0.4775678859375 0.8413865546875 0.4752066109375 0.8056722687500001 0.4746162921875 0.8025210078124999 0.4746162921875
1 0.9852941171875 0.47579692968750004 0.9779411765624999 0.4746162921875 0.9712888656249999 0.4746162921875 0.955882353125 0.4752066109375 0.9464285718750001 0.48406139374999996 0.9464285718750001 0.49114521875 0.9506302515625 0.49704840624999996 0.9611344531249999 0.50472255 0.969537815625 0.507083825 0.9821428578125 0.50649350625 0.9915966390625 0.49704840624999996 0.9915966390625 0.48051948125 0.9852941171875 0.47579692968750004
1 0.33928571406249997 0.48288075625 0.33298319374999996 0.48170011874999996 0.32773109218749996 0.48170011874999996 0.30042016875 0.4822904375 0.289915965625 0.4870129875 0.28676470625 0.49232585625 0.28676470625 0.5035419125 0.2962184875 0.51416765 0.33298319374999996 0.51475796875 0.3466386546875 0.51121605625 0.349789915625 0.50531286875 0.3466386546875 0.48819362499999996 0.33928571406249997 0.48288075625
1 0.28046218437500003 0.4893742625 0.2668067234375 0.4822904375 0.261554621875 0.4822904375 0.2321428578125 0.48288075625 0.222689075 0.4870129875 0.219537815625 0.49291617499999996 0.219537815625 0.5059031875 0.22689075625 0.51416765 0.2331932765625 0.51593860625 0.261554621875 0.51593860625 0.2762605046875 0.51239669375 0.2815126046875 0.50177095625 0.28046218437500003 0.4893742625
1 0.21323529375 0.49232585625 0.20798319375 0.48583235 0.1974789921875 0.48288075625 0.19170168125 0.48288075625 0.16176470625 0.48406139374999996 0.1533613453125 0.48819362499999996 0.1491596640625 0.5059031875 0.152310925 0.511806375 0.1586134453125 0.5153482875 0.1680672265625 0.5171192437500001 0.188025209375 0.5171192437500001 0.20903361406249998 0.5135773312499999 0.21323529375 0.5082644625 0.21323529375 0.49232585625
1 0.1449579828125 0.50767414375 0.1449579828125 0.49350649375 0.1376050421875 0.48642266875000006 0.1260504203125 0.48347107500000003 0.12079831875 0.48347107500000003 0.094537815625 0.48406139374999996 0.08508403437499999 0.4893742625 0.0819327734375 0.49822904375 0.08298319374999999 0.5082644625 0.0871848734375 0.51475796875 0.094537815625 0.5177095625 0.125 0.5177095625 0.1355042015625 0.516528925 0.1418067234375 0.5129870125 0.1449579828125 0.50767414375
1 0.0640756296875 0.48524203125 0.0378151265625 0.4846517125 0.0315126046875 0.4846517125 0.0189075625 0.4893742625 0.015756303125000003 0.49527745 0.015756303125000003 0.5088547812499999 0.021008403125 0.51593860625 0.032563025 0.5188902 0.0703781515625 0.516528925 0.07773109218749999 0.50767414375 0.07773109218749999 0.49350649375 0.07457983124999999 0.4893742625 0.0640756296875 0.48524203125
0 0.48109243749999997 0.47815820468750003 0.474789915625 0.47815820468750003 0.46428571406249997 0.47874852343749996 0.45798319374999996 0.4822904375 0.45693277343750005 0.48996458125000003 0.46428571406249997 0.49527745 0.5220588234375 0.49527745 0.5315126046875001 0.49409681250000004 0.5378151265625 0.49055489999999996 0.538865546875 0.4846517125 0.532563025 0.47992916250000006 0.48109243749999997 0.47815820468750003
0 0.7436974796875 0.4769775671875 0.682773109375 0.4769775671875 0.6817226890625 0.47638724843749997 0.6512605046875 0.4769775671875 0.6418067234375 0.47874852343749996 0.6386554624999999 0.4822904375 0.640756303125 0.49055489999999996 0.6533613453125 0.49350649375 0.74054621875 0.4917355375 0.7489495796875001 0.49055489999999996 0.75420168125 0.4846517125 0.752100840625 0.48051948125 0.7436974796875 0.4769775671875
0 0.932773109375 0.47992916250000006 0.9285714281249999 0.4775678859375 0.9222689078125 0.47579692968750004 0.886554621875 0.4752066109375 0.8802521015625 0.4752066109375 0.8676470593750001 0.4752066109375 0.859243696875 0.47992916250000006 0.8560924375000001 0.49586776875 0.8623949578125 0.50059031875 0.8834033609375 0.5041322312500001 0.9128151265625 0.497638725 0.91701680625 0.49822904375 0.9296218484375001 0.49350649375 0.9338235296875 0.48878394375 0.932773109375 0.47992916250000006
0 0.4201680671875 0.432703659375 0.419117646875 0.432703659375 0.4086134453125 0.434474615625 0.402310925 0.4403778046875 0.4044117640625 0.46930342343750003 0.40756302499999997 0.4728453359375 0.41596638593749996 0.4752066109375 0.4296218484375 0.47402597343749997 0.43487394999999995 0.46576151093749996 0.43277310937499996 0.43860684843750003 0.428571428125 0.434474615625 0.4201680671875 0.432703659375
0 0.41071428593750003 0.33353010625 0.400210084375 0.33943329375000003 0.400210084375 0.3695395515625 0.4044117640625 0.3760330578125 0.413865546875 0.37780401406249997 0.42542016875 0.3772136953125 0.43067226875 0.3683589140625 0.4296218484375 0.34179456875 0.42542016875 0.3364817 0.41806722656249995 0.33353010625 0.41071428593750003 0.33353010625
0 0.4317226890625 0.12042502968749999 0.4296218484375 0.1221959859375 0.41596638593749996 0.1227863046875 0.39390756250000003 0.1269185359375 0.390756303125 0.1298701296875 0.3928571421875 0.1340023609375 0.413865546875 0.1363636359375 0.43067226875 0.13577331718750002 0.43592437031250003 0.13164108593749999 0.43277310937499996 0.12042502968749999 0.4317226890625 0.12042502968749999
0 0.3834033609375 0.1458087359375 0.382352940625 0.15938606875 0.3886554625 0.16410861875 0.42436974843749997 0.16528925625 0.43382352968750004 0.15643447500000002 0.43382352968750004 0.146989375 0.4275210078125 0.1422668234375 0.40756302499999997 0.1404958671875 0.4065126046875 0.1399055484375 0.3834033609375 0.1458087359375
0 0.39810924375 0.1670602125 0.3834033609375 0.17414403750000002 0.3834033609375 0.18536009375 0.3876050421875 0.1930342390625 0.39810924375 0.1983471078125 0.42436974843749997 0.1977567890625 0.43277310937499996 0.18949232656249998 0.4317226890625 0.1729634 0.4201680671875 0.16824085 0.39915966406250003 0.16765053125 0.39810924375 0.1670602125
0 0.4201680671875 0.20070838281249997 0.4146533609375 0.20070838281249997 0.39810924375 0.20070838281249997 0.3918067234375 0.2036599765625 0.3886554625 0.20838252656249998 0.3897058828125 0.2237308140625 0.3970588234375 0.231995278125 0.40336134531249995 0.233766234375 0.4222689078125 0.232585596875 0.43067226875 0.2249114515625 0.43067226875 0.2066115703125 0.4201680671875 0.20070838281249997
0 0.41176470624999995 0.237898465625 0.396008403125 0.24085005937499998 0.39390756250000003 0.257969303125 0.400210084375 0.27508854843749997 0.4128151265625 0.2786304609375 0.42436974843749997 0.2739079109375 0.428571428125 0.262101534375 0.428571428125 0.245572609375 0.42542016875 0.240259740625 0.41806722656249995 0.237898465625 0.41176470624999995 0.237898465625
0 0.41596638593749996 0.2833530109375 0.4128151265625 0.2833530109375 0.40126050468749996 0.2863046046875 0.39810924375 0.2933884296875 0.400210084375 0.32290436875 0.402310925 0.32585596250000004 0.41071428593750003 0.32880755625 0.41596638593749996 0.32880755625 0.42436974843749997 0.32526564375 0.428571428125 0.3187721375 0.4275210078125 0.29043683593749997 0.41596638593749996 0.2833530109375
0 0.41176470624999995 0.3825265640625 0.40126050468749996 0.3890200703125 0.40126050468749996 0.415584415625 0.4044117640625 0.424439196875 0.41596638593749996 0.42975206562499996 0.4264705875 0.427981109375 0.43277310937499996 0.419716646875 0.43067226875 0.3872491140625 0.42436974843749997 0.3825265640625 0.419117646875 0.3825265640625 0.41176470624999995 0.3825265640625