0 0.46004098437499996 0.4073647875 0.4538934421875 0.4073647875 0.44467213125000005 0.4096662828125 0.4426229515625 0.41369390156249997 0.44467213125000005 0.4205983890625 0.4518442625 0.42462600625 0.5092213109375 0.42462600625 0.5184426234374999 0.4205983890625 0.5194672125 0.414269275 0.51229508125 0.409090909375 0.4682377046875 0.409090909375 0.46004098437499996 0.4073647875
0 0.4375 0.076524740625 0.41905737656250003 0.08055235937500001 0.408811475 0.08515535156250001 0.408811475 0.0955120828125 0.41905737656250003 0.1006904484375 0.450819671875 0.10011507500000001 0.46004098437499996 0.0955120828125 0.46106557343750004 0.085730725 0.457991803125 0.08112773281249999 0.438524590625 0.076524740625 0.4375 0.076524740625
0 0.436475409375 0.1029919453125 0.417008196875 0.10471806718750001 0.41086065625 0.10989643281249999 0.40983606562499997 0.1173762953125 0.41393442656249996 0.126582278125 0.424180328125 0.1311852703125 0.450819671875 0.130609896875 0.45696721250000005 0.12773302656250002 0.457991803125 0.1075949359375 0.44364754062499995 0.1029919453125 0.436475409375 0.1029919453125
0 0.4211065578125 0.1352128890625 0.41495901562500004 0.1403912546875 0.41495901562500004 0.1559263515625 0.42520491875 0.16570770937499998 0.4467213109375 0.1651323359375 0.45594262343749997 0.1593785953125 0.45696721250000005 0.1403912546875 0.44774590156249994 0.1346375140625 0.44185450781249996 0.1346375140625 0.4211065578125 0.1352128890625
0 0.44467213125000005 0.169735328125 0.438524590625 0.169735328125 0.42520491875 0.17088607656250002 0.41905737656250003 0.1789413125 0.4231557375 0.20023015000000002 0.4344262296875 0.2071346375 0.4426229515625 0.2071346375 0.450819671875 0.20425776718750002 0.4538934421875 0.19792865312500002 0.4549180328125 0.17836593750000002 0.4518442625 0.1726121984375 0.44467213125000005 0.169735328125
0 0.452868853125 0.2186421171875 0.450819671875 0.2151898734375 0.4426229515625 0.21173762968749998 0.436475409375 0.21173762968749998 0.43032786874999995 0.212888378125 0.42622950781249996 0.216340621875 0.424180328125 0.23302646718750003 0.42725409843750006 0.24971231249999998 0.429303278125 0.252013809375 0.438524590625 0.2543153046875 0.4467213109375 0.25373993125 0.450819671875 0.251438434375 0.4549180328125 0.24338319843749998 0.452868853125 0.2186421171875
0 0.44467213125000005 0.258918296875 0.438524590625 0.258918296875 0.4323770484375 0.26006904531249997 0.42725409843750006 0.26409666249999997 0.42725409843750006 0.294591484375 0.429303278125 0.2991944765625 0.4415983609375 0.30379746875 0.4518442625 0.300345225 0.45594262343749997 0.294591484375 0.4549180328125 0.26697353281249997 0.452868853125 0.262370540625 0.44467213125000005 0.258918296875
0 0.4538934421875 0.31070195625 0.4467213109375 0.3078250859375 0.438524590625 0.3078250859375 0.43135245937500005 0.3101265828125 0.4282786890625 0.3141542 0.42725409843750006 0.33256616875 0.429303278125 0.34579977031250003 0.4334016390625 0.3504027625 0.4405737703125 0.352128884375 0.4518442625 0.3509781359375 0.457991803125 0.3423475265625 0.45696721250000005 0.3153049484375 0.4538934421875 0.31070195625
0 0.44774590156249994 0.35673187500000003 0.43954917968749996 0.35673187500000003 0.4334016390625 0.3584579984375 0.429303278125 0.3630609890625 0.429303278125 0.38952819375000003 0.4334016390625 0.3987341765625 0.4415983609375 0.40103567343749996 0.4549180328125 0.3993095515625 0.46004098437499996 0.39355581093750003 0.45901639375 0.3642117375 0.45594262343749997 0.359033371875 0.44774590156249994 0.35673187500000003
0 0.727459015625 0.40621403906250003 0.7131147546875 0.405638665625 0.707991803125 0.405638665625 0.667008196875 0.4073647875 0.659836065625 0.4119677796875 0.66086065625 0.41887226718750004 0.667008196875 0.4223245109375 0.6731557375 0.42289988437500003 0.727459015625 0.4223245109375 0.734631146875 0.4205983890625 0.73770491875 0.41829689375 0.7366803281250001 0.4096662828125 0.727459015625 0.40621403906250003
0 0.9180327875 0.40678941249999995 0.9006147546875001 0.40506329062499996 0.8924180328125001 0.40506329062499996 0.8770491796875 0.4096662828125 0.8719262296875 0.41714614531249994 0.8729508203125 0.426352128125 0.8821721312499999 0.4315304953125 0.8924180328125001 0.433831990625 0.9170081968750001 0.42922899843750006 0.9252049187500001 0.42520138125000007 0.9282786890624999 0.4205983890625 0.9252049187500001 0.4096662828125 0.9180327875 0.40678941249999995
1 0.063524590625 0.42692750312500005 0.058401639062499996 0.41829689375 0.049180328125 0.4148446484375 0.020491803125 0.4148446484375 0.0184426234375 0.4148446484375 0.00717213125 0.41887226718750004 0.001024590625 0.426352128125 0.001024590625 0.43958573124999994 0.0040983609375 0.4441887234375 0.0102459015625 0.4476409671875 0.0174180328125 0.448216340625 0.047131146875 0.4476409671875 0.056352459375 0.4459148453125 0.063524590625 0.43613348749999997 0.063524590625 0.42692750312500005
1 0.1280737703125 0.4367088609375 0.1280737703125 0.42289988437500003 0.1219262296875 0.4165707703125 0.1065573765625 0.41369390156249997 0.1004098359375 0.41369390156249997 0.0788934421875 0.4148446484375 0.06967213125 0.41944764062499995 0.0655737703125 0.42750287656249997 0.0665983609375 0.43613348749999997 0.06967213125 0.4424626 0.07581967187500001 0.44649021875 0.10758196718749999 0.4470655921875 0.11680327812499999 0.44649021875 0.123975409375 0.44361334843750005 0.1280737703125 0.4367088609375
1 0.1905737703125 0.41772151874999996 0.1823770484375 0.41369390156249997 0.1495901640625 0.4131185265625 0.14754098437500002 0.4131185265625 0.138319671875 0.41542002343749995 0.13217213125 0.4223245109375 0.131147540625 0.4332566171875 0.1352459015625 0.4424626 0.145491803125 0.44649021875 0.1711065578125 0.44649021875 0.1834016390625 0.4441887234375 0.1875 0.44131185312500004 0.193647540625 0.4280782515625 0.1905737703125 0.41772151874999996
1 0.200819671875 0.42289988437500003 0.19467213125 0.4315304953125 0.195696721875 0.44131185312500004 0.20286885312499997 0.44533947031250004 0.2202868859375 0.44533947031250004 0.22745901562499998 0.44131185312500004 0.2264344265625 0.4280782515625 0.21618852500000002 0.4205983890625 0.2110655734375 0.4205983890625 0.200819671875 0.42289988437500003
1 0.28176229531249997 0.4131185265625 0.27459016406250003 0.412543153125 0.2735655734375 0.4119677796875 0.24077868906250002 0.4131185265625 0.2305327875 0.41887226718750004 0.229508196875 0.42865362500000004 0.236680328125 0.4424626 0.2459016390625 0.444764096875 0.27459016406250003 0.444764096875 0.28790983593749997 0.440736478125 0.292008196875 0.4332566171875 0.289959015625 0.41887226718750004 0.28176229531249997 0.4131185265625
1 0.3565573765625 0.42117376249999994 0.3514344265625 0.414269275 0.34426229531249997 0.4113924046875 0.340163934375 0.4113924046875 0.30737704843749997 0.412543153125 0.299180328125 0.41714614531249994 0.2961065578125 0.4298043734375 0.2981557375 0.43613348749999997 0.30532786875 0.44303797500000003 0.335040984375 0.4441887234375 0.346311475 0.44361334843750005 0.354508196875 0.440736478125 0.3575819671875 0.437284234375 0.3565573765625 0.42117376249999994
1 0.4375 0.414269275 0.43032786874999995 0.4102416578125 0.42520491875 0.4102416578125 0.37602459062500004 0.4113924046875 0.3657786890625 0.41369390156249997 0.361680328125 0.41829689375 0.3606557375 0.42750287656249997 0.366803278125 0.43785960937499996 0.3729508203125 0.440736478125 0.3862704921875 0.440736478125 0.424180328125 0.42922899843750006 0.438524590625 0.4205983890625 0.4375 0.414269275
1 0.5645491796875 0.4079401609375 0.5635245906249999 0.4073647875 0.5297131140625 0.409090909375 0.5245901640625 0.414269275 0.527663934375 0.4223245109375 0.5327868859375 0.42462600625 0.6239754093750001 0.4240506328125 0.6342213109375 0.42289988437500003 0.640368853125 0.41772151874999996 0.6383196718749999 0.41081703125 0.633196721875 0.40851553437500004 0.5645491796875 0.4079401609375
1 0.7669057375 0.40506329062499996 0.7520491796875 0.405638665625 0.7448770484375 0.40851553437500004 0.743852459375 0.415995396875 0.7489754093750001 0.4205983890625 0.8493852453124999 0.4217491375 0.8586065578125 0.4165707703125 0.8586065578125 0.4096662828125 0.8493852453124999 0.405638665625 0.7735655734375 0.40506329062499996 0.7669057375 0.40506329062499996
1 1 0.4079401609375 0.9959016390625001 0.40506329062499996 0.9866803281250001 0.40391254375 0.980788934375 0.40391254375 0.9375 0.40506329062499996 0.9323770484375 0.409090909375 0.9323770484375 0.414269275 0.9344262296875 0.420023015625 0.9415983609374999 0.42462600625 0.95901639375 0.42692750312500005 0.9815573765625001 0.4355581125 0.9959016390625001 0.433831990625 1 0.4312428078125 1 0.4079401609375