0 0.504911590625 0.45524861874999994 0.5039292734374999 0.45524861874999994 0.49607072656250006 0.456353590625 0.492141453125 0.459116021875 0.49115913593749994 0.46574585625 0.4970530453125 0.47071823281249997 0.5481335953124999 0.47127071875000004 0.5609037328124999 0.4701657453125 0.56483300625 0.46629834218750005 0.5618860515625 0.4574585640625 0.5530451859375 0.45524861874999994 0.504911590625 0.45524861874999994
0 0.7278978390625 0.4524861875 0.7269155203125 0.4524861875 0.7023575640625 0.45524861874999994 0.699410609375 0.4635359109375 0.7033398828124999 0.46740331562500004 0.710216109375 0.46906077343749997 0.763261296875 0.4685082875 0.76915520625 0.4679558015625 0.774066796875 0.46464088437499995 0.775049115625 0.4585635359375 0.76915520625 0.45359116093749996 0.7278978390625 0.4524861875
0 0.9263261296874999 0.4519337015625 0.9253438109375001 0.4519337015625 0.9047151281250001 0.4530386734375 0.8929273078125 0.4574585640625 0.8909626718749999 0.4685082875 0.9007858546874999 0.475138121875 0.90962671875 0.47569060781249994 0.9341846765625 0.47182320468750005 0.9440078578125 0.46740331562500004 0.9449901765625001 0.4558011046875 0.93516699375 0.4524861875 0.9263261296874999 0.4519337015625
1 1 0.4524335703125 0.980353634375 0.451381215625 0.9715127703125 0.451381215625 0.9587426328124999 0.4524861875 0.953831040625 0.456906078125 0.9528487234374999 0.469613259375 0.9597249515625 0.477900553125 0.969548134375 0.48232044218750003 1 0.48232044218750003 1 0.4524335703125
0 0.4587426328125 0.41657458593749996 0.453831040625 0.41657458593749996 0.44499017656250006 0.4187845296875 0.442043221875 0.422651934375 0.442043221875 0.45027624375 0.4440078578125 0.45359116093749996 0.45284872343749993 0.456906078125 0.469548134375 0.4574585640625 0.47249508906250004 0.4530386734375 0.47053045156250006 0.42486187812500004 0.468565815625 0.419889503125 0.4587426328125 0.41657458593749996
0 0.468565815625 0.138121546875 0.46070726874999995 0.138121546875 0.442043221875 0.140883978125 0.4332023578125 0.13922651875 0.423379175 0.1414364640625 0.42141453906250004 0.156353590625 0.429273084375 0.1624309390625 0.4616895875 0.16298342500000002 0.466601178125 0.16022099375 0.4715127703125 0.1519337015625 0.4715127703125 0.1425414359375 0.468565815625 0.138121546875
0 0.46267190625000004 0.1679558015625 0.453831040625 0.1662983421875 0.44793713124999995 0.1662983421875 0.4332023578125 0.16685082812500002 0.423379175 0.1734806625 0.4263261296875 0.188397790625 0.430255403125 0.1939226515625 0.43713163125000004 0.196132596875 0.44793713124999995 0.1939226515625 0.4616895875 0.1944751375 0.468565815625 0.188397790625 0.468565815625 0.17127071875 0.46267190625000004 0.1679558015625
0 0.4587426328125 0.1977900546875 0.44891945 0.19723756875 0.443025540625 0.19723756875 0.4312377203125 0.2005524859375 0.42730844843750004 0.20607734843749997 0.42730844843750004 0.2127071828125 0.429273084375 0.2204419890625 0.43516699374999995 0.2270718234375 0.4440078578125 0.22872928125 0.4616895875 0.2270718234375 0.468565815625 0.21546961250000002 0.46561886093749993 0.20110497187499998 0.4587426328125 0.1977900546875
0 0.454813359375 0.2320441984375 0.44990176875000004 0.2320441984375 0.4361493125 0.2348066296875 0.4332023578125 0.24861878437499998 0.43811394843749996 0.26574585625 0.443025540625 0.2690607734375 0.45088408593749996 0.27016574531250004 0.4616895875 0.2662983421875 0.46561886093749993 0.25469613281250003 0.46365422343749996 0.23591160156250002 0.46070726874999995 0.233149171875 0.454813359375 0.2320441984375
0 0.453831040625 0.27513812187500003 0.44990176875000004 0.27513812187500003 0.441060903125 0.2767955796875 0.43713163125000004 0.282872928125 0.4390962671875 0.312154696875 0.44891945 0.3165745859375 0.453831040625 0.3165745859375 0.46070726874999995 0.31325966875 0.46561886093749993 0.3082872921875 0.4646365421875 0.28176795625 0.46365422343749996 0.279005525 0.453831040625 0.27513812187500003
0 0.46267190625000004 0.32375690625 0.453831040625 0.320994475 0.45284872343749993 0.320994475 0.44499017656250006 0.322099446875 0.4390962671875 0.32707182343749996 0.4390962671875 0.35524861875 0.441060903125 0.35966850781250004 0.44891945 0.36408839843749996 0.46070726874999995 0.3624309390625 0.466601178125 0.35801105 0.467583496875 0.354143646875 0.466601178125 0.32872928125 0.46267190625000004 0.32375690625
0 0.45776031406250006 0.3685082875 0.45088408593749996 0.3685082875 0.441060903125 0.3734806625 0.4390962671875 0.3834254140625 0.442043221875 0.40773480624999997 0.44499017656250006 0.4104972375 0.45284872343749993 0.41215469687499995 0.4646365421875 0.4104972375 0.469548134375 0.40441988906250004 0.468565815625 0.3767955796875 0.466601178125 0.37237569062500003 0.45776031406250006 0.3685082875
1 0.0599214140625 0.4640883984375 0.0481335953125 0.46187845312500003 0.0402750484375 0.46187845312500003 0.017681728125 0.462983425 0.0088408640625 0.46906077343749997 0.007858546875 0.48729281718750006 0.014734773437500001 0.4928176796875 0.0402750484375 0.4944751375 0.054027504687500005 0.493370165625 0.06286836875 0.490607734375 0.06679764218749999 0.4845303875 0.06581532343749999 0.46906077343749997 0.0599214140625 0.4640883984375
1 0.1296660125 0.47127071875000004 0.12671905625 0.46574585625 0.1149312375 0.4613259671875 0.09135559843749999 0.4613259671875 0.0864440078125 0.4613259671875 0.07563850625 0.46519337031249997 0.0726915515625 0.469613259375 0.070726915625 0.48011049687499996 0.0736738703125 0.4889502765625 0.0805500984375 0.4928176796875 0.08840864375 0.493370165625 0.11591355625 0.4928176796875 0.1257367390625 0.490607734375 0.1296660125 0.4850828734375 0.1296660125 0.47127071875000004
1 0.19253438125 0.47182320468750005 0.1886051078125 0.46464088437499995 0.17976424375 0.46077348125000006 0.16502947031249998 0.46022099375 0.16208251406250002 0.46022099375 0.14636542187499998 0.4613259671875 0.13948919375 0.4640883984375 0.135559921875 0.46906077343749997 0.135559921875 0.4850828734375 0.1375245578125 0.488397790625 0.14636542187499998 0.49226519375000005 0.17779960781249998 0.49226519375000005 0.184675834375 0.490607734375 0.1915520625 0.4845303875 0.19253438125 0.47182320468750005
1 0.2534381140625 0.46519337031249997 0.2426326125 0.46022099375 0.2141453828125 0.46022099375 0.21316306406250002 0.46022099375 0.20530451875 0.4613259671875 0.199410609375 0.46464088437499995 0.1954813359375 0.47071823281249997 0.1954813359375 0.48011049687499996 0.2013752453125 0.4895027625 0.21218074687500002 0.4917127078125 0.2416502953125 0.49116022031249995 0.248526521875 0.4895027625 0.25638506875 0.48287292812500004 0.2534381140625 0.46519337031249997
1 0.3084479375 0.45966850781249996 0.2996070734375 0.459116021875 0.29273084531250004 0.459116021875 0.270137525 0.46022099375 0.262278978125 0.46464088437499995 0.2603143421875 0.48176795625 0.263261296875 0.48674033124999994 0.270137525 0.4900552484375 0.300589390625 0.490607734375 0.30943025468749996 0.4895027625 0.3172888015625 0.4845303875 0.3172888015625 0.46574585625 0.3084479375 0.45966850781249996
1 0.366404715625 0.4585635359375 0.35756385 0.4585635359375 0.33300589375 0.45966850781249996 0.3241650296875 0.46519337031249997 0.3231827109375 0.48176795625 0.328094303125 0.487845303125 0.33300589375 0.4895027625 0.3683693515625 0.4895027625 0.379174853125 0.48563535937499996 0.379174853125 0.466850828125 0.3742632609375 0.46077348125000006 0.366404715625 0.4585635359375
1 0.469548134375 0.46077348125000006 0.43811394843749996 0.456906078125 0.430255403125 0.456906078125 0.39882121875 0.45801105 0.3870333984375 0.4613259671875 0.383104125 0.4679558015625 0.38408644375 0.4740331484375 0.3948919453125 0.4839779 0.404715128125 0.4845303875 0.44695481406250004 0.47182320468750005 0.47053045156250006 0.4701657453125 0.47347740624999995 0.46574585625 0.469548134375 0.46077348125000006
1 0.671905696875 0.4546961328125 0.60314341875 0.454143646875 0.6021611 0.454143646875 0.5736738703125 0.456353590625 0.570726915625 0.4613259671875 0.5736738703125 0.4685082875 0.5785854609375 0.47071823281249997 0.59037328125 0.47127071875000004 0.6660117875 0.4701657453125 0.6768172890625 0.4679558015625 0.6827111984374999 0.462983425 0.6807465625 0.4574585640625 0.671905696875 0.4546961328125
1 0.8762278984374999 0.4546961328125 0.8683693515625001 0.4524861875 0.8280943031250001 0.4519337015625 0.826129665625 0.4519337015625 0.788801571875 0.4530386734375 0.78192534375 0.456906078125 0.7848722984375 0.46629834218750005 0.7976424359375 0.4685082875 0.8418467578125 0.4685082875 0.8634577609375 0.4734806625 0.872298625 0.4734806625 0.8801571703125 0.469613259375 0.883104125 0.46022099375 0.8762278984374999 0.4546961328125