0 0.43067226875 0.1824085 0.419117646875 0.17945690625 0.413865546875 0.17945690625 0.39810924375 0.17945690625 0.390756303125 0.1812278625 0.38445378125 0.1877213703125 0.3876050421875 0.2042502953125 0.39915966406250003 0.2107438015625 0.423319328125 0.20956316406250003 0.4317226890625 0.2054309328125 0.43487394999999995 0.1930342390625 0.43277310937499996 0.184769775 0.43067226875 0.1824085
0 0.41701680625000004 0.15230224375 0.411064075 0.15230224375 0.39915966406250003 0.15230224375 0.38445378125 0.15820543125 0.3834033609375 0.16765053125 0.3876050421875 0.17355371875 0.3949579828125 0.17768595 0.42542016875 0.17709563125 0.43382352968750004 0.17237308125 0.43487394999999995 0.15820543125 0.43067226875 0.15466351875 0.41701680625000004 0.15230224375
0 0.410189075 0.2131050765625 0.39810924375 0.21369539531249998 0.390756303125 0.2219598578125 0.3928571421875 0.241440378125 0.4044117640625 0.24734356562499998 0.419117646875 0.246753246875 0.43067226875 0.239079103125 0.43067226875 0.2172373078125 0.42542016875 0.2142857140625 0.41596638593749996 0.2131050765625 0.410189075 0.2131050765625
0 0.4128151265625 0.251475796875 0.40126050468749996 0.253246753125 0.396008403125 0.25855962187500003 0.39810924375 0.28394332968749997 0.40756302499999997 0.2927981109375 0.423319328125 0.29102715468749996 0.428571428125 0.2827626921875 0.4296218484375 0.259149940625 0.42542016875 0.253837071875 0.41806722656249995 0.251475796875 0.4128151265625 0.251475796875
0 0.41806722656249995 0.29752066093749996 0.413865546875 0.29752066093749996 0.405462184375 0.29870129843750004 0.400210084375 0.3034238484375 0.400210084375 0.33471074375 0.40336134531249995 0.33943329375000003 0.41176470624999995 0.3423848875 0.42436974843749997 0.34061393125 0.4296218484375 0.33293978750000003 0.428571428125 0.3046044859375 0.42542016875 0.2998819359375 0.41806722656249995 0.29752066093749996
0 0.413865546875 0.3471074375 0.4065126046875 0.34887839375 0.40126050468749996 0.3541912640625 0.40126050468749996 0.3842975203125 0.41176470624999995 0.3925619828125 0.42542016875 0.3907910265625 0.4317226890625 0.3842975203125 0.4317226890625 0.3565525390625 0.4275210078125 0.35005903125 0.4212184875 0.3471074375 0.413865546875 0.3471074375
0 0.4128151265625 0.397284534375 0.4044117640625 0.400826446875 0.402310925 0.404368359375 0.40336134531249995 0.43211334062500006 0.4086134453125 0.43978748593750006 0.423319328125 0.44155844218749996 0.4317226890625 0.437426209375 0.43487394999999995 0.425029515625 0.4317226890625 0.400826446875 0.4212184875 0.397284534375 0.4128151265625 0.397284534375
0 0.4212184875 0.4456906734375 0.41596638593749996 0.4456906734375 0.40756302499999997 0.44805194843749996 0.40336134531249995 0.4551357734375 0.4044117640625 0.48406139374999996 0.40756302499999997 0.48760330625000003 0.41596638593749996 0.48878394375 0.42542016875 0.48760330625000003 0.43592437031250003 0.48170011874999996 0.43487394999999995 0.45454545468749996 0.43067226875 0.44805194843749996 0.4212184875 0.4456906734375
1 0.42542016875 0.49940968124999996 0.455882353125 0.50059031875 0.4705882359375 0.49822904375 0.47163865468750005 0.48760330625000003 0.46533613437500004 0.4846517125 0.44432773125 0.48347107500000003 0.44222689062500004 0.48347107500000003 0.42542016875 0.49055489999999996 0.42542016875 0.49940968124999996
1 0.57457983125 0.48524203125 0.5724789921875 0.49468713124999997 0.5777310921875001 0.49881936250000003 0.5840336140625 0.49940968124999996 0.67542016875 0.497638725 0.686974790625 0.49527745 0.6911764703125 0.49055489999999996 0.682773109375 0.48288075625 0.6659663859375 0.48170011874999996 0.592436975 0.4822904375 0.57457983125 0.48524203125
1 0.7993697484375 0.4846517125 0.7983193281250001 0.49055489999999996 0.8025210078124999 0.49527745 0.8277310921875 0.49704840624999996 0.8697478984375 0.507083825 0.8855042015624999 0.50531286875 0.8949579828124999 0.49527745 0.8918067234375 0.48583235 0.8781512609375 0.48051948125 0.8140756296875 0.48051948125 0.7993697484375 0.4846517125
1 1 0.4798785625 0.9831932765625 0.47933884375 0.9726890750000001 0.48524203125 0.965336134375 0.5011806375 0.9642857140625001 0.5082644625 0.9716386546875 0.511806375 1 0.511806375 1 0.4798785625
1 0 0.5225329000000001 0.0357142859375 0.5230224328124999 0.0462184875 0.5177095625 0.0493697484375 0.511806375 0.0472689078125 0.497638725 0.0378151265625 0.49055489999999996 0.002100840625 0.48996458125000003 0 0.49055489999999996 0 0.5225329000000001
1 0.06512605 0.4893742625 0.05567226875 0.49350649375 0.0525210078125 0.49881936250000003 0.0525210078125 0.51416765 0.0588235296875 0.5212514765625 0.0892857140625 0.5230224328124999 0.1060924375 0.5218417953125 0.1123949578125 0.5188902 0.117647059375 0.51121605625 0.1165966390625 0.49822904375 0.1081932765625 0.49055489999999996 0.0892857140625 0.48819362499999996 0.06512605 0.4893742625
1 0.12079831875 0.497638725 0.12079831875 0.51239669375 0.1281512609375 0.52066115625 0.15966386562499998 0.5224321140625 0.1743697484375 0.52066115625 0.18067226875 0.5171192437500001 0.1838235296875 0.49704840624999996 0.1743697484375 0.4893742625 0.1334033609375 0.48819362499999996 0.125 0.4917355375 0.12079831875 0.497638725
1 0.201680671875 0.48819362499999996 0.1953781515625 0.48996458125000003 0.1890756296875 0.497638725 0.1890756296875 0.51239669375 0.1974789921875 0.5200708374999999 0.22689075625 0.5212514765625 0.2447478984375 0.5188902 0.247899159375 0.516528925 0.2531512609375 0.50295159375 0.2489495796875 0.49232585625 0.2436974796875 0.48878394375 0.2310924375 0.4870129875 0.201680671875 0.48819362499999996
1 0.2678571421875 0.48760330625000003 0.2584033609375 0.49468713124999997 0.257352940625 0.5106257375000001 0.265756303125 0.5188902 0.288865546875 0.52066115625 0.3067226890625 0.51948051875 0.31407562968749997 0.516528925 0.3203781515625 0.50295159375 0.317226890625 0.49232585625 0.30987395 0.48819362499999996 0.29726890781250004 0.48642266875000006 0.2678571421875 0.48760330625000003
1 0.336134453125 0.4870129875 0.32457983125 0.49409681250000004 0.3235294125 0.50295159375 0.32773109218749996 0.51121605625 0.3319327734375 0.5171192437500001 0.33823529375 0.5188902 0.3644957984375 0.5153482875 0.3918067234375 0.50531286875 0.39810924375 0.49940968124999996 0.396008403125 0.49055489999999996 0.3855042015625 0.48583235 0.336134453125 0.4870129875
0 0.49579831875 0.5 0.5588235296875 0.49881936250000003 0.5661764703125 0.49055489999999996 0.557773109375 0.48347107500000003 0.502100840625 0.48288075625 0.49264705937500003 0.48347107500000003 0.48634453750000006 0.4870129875 0.48634453750000006 0.49586776875 0.49579831875 0.5
0 0.717436975 0.49645808750000003 0.7815126046875001 0.49704840624999996 0.79201680625 0.49232585625 0.79201680625 0.4846517125 0.7804621843749999 0.47992916250000006 0.7237394953125 0.48051948125 0.7121848734375 0.48583235 0.7121848734375 0.49232585625 0.717436975 0.49645808750000003
0 0.9033613453125 0.49645808750000003 0.9138655468750001 0.50177095625 0.9527310921875 0.5023612749999999 0.9600840343750001 0.49881936250000003 0.9663865546875 0.4893742625 0.9642857140625001 0.48347107500000003 0.94957983125 0.47933884375 0.91701680625 0.47933884375 0.9033613453125 0.48524203125 0.9033613453125 0.49645808750000003