0 0.44296577968750006 0.12299465312499999 0.44201520937499994 0.12299465312499999 0.43060836562500004 0.1262032078125 0.42775665468749996 0.1294117640625 0.426806084375 0.13475935781249998 0.4315589359375 0.1438502671875 0.44201520937499994 0.1470588234375 0.4657794671875 0.1459893046875 0.4733840296875 0.1401069515625 0.47243345937500003 0.1262032078125 0.4619771859375 0.1235294125 0.44296577968750006 0.12299465312499999
0 0.44771863125 0.1491978609375 0.4353612171875 0.1518716578125 0.42965779531250003 0.15775401093750002 0.4315589359375 0.1711229953125 0.4410646390625 0.178609625 0.4657794671875 0.17754010625 0.47243345937500003 0.1716577546875 0.4714828890625 0.1529411765625 0.464828896875 0.15026737968749998 0.45152091250000004 0.1491978609375 0.44771863125 0.1491978609375
0 0.4714828890625 0.185561496875 0.4600760453125 0.181283421875 0.453422053125 0.181283421875 0.44011406875 0.18288770000000001 0.4353612171875 0.18609625624999998 0.434410646875 0.189839571875 0.4353612171875 0.204278075 0.4410646390625 0.2106951875 0.44771863125 0.212299465625 0.4619771859375 0.21176470625000002 0.4657794671875 0.21016042812500002 0.47053231875 0.20320855624999998 0.4714828890625 0.185561496875
0 0.4581749046875 0.21657754062499998 0.45152091250000004 0.21657754062499998 0.445817490625 0.2171123 0.44011406875 0.22245989375000003 0.4410646390625 0.24705882343750002 0.4448669203125 0.2534759359375 0.45627376406250003 0.25614973281250003 0.4657794671875 0.2513368984375 0.468631178125 0.2475935828125 0.468631178125 0.222994653125 0.4667300375 0.21925133749999998 0.4581749046875 0.21657754062499998
0 0.459125475 0.2604278078125 0.453422053125 0.2604278078125 0.4448669203125 0.2631016046875 0.44296577968750006 0.26684492031249996 0.44296577968750006 0.291978609375 0.445817490625 0.299465240625 0.45437262343749996 0.30213903750000004 0.4676806078125 0.2978609625 0.47053231875 0.28716577499999996 0.46958174843749995 0.26844919843750004 0.4667300375 0.2636363640625 0.459125475 0.2604278078125
0 0.4448669203125 0.3395721921875 0.45057034218750003 0.3454545453125 0.46958174843749995 0.34759358281249997 0.4714828890625 0.3149732625 0.4667300375 0.309090909375 0.4600760453125 0.30641711250000003 0.45437262343749996 0.30641711250000003 0.4448669203125 0.3106951875 0.4448669203125 0.3395721921875
0 0.45627376406250003 0.3502673796875 0.449619771875 0.3513368984375 0.4448669203125 0.3556149734375 0.4448669203125 0.3721925140625 0.44866920156249995 0.38823529375 0.45722433437500004 0.39251336875 0.468631178125 0.39037433125 0.4733840296875 0.38395721875 0.4714828890625 0.3545454546875 0.4619771859375 0.3502673796875 0.45627376406250003 0.3502673796875
0 0.4714828890625 0.39893048124999997 0.464828896875 0.396256684375 0.45722433437500004 0.396256684375 0.44771863125 0.400534759375 0.445817490625 0.41016042812500003 0.445817490625 0.4251336890625 0.449619771875 0.4299465234375 0.45722433437500004 0.4326203203125 0.4676806078125 0.43155080156250003 0.4743346 0.42780748593749995 0.47623574218750003 0.42352941250000004 0.4743346 0.40320855624999996 0.4714828890625 0.39893048124999997
0 0.5941064640625 0.42352941250000004 0.59315589375 0.43155080156250003 0.598859315625 0.4352941171875 0.65684410625 0.4352941171875 0.66825095 0.43101604218749995 0.66825095 0.42566844843749996 0.6587452468749999 0.421390375 0.6112167296875 0.420855615625 0.610266159375 0.42032085625000004 0.5941064640625 0.42352941250000004
0 0.85076045625 0.41978609687499996 0.7975285171875 0.41818181875000004 0.790874525 0.41818181875000004 0.763307984375 0.41978609687499996 0.7576045625 0.42459893125 0.759505703125 0.43101604218749995 0.763307984375 0.4331550796875 0.7737642578124999 0.43422459843750005 0.8307984796874999 0.43422459843750005 0.8479087453125 0.43582887656249997 0.85836501875 0.4304812828125 0.85836501875 0.42352941250000004 0.85076045625 0.41978609687499996
0 0.9838403046875 0.4406417109375 0.9847908750000001 0.42620320781250004 0.9781368828125 0.420855615625 0.9657794671875 0.41818181875000004 0.9603925859375 0.41818181875000004 0.9287072249999999 0.4192513375 0.9249049421875 0.42299465312500006 0.9249049421875 0.4299465234375 0.9306083656249999 0.43636363593749994 0.9515209125 0.4459893046875 0.9676806078125001 0.44759358281250006 0.9724334593749999 0.4465240640625 0.975285171875 0.4422459890625 0.9790874531249999 0.44278074843750004 0.9838403046875 0.4406417109375
1 1 0.418716578125 0.9914448671875 0.42352941250000004 0.9904942968749999 0.4401069515625 0.998098859375 0.4470588234375 1 0.44717140468750005 1 0.418716578125
1 0.8887832703124999 0.418716578125 0.87357414375 0.42245989375 0.8659695812500001 0.43101604218749995 0.867870721875 0.44117647031249996 0.8792775671875 0.4454545453125 0.9106463874999999 0.4385026734375 0.920152090625 0.43155080156250003 0.9192015203125001 0.424064171875 0.9144486687500001 0.420855615625 0.8925855515625001 0.418716578125 0.8887832703124999 0.418716578125
1 0.695817490625 0.4192513375 0.6853612171875 0.42245989375 0.6834600765625 0.4251336890625 0.684410646875 0.43101604218749995 0.69011406875 0.43422459843750005 0.73859315625 0.4347593578125 0.7509505703125 0.43155080156250003 0.751901140625 0.42352941250000004 0.74619771875 0.41978609687499996 0.699619771875 0.4192513375 0.695817490625 0.4192513375
1 0.5218631171875 0.421390375 0.48288973437499993 0.42299465312500006 0.4781368828125 0.4267379671875 0.48098859374999997 0.43582887656249997 0.561787071875 0.4368983953125 0.5788973390625001 0.43582887656249997 0.58555133125 0.4320855609375 0.5826996203125 0.42352941250000004 0.5760456281249999 0.421925134375 0.524714828125 0.421390375 0.5218631171875 0.421390375
1 0.44201520937499994 0.4283422453125 0.4372623578125 0.4251336890625 0.43060836562500004 0.424064171875 0.42965779531250003 0.424064171875 0.38783270000000003 0.4251336890625 0.3802281375 0.4272727265625 0.37642585624999997 0.4326203203125 0.3802281375 0.4502673796875 0.385931559375 0.4534759359375 0.3954372625 0.4540106953125 0.40399239531250003 0.45240641718749997 0.43250950625 0.4433155078125 0.44296577968750006 0.4374331546875 0.44201520937499994 0.4283422453125
1 0.3707224328125 0.44759358281250006 0.3707224328125 0.4320855609375 0.36787072187500003 0.4283422453125 0.3593155890625 0.4251336890625 0.3539287078125 0.4251336890625 0.3269961984375 0.4251336890625 0.3184410640625 0.4288770046875 0.3146387828125 0.4352941171875 0.3146387828125 0.4438502671875 0.31653992343750004 0.4486631015625 0.323193915625 0.4540106953125 0.333650190625 0.4556149734375 0.3498098859375 0.4550802140625 0.3669201515625 0.4518716578125 0.3707224328125 0.44759358281250006
1 0.3070342203125 0.42941176406250003 0.29847908749999996 0.42566844843749996 0.2661596953125 0.42566844843749996 0.265209125 0.42566844843749996 0.2566539921875 0.4288770046875 0.25285171093750003 0.43368983906249997 0.25285171093750003 0.44812834218750003 0.2566539921875 0.45294117656250005 0.2661596953125 0.45614973281250004 0.2937262359375 0.4556149734375 0.30228136875 0.4540106953125 0.3108365015625 0.4454545453125 0.3108365015625 0.43636363593749994 0.3070342203125 0.42941176406250003
1 0.24809885937499998 0.4459893046875 0.24809885937499998 0.4352941171875 0.2452471484375 0.4304812828125 0.2338403046875 0.42620320781250004 0.228453421875 0.42620320781250004 0.2015209125 0.42620320781250004 0.19391635000000002 0.42941176406250003 0.19011406875 0.43582887656249997 0.19011406875 0.4465240640625 0.1929657796875 0.45294117656250005 0.1986692015625 0.45614973281250004 0.222433459375 0.4572192515625 0.23859315625000002 0.4556149734375 0.244296578125 0.45294117656250005 0.24809885937499998 0.4459893046875
1 0.1777566546875 0.42780748593749995 0.162547528125 0.4267379671875 0.1615969578125 0.42620320781250004 0.14448669218750002 0.4267379671875 0.1330798484375 0.43155080156250003 0.1292775671875 0.4459893046875 0.132129278125 0.45240641718749997 0.13878327031249998 0.4572192515625 0.173954371875 0.4572192515625 0.184410646875 0.45240641718749997 0.1872623578125 0.44812834218750003 0.1853612171875 0.4326203203125 0.1777566546875 0.42780748593749995
1 0.1254752859375 0.43422459843750005 0.12072243281249999 0.4299465234375 0.1121673 0.4272727265625 0.10722433437500001 0.4272727265625 0.087452471875 0.4272727265625 0.073193915625 0.43155080156250003 0.0684410640625 0.4422459890625 0.0722433453125 0.45614973281250004 0.08555133125 0.45828877031250004 0.10551330781249998 0.45828877031250004 0.11692015156249999 0.4572192515625 0.12357414375 0.45454545468749996 0.12642585625 0.44973262031249994 0.1254752859375 0.43422459843750005
1 0 0.45620915 0.00380228125 0.45454545468749996 0.006653992187500001 0.44491978593750003 0.005703421875 0.43582887656249997 0 0.432299465625 0 0.45620915
1 0.05988593125 0.4304812828125 0.050380228125 0.4283422453125 0.0456273765625 0.4283422453125 0.0228136875 0.4288770046875 0.012357414062499999 0.43368983906249997 0.0104562734375 0.4502673796875 0.017110265625000003 0.45828877031250004 0.035171103125 0.4593582890625 0.057034220312499995 0.45775401093749996 0.0627376421875 0.4556149734375 0.065589353125 0.44973262031249994 0.06463878281249999 0.4352941171875 0.05988593125 0.4304812828125