1 0.46975425312499997 0.44042553125 0.46408317656250003 0.44042553125 0.45841209843749997 0.4377659578125 0.45652173906250004 0.4377659578125 0.39224952812499997 0.440957446875 0.3856332703125 0.4441489359375 0.3856332703125 0.4553191484375 0.396975425 0.4622340421875 0.406427221875 0.4622340421875 0.43289225 0.45425531875 0.4688090734375 0.45265957500000004 0.4744801515625 0.4484042546875 0.47353497187500004 0.44308510625 0.46975425312499997 0.44042553125
1 0.625708884375 0.43670212812500003 0.6228733453124999 0.43670212812500003 0.5746691875 0.43829787187499997 0.5699432890625 0.4420212765625 0.5718336484375001 0.449468084375 0.576559546875 0.452127659375 0.5841209828125 0.45265957500000004 0.6313799625 0.4515957453125 0.6370510390625 0.4489361703125 0.6389413984375001 0.443617021875 0.63516068125 0.43829787187499997 0.625708884375 0.43670212812500003
1 0.7901701328125 0.43457446875 0.7731569 0.43510638281249997 0.767485821875 0.4377659578125 0.7655954625 0.4441489359375 0.771266540625 0.449468084375 0.8251417765625 0.4515957453125 0.8327032140625 0.4484042546875 0.8327032140625 0.4372340421875 0.8251417765625 0.43510638281249997 0.7930056703125 0.43457446875 0.7901701328125 0.43457446875
1 0.9546313796874999 0.4356382984375 0.9480151234375 0.43457446875 0.9420293 0.43457446875 0.9281663515625 0.43510638281249997 0.9196597359375 0.44308510625 0.9196597359375 0.449468084375 0.923440453125 0.454787234375 0.9328922499999999 0.46170212812500006 0.9404536859375 0.46382978750000003 0.9517958406249999 0.46329787187499993 0.9603024578125 0.454787234375 0.9603024578125 0.43989361718750003 0.9546313796874999 0.4356382984375
1 0.3733459359375 0.4420212765625 0.36767485781250003 0.440957446875 0.3629489609375 0.440957446875 0.338374290625 0.4414893609375 0.3289224953125 0.44574468125 0.32608695625 0.45053191562499995 0.32608695625 0.46063829843750004 0.33459357343749996 0.47021276562500003 0.36767485781250003 0.47074468124999996 0.3799621921875 0.46755319218749997 0.38279773125 0.4622340421875 0.3799621921875 0.4468085109375 0.3733459359375 0.4420212765625
1 0.32041587968749996 0.44787234062500003 0.30812854375 0.4414893609375 0.303402646875 0.4414893609375 0.27693761875 0.4420212765625 0.2684310015625 0.44574468125 0.2655954625 0.45106382968750003 0.2655954625 0.46276595781249996 0.27221172031249996 0.47021276562500003 0.27788279843749997 0.4718085109375 0.303402646875 0.4718085109375 0.3166351609375 0.468617021875 0.321361059375 0.45904255312500003 0.32041587968749996 0.44787234062500003
1 0.2599243859375 0.45053191562499995 0.2551984875 0.44468085156250003 0.2457466921875 0.4420212765625 0.2405482046875 0.4420212765625 0.2136105859375 0.44308510625 0.20604915 0.4468085109375 0.20226843125 0.46276595781249996 0.2051039703125 0.46808510625000005 0.21077504687499998 0.47127659531250005 0.2192816640625 0.47287234062500005 0.23724007500000002 0.47287234062500005 0.25614366718750003 0.46968085156250006 0.2599243859375 0.46489361718750005 0.2599243859375 0.45053191562499995
1 0.1984877125 0.4643617015625 0.1984877125 0.4515957453125 0.19187145625 0.445212765625 0.1814744796875 0.4425531921875 0.1767485828125 0.4425531921875 0.1531190921875 0.44308510625 0.1446124765625 0.44787234062500003 0.1417769375 0.45585106406250003 0.1427221171875 0.46489361718750005 0.1465028359375 0.47074468124999996 0.1531190921875 0.4734042546875 0.1805293 0.4734042546875 0.189981096875 0.47234042499999995 0.19565217343750002 0.46914893593749996 0.1984877125 0.4643617015625
1 0.125708884375 0.4441489359375 0.10207939531250002 0.443617021875 0.09640831718750001 0.443617021875 0.0850661625 0.44787234062500003 0.0822306234375 0.4531914890625 0.0822306234375 0.46542553125 0.086956521875 0.4718085109375 0.097353496875 0.47446808437500004 0.1313799625 0.47234042499999995 0.13799621875 0.4643617015625 0.13799621875 0.4515957453125 0.13516068125 0.44787234062500003 0.125708884375 0.4441489359375
1 0.06521739062500001 0.44468085156250003 0.059924385937500005 0.44468085156250003 0.033081285937499996 0.445212765625 0.026465028125 0.44787234062500003 0.0207939515625 0.4622340421875 0.027410207812499997 0.47393617031249996 0.0349716453125 0.47553191562499997 0.058601134374999996 0.475 0.0699432890625 0.4734042546875 0.076559546875 0.46914893593749996 0.076559546875 0.45 0.06521739062500001 0.44468085156250003
1 0 0.4756044484375 0.0028355390625 0.47553191562499997 0.016068053125000002 0.47074468124999996 0.0151228734375 0.45106382968750003 0.010396975 0.447340425 0.0028355390625 0.445212765625 0 0.445212765625 0 0.4756044484375
0 0.5009451796875 0.4377659578125 0.49527410156249996 0.4377659578125 0.48582230624999995 0.43829787187499997 0.480151228125 0.4414893609375 0.4792060484375 0.4484042546875 0.48582230624999995 0.4531914890625 0.5378071828125 0.4531914890625 0.5463138 0.452127659375 0.5519848765625001 0.4489361703125 0.5529300562499999 0.443617021875 0.5472589796875 0.4393617015625 0.5009451796875 0.4377659578125
0 0.737240075 0.43670212812500003 0.682419659375 0.43670212812500003 0.6814744796875 0.4361702125 0.654064271875 0.43670212812500003 0.6455576562500001 0.43829787187499997 0.6427221171874999 0.4414893609375 0.6446124765625 0.4489361703125 0.65595463125 0.4515957453125 0.7344045375 0.45 0.7419659734375 0.4489361703125 0.746691871875 0.443617021875 0.7448015125 0.43989361718750003 0.737240075 0.43670212812500003
0 0.9073724000000001 0.4393617015625 0.9035916828125 0.4372340421875 0.8979206046874999 0.4356382984375 0.8657844984375 0.43510638281249997 0.860113421875 0.43510638281249997 0.8487712671875001 0.43510638281249997 0.8412098296874999 0.4393617015625 0.8383742906249999 0.45372340468749994 0.84404536875 0.4579787234375 0.8629489609375 0.4611702125 0.8894139890625 0.4553191484375 0.8931947062500001 0.45585106406250003 0.9045368625 0.4515957453125 0.9083175796875 0.447340425 0.9073724000000001 0.4393617015625
0 1 0.43393617031250004 0.9924385640625 0.4335106390625 0.9914933843749999 0.4335106390625 0.9744801515624999 0.434042553125 0.965973534375 0.43989361718750003 0.9650283546875 0.4574468078125 0.9716446124999999 0.46382978750000003 1 0.46382978750000003 1 0.43393617031250004
0 0.4461247640625 0.3968085109375 0.44517958437500005 0.3968085109375 0.4357277875 0.3984042546875 0.4300567109375 0.40372340468749995 0.4319470703125 0.429787234375 0.434782609375 0.4329787234375 0.4423440453125 0.43510638281249997 0.4546313796875 0.434042553125 0.459357278125 0.4265957453125 0.45746691874999995 0.40212765937499995 0.45368620000000004 0.3984042546875 0.4461247640625 0.3968085109375
0 0.43761814687499995 0.3074468078125 0.42816635156249994 0.3127659578125 0.42816635156249994 0.3398936171875 0.4319470703125 0.34574468125 0.4404536859375 0.347340425 0.4508506609375 0.3468085109375 0.455576559375 0.33882978750000003 0.4546313796875 0.3148936171875 0.4508506609375 0.3101063828125 0.44423440468750003 0.3074468078125 0.43761814687499995 0.3074468078125
0 0.45652173906250004 0.11542553124999999 0.4546313796875 0.11702127656250001 0.4423440453125 0.1175531921875 0.4224952734375 0.12127659531249999 0.41965973593749994 0.1239361703125 0.42155009374999997 0.127659575 0.4404536859375 0.129787234375 0.455576559375 0.12925531875000001 0.4603024578125 0.125531915625 0.45746691874999995 0.11542553124999999 0.45652173906250004 0.11542553124999999
0 0.413043478125 0.138297871875 0.4120982984375 0.15053191562499998 0.4177693765625 0.154787234375 0.4499054828125 0.1558510640625 0.45841209843749997 0.14787234062500001 0.45841209843749997 0.1393617015625 0.4527410203125 0.1351063828125 0.434782609375 0.1335106390625 0.4338374296875 0.1329787234375 0.413043478125 0.138297871875
0 0.4262759921875 0.1574468078125 0.413043478125 0.1638297875 0.413043478125 0.1739361703125 0.41682419687500005 0.1808510640625 0.4262759921875 0.1856382984375 0.4499054828125 0.1851063828125 0.45746691874999995 0.17765957500000001 0.45652173906250004 0.1627659578125 0.4461247640625 0.15851063906250001 0.427221171875 0.1579787234375 0.4262759921875 0.1574468078125
0 0.4461247640625 0.1877659578125 0.4411625703125 0.1877659578125 0.4262759921875 0.1877659578125 0.42060491562499996 0.19042553125 0.4177693765625 0.19468085156249998 0.41871455625 0.2085106390625 0.42533081250000004 0.215957446875 0.431001890625 0.21755319218750002 0.44801512343749994 0.21648936093749999 0.455576559375 0.20957446875 0.455576559375 0.19308510625 0.4461247640625 0.1877659578125
0 0.43856332656249997 0.2212765953125 0.4243856328125 0.22393617031250002 0.4224952734375 0.23936170156249997 0.42816635156249994 0.254787234375 0.43950850625 0.2579787234375 0.4499054828125 0.2537234046875 0.45368620000000004 0.24308510625 0.45368620000000004 0.2281914890625 0.4508506609375 0.2234042546875 0.44423440468750003 0.2212765953125 0.43856332656249997 0.2212765953125
0 0.4423440453125 0.2622340421875 0.43950850625 0.2622340421875 0.42911153124999996 0.2648936171875 0.4262759921875 0.2712765953125 0.42816635156249994 0.297872340625 0.4300567109375 0.30053191562500003 0.43761814687499995 0.3031914890625 0.4423440453125 0.3031914890625 0.4499054828125 0.3 0.45368620000000004 0.29414893593749997 0.4527410203125 0.26861702187500003 0.4423440453125 0.2622340421875
0 0.43856332656249997 0.3515957453125 0.42911153124999996 0.3574468078125 0.42911153124999996 0.381382978125 0.4319470703125 0.3893617015625 0.4423440453125 0.3941489359375 0.451795840625 0.3925531921875 0.45746691874999995 0.3851063828125 0.455576559375 0.3558510640625 0.4499054828125 0.3515957453125 0.44517958437500005 0.3515957453125 0.43856332656249997 0.3515957453125