0 0.42436974843749997 0.1505312875 0.41806722656249995 0.1505312875 0.39915966406250003 0.1528925625 0.3918067234375 0.1576151125 0.3918067234375 0.16765053125 0.40126050468749996 0.17473435625 0.4275210078125 0.17532467499999999 0.44012605000000005 0.1717827625 0.4432773109375 0.165879575 0.44222689062500004 0.1552538375 0.436974790625 0.15230224375 0.42436974843749997 0.1505312875
0 0.436974790625 0.18063754375000002 0.42542016875 0.17827626875 0.4194674375 0.17827626875 0.40756302499999997 0.17827626875 0.39915966406250003 0.18063754375000002 0.3928571421875 0.18654073124999998 0.396008403125 0.2036599765625 0.405462184375 0.20956316406250003 0.43382352968750004 0.20838252656249998 0.43907562968749997 0.2048406140625 0.44222689062500004 0.19598583281249998 0.44117647031249996 0.184769775 0.436974790625 0.18063754375000002
0 0.428571428125 0.2125147578125 0.4222689078125 0.2125147578125 0.405462184375 0.21369539531249998 0.39810924375 0.22255017656249998 0.400210084375 0.240259740625 0.40756302499999997 0.245572609375 0.41596638593749996 0.246753246875 0.43277310937499996 0.244391971875 0.43907562968749997 0.23730814687500001 0.44012605000000005 0.2190082640625 0.438025209375 0.21605667031250003 0.428571428125 0.2125147578125
0 0.43487394999999995 0.253837071875 0.4264705875 0.250885478125 0.4212184875 0.250885478125 0.41071428593750003 0.25206611562500003 0.4044117640625 0.257969303125 0.4065126046875 0.2851239671875 0.40966386562499996 0.2898465171875 0.4201680671875 0.2933884296875 0.42542016875 0.2933884296875 0.43487394999999995 0.2892561984375 0.436974790625 0.2809917359375 0.436974790625 0.25678866562499997 0.43487394999999995 0.253837071875
0 0.4264705875 0.2981109796875 0.4201680671875 0.2981109796875 0.41071428593750003 0.3004722546875 0.40756302499999997 0.30578512343750003 0.4086134453125 0.3353010625 0.41596638593749996 0.3423848875 0.4201680671875 0.34297520625 0.43277310937499996 0.34061393125 0.438025209375 0.33293978750000003 0.436974790625 0.30519480468750004 0.43487394999999995 0.3016528921875 0.4264705875 0.2981109796875
0 0.42436974843749997 0.34769775625 0.41596638593749996 0.34887839375 0.40966386562499996 0.3541912640625 0.40966386562499996 0.3848878390625 0.41596638593749996 0.3925619828125 0.4317226890625 0.39374262031249996 0.44012605000000005 0.3854781578125 0.44012605000000005 0.3618654078125 0.43592437031250003 0.35064934999999997 0.42542016875 0.34769775625 0.42436974843749997 0.34769775625
0 0.43907562968749997 0.402597403125 0.4296218484375 0.39846517187499997 0.42542016875 0.39846517187499997 0.41596638593749996 0.400236128125 0.41071428593750003 0.404958678125 0.41071428593750003 0.434474615625 0.414915965625 0.4421487609375 0.423319328125 0.4456906734375 0.43382352968750004 0.44510035468750003 0.43907562968749997 0.4421487609375 0.44222689062500004 0.43624557187499996 0.44117647031249996 0.40613931562500005 0.43907562968749997 0.402597403125
0 0.4296218484375 0.4492325859375 0.428571428125 0.4492325859375 0.41806722656249995 0.4510035421875 0.4128151265625 0.4563164109375 0.40966386562499996 0.48878394375 0.414915965625 0.49232585625 0.42436974843749997 0.49055489999999996 0.4275210078125 0.4870129875 0.44432773125 0.47933884375 0.44222689062500004 0.45454545468749996 0.436974790625 0.45041322343749995 0.4296218484375 0.4492325859375
0 0.5819327734375 0.47992916250000006 0.5714285718750001 0.48110980000000003 0.56512605 0.4870129875 0.567226890625 0.49350649375 0.57457983125 0.49704840624999996 0.63445378125 0.49645808750000003 0.6470588234375 0.4917355375 0.646008403125 0.48406139374999996 0.6386554624999999 0.48051948125 0.586134453125 0.47992916250000006 0.5819327734375 0.47992916250000006
0 0.8161764703125 0.47815820468750003 0.8151260499999999 0.4775678859375 0.8056722687500001 0.47815820468750003 0.7972689078124999 0.48110980000000003 0.7951680671875 0.48760330625000003 0.7993697484375 0.49291617499999996 0.8508403359375001 0.49704840624999996 0.859243696875 0.49704840624999996 0.863445378125 0.49468713124999997 0.8686974796875001 0.48347107500000003 0.8613445375 0.47933884375 0.8161764703125 0.47815820468750003
0 1 0.4791174734375 0.9926470593750001 0.4775678859375 0.9852941171875 0.4775678859375 0.9737394953124999 0.47874852343749996 0.967436975 0.48288075625 0.96323529375 0.48996458125000003 0.965336134375 0.5023612749999999 0.978991596875 0.51003541875 0.9947478984375 0.5094451 1 0.506247540625 1 0.4791174734375
1 0.40126050468749996 0.4917355375 0.39390756250000003 0.48524203125 0.3602941171875 0.4846517125 0.359243696875 0.48406139374999996 0.336134453125 0.48583235 0.3287815125 0.49232585625 0.3287815125 0.5082644625 0.335084034375 0.51475796875 0.3413865546875 0.5171192437500001 0.35609243749999997 0.5171192437500001 0.3697478984375 0.51416765 0.3928571421875 0.5059031875 0.40126050468749996 0.5 0.40126050468749996 0.4917355375
1 0.32142857187499996 0.5129870125 0.3224789921875 0.4917355375 0.31512605 0.48583235 0.307773109375 0.4846517125 0.30357142812500004 0.4846517125 0.275210084375 0.48524203125 0.2647058828125 0.4893742625 0.2605042015625 0.49586776875 0.2605042015625 0.50649350625 0.2647058828125 0.51416765 0.2699579828125 0.5171192437500001 0.2783613453125 0.5188902 0.30567226875000003 0.51829988125 0.31407562968749997 0.5171192437500001 0.32142857187499996 0.5129870125
1 0.25420168125 0.49055489999999996 0.2394957984375 0.48524203125 0.2300420171875 0.48524203125 0.2069327734375 0.48583235 0.1974789921875 0.49114521875 0.1953781515625 0.5088547812499999 0.19957983125 0.51593860625 0.2069327734375 0.5188902 0.2394957984375 0.5188902 0.247899159375 0.5171192437500001 0.2531512609375 0.5135773312499999 0.2563025203125 0.50531286875 0.25420168125 0.49055489999999996
1 0.186974790625 0.49232585625 0.1764705875 0.4870129875 0.1533613453125 0.48642266875000006 0.14810924375 0.48642266875000006 0.1334033609375 0.48819362499999996 0.1281512609375 0.49232585625 0.125 0.507083825 0.1302521015625 0.516528925 0.13970588281250002 0.5200708374999999 0.178571428125 0.5188902 0.1859243703125 0.5153482875 0.1890756296875 0.51003541875 0.19012605 0.49881936250000003 0.186974790625 0.49232585625
1 0.11449579843749999 0.4893742625 0.09873949531250001 0.48642266875000006 0.0955882359375 0.48642266875000006 0.0703781515625 0.48760330625000003 0.059873949999999995 0.49527745 0.0609243703125 0.5153482875 0.0703781515625 0.52066115625 0.1060924375 0.52066115625 0.11449579843749999 0.5188902 0.1186974796875 0.5153482875 0.1218487390625 0.507083825 0.12079831875 0.49468713124999997 0.11449579843749999 0.4893742625
1 0 0.5212514765625 0.039915965625 0.5212514765625 0.0462184875 0.5200708374999999 0.053571428125 0.51475796875 0.053571428125 0.49409681250000004 0.0451680671875 0.48878394375 0.0294117640625 0.48760330625000003 0.023634453125 0.48760330625000003 0.0063025203125 0.48819362499999996 0 0.49076956093749996 0 0.5212514765625
1 0.5052521015625 0.48110980000000003 0.50420168125 0.48110980000000003 0.4453781515625 0.48288075625 0.428571428125 0.49055489999999996 0.4275210078125 0.49704840624999996 0.43277310937499996 0.49881936250000003 0.5315126046875001 0.49822904375 0.5451680671875 0.49468713124999997 0.5472689078124999 0.48760330625000003 0.5409663859375 0.48288075625 0.5315126046875001 0.48110980000000003 0.5052521015625 0.48110980000000003
1 0.7016806718749999 0.47874852343749996 0.69957983125 0.47874852343749996 0.6607142859375 0.47992916250000006 0.6544117640625 0.48288075625 0.6544117640625 0.49291617499999996 0.664915965625 0.49645808750000003 0.7552521015625 0.49527745 0.7647058828125 0.49409681250000004 0.7720588234375 0.48878394375 0.771008403125 0.48347107500000003 0.7626050421875 0.47933884375 0.7016806718749999 0.47874852343749996
1 0.9548319328125 0.48347107500000003 0.9474789921875001 0.47933884375 0.9065126046875 0.47815820468750003 0.9012605046875001 0.47815820468750003 0.8855042015624999 0.47815820468750003 0.8781512609375 0.47992916250000006 0.87079831875 0.48996458125000003 0.87079831875 0.50177095625 0.8771008406249999 0.50531286875 0.890756303125 0.5082644625 0.9348739500000001 0.50059031875 0.9474789921875001 0.49704840624999996 0.955882353125 0.48996458125000003 0.9548319328125 0.48347107500000003