0 0.42624728906250003 0.3792682921875 0.4208242953125 0.365243903125 0.4132321046875 0.361585365625 0.4067245125 0.361585365625 0.398047721875 0.363414634375 0.39262472812500004 0.36890243906250003 0.39154012968749996 0.384756096875 0.3947939265625 0.390243903125 0.40780911093750005 0.397560975 0.44034707187500005 0.397560975 0.444685465625 0.39329268281249996 0.444685465625 0.386585365625 0.44034707187500005 0.3823170734375 0.42624728906250003 0.3792682921875
0 0.40130151875 0.309756096875 0.39262472812500004 0.313414634375 0.39045553125 0.3170731703125 0.39045553125 0.3463414640625 0.3947939265625 0.35548780468749996 0.41106290625 0.3579268296875 0.4208242953125 0.352439025 0.42299349218750004 0.3329268296875 0.41973969687499996 0.313414634375 0.408893709375 0.309756096875 0.40130151875 0.309756096875
0 0.39262472812500004 0.2579268296875 0.39045553125 0.259756096875 0.39045553125 0.29695121874999997 0.39370932812500004 0.30182926875 0.40238611718749995 0.3048780484375 0.4132321046875 0.30304878125 0.41973969687499996 0.29695121874999997 0.4175704984375 0.2542682921875 0.41648589999999996 0.2542682921875 0.39262472812500004 0.2579268296875
0 0.398047721875 0.2079268296875 0.388286334375 0.21280487812499999 0.3872017359375 0.235975609375 0.3893709328125 0.24817073125000003 0.4002169203125 0.2536585359375 0.414316703125 0.25121951249999996 0.41865509687499997 0.2420731703125 0.41648589999999996 0.213414634375 0.414316703125 0.21036585312499997 0.4067245125 0.2079268296875 0.398047721875 0.2079268296875
0 0.4067245125 0.1573170734375 0.40075921875000003 0.1573170734375 0.39262472812500004 0.1579268296875 0.3850325375 0.16402439062500002 0.3839479390625 0.1810975609375 0.388286334375 0.1987804875 0.39262472812500004 0.20182926874999998 0.40238611718749995 0.20304878125 0.4132321046875 0.20060975625 0.41648589999999996 0.1932926828125 0.4154013015625 0.162804878125 0.4067245125 0.1573170734375
0 0.3969631234375 0.1164634140625 0.3947939265625 0.1164634140625 0.38069414375 0.1207317078125 0.377440346875 0.1310975609375 0.3839479390625 0.14817073125 0.39154012968749996 0.1536585359375 0.3991323203125 0.1542682921875 0.40455531406249995 0.1536585359375 0.41648589999999996 0.14634146406249998 0.41865509687499997 0.12317073125 0.4132321046875 0.11768292656249998 0.3969631234375 0.1164634140625
0 0.4175704984375 0.050609756250000006 0.40455531406249995 0.047560975 0.3975054234375 0.047560975 0.377440346875 0.05 0.36984815625 0.05487804843750001 0.36984815625 0.0676829265625 0.37418655156249997 0.075 0.38177874218749996 0.07804878125 0.4154013015625 0.07804878125 0.41973969687499996 0.07560975625000001 0.424078090625 0.063414634375 0.42299349218750004 0.055487804687499996 0.4175704984375 0.050609756250000006
0 0.39370932812500004 0.0798780484375 0.38177874218749996 0.08109756093750001 0.3731019515625 0.089024390625 0.3763557484375 0.1054878046875 0.3861171359375 0.114024390625 0.414316703125 0.112195121875 0.41973969687499996 0.1060975609375 0.4208242953125 0.085975609375 0.414316703125 0.08170731718749999 0.4002169203125 0.0798780484375 0.39370932812500004 0.0798780484375
0 0.36984815625 0.032317073437499996 0.36876355781250003 0.041463414062499995 0.3785249453125 0.0457317078125 0.414316703125 0.0445121953125 0.41973969687499996 0.0426829265625 0.42299349218750004 0.038414634375 0.42299349218750004 0.0329268296875 0.41973969687499996 0.030487804687499998 0.4132321046875 0.030487804687499998 0.36984815625 0.032317073437499996
0 0.6605206078125 0.3786585359375 0.6008676796875 0.3804878046875 0.5943600874999999 0.384756096875 0.5954446859375 0.3926829265625 0.606290671875 0.39695121875 0.67136659375 0.3951219515625 0.6778741859374999 0.3914634140625 0.6789587859374999 0.38597560937500003 0.6735357921875 0.38109756093749997 0.66160520625 0.3792682921875 0.6605206078125 0.3786585359375
0 0.8449023859375 0.37743902500000004 0.840563990625 0.37743902500000004 0.8275488062499999 0.3817073171875 0.8275488062499999 0.3914634140625 0.83839479375 0.39695121875 0.8687635578125 0.4054878046875 0.87960954375 0.4054878046875 0.8861171359375 0.39695121875 0.8861171359375 0.387195121875 0.8806941437500001 0.3792682921875 0.872017353125 0.37743902500000004 0.8449023859375 0.37743902500000004
0 1 0.37743902500000004 0.9989154015624999 0.37743902500000004 0.9902386109375 0.3829268296875 0.9848156187500001 0.3920731703125 0.98373101875 0.40365853593749995 0.9869848156250001 0.4091463421875 0.9913232109375001 0.41036585312499996 1 0.41059814218749996 1 0.37743902500000004
1 0.50542299375 0.3804878046875 0.5043383953125 0.3804878046875 0.45770065000000004 0.3817073171875 0.45227765781249996 0.38597560937500003 0.45444685468749996 0.3957317078125 0.4642082421875 0.39817073125 0.5607375265625001 0.397560975 0.56832971875 0.3963414640625 0.5737527109375 0.3920731703125 0.5726681124999999 0.385365853125 0.559652928125 0.38109756093749997 0.50542299375 0.3804878046875
1 0.7982646421874999 0.3798780484375 0.789587853125 0.37804878125 0.7537960953125 0.37743902500000004 0.7483731015624999 0.37743902500000004 0.6941431671875 0.3792682921875 0.6865509765625 0.3823170734375 0.6865509765625 0.3914634140625 0.6941431671875 0.3951219515625 0.710412146875 0.3957317078125 0.7819956609375 0.3951219515625 0.7950108453125 0.39451219531250004 0.8026030375 0.3920731703125 0.8047722343749999 0.38597560937500003 0.7982646421874999 0.3798780484375
1 0.9707158343750001 0.37804878125 0.9468546640625 0.37682926875 0.9436008671874999 0.37682926875 0.8991323203125001 0.37804878125 0.8926247281249999 0.3817073171875 0.89045553125 0.387195121875 0.893709328125 0.40060975625 0.9013015187500001 0.40304878125 0.934924078125 0.4 0.9674620390625 0.40182926874999997 0.9772234265625 0.3951219515625 0.9783080265624999 0.3829268296875 0.9707158343750001 0.37804878125
1 0.39045553125 0.3914634140625 0.37960954375 0.3835365859375 0.372017353125 0.3835365859375 0.330802603125 0.3841463421875 0.3167028203125 0.387195121875 0.312364425 0.40182926874999997 0.315618221875 0.411585365625 0.32212581406249996 0.4164634140625 0.3351409984375 0.4176829265625 0.3438177875 0.4158536578125 0.377440346875 0.4048780484375 0.388286334375 0.39939024375 0.39045553125 0.3914634140625
1 0.3004338390625 0.386585365625 0.2928416484375 0.384756096875 0.287057484375 0.384756096875 0.25488069375 0.385365853125 0.24295010781249998 0.39085365781250003 0.2407809109375 0.4079268296875 0.2483731015625 0.4170731703125 0.26138828593749996 0.41951219531249995 0.289587853125 0.41890243906249996 0.3036876359375 0.414634146875 0.30802602968750004 0.40609756093750005 0.3058568328125 0.3920731703125 0.3004338390625 0.386585365625
1 0.23427331875 0.3920731703125 0.2255965296875 0.38597560937500003 0.2125813453125 0.384756096875 0.21041214687499998 0.384756096875 0.18221258125 0.38597560937500003 0.17353579218749998 0.390243903125 0.169197396875 0.4012195125 0.1702819953125 0.41036585312499996 0.1757049890625 0.4170731703125 0.18221258125 0.41951219531249995 0.20824294999999998 0.4201219515625 0.226681128125 0.4182926828125 0.2353579171875 0.410975609375 0.23427331875 0.3920731703125
1 0.1648590015625 0.410975609375 0.1648590015625 0.3951219515625 0.1550976140625 0.387195121875 0.14316702812499998 0.38597560937500003 0.1372017359375 0.38597560937500003 0.1127982640625 0.386585365625 0.1030368765625 0.3914634140625 0.0997830796875 0.39695121875 0.0997830796875 0.4085365859375 0.1030368765625 0.4164634140625 0.11062906718750001 0.4201219515625 0.1388286328125 0.42134146406250006 0.1518438171875 0.4201219515625 0.1605206078125 0.4164634140625 0.1648590015625 0.410975609375
1 0.081344903125 0.386585365625 0.06724511875 0.386585365625 0.0661605203125 0.38597560937500003 0.04229935 0.387804878125 0.0325379609375 0.39451219531250004 0.030368764062499998 0.409756096875 0.0347071578125 0.4176829265625 0.04229935 0.42134146406250006 0.080260303125 0.42134146406250006 0.0867678953125 0.4201219515625 0.0932754875 0.4158536578125 0.0943600875 0.3939024390625 0.081344903125 0.386585365625
1 0 0.422195121875 0.013015184374999999 0.42195121875 0.0249457703125 0.4170731703125 0.0249457703125 0.3951219515625 0.0227765734375 0.3920731703125 0.0108459875 0.387195121875 0 0.387195121875 0 0.422195121875