1 0.565352696875 0.4271561765625 0.5684647296875001 0.43648018593750004 0.5757261406249999 0.4382284375 0.6670124484375 0.4376456875 0.6784232359375 0.4353146859375 0.6825726140625 0.43123543125 0.6784232359375 0.4230769234375 0.6597510375 0.421328671875 0.584024896875 0.42191142187499997 0.5715767640625 0.4230769234375 0.565352696875 0.4271561765625
0 0.443983403125 0.42191142187499997 0.46058091250000005 0.42249417187500005 0.465767634375 0.41958042031250004 0.4636929453125 0.384615384375 0.45539419062500003 0.3799533796875 0.4419087140625 0.38053613125 0.43464730312500005 0.384615384375 0.43568464687499997 0.41724941718749997 0.443983403125 0.42191142187499997
0 0.4128630703125 0.1078088578125 0.42012448124999996 0.1148018640625 0.4574688796875 0.11538461562499999 0.46265560156249996 0.1136363640625 0.465767634375 0.09965035 0.45954356875 0.0926573421875 0.4377593359375 0.0879953375 0.421161825 0.0914918421875 0.413900415625 0.0979020984375 0.4128630703125 0.1078088578125
0 0.43879668125000004 0.324592075 0.4470954359375 0.325757575 0.46058091250000005 0.31934731875 0.46058091250000005 0.2884615390625 0.4574688796875 0.284382284375 0.4481327796875 0.28088578124999997 0.4325726140625 0.284382284375 0.4325726140625 0.3199300703125 0.43879668125000004 0.324592075
0 0.4315352703125 0.2709790203125 0.4377593359375 0.275641025 0.4481327796875 0.2762237765625 0.45954356875 0.2668997671875 0.4574688796875 0.2365967359375 0.4512448125 0.2325174828125 0.4429460578125 0.23193473125000003 0.4336099578125 0.23368298437499999 0.43049792499999995 0.2383449890625 0.4315352703125 0.2709790203125
0 0.414937759375 0.1322843828125 0.4221991703125 0.146270396875 0.42842323593750004 0.1486013984375 0.4585062234375 0.14801864843749998 0.46473029062500004 0.13519813593750002 0.4616182578125 0.121794871875 0.45020746875000006 0.11771561718750001 0.4273858921875 0.11771561718750001 0.41597510312499997 0.1235431234375 0.414937759375 0.1322843828125
0 0.42012448124999996 0.1707459203125 0.425311203125 0.1800699296875 0.4377593359375 0.184149184375 0.45539419062500003 0.18181818125 0.46265560156249996 0.16841491875 0.45954356875 0.153846153125 0.44917012500000003 0.15034965 0.42842323593750004 0.1509324015625 0.4221991703125 0.153846153125 0.42012448124999996 0.1707459203125
0 0.4263485484375 0.1946386953125 0.42842323593750004 0.21911421875 0.43464730312500005 0.225524475 0.4470954359375 0.22668997656249998 0.45539419062500003 0.22319347343749998 0.4585062234375 0.215617715625 0.4574688796875 0.1923076921875 0.4470954359375 0.1870629375 0.4377593359375 0.1870629375 0.42946058125000003 0.189976690625 0.4263485484375 0.1946386953125
0 0.4336099578125 0.3356643359375 0.43464730312500005 0.3700466203125 0.439834025 0.37412587343750003 0.45539419062500003 0.374708625 0.4616182578125 0.37179487187500004 0.4636929453125 0.36655011718749997 0.46058091250000005 0.33391608437500003 0.454356846875 0.33100233125 0.443983403125 0.3304195796875 0.4377593359375 0.33158508124999997 0.4336099578125 0.3356643359375
0 0.4782157671875 0.4329836828125 0.4865145234375 0.4388111890625 0.5446058093749999 0.4388111890625 0.5529045640625 0.4376456875 0.5580912859375 0.4324009328125 0.5560165968749999 0.425407925 0.5446058093749999 0.42249417187500005 0.48858921093749996 0.42249417187500005 0.4792531125 0.4265734265625 0.4782157671875 0.4329836828125
1 0.374481328125 0.4324009328125 0.375518671875 0.44347319374999994 0.38070539375 0.44930070000000005 0.39004149374999997 0.452797203125 0.4325726140625 0.44172494218749997 0.45539419062500003 0.4388111890625 0.46473029062500004 0.4329836828125 0.4585062234375 0.4265734265625 0.4336099578125 0.424242425 0.3827800828125 0.4259906765625 0.374481328125 0.4324009328125
1 0 0.46268154843750003 0.0093361 0.4632867140625 0.033195020312500004 0.45920745937499996 0.037344398437499995 0.44172494218749997 0.02904564375 0.43123543125 0.0176348546875 0.42890442812499996 0 0.4292582421875 0 0.46268154843750003
1 0.0425311203125 0.45629370625 0.0518672203125 0.4615384609375 0.08921161875 0.4615384609375 0.10062240625 0.4574592078125 0.1016597515625 0.4353146859375 0.08817427343749999 0.428321678125 0.052904564062500006 0.42948717968750005 0.045643153125 0.4329836828125 0.0414937765625 0.44114219062500004 0.0425311203125 0.45629370625
1 0.1078838171875 0.4382284375 0.1078838171875 0.4510489515625 0.11514522812500001 0.45979020937500004 0.12344398281249999 0.4615384609375 0.154564315625 0.46095571093750004 0.16701244843750002 0.45629370625 0.16908713749999998 0.43589743593749997 0.1576763484375 0.427738928125 0.12344398281249999 0.427738928125 0.1120331953125 0.43181818125 0.1078838171875 0.4382284375
1 0.1825726140625 0.45920745937499996 0.224066390625 0.45979020937500004 0.234439834375 0.45512820468750004 0.23755186718750002 0.4370629375 0.226141078125 0.427738928125 0.184647303125 0.427738928125 0.174273859375 0.43589743593749997 0.174273859375 0.4516317015625 0.1825726140625 0.45920745937499996
1 0.24377593437499998 0.4324009328125 0.24170124531249998 0.44813519843750005 0.25 0.4580419578125 0.28526970937499996 0.45920745937499996 0.29875518749999996 0.45629370625 0.303941909375 0.4510489515625 0.304979253125 0.4393939390625 0.3029045640625 0.4329836828125 0.2935684640625 0.4265734265625 0.2531120328125 0.4271561765625 0.24377593437499998 0.4324009328125
1 0.36307053906250003 0.4271561765625 0.3516597515625 0.425407925 0.345435684375 0.425407925 0.319502075 0.4265734265625 0.310165975 0.4329836828125 0.30912863125 0.4487179484375 0.314315353125 0.45571095625 0.32053941875 0.4580419578125 0.355809128125 0.4580419578125 0.3682572609375 0.45454545468749996 0.3724066390625 0.44638694687499997 0.3682572609375 0.4324009328125 0.36307053906250003 0.4271561765625
1 0.8267634859375 0.41899766875 0.814315353125 0.41958042031250004 0.806016596875 0.4230769234375 0.8049792531250001 0.42948717968750005 0.810165975 0.434149184375 0.82987551875 0.43589743593749997 0.8423236515625 0.4353146859375 0.8495850624999999 0.4329836828125 0.8495850624999999 0.42191142187499997 0.834024896875 0.41899766875 0.8267634859375 0.41899766875
1 0.9699170125000001 0.44638694687499997 0.975103734375 0.44347319374999994 0.9917012453125 0.44114219062500004 0.9979253109374999 0.43123543125 0.9979253109374999 0.424242425 0.9906639 0.41958042031250004 0.9813278015625 0.41841491875000003 0.9755487546875001 0.41841491875000003 0.9408713687500001 0.41841491875000003 0.9221991703124999 0.4207459203125 0.915975103125 0.4259906765625 0.915975103125 0.434149184375 0.92012448125 0.44114219062500004 0.9284232359375 0.44347319374999994 0.9543568468749999 0.44055944062499997 0.9647302906249999 0.44114219062500004 0.9636929453124999 0.4458041953125 0.9699170125000001 0.44638694687499997
0 0.7541493781249999 0.41958042031250004 0.7531120328124999 0.41899766875 0.70954356875 0.4207459203125 0.7033195015625 0.42365967343750005 0.7022821578125 0.43181818125 0.7085062234375 0.43589743593749997 0.715767634375 0.43648018593750004 0.7728215765625001 0.43589743593749997 0.7821576765625 0.4324009328125 0.7800829874999999 0.42191142187499997 0.7707468875 0.41958042031250004 0.7541493781249999 0.41958042031250004
0 0.8869294609375 0.41899766875 0.8813973031250001 0.41899766875 0.865145228125 0.41958042031250004 0.8599585062499999 0.42191142187499997 0.8578838171875001 0.4324009328125 0.87033195 0.4393939390625 0.8910788374999999 0.4458041953125 0.9024896265625 0.446969696875 0.9118257265624999 0.44172494218749997 0.9107883812500001 0.4271561765625 0.9024896265625 0.41958042031250004 0.8869294609375 0.41899766875