0 0.63213530625 0.3812351546875 0.609936575 0.382422803125 0.6035940796875 0.3853919234375 0.6025369984375 0.3931116390625 0.6088794921875 0.3978622328125 0.6765327703125 0.3978622328125 0.683932346875 0.3931116390625 0.6828752640625 0.3853919234375 0.6765327703125 0.382422803125 0.6331923890625 0.381828978125 0.63213530625 0.3812351546875
0 0.892177590625 0.3782660328125 0.8646934453125 0.3782660328125 0.8636363640625 0.3782660328125 0.8372093015625 0.37945368125 0.8298097249999999 0.381828978125 0.8298097249999999 0.3937054625 0.8361522203125 0.396080759375 0.8773784359375 0.39667458437500003 0.90169133125 0.396080759375 0.9080338265625001 0.3937054625 0.9112050734375 0.384204275 0.9069767437499999 0.38064132968750003 0.892177590625 0.3782660328125
0 0.4936575046875 0.3444180515625 0.48837209374999996 0.3444180515625 0.47885835156249995 0.347980996875 0.475687103125 0.3527315921875 0.475687103125 0.381828978125 0.4799154328125 0.3853919234375 0.497885834375 0.38657957187499997 0.5073995765625 0.3847981 0.5095137421875 0.381828978125 0.508456659375 0.358076009375 0.5042283296875001 0.347980996875 0.4936575046875 0.3444180515625
0 0.45348837187499996 0.05878859843749999 0.4661733609375 0.06294536875 0.503171246875 0.06116389531250001 0.508456659375 0.0564133015625 0.5052854124999999 0.0445368171875 0.4820295984375 0.040973871875 0.47885835156249995 0.040973871875 0.4556025375 0.046912114062499996 0.45348837187499996 0.05878859843749999
0 0.4799154328125 0.0659144890625 0.4651162796875 0.0671021375 0.45665961875 0.07244655625 0.4556025375 0.07957244687500001 0.46300211406249997 0.088479809375 0.502114165625 0.088479809375 0.5073995765625 0.076603325 0.5063424953125 0.07185273125 0.4989429171875 0.0671021375 0.4852008453125 0.0659144890625 0.4799154328125 0.0659144890625
0 0.45877378437500005 0.098574821875 0.46405919687499997 0.1193586703125 0.470401690625 0.122921615625 0.497885834375 0.1217339671875 0.5052854124999999 0.112826603125 0.5042283296875001 0.0950118765625 0.4936575046875 0.09085510625 0.4735729390625 0.0902612828125 0.470401690625 0.0902612828125 0.45877378437500005 0.098574821875
0 0.503171246875 0.134204275 0.5010570828125 0.12945368125 0.4936575046875 0.1258907359375 0.48837209374999996 0.1258907359375 0.47780126875000006 0.1258907359375 0.46723044375 0.1288598578125 0.46405919687499997 0.136579571875 0.46934460937500005 0.17458432343750002 0.4735729390625 0.1811163890625 0.480972515625 0.1840855109375 0.491543340625 0.1834916859375 0.4989429171875 0.179928740625 0.5010570828125 0.175178146875 0.503171246875 0.134204275
0 0.489429175 0.1929928734375 0.4841437625 0.1929928734375 0.47463002187500003 0.1959619953125 0.4714587734375 0.2013064140625 0.47251585625 0.2298099765625 0.47463002187500003 0.2339667453125 0.48308668125 0.23812351562499998 0.49577167031249997 0.2363420421875 0.502114165625 0.228622328125 0.5010570828125 0.19952494062499998 0.4989429171875 0.1959619953125 0.489429175 0.1929928734375
0 0.48837209374999996 0.24465558125000003 0.4799154328125 0.24524940625 0.4735729390625 0.2511876484375 0.4735729390625 0.281472684375 0.47885835156249995 0.2874109265625 0.48731501093749996 0.2897862234375 0.497885834375 0.28800475 0.5042283296875001 0.281472684375 0.503171246875 0.25 0.4947145875 0.24465558125000003 0.48837209374999996 0.24465558125000003
0 0.4989429171875 0.295724465625 0.4904862578125 0.2945368171875 0.489429175 0.2939429921875 0.480972515625 0.295724465625 0.47463002187500003 0.301068884375 0.475687103125 0.33135391875 0.4799154328125 0.33788598593749997 0.48731501093749996 0.3402612828125 0.497885834375 0.33966745781249996 0.503171246875 0.33729216093750003 0.5073995765625 0.326603325 0.5042283296875001 0.2992874109375 0.4989429171875 0.295724465625
1 0.9989429171875001 0.3859857484375 0.989429175 0.38064132968750003 0.9386892171874999 0.37945368125 0.9323467234375 0.37945368125 0.9260042281249999 0.37945368125 0.9186046515624999 0.3830166265625 0.9164904859374999 0.3948931109375 0.9217758984375 0.39904988124999996 0.9450317125 0.406769596875 0.96088795 0.40795724531250005 0.9767441859374999 0.4043943 0.9915433406249999 0.3996437046875 1 0.3937054625 0.9989429171875001 0.3859857484375
1 0.7928118390625001 0.38004750625 0.7219873156250001 0.38064132968750003 0.7209302328125 0.38004750625 0.6966173359375001 0.381828978125 0.6913319234374999 0.384204275 0.6881606765625 0.38954869375 0.695560253125 0.39667458437500003 0.7145877375 0.3978622328125 0.7970401687499999 0.396080759375 0.8012684984374999 0.3954869359375 0.80761099375 0.39014251718750004 0.805496828125 0.384204275 0.7928118390625001 0.38004750625
1 0.570824525 0.39904988124999996 0.5813953484375001 0.3948931109375 0.5813953484375001 0.3877672203125 0.5729386890625 0.3836104515625 0.52748414375 0.3830166265625 0.5232558140625 0.3830166265625 0.5147991546874999 0.3836104515625 0.4936575046875 0.39014251718750004 0.48308668125 0.39014251718750004 0.4714587734375 0.387173396875 0.4577167015625 0.38836104531250004 0.4577167015625 0.39667458437500003 0.46934460937500005 0.4002375296875 0.4767441859375 0.39845605625 0.549682875 0.3996437046875 0.570824525 0.39904988124999996
1 0.43974630000000003 0.3859857484375 0.40169133125 0.3853919234375 0.3964059203125 0.3853919234375 0.386892178125 0.38895486875 0.3837209296875 0.3931116390625 0.3826638484375 0.406769596875 0.3858350953125 0.4133016625 0.3964059203125 0.41864608125 0.42811839375 0.416270784375 0.43551797031249995 0.41389548749999994 0.45031712500000004 0.403800475 0.447145878125 0.391923990625 0.43974630000000003 0.3859857484375
1 0.37949259999999996 0.406175771875 0.3773784359375 0.3931116390625 0.3699788578125 0.387173396875 0.360465115625 0.3859857484375 0.3551797046875 0.3859857484375 0.326638478125 0.38657957187499997 0.31818181874999996 0.39014251718750004 0.3139534890625 0.39667458437500003 0.3139534890625 0.40795724531250005 0.32241014843750004 0.41805225625000003 0.3308668078125 0.4198337296875 0.35200845625 0.4198337296875 0.3689217765625 0.41805225625000003 0.37420718750000004 0.4150831359375 0.37949259999999996 0.406175771875
1 0.3097251578125 0.39667458437500003 0.3065539109375 0.391330165625 0.29281183906249997 0.38657957187499997 0.2854122625 0.38657957187499997 0.25792811875 0.387173396875 0.24735729375 0.391923990625 0.24418604687499998 0.406769596875 0.24735729375 0.4150831359375 0.25264270624999996 0.4192399046875 0.2864693453125 0.420427553125 0.2959830859375 0.4198337296875 0.30443974687500003 0.41686460781249995 0.3097251578125 0.41092636562499996 0.3097251578125 0.39667458437500003
1 0.23995771718749997 0.396080759375 0.233615221875 0.39014251718750004 0.221987315625 0.387173396875 0.2156448203125 0.387173396875 0.1860465109375 0.3877672203125 0.1797040171875 0.391330165625 0.17441860468749998 0.4002375296875 0.1754756875 0.41211401406250003 0.178646934375 0.41745843281250006 0.1849894296875 0.421021378125 0.22515856250000002 0.421021378125 0.23678646875 0.41686460781249995 0.2410147984375 0.41092636562499996 0.23995771718749997 0.396080759375
1 0.1437632140625 0.3877672203125 0.1384778015625 0.3877672203125 0.11522198749999998 0.39014251718750004 0.10782240937500001 0.3972684078125 0.1057082453125 0.41092636562499996 0.1109936578125 0.4192399046875 0.118393234375 0.4222090265625 0.15961945 0.4216152015625 0.1691331921875 0.416270784375 0.1691331921875 0.3942992875 0.1585623671875 0.38836104531250004 0.1437632140625 0.3877672203125
1 0.096194503125 0.391330165625 0.084566596875 0.38895486875 0.0835095140625 0.38836104531250004 0.0591966171875 0.38895486875 0.0454545453125 0.3931116390625 0.0401691328125 0.40201900312500005 0.0401691328125 0.4150831359375 0.0443974625 0.421021378125 0.0602537 0.42339667499999994 0.0866807609375 0.42280284999999995 0.1004228328125 0.41864608125 0.1025369984375 0.3978622328125 0.096194503125 0.391330165625
1 0 0.42399049843750003 0.025369978124999998 0.42280284999999995 0.0348837203125 0.41745843281250006 0.0348837203125 0.39667458437500003 0.025369978124999998 0.3907363421875 0 0.38954869375 0 0.42399049843750003