1 0.487712665625 0.429787234375 0.483931946875 0.431382978125 0.4716446125 0.429787234375 0.4461247640625 0.431382978125 0.4357277875 0.42925531875 0.42911153124999996 0.42925531875 0.4035916828125 0.429787234375 0.396975425 0.4324468078125 0.395085065625 0.440957446875 0.4017013234375 0.447340425 0.4120982984375 0.45 0.43950850625 0.4425531921875 0.487712665625 0.440957446875 0.49432892187500005 0.4361702125 0.49432892187500005 0.4324468078125 0.487712665625 0.429787234375
1 0 0.4644474953125 0.0170132328125 0.46382978750000003 0.0255198484375 0.4579787234375 0.0255198484375 0.44042553125 0.0207939515625 0.4361702125 0.010396975 0.434042553125 0.004411153125 0.434042553125 0 0.4341830671875 0 0.4644474953125
1 0.08601134218749999 0.43989361718750003 0.0803402640625 0.43510638281249997 0.072778828125 0.4329787234375 0.0576559546875 0.4329787234375 0.056710775000000005 0.4329787234375 0.0453686203125 0.4335106390625 0.0359168234375 0.43670212812500003 0.030245746875 0.44787234062500003 0.032136106250000004 0.45904255312500003 0.0387523625 0.46276595781249996 0.0453686203125 0.46382978750000003 0.07939508437500001 0.4622340421875 0.0850661625 0.46010638281249994 0.086956521875 0.456382978125 0.08601134218749999 0.43989361718750003
1 0.13516068125 0.4324468078125 0.121928165625 0.4324468078125 0.1209829875 0.43191489375 0.10491493437499999 0.4324468078125 0.0945179578125 0.43670212812500003 0.090737240625 0.45106382968750003 0.0926276 0.45691489374999994 0.09924385625 0.4622340421875 0.1370510390625 0.4622340421875 0.1465028359375 0.45691489374999994 0.1483931953125 0.44308510625 0.14555765625 0.43670212812500003 0.13516068125 0.4324468078125
1 0.186200378125 0.43191489375 0.1833648390625 0.43191489375 0.1606805296875 0.4335106390625 0.1531190921875 0.4393617015625 0.154064271875 0.45691489374999994 0.16351606875 0.4622340421875 0.1975425328125 0.46170212812500006 0.2098298671875 0.4553191484375 0.21077504687499998 0.4441489359375 0.2069943296875 0.4361702125 0.20037807187499998 0.4329787234375 0.186200378125 0.43191489375
1 0.26937618125 0.4489361703125 0.2665406421875 0.4361702125 0.26181474531250004 0.4329787234375 0.2495274109375 0.431382978125 0.24669187187500002 0.431382978125 0.2240075609375 0.4324468078125 0.216446125 0.4377659578125 0.216446125 0.45372340468749994 0.22495274062499998 0.45904255312500003 0.2495274109375 0.45904255312500003 0.25236294843749996 0.46063829843750004 0.2542533078125 0.45851063906249995 0.260869565625 0.45904255312500003 0.2655954625 0.456382978125 0.26937618125 0.4489361703125
1 0.3289224953125 0.43457446875 0.3232514171875 0.431382978125 0.3128544421875 0.43031914843749997 0.3109640828125 0.43031914843749997 0.2882797734375 0.4308510640625 0.2807183359375 0.4329787234375 0.27693761875 0.4372340421875 0.27599243906250004 0.45106382968750003 0.28449905468750003 0.45957446874999996 0.317580340625 0.45957446874999996 0.3289224953125 0.45585106406250003 0.331758034375 0.4515957453125 0.331758034375 0.43989361718750003 0.3289224953125 0.43457446875
1 0.374291115625 0.429787234375 0.3714555765625 0.429787234375 0.34688090781250003 0.43031914843749997 0.338374290625 0.43510638281249997 0.3374291109375 0.45265957500000004 0.34688090781250003 0.45957446874999996 0.3733459359375 0.45957446874999996 0.388468809375 0.456382978125 0.3941398859375 0.44574468125 0.39035916875 0.4361702125 0.384688090625 0.431382978125 0.374291115625 0.429787234375
1 0.6162570890625 0.4260638296875 0.615311909375 0.425531915625 0.5954631375 0.42712765937499997 0.5897920609375 0.42925531875 0.5888468812500001 0.43457446875 0.5926275999999999 0.43989361718750003 0.6805293 0.43989361718750003 0.6928166359375 0.4377659578125 0.696597353125 0.434042553125 0.69470699375 0.4287234046875 0.6871455578125001 0.4260638296875 0.6162570890625 0.4260638296875
1 0.880907371875 0.4361702125 0.8790170125 0.4308510640625 0.8742911156250001 0.427659575 0.863894140625 0.42446808437500005 0.8308128546875 0.42393617031249997 0.829867675 0.42393617031249997 0.7986767484375 0.425 0.7930056703125 0.4287234046875 0.79395085 0.4361702125 0.8015122874999999 0.4388297875 0.8194706999999999 0.4393617015625 0.8364839312499999 0.4425531921875 0.8591682421875 0.4489361703125 0.8705103968750001 0.447340425 0.8752362953124999 0.44468085156250003 0.880907371875 0.4361702125
1 1 0.4372340421875 0.9990548203125 0.429787234375 0.9924385640625 0.42446808437500005 0.9829867671875 0.422872340625 0.977315690625 0.422872340625 0.95746691875 0.42393617031249997 0.9499054828125001 0.4287234046875 0.941398865625 0.4462765953125 0.941398865625 0.45 0.945179584375 0.452127659375 0.9896030250000001 0.45265957500000004 0.9952741015625 0.45 1 0.4455673765625 1 0.4372340421875
0 0.451795840625 0.1265957453125 0.43761814687499995 0.1265957453125 0.4357277875 0.125531915625 0.42816635156249994 0.12712765937499998 0.4177693765625 0.1329787234375 0.41682419687500005 0.1414893609375 0.42060491562499996 0.147340425 0.43289225 0.149468084375 0.45841209843749997 0.14840425468750001 0.46408317656250003 0.143617021875 0.46502835468750003 0.1356382984375 0.4621928171875 0.1308510640625 0.451795840625 0.1265957453125
0 0.45746691874999995 0.1531914890625 0.44517958437500005 0.1515957453125 0.440138940625 0.1515957453125 0.4243856328125 0.1531914890625 0.41871455625 0.15904255312499999 0.4224952734375 0.174468084375 0.4262759921875 0.17819148906249999 0.4319470703125 0.179787234375 0.455576559375 0.1787234046875 0.4612476375 0.175 0.46408317656250003 0.16542553124999998 0.4621928171875 0.156382978125 0.45746691874999995 0.1531914890625
0 0.459357278125 0.18457446875 0.4527410203125 0.18191489375 0.443289225 0.18138297812499998 0.43856332656249997 0.18138297812499998 0.427221171875 0.1835106390625 0.423440453125 0.18882978749999998 0.423440453125 0.197872340625 0.427221171875 0.2085106390625 0.4319470703125 0.21223404218750003 0.43950850625 0.2127659578125 0.44801512343749994 0.21223404218750003 0.45841209843749997 0.20744680781249997 0.4621928171875 0.19361702187500002 0.459357278125 0.18457446875
0 0.44376181406250004 0.21542553125000002 0.4319470703125 0.21755319218750002 0.42816635156249994 0.225 0.4319470703125 0.2484042546875 0.4423440453125 0.2537234046875 0.451795840625 0.25265957499999997 0.45841209843749997 0.245212765625 0.459357278125 0.22393617031250002 0.455576559375 0.21808510625 0.44896030312499996 0.21542553125000002 0.44376181406250004 0.21542553125000002
0 0.44896030312499996 0.2579787234375 0.44139886562499997 0.2579787234375 0.434782609375 0.2601063828125 0.4319470703125 0.2718085109375 0.43289225 0.2914893609375 0.434782609375 0.2946808515625 0.443289225 0.2984042546875 0.455576559375 0.29574468125000003 0.459357278125 0.2898936171875 0.45841209843749997 0.2643617015625 0.45652173906250004 0.2611702125 0.44896030312499996 0.2579787234375
0 0.43761814687499995 0.30372340468750003 0.4338374296875 0.3079787234375 0.434782609375 0.338297871875 0.44423440468750003 0.34308510625 0.455576559375 0.3414893609375 0.4612476375 0.33457446874999996 0.4603024578125 0.3085106390625 0.4527410203125 0.30265957499999996 0.44754253281249995 0.30265957499999996 0.43761814687499995 0.30372340468750003
0 0.4499054828125 0.347340425 0.44423440468750003 0.347340425 0.4404536859375 0.347872340625 0.434782609375 0.352659575 0.434782609375 0.37712765937500003 0.43950850625 0.3856382984375 0.44706994375000003 0.3877659578125 0.459357278125 0.3856382984375 0.463137996875 0.3808510640625 0.4621928171875 0.3531914890625 0.459357278125 0.35 0.4499054828125 0.347340425
0 0.44517958437500005 0.3914893609375 0.43856332656249997 0.3941489359375 0.4357277875 0.3989361703125 0.4357277875 0.425 0.443289225 0.4287234046875 0.45652173906250004 0.42925531875 0.46502835468750003 0.4260638296875 0.46502835468750003 0.40585106406250004 0.4621928171875 0.395212765625 0.45368620000000004 0.3914893609375 0.44517958437500005 0.3914893609375
0 0.5293005671875 0.4265957453125 0.5245746687499999 0.4265957453125 0.5122873343750001 0.4281914890625 0.5094517953125 0.431382978125 0.5094517953125 0.43670212812500003 0.5132325140625 0.44042553125 0.5189035921875 0.4420212765625 0.576559546875 0.440957446875 0.583175803125 0.4356382984375 0.583175803125 0.4308510640625 0.5756143671875 0.427659575 0.5293005671875 0.4265957453125
0 0.7863894140625 0.434042553125 0.7835538750000001 0.4260638296875 0.7684310015625 0.42393617031249997 0.762759925 0.42393617031249997 0.7268431 0.42446808437500005 0.7192816640624999 0.4260638296875 0.7136105859375 0.43031914843749997 0.714555765625 0.4361702125 0.718336484375 0.43829787187499997 0.73062381875 0.4393617015625 0.742911153125 0.4377659578125 0.7523629484375001 0.4393617015625 0.7826086953125 0.43829787187499997 0.7863894140625 0.434042553125
0 0.9281663515625 0.4234042546875 0.9231257093749999 0.4234042546875 0.8979206046874999 0.4234042546875 0.8894139890625 0.42712765937499997 0.88657845 0.434042553125 0.8950850656249999 0.4420212765625 0.9300567109375001 0.44468085156250003 0.9338374296874999 0.443617021875 0.9423440453125 0.4372340421875 0.943289225 0.4281914890625 0.9395085062499999 0.425 0.9281663515625 0.4234042546875