0 0.6328871890625 0.4193548390625 0.5860420656249999 0.4209677421875 0.5793499046874999 0.4252688171875 0.5793499046874999 0.43064516093750005 0.5879541109375 0.4354838703125 0.6414913953125 0.4344086015625 0.64818355625 0.4317204296875 0.6500956015625 0.42580645156249997 0.6443594640625 0.4215053765625 0.6338432125 0.41989247343749997 0.6328871890625 0.4193548390625
0 0.8451242828125001 0.42473118281250005 0.8422562140625001 0.4209677421875 0.8355640531249999 0.41881720468749994 0.8030592734375 0.41774193593750003 0.80210325 0.41774193593750003 0.7848948375 0.41827957031249996 0.7782026765625 0.4204301078125 0.774378584375 0.42311827968750004 0.7772466546875 0.43118279531250003 0.78776290625 0.43333333281249997 0.8116634796875 0.43333333281249997 0.829827915625 0.4360215046875 0.8365200765624999 0.4360215046875 0.8432122375000001 0.43225806406249995 0.8451242828125001 0.42473118281250005
0 0.9560229453125 0.41774193593750003 0.93307839375 0.41720430156250005 0.9311663484375 0.41720430156250005 0.9120458890625001 0.41774193593750003 0.9082217968749999 0.4193548390625 0.9053537281249999 0.42473118281250005 0.9072657749999999 0.43118279531250003 0.916826003125 0.43763440937500003 0.9359464624999999 0.44516129062500004 0.9541108984375001 0.44677419374999994 0.9684512421875 0.43978494687499997 0.9684512421875 0.4241935484375 0.9560229453125 0.41774193593750003
0 0.4311663484375 0.395161290625 0.42734225625000005 0.4021505375 0.4263862328125 0.4284946234375 0.4340344171875 0.4327956984375 0.443594646875 0.43225806406249995 0.45697896718750003 0.4220430109375 0.45506692187500003 0.39784946250000003 0.44741873749999994 0.393010753125 0.44072657812499993 0.393010753125 0.4311663484375 0.395161290625
0 0.44646271562499995 0.105913978125 0.4397705546875 0.10752688125000001 0.41204588906249995 0.10752688125000001 0.40822179687500004 0.1107526875 0.40822179687500004 0.1145161296875 0.4206500953125 0.1177419359375 0.44837476093750006 0.11720430156249999 0.45602294531250004 0.1129032265625 0.45697896718750003 0.10860215 0.45315487499999996 0.105913978125 0.44646271562499995 0.105913978125
0 0.4340344171875 0.1204301078125 0.4196940734375 0.12096774218749999 0.4091778203125 0.1263440859375 0.4091778203125 0.13709677343749999 0.416826003125 0.1435483875 0.44837476093750006 0.1435483875 0.45411089843749997 0.139784946875 0.45697896718750003 0.13333333281249998 0.45411089843749997 0.12365591406250001 0.4359464625 0.1204301078125 0.4340344171875 0.1204301078125
0 0.43355640468749995 0.146236559375 0.4206500953125 0.14731182812500002 0.411089865625 0.152688171875 0.41300191249999996 0.1688172046875 0.42160611875000004 0.1752688171875 0.4455066921875 0.17419354843749998 0.45315487499999996 0.1698924734375 0.45411089843749997 0.151612903125 0.45028680625 0.148387096875 0.4397705546875 0.146236559375 0.43355640468749995 0.146236559375
0 0.44741873749999994 0.1790322578125 0.44168260000000004 0.1779569890625 0.4354684515625 0.1779569890625 0.4196940734375 0.1801075265625 0.4149139578125 0.18817204375000002 0.416826003125 0.202688171875 0.4235181640625 0.208064515625 0.4311663484375 0.20967741874999998 0.443594646875 0.20913978437499997 0.44741873749999994 0.20752688125000002 0.45219885312499997 0.200537634375 0.45315487499999996 0.1833333328125 0.44741873749999994 0.1790322578125
0 0.43881453125 0.2139784953125 0.4254302109375 0.2150537640625 0.4206500953125 0.2204301078125 0.4225621421875 0.24569892499999998 0.4263862328125 0.250537634375 0.4321223703125 0.252688171875 0.44072657812499993 0.2521505375 0.45028680625 0.24462365625000002 0.45028680625 0.21935483906250003 0.443594646875 0.2139784953125 0.43881453125 0.2139784953125
0 0.4254302109375 0.25967741875 0.4225621421875 0.2720430109375 0.4254302109375 0.2935483875 0.4349904390625 0.298387096875 0.44741873749999994 0.296236559375 0.4512428296875 0.289784946875 0.45028680625 0.262365590625 0.44072657812499993 0.2564516125 0.4321223703125 0.2564516125 0.4254302109375 0.25967741875
0 0.4397705546875 0.30268817187499997 0.43881453125 0.30268817187499997 0.430210325 0.30430107500000003 0.4254302109375 0.309139784375 0.4254302109375 0.3354838703125 0.430210325 0.343010753125 0.44168260000000004 0.345161290625 0.44837476093750006 0.34408602187500004 0.45219885312499997 0.339784946875 0.45315487499999996 0.31290322656249997 0.449330784375 0.305913978125 0.4397705546875 0.30268817187499997
0 0.437858509375 0.34892473125 0.4321223703125 0.35 0.4263862328125 0.354301075 0.4263862328125 0.3801075265625 0.43307839374999996 0.388709678125 0.44837476093750006 0.389784946875 0.45506692187500003 0.3827956984375 0.45411089843749997 0.354301075 0.44741873749999994 0.349462365625 0.44168260000000004 0.34892473125 0.437858509375 0.34892473125
1 0 0.458064515625 0.028680689062499997 0.458064515625 0.041108985937499995 0.454838709375 0.0439770546875 0.44892473125 0.042065009375000004 0.4344086015625 0.0353728484375 0.4290322578125 0.02581261875 0.4274193546875 0.0239005734375 0.4274193546875 0 0.4284149734375 0 0.458064515625
1 0.092734225 0.4274193546875 0.069789675 0.4268817203125 0.06692160625 0.4268817203125 0.0544933078125 0.4290322578125 0.04971319375 0.43333333281249997 0.046845125 0.44032258124999996 0.04971319375 0.45430107499999994 0.0583174 0.45752688125 0.0936902484375 0.456989246875 0.10133843281249999 0.45322580625000003 0.1042065015625 0.44784946249999996 0.10229445468750001 0.4327956984375 0.092734225 0.4274193546875
1 0.15678776249999998 0.4274193546875 0.1338432125 0.42580645156249997 0.13288718906250002 0.42580645156249997 0.117590821875 0.4268817203125 0.108986615625 0.4327956984375 0.1070745703125 0.444086021875 0.10994263906249999 0.45268817187500004 0.117590821875 0.456989246875 0.1414913953125 0.45752688125 0.15678776249999998 0.455913978125 0.16634799218750002 0.447311828125 0.16443594687500002 0.4327956984375 0.15678776249999998 0.4274193546875
1 0.22657743749999998 0.4349462359375 0.2227533453125 0.4295698921875 0.21223709375 0.42580645156249997 0.20713862343749997 0.42580645156249997 0.181644359375 0.42580645156249997 0.173040153125 0.4290322578125 0.16826003750000001 0.44354838750000003 0.1720841296875 0.45268817187500004 0.1768642453125 0.45537634374999997 0.20745697968750001 0.4564516125 0.21701720781249997 0.45537634374999997 0.22370936874999997 0.4521505375 0.22657743749999998 0.447311828125 0.22657743749999998 0.4349462359375
1 0.2868068828125 0.4317204296875 0.2791587 0.42580645156249997 0.27246653906249996 0.42473118281250005 0.26481835625 0.42473118281250005 0.2437858515625 0.4252688171875 0.2380497125 0.42634408593749995 0.2332695984375 0.4301075265625 0.231357553125 0.44677419374999994 0.2361376671875 0.45322580625000003 0.24187380468750003 0.45537634374999997 0.27246653906249996 0.45537634374999997 0.2839388140625 0.451612903125 0.28776290625 0.444086021875 0.2868068828125 0.4317204296875
1 0.34799235156249997 0.4284946234375 0.3365200765625 0.4241935484375 0.3288718921875 0.4241935484375 0.30210325 0.4252688171875 0.29349904375 0.43118279531250003 0.29349904375 0.447311828125 0.29732313593750004 0.451612903125 0.30497131875 0.454838709375 0.338432121875 0.45430107499999994 0.34608030625 0.451612903125 0.3499043984375 0.445698925 0.3499043984375 0.43225806406249995 0.34799235156249997 0.4284946234375
1 0.42160611875000004 0.4365591390625 0.4206500953125 0.4290322578125 0.41204588906249995 0.4236559140625 0.40630975156250004 0.42311827968750004 0.399617590625 0.42311827968750004 0.36711281093750003 0.4241935484375 0.3585086046875 0.42634408593749995 0.3546845125 0.43118279531250003 0.3537284890625 0.43978494687499997 0.35755258125 0.448387096875 0.36328871875 0.45268817187500004 0.376673040625 0.45376344062499996 0.3871892921875 0.451612903125 0.41873805 0.43978494687499997 0.42160611875000004 0.4365591390625
1 0.463671128125 0.4215053765625 0.45315487499999996 0.4295698921875 0.45411089843749997 0.4349462359375 0.457934990625 0.4365591390625 0.5487571703125 0.4360215046875 0.55544933125 0.4349462359375 0.5602294453125001 0.43118279531250003 0.5602294453125001 0.42634408593749995 0.5525812625000001 0.4220430109375 0.4646271515625 0.4220430109375 0.463671128125 0.4215053765625
1 0.71797323125 0.41989247343749997 0.70650095625 0.41827957031249996 0.7055449328125001 0.41827957031249996 0.65965583125 0.4204301078125 0.6558317406249999 0.4220430109375 0.6577437859375 0.4317204296875 0.6653919687500001 0.4344086015625 0.737093690625 0.43387096718749996 0.7562141484375 0.43333333281249997 0.7638623328125 0.43064516093750005 0.7638623328125 0.4220430109375 0.7552581265625 0.41881720468749994 0.71797323125 0.41989247343749997
1 0.870936903125 0.41827957031249996 0.8613766734375 0.4204301078125 0.8508604203125 0.4295698921875 0.85181644375 0.440860215625 0.86042065 0.44462365625 0.8824091781250001 0.44139785 0.899617590625 0.43387096718749996 0.899617590625 0.4225806453125 0.891013384375 0.41881720468749994 0.876673040625 0.41827957031249996 0.870936903125 0.41827957031249996
1 1 0.4175627234375 0.99713193125 0.41720430156250005 0.9904397703125 0.41720430156250005 0.9827915875000001 0.41881720468749994 0.9760994265624999 0.42311827968750004 0.9751434031249999 0.43924731250000004 0.9818355640625 0.44623655937500006 1 0.4477688171875 1 0.4175627234375