0 0.4588477359375 0.4675925921875 0.4362139921875 0.46585648125 0.4290123453125 0.4548611109375 0.41872427968750003 0.45254629687500003 0.4176954734375 0.4519675921875 0.4074074078125 0.45370370312499997 0.40329218125 0.4577546296875 0.40329218125 0.4670138890625 0.41563785937500003 0.4797453703125 0.42489711874999997 0.4832175921875 0.45473251093749995 0.4832175921875 0.46399177031249994 0.48148148125 0.46707818906250004 0.478009259375 0.4660493828125 0.47106481406249995 0.4588477359375 0.4675925921875
0 0.4084362140625 0.1325231484375 0.38271605000000003 0.1359953703125 0.3796296296875 0.13773148125 0.3816872421875 0.1458333328125 0.39300411562500004 0.149884259375 0.42592592656250006 0.1487268515625 0.432098765625 0.14351851875 0.4300411515625 0.1325231484375 0.4246399171875 0.1325231484375 0.4084362140625 0.1325231484375
0 0.41563785937500003 0.1521990734375 0.41015123437499995 0.1521990734375 0.3878600828125 0.1539351859375 0.3816872421875 0.1585648140625 0.3806584359375 0.1707175921875 0.3878600828125 0.18055555625 0.4176954734375 0.181134259375 0.42592592656250006 0.1793981484375 0.432098765625 0.1660879625 0.4300411515625 0.156828703125 0.42283950625 0.15277777812499999 0.41563785937500003 0.1521990734375
0 0.40637860156250005 0.1828703703125 0.40534979375 0.1828703703125 0.39300411562500004 0.18402777812499999 0.386831275 0.1875 0.38374485625 0.1927083328125 0.3878600828125 0.21006944375 0.39609053437499997 0.21585648124999998 0.42078189374999997 0.2146990734375 0.42798353906250003 0.20891203749999998 0.42798353906250003 0.1875 0.42078189374999997 0.18402777812499999 0.40637860156250005 0.1828703703125
0 0.41563785937500003 0.21875 0.4089506171875 0.21875 0.39609053437499997 0.2199074078125 0.3888888890625 0.228009259375 0.394032921875 0.250578703125 0.3971193421875 0.25347222187499996 0.40432098749999995 0.2552083328125 0.41872427968750003 0.2540509265625 0.42592592656250006 0.24710648124999998 0.4269547328125 0.22569444375 0.42386831249999996 0.2210648140625 0.41563785937500003 0.21875
0 0.41460905312499996 0.259259259375 0.40637860156250005 0.259259259375 0.3981481484375 0.26215277812500004 0.394032921875 0.26851851875 0.3971193421875 0.296296296875 0.39917695468750003 0.29976851875 0.40637860156250005 0.3026620375 0.41563785937500003 0.3020833328125 0.42489711874999997 0.296296296875 0.42489711874999997 0.2667824078125 0.4218107 0.26215277812500004 0.41460905312499996 0.259259259375
0 0.4218107 0.30902777812500004 0.41358024687499995 0.3067129625 0.4104938265625 0.3067129625 0.40432098749999995 0.3072916671875 0.39917695468750003 0.3107638890625 0.3971193421875 0.3263888890625 0.4002057609375 0.34722222187499996 0.40534979375 0.35069444375000003 0.412551440625 0.3518518515625 0.42386831249999996 0.3489583328125 0.4269547328125 0.3425925921875 0.4269547328125 0.3165509265625 0.4218107 0.30902777812500004
0 0.4218107 0.35590277812500004 0.41460905312499996 0.3553240734375 0.41358024687499995 0.3547453703125 0.40329218125 0.35648148125 0.39917695468750003 0.359375 0.39917695468750003 0.390625 0.40432098749999995 0.39756944375000003 0.4104938265625 0.399884259375 0.4197530859375 0.399884259375 0.42592592656250006 0.396990740625 0.4290123453125 0.390625 0.42798353906250003 0.3605324078125 0.4218107 0.35590277812500004
0 0.41358024687499995 0.40393518593750005 0.40534979375 0.40567129687500003 0.4002057609375 0.4108796296875 0.4002057609375 0.4386574078125 0.40637860156250005 0.44733796249999996 0.4197530859375 0.44965277812500004 0.4300411515625 0.443865740625 0.431069959375 0.41840277812500004 0.42798353906250003 0.4074074078125 0.41872427968750003 0.40393518593750005 0.41358024687499995 0.40393518593750005
0 0.6409465015625 0.46469907343749994 0.63580246875 0.46469907343749994 0.6255144031250001 0.46469907343749994 0.6111111109375 0.46817129687500003 0.608024690625 0.4733796296875 0.61419753125 0.48032407343749994 0.6481481484375 0.48148148125 0.6820987656249999 0.48032407343749994 0.6872427984375 0.478009259375 0.6882716046875 0.4699074078125 0.6820987656249999 0.46585648125 0.6409465015625 0.46469907343749994
0 0.8446502062500001 0.46296296249999996 0.8323045265625 0.46875 0.8323045265625 0.48206018593750005 0.853909465625 0.49016203750000004 0.8631687250000001 0.4918981484375 0.8734567906249999 0.490740740625 0.8837448562500001 0.48379629687500003 0.8816872421875 0.46875 0.8734567906249999 0.46469907343749994 0.8487654328125 0.46296296249999996 0.8446502062500001 0.46296296249999996
0 1 0.46296296249999996 0.9927983546875 0.46296296249999996 0.9804526750000001 0.46469907343749994 0.9742798359375 0.46932870312499997 0.972222221875 0.47453703750000004 0.9711934156250001 0.490740740625 0.9753086421875 0.49421296249999996 0.98148148125 0.4953703703125 1 0.4948743390625 1 0.46296296249999996
1 0.0524691359375 0.4739583328125 0.025720164062500002 0.47280092656250006 0.021604937499999997 0.47280092656250006 0.008230453124999999 0.475115740625 0.00102880625 0.48090277812500004 0 0.4953703703125 0.004115226562499999 0.5023148140625 0.0144032921875 0.506365740625 0.0524691359375 0.5052083328125 0.058641975 0.50289351875 0.0627572015625 0.49710648125 0.0627572015625 0.48032407343749994 0.0524691359375 0.4739583328125
1 0.10185185156250001 0.47164351875 0.07921810625 0.47280092656250006 0.0699588484375 0.478009259375 0.067901234375 0.49710648125 0.07921810625 0.5052083328125 0.1111111109375 0.5052083328125 0.125514403125 0.500578703125 0.1275720171875 0.48090277812500004 0.124485596875 0.4762731484375 0.1111111109375 0.47164351875 0.10185185156250001 0.47164351875
1 0.1934156375 0.47858796249999996 0.18106995937499998 0.47164351875 0.1759259265625 0.47164351875 0.145061728125 0.47164351875 0.136831275 0.47569444375 0.13271605 0.48148148125 0.13271605 0.4947916671875 0.13580246875 0.500578703125 0.141975309375 0.503472221875 0.1800411515625 0.5040509265625001 0.19032921875 0.500578703125 0.19444444375 0.493634259375 0.1934156375 0.47858796249999996
1 0.26131687187499997 0.49131944375 0.259259259375 0.47743055625 0.24588477343749998 0.4704861109375 0.238683128125 0.4704861109375 0.2139917703125 0.47106481406249995 0.202674896875 0.4762731484375 0.199588478125 0.48032407343749994 0.199588478125 0.493634259375 0.20679012343749997 0.5017361109375 0.2139917703125 0.503472221875 0.2448559671875 0.503472221875 0.2530864203125 0.5017361109375 0.25823045312500004 0.4982638890625 0.26131687187499997 0.49131944375
1 0.3240740734375 0.475115740625 0.3137860078125 0.4699074078125 0.3065843625 0.4699074078125 0.279835390625 0.4704861109375 0.26851851875 0.475115740625 0.2644032921875 0.48495370312499997 0.2654320984375 0.49305555625 0.2746913578125 0.5017361109375 0.30555555624999997 0.50289351875 0.32304526718750004 0.5 0.3281893 0.49421296249999996 0.32716049375 0.48148148125 0.3240740734375 0.475115740625
1 0.3914609046875 0.46817129687500003 0.3436213984375 0.4699074078125 0.336419753125 0.47164351875 0.3302469140625 0.4791666671875 0.334362140625 0.49768518593750005 0.34465020625 0.500578703125 0.35699588437499996 0.49942129687500003 0.40432098749999995 0.48379629687500003 0.4074074078125 0.4762731484375 0.3971193421875 0.46817129687500003 0.3914609046875 0.46817129687500003
1 0.5925925921874999 0.47280092656250006 0.585390946875 0.4675925921875 0.526748971875 0.46585648125 0.5257201640625 0.46585648125 0.47942386875 0.4675925921875 0.473251028125 0.47106481406249995 0.473251028125 0.47858796249999996 0.47736625468750005 0.48206018593750005 0.48456790156249996 0.4832175921875 0.5246913578125 0.4832175921875 0.5781893 0.4826388890625 0.585390946875 0.48148148125 0.5915637859375 0.47743055625 0.5925925921874999 0.47280092656250006
1 0.7458847734375 0.48032407343749994 0.7860082296875001 0.48032407343749994 0.8045267484374999 0.4791666671875 0.8127572015625001 0.4733796296875 0.8106995890625001 0.4675925921875 0.8045267484374999 0.46469907343749994 0.7530864203125 0.4635416671875 0.7520576125 0.46296296249999996 0.7135781890625 0.463902778125 0.7067901234375 0.4641203703125 0.6954732515625001 0.46875 0.6965020578125001 0.4762731484375 0.7047325109375 0.48032407343749994 0.7159156375 0.48149189843749995 0.722640946875 0.48035069375 0.7300051437499999 0.4802870375 0.73521605 0.48015914375 0.7458847734375 0.48032407343749994
1 0.9691358031249999 0.47453703750000004 0.9681069953125 0.46875 0.9619341562500001 0.4641203703125 0.9454732515625001 0.462384259375 0.9395576125 0.462384259375 0.9002057609375 0.46296296249999996 0.891975309375 0.46527777812500004 0.8878600828125001 0.47453703750000004 0.8940329218749999 0.48379629687500003 0.90329218125 0.4861111109375 0.9269547328125001 0.4855324078125 0.9290123453125 0.48784722187499996 0.94238683125 0.4895833328125 0.9639917703125 0.48784722187499996 0.9691358031249999 0.47453703750000004