0 0.6173076921875 0.438378378125 0.6230769234375 0.44000000000000006 0.64423076875 0.44000000000000006 0.6509615390625 0.437297296875 0.6519230765625 0.42972972968749995 0.6471153843749999 0.4254054046875 0.6375 0.423783784375 0.6365384609375 0.423783784375 0.6230769234375 0.42486486562500003 0.6173076921875 0.4270270265625 0.5980769234375 0.42486486562500003 0.5394230765625 0.4254054046875 0.5307692312500001 0.42918918906250003 0.5307692312500001 0.43783783749999994 0.533653846875 0.44000000000000006 0.54326923125 0.44108108125 0.6 0.440540540625 0.6173076921875 0.438378378125
1 0.8201923078125001 0.4335135140625 0.8201923078125001 0.4270270265625 0.8173076921875 0.424324325 0.8076923078125 0.4221621625 0.7807692312500001 0.4221621625 0.771153846875 0.4259459453125 0.76826923125 0.42324324375 0.7634615390625 0.4254054046875 0.7509615390625 0.4221621625 0.7355769234375 0.4221621625 0.734615384375 0.4221621625 0.6634615390625 0.424324325 0.6567307687499999 0.4275675671875 0.6567307687499999 0.4345945953125 0.6634615390625 0.439459459375 0.6817307687499999 0.44000000000000006 0.7557692312500001 0.43891891875000005 0.7673076921875001 0.435135134375 0.784615384375 0.438378378125 0.8105769234375 0.438378378125 0.8201923078125001 0.4335135140625
0 0.8653846156249999 0.42270270312499997 0.86 0.42270270312499997 0.8365384609375001 0.42324324375 0.828846153125 0.4275675671875 0.8278846156249999 0.435675675 0.8365384609375001 0.441621621875 0.85576923125 0.4475675671875 0.8663461531250001 0.44864864843749996 0.8769230765625 0.444324325 0.877884615625 0.4329729734375 0.8740384609375 0.4259459453125 0.8653846156249999 0.42270270312499997
0 0.43173076874999994 0.12108108125000001 0.43076923125000005 0.120540540625 0.4125 0.1270270265625 0.4115384609375 0.136216215625 0.4144230765625 0.14054054062500002 0.4230769234375 0.143783784375 0.447115384375 0.143783784375 0.45480769218750006 0.1421621625 0.4605769234375 0.135675675 0.458653846875 0.1259459453125 0.447115384375 0.12108108125000001 0.43173076874999994 0.12108108125000001
0 0.447115384375 0.1464864859375 0.4415865390625 0.1464864859375 0.425 0.1464864859375 0.415384615625 0.15135135156249999 0.415384615625 0.164324325 0.41826923125000004 0.1702702703125 0.425 0.1740540546875 0.4509615390625 0.17351351406249998 0.45673076874999996 0.1697297296875 0.459615384375 0.16 0.4576923078125 0.15135135156249999 0.447115384375 0.1464864859375
0 0.45480769218750006 0.17945945937500002 0.447115384375 0.176216215625 0.4394230765625 0.176216215625 0.43365384687499997 0.176216215625 0.4259615390625 0.17675675625 0.42115384687499996 0.18 0.41826923125000004 0.1870270265625 0.41923076875 0.197297296875 0.4269230765625 0.20648648593750002 0.44230769218750005 0.2070270265625 0.4509615390625 0.204864865625 0.45480769218750006 0.201621621875 0.4576923078125 0.1864864859375 0.45480769218750006 0.17945945937500002
0 0.44423076874999995 0.21027027031249998 0.4384615390625 0.21027027031249998 0.4269230765625 0.21243243281250002 0.4230769234375 0.220540540625 0.4259615390625 0.24216216250000003 0.427884615625 0.2454054046875 0.4384615390625 0.24918918906249998 0.447115384375 0.24810810781249998 0.45384615312500004 0.240540540625 0.45480769218750006 0.21891891874999997 0.4509615390625 0.21243243281250002 0.44423076874999995 0.21027027031249998
0 0.44326923125000006 0.2535135140625 0.4394230765625 0.2535135140625 0.43076923125000005 0.255675675 0.4269230765625 0.26324324374999997 0.427884615625 0.28810810781249996 0.43365384687499997 0.2935135140625 0.4394230765625 0.295135134375 0.4509615390625 0.2924324328125 0.45480769218750006 0.2859459453125 0.45384615312500004 0.26 0.4519230765625 0.25675675625 0.44326923125000006 0.2535135140625
0 0.4427884609375 0.299459459375 0.43461538437499997 0.3 0.428846153125 0.3054054046875 0.42980769218750003 0.33513513437500003 0.43461538437499997 0.339459459375 0.44134615312500003 0.34108108125 0.4509615390625 0.339459459375 0.45673076874999996 0.3329729734375 0.45576923125 0.3054054046875 0.4480769234375 0.299459459375 0.4427884609375 0.299459459375
0 0.4509615390625 0.3459459453125 0.44326923125000006 0.344864865625 0.44230769218750005 0.344864865625 0.4355769234375 0.3459459453125 0.43076923125000005 0.3497297296875 0.42980769218750003 0.37189189218749996 0.43461538437499997 0.383783784375 0.446153846875 0.3859459453125 0.45288461562500004 0.384864865625 0.458653846875 0.379459459375 0.458653846875 0.356216215625 0.45576923125 0.3486486484375 0.4509615390625 0.3459459453125
0 0.4490384609375 0.3897297296875 0.44038461562500003 0.3897297296875 0.43461538437499997 0.3918918921875 0.43076923125000005 0.398378378125 0.43173076874999994 0.424324325 0.4384615390625 0.4275675671875 0.4519230765625 0.4281081078125 0.458653846875 0.4264864859375 0.4615384609375 0.42324324375 0.4605769234375 0.402702703125 0.4576923078125 0.3929729734375 0.4490384609375 0.3897297296875
0 1 0.431216215625 0.9990384609375 0.4270270265625 0.9942307687499999 0.42324324375 0.9875 0.4221621625 0.98173076875 0.4221621625 0.9673076921874999 0.4275675671875 0.9625 0.438378378125 0.9625 0.4475675671875 0.966346153125 0.4513513515625 0.9740384609375001 0.4524324328125 0.9951923078125 0.4513513515625 1 0.446621621875 1 0.431216215625
1 0.958653846875 0.437297296875 0.9576923078125 0.4270270265625 0.9480769234374999 0.42270270312499997 0.9230769234375 0.42162162187499996 0.9201923078125 0.42162162187499996 0.8923076921875 0.42270270312499997 0.8836538468749999 0.4259459453125 0.8807692312500001 0.4318918921875 0.8865384609375001 0.44108108125 0.9 0.444324325 0.9230769234375 0.44324324375 0.9298076921874999 0.44702702656250004 0.933653846875 0.44486486562499994 0.9519230765625 0.44486486562499994 0.958653846875 0.437297296875
1 0.5134615390625 0.44108108125 0.5201923078124999 0.439459459375 0.5201923078124999 0.42972972968749995 0.509615384375 0.4254054046875 0.504647115625 0.4254054046875 0.465384615625 0.4259459453125 0.4480769234375 0.42972972968749995 0.428846153125 0.4264864859375 0.41826923125000004 0.4264864859375 0.41057692343749996 0.4275675671875 0.4076923078125 0.42972972968749995 0.40576923125000003 0.438378378125 0.415384615625 0.4454054046875 0.4365384609375 0.4421621625 0.5134615390625 0.44108108125
1 0.4 0.4335135140625 0.3875 0.42864864843749995 0.3634615390625 0.42864864843749995 0.35961538437499996 0.42864864843749995 0.34807692343749996 0.4302702703125 0.34326923125 0.435135134375 0.3423076921875 0.44864864843749996 0.3451923078125 0.4545945953125 0.35576923125 0.45891891874999996 0.3826923078125 0.45783783749999996 0.39423076875 0.45405405468750004 0.402884615625 0.44702702656250004 0.40384615312500005 0.441621621875 0.4 0.4335135140625
1 0.3076923078125 0.42918918906250003 0.30384615312499996 0.42918918906250003 0.2884615390625 0.4302702703125 0.2826923078125 0.4345945953125 0.2826923078125 0.4535135140625 0.29230769218749997 0.459459459375 0.3259615390625 0.45891891874999996 0.334615384375 0.455675675 0.3375 0.4513513515625 0.3355769234375 0.4340540546875 0.3230769234375 0.42918918906250003 0.3076923078125 0.42918918906250003
1 0.275 0.436216215625 0.2673076921875 0.43081081093750007 0.25865384687500004 0.42972972968749995 0.2519230765625 0.42972972968749995 0.22884615312499998 0.43081081093750007 0.22019230781250002 0.436216215625 0.21923076875 0.4524324328125 0.2230769234375 0.45729729687500004 0.23076923124999998 0.460540540625 0.25673076875 0.460540540625 0.26826923125 0.45891891874999996 0.272115384375 0.45675675625 0.27692307656250004 0.4475675671875 0.275 0.436216215625
1 0.2 0.43081081093750007 0.1759615390625 0.4302702703125 0.175 0.4302702703125 0.1644230765625 0.4313513515625 0.15673076875 0.43675675625 0.15480769218749998 0.44918918906250005 0.159615384375 0.45783783749999996 0.1673076921875 0.461621621875 0.2048076921875 0.45999999999999996 0.2134615390625 0.4524324328125 0.2144230765625 0.441621621875 0.2115384609375 0.435675675 0.2 0.43081081093750007
1 0.128846153125 0.43081081093750007 0.121153846875 0.43081081093750007 0.102884615625 0.4318918921875 0.0923076921875 0.43891891875000005 0.0923076921875 0.45405405468750004 0.09423076875 0.45783783749999996 0.10192307656249999 0.46216216250000003 0.1394230765625 0.461621621875 0.15 0.45621621562500003 0.15 0.437297296875 0.14326923125 0.4324324328125 0.128846153125 0.43081081093750007
1 0 0.4642042046875 0.00576923125 0.46432432500000004 0.0230769234375 0.459459459375 0.0259615390625 0.4529729734375 0.0240384609375 0.438378378125 0.0134615390625 0.4329729734375 0.007884615624999999 0.4329729734375 0 0.4329729734375 0 0.4642042046875
1 0.0826923078125 0.4345945953125 0.07115384687500001 0.4318918921875 0.065384615625 0.4318918921875 0.0423076921875 0.4324324328125 0.034615384375 0.435675675 0.028846153125000003 0.44918918906250005 0.03076923125 0.45621621562500003 0.0365384609375 0.46216216250000003 0.077884615625 0.46216216250000003 0.0855769234375 0.45837837812500004 0.08846153906250001 0.4529729734375 0.0875 0.43891891875000005 0.0826923078125 0.4345945953125