1 0.489130434375 0.4166666671875 0.485177865625 0.4166666671875 0.44960474375 0.41777777812499994 0.43675889375 0.42277777812500006 0.433794465625 0.4311111109375 0.43675889375 0.432777778125 0.5286561265625 0.43222222187500003 0.5365612640624999 0.4311111109375 0.54249011875 0.427222221875 0.54249011875 0.42111111093750003 0.5345849796875 0.41777777812499994 0.489130434375 0.4166666671875
1 0.6788537546875 0.41444444375 0.6472332015625 0.4161111109375 0.6413043484375 0.4216666671875 0.6452569171875 0.42944444375 0.7302371546875001 0.42944444375 0.74110671875 0.42833333281249997 0.7470355734374999 0.4233333328125 0.74604743125 0.4188888890625 0.7371541500000001 0.41500000000000004 0.679841896875 0.41500000000000004 0.6788537546875 0.41444444375
1 0.9120553359375 0.4138888890625 0.8735177859375 0.41333333281250006 0.8685770749999999 0.41333333281250006 0.8537549406249999 0.41333333281250006 0.8438735171875 0.42000000000000004 0.8409090906250001 0.43166666718749996 0.8537549406249999 0.43944444374999997 0.8656126484375 0.44166666718750003 0.874505928125 0.44055555625 0.9081027671875 0.4338888890625 0.9209486171875 0.4266666671875 0.9209486171875 0.42055555624999996 0.9120553359375 0.4138888890625
0 0.96146245 0.412777778125 0.9565217390624999 0.412777778125 0.946640315625 0.412777778125 0.9387351781250001 0.41555555625 0.93181818125 0.425 0.9377470359375 0.43833333281250003 0.9486166015625 0.44333333281250004 0.964426878125 0.44277777812499997 0.9743083 0.43499999999999994 0.9743083 0.42000000000000004 0.97035573125 0.41555555625 0.96146245 0.412777778125
1 1 0.41244186093749996 0.98715415 0.412777778125 0.981225296875 0.4161111109375 0.9782608703125 0.42222222187499997 0.9782608703125 0.43555555625000003 0.981225296875 0.4411111109375 0.9861660078125001 0.44333333281250004 1 0.4436111109375 1 0.41244186093749996
1 0.3972332015625 0.42055555624999996 0.38833992031250003 0.4188888890625 0.3804347828125 0.4188888890625 0.3478260875 0.42000000000000004 0.3379446640625 0.42444444375 0.33596837968750004 0.44055555625 0.344861659375 0.44944444375000003 0.357707509375 0.45055555625 0.37351778593749996 0.4483333328125 0.394268775 0.4411111109375 0.4031620546875 0.43555555625000003 0.4031620546875 0.425 0.3972332015625 0.42055555624999996
1 0.33102766875 0.42611111093750004 0.32806324062500003 0.42277777812500006 0.320158103125 0.42000000000000004 0.3150197625 0.42000000000000004 0.2845849796875 0.42055555624999996 0.277667984375 0.42277777812500006 0.27173912968749997 0.43055555625 0.27173912968749997 0.44055555625 0.2806324109375 0.45 0.2895256921875 0.4516666671875 0.316205534375 0.4511111109375 0.330039525 0.44666666718750003 0.33300395312500003 0.43499999999999994 0.33102766875 0.42611111093750004
1 0.26679841875 0.427222221875 0.25494071093750004 0.42055555624999996 0.2494071140625 0.42055555624999996 0.22035573125000002 0.42111111093750003 0.21047430781249998 0.4266666671875 0.2084980234375 0.44055555625 0.21146245000000002 0.447222221875 0.21640316249999997 0.45055555625 0.2233201578125 0.45222222187499994 0.2529644265625 0.4516666671875 0.26383399218750003 0.447777778125 0.2677865609375 0.44055555625 0.26679841875 0.427222221875
1 0.19960474374999998 0.425 0.188735178125 0.42111111093750003 0.16403162031250001 0.42111111093750003 0.1600790515625 0.42111111093750003 0.14822134375 0.425 0.144268775 0.43055555625 0.144268775 0.44333333281250004 0.14822134375 0.45 0.1581027671875 0.4533333328125 0.1877470359375 0.45277777812500003 0.1976284578125 0.45055555625 0.2035573125 0.44333333281250004 0.2045454546875 0.43499999999999994 0.19960474374999998 0.425
1 0.1383399203125 0.43 0.1324110671875 0.4238888890625 0.120553359375 0.4216666671875 0.11956521718749999 0.42111111093750003 0.09486165937499999 0.4216666671875 0.0849802375 0.425 0.08102766875 0.43 0.080039525 0.4438888890625 0.0820158109375 0.4483333328125 0.08992094843750001 0.4533333328125 0.12154150156250002 0.45388888906249997 0.13438735156249998 0.4511111109375 0.13932806250000002 0.44277777812499997 0.1383399203125 0.43
1 0.0711462453125 0.425 0.05533596875 0.42222222187499997 0.05039525625 0.42222222187499997 0.027667984375 0.4233333328125 0.018774703125 0.42888888906249995 0.0177865609375 0.44611111093750005 0.0197628453125 0.45055555625 0.027667984375 0.45444444375000004 0.0602766796875 0.45444444375000004 0.0731225296875 0.4511111109375 0.07608695625 0.44444444375 0.07509881406249999 0.42888888906249995 0.0711462453125 0.425
0 0.4416996046875 0.092222221875 0.429841896875 0.095 0.40019762812500004 0.095 0.396245059375 0.09944444375 0.3972332015625 0.10500000000000001 0.40019762812500004 0.1066666671875 0.43181818125 0.1066666671875 0.4456521734375 0.10833333281249999 0.4476284578125 0.0966666671875 0.44466403125 0.092222221875 0.4416996046875 0.092222221875
0 0.42885375468750003 0.10833333281249999 0.419960475 0.10833333281249999 0.4081027671875 0.10944444375 0.396245059375 0.1166666671875 0.39822134375 0.1266666671875 0.4021739125 0.1311111109375 0.409090909375 0.13388888906250002 0.4357707515625 0.13388888906250002 0.44466403125 0.12944444375 0.4456521734375 0.11333333281249999 0.4416996046875 0.11055555624999999 0.42885375468750003 0.10833333281249999
0 0.442687746875 0.14055555625 0.433794465625 0.137222221875 0.4328063234375 0.1366666671875 0.413043478125 0.137222221875 0.40513834062500004 0.13888888906250002 0.40019762812500004 0.142777778125 0.40019762812500004 0.15611111093750002 0.4061264828125 0.16444444375 0.4120553359375 0.1666666671875 0.4357707515625 0.16555555625 0.442687746875 0.16055555625 0.44466403125 0.1438888890625 0.442687746875 0.14055555625
0 0.429841896875 0.16999999999999998 0.4100790515625 0.1711111109375 0.404150196875 0.1783333328125 0.40513834062500004 0.192222221875 0.41106719375 0.20111111093749998 0.41897233125 0.2033333328125 0.4357707515625 0.202222221875 0.43972332031250005 0.197777778125 0.442687746875 0.1761111109375 0.434782609375 0.16999999999999998 0.429841896875 0.16999999999999998
0 0.429841896875 0.207777778125 0.421936759375 0.207777778125 0.41600790468750004 0.20888888906249997 0.41106719375 0.2133333328125 0.4100790515625 0.2288888890625 0.41403162031249996 0.2438888890625 0.42391304375 0.247777778125 0.4357707515625 0.24555555624999997 0.43972332031250005 0.2388888890625 0.43972332031250005 0.215 0.4377470359375 0.21055555625000003 0.429841896875 0.207777778125
0 0.429841896875 0.252222221875 0.4229249015625 0.252222221875 0.41600790468750004 0.25444444375 0.413043478125 0.25888888906249996 0.413043478125 0.282777778125 0.41600790468750004 0.29111111093750003 0.42786561250000005 0.29500000000000004 0.43873517812499996 0.29055555625 0.4416996046875 0.2766666671875 0.43972332031250005 0.257777778125 0.43675889375 0.2538888890625 0.429841896875 0.252222221875
0 0.42885375468750003 0.2988888890625 0.42786561250000005 0.2988888890625 0.416996046875 0.3016666671875 0.41403162031249996 0.307777778125 0.41501976249999994 0.332222221875 0.41897233125 0.337222221875 0.42786561250000005 0.33944444375 0.43873517812499996 0.337777778125 0.442687746875 0.33388888906249997 0.442687746875 0.3066666671875 0.43972332031250005 0.302777778125 0.42885375468750003 0.2988888890625
0 0.43181818125 0.342777778125 0.42687747031249995 0.342777778125 0.419960475 0.34444444375 0.41600790468750004 0.347777778125 0.41501976249999994 0.36555555625 0.41897233125 0.382222221875 0.42885375468750003 0.3866666671875 0.44071146250000004 0.38388888906249996 0.44466403125 0.3788888890625 0.4436758890625 0.34722222187499996 0.4377470359375 0.342777778125 0.43181818125 0.342777778125
0 0.442687746875 0.392222221875 0.434782609375 0.38944444375 0.42885375468750003 0.38944444375 0.42391304375 0.39055555625 0.4179841890625 0.39555555625 0.41600790468750004 0.41333333281250006 0.41106719375 0.42222222187499997 0.41600790468750004 0.427222221875 0.42588932812499997 0.427222221875 0.4308300390625 0.42222222187499997 0.446640315625 0.41500000000000004 0.4456521734375 0.3961111109375 0.442687746875 0.392222221875
0 0.574110671875 0.41555555625 0.566205534375 0.4166666671875 0.561264821875 0.42055555624999996 0.5622529640625 0.427222221875 0.5691699609375 0.4311111109375 0.6284584984375 0.43055555625 0.6363636359375 0.42555555624999997 0.6343873515625 0.4183333328125 0.629446640625 0.4161111109375 0.58102766875 0.41555555625 0.574110671875 0.41555555625
0 0.7677865609375 0.4166666671875 0.7658102765625 0.42111111093750003 0.7717391296875 0.42833333281249997 0.8290513828125 0.43055555625 0.8379446640625 0.42611111093750004 0.8389328062500001 0.4183333328125 0.8300395249999999 0.4138888890625 0.781620553125 0.41333333281250006 0.7756917 0.41333333281250006 0.7677865609375 0.4166666671875