0 0.504 0.3949438203125 0.503 0.394382021875 0.49000000000000005 0.39550561875 0.484 0.39831460625 0.483 0.406179775 0.487 0.41011235937499996 0.548 0.4106741578125 0.5549999999999999 0.40955056250000005 0.5599999999999999 0.405617978125 0.5589999999999999 0.39831460625 0.553 0.39550561875 0.504 0.3949438203125
0 0.47300000000000003 0.075842696875 0.461 0.07415730312499999 0.45549999999999996 0.07415730312499999 0.445 0.0747191015625 0.43 0.07977528125 0.42699999999999994 0.0893258421875 0.429 0.0932584265625 0.437 0.097752809375 0.46900000000000003 0.097752809375 0.475 0.09550561875 0.479 0.08764045000000001 0.47800000000000004 0.07977528125 0.47300000000000003 0.075842696875
0 0.462 0.1 0.45566700000000004 0.1 0.44000000000000006 0.10056179843749999 0.43 0.10674157343749999 0.43099999999999994 0.11853932656249999 0.43499999999999994 0.124157303125 0.44299999999999995 0.1286516859375 0.46900000000000003 0.1286516859375 0.476 0.1230337078125 0.476 0.10449438124999999 0.47000000000000003 0.1011235953125 0.462 0.1
0 0.476 0.1387640453125 0.47300000000000003 0.133707865625 0.457 0.130337078125 0.45 0.130337078125 0.44299999999999995 0.13089887656250002 0.437 0.133707865625 0.434 0.147752809375 0.44000000000000006 0.158426965625 0.44400000000000006 0.16123595468750002 0.45099999999999996 0.16235955 0.465 0.161797753125 0.46900000000000003 0.16011235937499999 0.476 0.1494382015625 0.476 0.1387640453125
0 0.45199999999999996 0.1651685390625 0.442 0.167977528125 0.43899999999999995 0.1730337078125 0.441 0.1932584265625 0.45 0.20337078593750002 0.462 0.203932584375 0.472 0.1949438203125 0.47300000000000003 0.1730337078125 0.46799999999999997 0.1668539328125 0.453 0.1651685390625 0.45199999999999996 0.1651685390625
0 0.461 0.20842696562500002 0.45899999999999996 0.20842696562500002 0.44699999999999995 0.2112359546875 0.44299999999999995 0.2191011234375 0.446 0.246067415625 0.454 0.2511235953125 0.461 0.2511235953125 0.46900000000000003 0.24831460625 0.47300000000000003 0.24101123593749998 0.472 0.2157303375 0.47000000000000003 0.21235955 0.461 0.20842696562500002
0 0.461 0.2550561796875 0.45999999999999996 0.2550561796875 0.449 0.2567415734375 0.446 0.2612359546875 0.446 0.2893258421875 0.45199999999999996 0.29775280937500004 0.465 0.29831460625 0.472 0.296067415625 0.47400000000000003 0.2926966296875 0.47400000000000003 0.2646067421875 0.47000000000000003 0.2573033703125 0.461 0.2550561796875
0 0.46399999999999997 0.3033707859375 0.458 0.3033707859375 0.453 0.30449438125 0.44699999999999995 0.3095505625 0.44699999999999995 0.33595505625 0.45099999999999996 0.343820225 0.45899999999999996 0.3471910109375 0.46699999999999997 0.3471910109375 0.476 0.3410112359375 0.477 0.32022471874999997 0.475 0.30786516875 0.46399999999999997 0.3033707859375
0 0.466 0.3505617984375 0.465 0.35 0.453 0.352247190625 0.449 0.355617978125 0.44800000000000006 0.37640449375 0.45099999999999996 0.389887640625 0.457 0.39269662968749997 0.46900000000000003 0.39382022499999997 0.47800000000000004 0.3893258421875 0.479 0.3719101125 0.476 0.35449438125 0.466 0.3505617984375
0 0.755 0.39213483125000004 0.705 0.3932584265625 0.7 0.394382021875 0.696 0.39831460625 0.697 0.40505617968749996 0.706 0.408426965625 0.765 0.40730337031249997 0.773 0.4005617984375 0.764 0.39269662968749997 0.756 0.39213483125000004 0.755 0.39213483125000004
0 0.954 0.39831460625 0.951 0.394382021875 0.9339999999999999 0.3910112359375 0.933 0.3910112359375 0.916 0.391573034375 0.9019999999999999 0.39550561875 0.8939999999999999 0.40505617968749996 0.8949999999999999 0.41011235937499996 0.901 0.41516853906250006 0.907 0.4168539328125 0.923 0.416292134375 0.945 0.4112359546875 0.952 0.40786516875 0.954 0.39831460625
1 0.062 0.4219101125 0.06 0.40955056250000005 0.057999999999999996 0.405617978125 0.048 0.40168539374999995 0.0426 0.40168539374999995 0.020999999999999998 0.40168539374999995 0.008 0.40505617968749996 0.003 0.41516853906250006 0.003 0.424157303125 0.005 0.42921348281249994 0.013000000000000001 0.4331460671875 0.033 0.43426966250000004 0.048 0.4331460671875 0.057999999999999996 0.430337078125 0.062 0.4219101125
1 0.11200000000000002 0.4005617984375 0.10625 0.4005617984375 0.081 0.4011235953125 0.072 0.403932584375 0.066 0.4112359546875 0.065 0.4219101125 0.074 0.432022471875 0.11299999999999999 0.43258427031249996 0.124 0.42752809062499997 0.126 0.4089887640625 0.124 0.405617978125 0.11200000000000002 0.4005617984375
1 0.179 0.4 0.16599999999999998 0.3994382015625 0.16499999999999998 0.3994382015625 0.141 0.4011235953125 0.131 0.408426965625 0.131 0.4247191015625 0.13899999999999998 0.43146067343750005 0.175 0.432022471875 0.184 0.430337078125 0.19 0.42584269687500004 0.192 0.41011235937499996 0.189 0.40505617968749996 0.179 0.4
1 0.255 0.40730337031249997 0.24900000000000003 0.40168539374999995 0.238 0.3994382015625 0.233 0.3994382015625 0.207 0.4 0.199 0.403932584375 0.195 0.4174157296875 0.198 0.42584269687500004 0.20400000000000001 0.430337078125 0.23199999999999998 0.43146067343750005 0.24500000000000002 0.430337078125 0.252 0.4269662921875 0.256 0.4185393265625 0.255 0.40730337031249997
1 0.318 0.4247191015625 0.321 0.4157303375 0.318 0.403932584375 0.312 0.3994382015625 0.301 0.39831460625 0.3 0.39831460625 0.275 0.3988764046875 0.268 0.4 0.264 0.4028089890625 0.26 0.4089887640625 0.26 0.41797752812500005 0.261 0.422471909375 0.269 0.42921348281249994 0.304 0.430337078125 0.312 0.4286516859375 0.318 0.4247191015625
1 0.368 0.397752809375 0.363 0.397752809375 0.33599999999999997 0.3988764046875 0.327 0.403932584375 0.32599999999999996 0.4219101125 0.339 0.42977528125 0.373 0.42921348281249994 0.381 0.42640449374999995 0.385 0.42134831406249995 0.382 0.403932584375 0.376 0.3994382015625 0.368 0.397752809375
1 0.471 0.4005617984375 0.465 0.3971910109375 0.45599999999999996 0.39606741562500003 0.45099999999999996 0.39606741562500003 0.395 0.39831460625 0.388 0.403932584375 0.387 0.4112359546875 0.396 0.422471909375 0.40099999999999997 0.4247191015625 0.41 0.4247191015625 0.45099999999999996 0.411797753125 0.46799999999999997 0.40955056250000005 0.472 0.40505617968749996 0.471 0.4005617984375
1 0.6639999999999999 0.39382022499999997 0.622 0.39382022499999997 0.621 0.3932584265625 0.572 0.39550561875 0.5660000000000001 0.4 0.567 0.405617978125 0.571 0.4089887640625 0.577 0.41011235937499996 0.621 0.41011235937499996 0.663 0.4089887640625 0.6759999999999999 0.40505617968749996 0.6759999999999999 0.397752809375 0.6639999999999999 0.39382022499999997
1 0.7889999999999999 0.391573034375 0.779 0.3971910109375 0.78 0.40337078593750003 0.7849999999999999 0.40674157343750006 0.859 0.40786516875 0.875 0.4106741578125 0.8859999999999999 0.40449438125 0.885 0.39606741562500003 0.875 0.39213483125000004 0.792 0.391573034375 0.7889999999999999 0.391573034375
1 0.9640000000000001 0.3949438203125 0.962 0.405617978125 0.9720000000000001 0.41292134843749995 0.982 0.41404494375 0.9890000000000001 0.41011235937499996 0.994 0.39606741562500003 0.9890000000000001 0.39213483125000004 0.9800000000000001 0.3904494375 0.976 0.3904494375 0.9640000000000001 0.3949438203125