0 0.6388888890625 0.4322916671875 0.615740740625 0.4328125 0.6148148140624999 0.4322916671875 0.5833333328125 0.434375 0.578703703125 0.43854166718750004 0.5833333328125 0.44635416718750004 0.5916666671875 0.4479166671875 0.6370370375000001 0.44739583281249995 0.646296296875 0.4458333328125 0.6490740734375 0.44375 0.65 0.4380208328125 0.646296296875 0.43385416718750003 0.6388888890625 0.4322916671875
0 0.45185185156249996 0.40625 0.4453703703125 0.40729166718750004 0.43981481406249995 0.4125 0.4361111109375 0.4380208328125 0.4388888890625 0.44322916718750005 0.44907407343749994 0.44322916718750005 0.4675925921875 0.4322916671875 0.465740740625 0.4114583328125 0.46296296249999996 0.4078125 0.45555555625000005 0.40625 0.45185185156249996 0.40625
0 0.8388888890624999 0.4328125 0.827777778125 0.43072916718750004 0.7953703703125 0.4302083328125 0.7925925921875 0.4302083328125 0.784259259375 0.43072916718750004 0.7768518515625 0.43385416718750003 0.7759259265625 0.4401041671875 0.7787037031249999 0.44375 0.790740740625 0.4458333328125 0.8222222218749999 0.44635416718750004 0.8296296296874999 0.4484375 0.8351851859374999 0.44739583281249995 0.8416666671874999 0.4390625 0.8388888890624999 0.4328125
0 0.9583333328125001 0.43177083281249995 0.9509259265625 0.4302083328125 0.9449074078124999 0.4302083328125 0.934259259375 0.43177083281249995 0.9268518515625 0.4380208328125 0.925 0.4427083328125 0.9268518515625 0.45208333281249996 0.9388888890624999 0.45885416718750005 0.9518518515625001 0.45885416718750005 0.9583333328125001 0.45677083281249997 0.9638888890624999 0.45208333281249996 0.9638888890624999 0.4359375 0.9583333328125001 0.43177083281249995
0 0.44907407343749994 0.3213541671875 0.4379629625 0.3260416671875 0.4370370375 0.3479166671875 0.44166666718750003 0.3572916671875 0.45185185156249996 0.35989583281250004 0.4611111109375 0.3578125 0.46481481406249997 0.3458333328125 0.46388888906250003 0.3291666671875 0.4601851859375 0.325 0.4509259265625 0.3213541671875 0.44907407343749994 0.3213541671875
0 0.45 0.3630208328125 0.44351851875000003 0.3640625 0.4379629625 0.36875 0.4388888890625 0.3958333328125 0.44166666718750003 0.4 0.44907407343749994 0.403125 0.4601851859375 0.40208333281249997 0.465740740625 0.3963541671875 0.46481481406249997 0.3682291671875 0.4546296296875 0.3630208328125 0.45 0.3630208328125
0 0.45555555625000005 0.2770833328125 0.4481481484375 0.2770833328125 0.43981481406249995 0.2786458328125 0.4361111109375 0.2838541671875 0.4370370375 0.3109375 0.4388888890625 0.3140625 0.4453703703125 0.3166666671875 0.45277777812500003 0.3161458328125 0.4620370375 0.3104166671875 0.4620370375 0.2848958328125 0.459259259375 0.278125 0.45555555625000005 0.2770833328125
0 0.41944444374999995 0.134375 0.4203703703125 0.1421875 0.43055555625 0.1442708328125 0.465740740625 0.14375 0.46851851875 0.1375 0.465740740625 0.1286458328125 0.4611111109375 0.1286458328125 0.42314814843750004 0.1307291671875 0.41944444374999995 0.134375
0 0.45 0.1458333328125 0.44398148125 0.1458333328125 0.4296296296875 0.146875 0.4203703703125 0.1536458328125 0.42314814843750004 0.1651041671875 0.434259259375 0.1708333328125 0.4583333328125 0.1708333328125 0.46481481406249997 0.1666666671875 0.4675925921875 0.1614583328125 0.46666666718750005 0.1505208328125 0.46296296249999996 0.14791666718750002 0.45 0.1458333328125
0 0.4388888890625 0.17239583281249998 0.427777778125 0.175 0.42314814843750004 0.1796875 0.42592592656250006 0.19375 0.434259259375 0.2 0.459259259375 0.1989583328125 0.46481481406249997 0.1927083328125 0.46388888906250003 0.1765625 0.45555555625000005 0.1729166671875 0.44629629687500005 0.17239583281249998 0.4388888890625 0.17239583281249998
0 0.45555555625000005 0.203125 0.4509259265625 0.203125 0.4370370375 0.203125 0.42870370312499995 0.209375 0.43240740781250003 0.23020833281250003 0.4361111109375 0.2338541671875 0.44166666718750003 0.2348958328125 0.4583333328125 0.23333333281250002 0.4611111109375 0.22916666718749998 0.46388888906250003 0.2104166671875 0.4620370375 0.20625 0.45555555625000005 0.203125
0 0.459259259375 0.240625 0.45185185156249996 0.23802083281250003 0.447222221875 0.23802083281250003 0.4370370375 0.23958333281250002 0.43333333281249997 0.24635416718749997 0.434259259375 0.2645833328125 0.4379629625 0.2713541671875 0.4453703703125 0.27395833281250004 0.4509259265625 0.27395833281250004 0.4583333328125 0.2713541671875 0.4611111109375 0.265625 0.4601851859375 0.2427083328125 0.459259259375 0.240625
1 0.4583333328125 0.43958333281249995 0.45555555625000005 0.44322916718750005 0.459259259375 0.44895833281249997 0.5527777781250001 0.4479166671875 0.5611111109375 0.44375 0.5611111109375 0.43854166718750004 0.5546296296875 0.4348958328125 0.475 0.43385416718750003 0.4731481484375 0.43385416718750003 0.4583333328125 0.43958333281249995
1 0.7481481484375 0.43177083281249995 0.6861111109375 0.43177083281249995 0.6851851859375 0.43125 0.6675925921875 0.43177083281249995 0.6564814812499999 0.43385416718750003 0.6537037031249999 0.4380208328125 0.6555555562500001 0.44375 0.6620370375 0.446875 0.7398148140624999 0.44635416718750004 0.75 0.4453125 0.75648148125 0.44166666718750003 0.75648148125 0.43541666718750005 0.7481481484375 0.43177083281249995
1 0.9037037031249999 0.43072916718750004 0.8731481484374999 0.43072916718750004 0.8675925921875001 0.43072916718750004 0.8509259265625 0.4322916671875 0.8425925921875 0.4421875 0.8435185187500001 0.45208333281249996 0.8611111109375 0.4578125 0.9009259265624999 0.45 0.9120370375 0.44635416718750004 0.915740740625 0.44322916718750005 0.9166666671874999 0.4375 0.9111111109375001 0.4328125 0.9037037031249999 0.43072916718750004
1 0.9694444437499999 0.43645833281249996 0.9694444437499999 0.4515625 0.9731481484375 0.45729166718750003 0.978703703125 0.45885416718750005 0.9990740734375001 0.459375 0.9990740734375001 0.4296875 0.9942129625 0.4296875 0.9768518515625001 0.4302083328125 0.9694444437499999 0.43645833281249996
1 0.43055555625 0.44739583281249995 0.42870370312499995 0.4421875 0.42222222187499997 0.4369791671875 0.415740740625 0.4359375 0.41018518593750003 0.4359375 0.3796296296875 0.4369791671875 0.372222221875 0.43958333281249995 0.36851851875 0.4453125 0.36851851875 0.4526041671875 0.3731481484375 0.4614583328125 0.377777778125 0.46458333281249997 0.3898148140625 0.46510416718750003 0.3981481484375 0.4635416671875 0.427777778125 0.45208333281249996 0.43055555625 0.44739583281249995
1 0.3648148140625 0.4557291671875 0.3648148140625 0.446875 0.3611111109375 0.4401041671875 0.352777778125 0.4369791671875 0.347777778125 0.4369791671875 0.3203703703125 0.4375 0.3129629625 0.44114583281249997 0.3101851859375 0.44635416718750004 0.3101851859375 0.45729166718750003 0.3120370375 0.4609375 0.31944444375000003 0.465625 0.34629629687499996 0.4661458328125 0.353703703125 0.465625 0.3601851859375 0.46302083281249995 0.3648148140625 0.4557291671875
1 0.2870370375 0.4375 0.28611111093749997 0.4369791671875 0.2601851859375 0.4380208328125 0.2518518515625 0.4421875 0.25 0.45885416718750005 0.259259259375 0.46666666718750005 0.290740740625 0.46666666718750005 0.3018518515625 0.4625 0.30648148124999997 0.4526041671875 0.303703703125 0.4427083328125 0.296296296875 0.4380208328125 0.2870370375 0.4375
1 0.24259259218749998 0.4427083328125 0.23333333281250002 0.43854166718750004 0.20370370312500002 0.4380208328125 0.2 0.4380208328125 0.1925925921875 0.44114583281249997 0.1888888890625 0.44635416718750004 0.1879629625 0.45625 0.1925925921875 0.46510416718750003 0.20277777812500003 0.4682291671875 0.23611111093749998 0.46666666718750005 0.2416666671875 0.4635416671875 0.2453703703125 0.4578125 0.2453703703125 0.446875 0.24259259218749998 0.4427083328125
1 0.184259259375 0.4458333328125 0.178703703125 0.440625 0.1703703703125 0.43854166718750004 0.16499999999999998 0.43854166718750004 0.14351851875 0.43854166718750004 0.1324074078125 0.4421875 0.127777778125 0.4505208328125 0.12870370312499999 0.45885416718750005 0.13055555624999998 0.4635416671875 0.13703703750000001 0.4682291671875 0.16388888906250001 0.46875 0.18055555625 0.465625 0.1851851859375 0.45885416718750005 0.184259259375 0.4458333328125
1 0.11574074062499999 0.4401041671875 0.0916666671875 0.4390625 0.0898148140625 0.4390625 0.0759259265625 0.440625 0.06944444375 0.446875 0.06944444375 0.4635416671875 0.0759259265625 0.46875 0.08055555625000001 0.4692708328125 0.11574074062499999 0.4682291671875 0.12222222187500001 0.46510416718750003 0.125 0.4609375 0.12407407343750002 0.4453125 0.11574074062499999 0.4401041671875
1 0 0.4682291671875 0.004629629687499999 0.46458333281249997 0.00648148125 0.45885416718750005 0.00555555625 0.4479166671875 0.0018518515625 0.44375 0 0.44375 0 0.4682291671875
1 0.0638888890625 0.44739583281249995 0.061111110937500004 0.44322916718750005 0.051851851562499995 0.4401041671875 0.047037037500000003 0.4401041671875 0.0231481484375 0.440625 0.0120370375 0.4453125 0.0111111109375 0.46458333281249997 0.015740740625 0.46875 0.021296296875000002 0.4703125 0.045370370312500005 0.46979166718750004 0.058333332812500006 0.4682291671875 0.0629629625 0.4661458328125 0.065740740625 0.45885416718750005 0.0638888890625 0.44739583281249995