1 0.42025862031249994 0.409090909375 0.41918103437500004 0.4084848484375 0.40086206874999997 0.409090909375 0.3943965515625 0.4175757578125 0.3943965515625 0.421212121875 0.40086206874999997 0.42606060625 0.5010775859375001 0.4254545453125 0.5685700437500001 0.423909696875 0.577605603125 0.41491454531249994 0.570655171875 0.4086569703125 0.5010775859375001 0.409090909375 0.42025862031249994 0.409090909375
0 0.60883620625 0.4066666671875 0.5959051718749999 0.40727272656249996 0.5851293109375 0.4103030296875 0.5829741375 0.41636363593750003 0.5915948281250001 0.424242425 0.65625 0.4236363640625 0.6659482765625 0.42000000000000004 0.6659482765625 0.410909090625 0.65625 0.4066666671875 0.60991379375 0.4066666671875 0.60883620625 0.4066666671875
0 0.336206896875 0.0824242421875 0.33836206875 0.08606060625 0.382543103125 0.0836363640625 0.39116379375 0.08606060625 0.3922413796875 0.064848484375 0.37392241406250004 0.06 0.3653017234375 0.06 0.34159482812499997 0.0654545453125 0.336206896875 0.0824242421875
0 0.371767240625 0.0866666671875 0.36476293125 0.0866666671875 0.3480603453125 0.0884848484375 0.34159482812499997 0.09212121250000001 0.3394396546875 0.096969696875 0.34482758593749996 0.1121212125 0.3545258625 0.11575757499999999 0.382543103125 0.11454545468749999 0.3890086203125 0.11090909062500001 0.39116379375 0.09272727343750001 0.3814655171875 0.0872727265625 0.371767240625 0.0866666671875
0 0.3556034484375 0.11818181875 0.3480603453125 0.121212121875 0.34482758593749996 0.1254545453125 0.34590517187500003 0.144242425 0.3545258625 0.1521212125 0.3793103453125 0.1521212125 0.3890086203125 0.144848484375 0.3890086203125 0.123030303125 0.3793103453125 0.118787878125 0.356681034375 0.118787878125 0.3556034484375 0.11818181875
0 0.37715517187500003 0.156969696875 0.3714084046875 0.156969696875 0.3556034484375 0.15818181874999998 0.3502155171875 0.164848484375 0.3523706890625 0.1854545453125 0.3577586203125 0.1933333328125 0.3642241375 0.1963636359375 0.3793103453125 0.195151515625 0.3846982765625 0.19030302968749999 0.3868534484375 0.16363636406249998 0.3846982765625 0.16 0.37715517187500003 0.156969696875
0 0.375 0.20181818125 0.36961206875 0.20181818125 0.35883620625 0.20424242499999998 0.3556034484375 0.2127272734375 0.356681034375 0.238787878125 0.35991379375 0.244242425 0.367456896875 0.24727272656250002 0.382543103125 0.244848484375 0.3868534484375 0.235757575 0.3857758625 0.21090909062500002 0.382543103125 0.20484848437499997 0.375 0.20181818125
0 0.37607758593749996 0.25212121249999997 0.36961206875 0.25212121249999997 0.35883620625 0.25575757499999996 0.356681034375 0.2678787875 0.35883620625 0.2921212125 0.3642241375 0.29636363593750004 0.371767240625 0.29818181875 0.382543103125 0.295757575 0.387931034375 0.28969697031249997 0.387931034375 0.2606060609375 0.3846982765625 0.255151515625 0.37607758593749996 0.25212121249999997
0 0.3846982765625 0.304242425 0.37607758593749996 0.30242424218749997 0.37392241406250004 0.30242424218749997 0.3653017234375 0.3036363640625 0.35883620625 0.3096969703125 0.35991379375 0.34181818124999996 0.3642241375 0.3472727265625 0.37392241406250004 0.3496969703125 0.3836206890625 0.3478787875 0.387931034375 0.34484848437500004 0.39116379375 0.335151515625 0.3890086203125 0.3084848484375 0.3846982765625 0.304242425
0 0.3868534484375 0.355757575 0.37715517187500003 0.35393939375 0.3706896546875 0.35393939375 0.3642241375 0.35515151562499997 0.35991379375 0.36060606093750003 0.35991379375 0.389090909375 0.36082004375 0.4158963640625 0.37927370625 0.42281818125 0.3932543109375 0.41400848437500004 0.393318965625 0.39272727343749997 0.393318965625 0.37939393906249996 0.39116379375 0.36 0.3868534484375 0.355757575
0 0.8401584046874999 0.40545454531249997 0.8265086203124999 0.40545454531249997 0.8178879312499999 0.40969697031249996 0.8157327593750001 0.424848484375 0.8340517234375 0.43272727343749995 0.851293103125 0.435151515625 0.8663793109375 0.4296969703125 0.8696120687500001 0.418787878125 0.8653017234375 0.409090909375 0.8469827593750001 0.40545454531249997 0.8401584046874999 0.40545454531249997
0 1 0.409764309375 0.9946120687500001 0.40606060624999996 0.987068965625 0.404848484375 0.9806034484374999 0.404848484375 0.9655172406249999 0.410909090625 0.961206896875 0.423030303125 0.9622844828125 0.43454545468749994 0.9741379312499999 0.43878787812500003 0.9967672406249999 0.436969696875 1 0.43545454531249994 1 0.409764309375
1 0.7209051718749999 0.40545454531249997 0.7146551718749999 0.40545454531249997 0.6788793109375 0.4066666671875 0.6734913796875001 0.40969697031249996 0.6734913796875001 0.4193939390625 0.68211206875 0.423030303125 0.75538793125 0.423030303125 0.7855603453125 0.42181818125000003 0.7931034484375 0.4175757578125 0.7931034484375 0.4103030296875 0.7823275859375001 0.40606060624999996 0.7209051718749999 0.40545454531249997
1 0.9568965515625001 0.42181818125000003 0.955818965625 0.40969697031249996 0.9439655171875 0.40545454531249997 0.9116379312499999 0.40424242499999996 0.9094827593750001 0.40424242499999996 0.8857758625000001 0.404848484375 0.875 0.409090909375 0.872844828125 0.416969696875 0.8793103453125 0.4254545453125 0.8868534484374999 0.4284848484375 0.9116379312499999 0.42787878749999997 0.9278017234375 0.43212121249999996 0.9439655171875 0.43272727343749995 0.9515086203124999 0.430909090625 0.9568965515625001 0.42181818125000003
1 0 0.43818181875000006 0.007543103125000001 0.4478787875 0.049568965625 0.449090909375 0.0625 0.444848484375 0.06681034531249999 0.43878787812500003 0.065732759375 0.423030303125 0.0614224140625 0.41818181875000004 0.050646551562499996 0.41454545468750004 0.044719828125 0.41454545468750004 0.015086206250000001 0.415151515625 0.0043103453125 0.4193939390625 0 0.42787878749999997 0 0.43818181875000006
1 0.1357758625 0.4393939390625 0.1357758625 0.423030303125 0.127155171875 0.41575757500000005 0.11853448281250001 0.41393939375000005 0.1125 0.41393939375000005 0.0818965515625 0.41454545468750004 0.0743534484375 0.41818181875000004 0.07004310312499999 0.42606060625 0.07112068906249999 0.43878787812500003 0.0732758625 0.4436363640625 0.080818965625 0.4478787875 0.1131465515625 0.4484848484375 0.125 0.4472727265625 0.1314655171875 0.444242425 0.1357758625 0.4393939390625
1 0.20581896562500002 0.424242425 0.2015086203125 0.416969696875 0.19181034531250002 0.41333333281250006 0.1855603453125 0.41333333281250006 0.153017240625 0.41393939375000005 0.1454741375 0.4175757578125 0.14116379375000002 0.424242425 0.14116379375000002 0.43575757499999995 0.1454741375 0.4436363640625 0.15086206875 0.44666666718750003 0.1875 0.4472727265625 0.20043103437499998 0.4436363640625 0.20581896562500002 0.43575757499999995 0.20581896562500002 0.424242425
1 0.2747844828125 0.43818181875000006 0.273706896875 0.418787878125 0.268318965625 0.41454545468750004 0.2607758625 0.41272727343750004 0.2550290953125 0.41272727343750004 0.226293103125 0.41272727343750004 0.21875 0.41393939375000005 0.21443965468749998 0.416969696875 0.211206896875 0.423030303125 0.211206896875 0.436969696875 0.216594828125 0.4436363640625 0.22306034531250002 0.44666666718750003 0.2607758625 0.44606060625 0.2704741375 0.443030303125 0.2747844828125 0.43818181875000006
1 0.3577586203125 0.42000000000000004 0.3523706890625 0.41393939375000005 0.34482758593749996 0.41151515156249996 0.336206896875 0.41151515156249996 0.32920258593749996 0.41151515156249996 0.29633620625 0.41212121249999994 0.284482759375 0.41575757500000005 0.28017241406250004 0.4303030296875 0.284482759375 0.44060606093750004 0.2898706890625 0.444242425 0.3038793109375 0.4454545453125 0.315732759375 0.443030303125 0.34482758593749996 0.43333333281249997 0.3556034484375 0.4272727265625 0.3577586203125 0.42000000000000004