1 0.4691011234375 0.449473684375 0.522471909375 0.44894736875 0.529962546875 0.4473684203125 0.533707865625 0.4436842109375 0.533707865625 0.43894736874999996 0.5280898875 0.4352631578125 0.5046816484375001 0.4336842109375 0.50374531875 0.4336842109375 0.47284644218749994 0.4347368421875 0.46441947499999997 0.43894736874999996 0.45318352031250003 0.441578946875 0.4250936328125 0.438421053125 0.420411984375 0.44000000000000006 0.420411984375 0.4452631578125 0.4288389515625 0.449473684375 0.4353932578125 0.449473684375 0.4372659171875 0.4478947375 0.4691011234375 0.449473684375
1 0 0.47019736874999996 0.0065543078125 0.47157894687499996 0.0393258421875 0.46947368437500003 0.0468164796875 0.4636842109375 0.0468164796875 0.4473684203125 0.0374531828125 0.441578946875 0.0168539328125 0.440526315625 0.010299625 0.440526315625 0 0.441578946875 0 0.47019736874999996
1 0.093632959375 0.43947368437499995 0.0805243453125 0.43947368437499995 0.0749063671875 0.43947368437499995 0.065543071875 0.44000000000000006 0.0571161046875 0.44263157968750005 0.0514981265625 0.449473684375 0.052434456250000004 0.4652631578125 0.06273408281250001 0.47000000000000003 0.09550561875 0.46947368437500003 0.10205992500000001 0.4678947375 0.10674157343749999 0.4642105265625 0.10580524375 0.4447368421875 0.093632959375 0.43947368437499995
1 0.1610486890625 0.44105263125 0.15168539375 0.43894736874999996 0.1463014984375 0.43894736874999996 0.12453183593749999 0.43947368437499995 0.11610486874999999 0.44263157968750005 0.1114232203125 0.45 0.1114232203125 0.45894736875 0.1189138578125 0.468421053125 0.15449438124999998 0.46894736875 0.1647940078125 0.4652631578125 0.167602996875 0.460526315625 0.1666666671875 0.4452631578125 0.1610486890625 0.44105263125
1 0.22940074843749997 0.45157894687500005 0.2247191015625 0.4421052625 0.216292134375 0.43894736874999996 0.20505617968749998 0.438421053125 0.20411985000000002 0.4378947375 0.181647940625 0.43894736874999996 0.1732209734375 0.44315789531250005 0.170411984375 0.449473684375 0.1713483140625 0.45999999999999996 0.174157303125 0.4647368421875 0.17977528125 0.4678947375 0.2153558046875 0.4678947375 0.2228464421875 0.4657894734375 0.22752809062499998 0.461578946875 0.22940074843749997 0.45157894687500005
1 0.2865168546875 0.441578946875 0.27528089843750003 0.4378947375 0.270411984375 0.4378947375 0.24344569218749998 0.438421053125 0.23595505625 0.441578946875 0.23220973749999999 0.4563157890625 0.23501872656249997 0.46315789531249996 0.24063670468749998 0.46684210468750004 0.2734082390625 0.46736842031250003 0.28464419531249996 0.4647368421875 0.2893258421875 0.45947368437499997 0.2893258421875 0.4463157890625 0.2865168546875 0.441578946875
1 0.33146067343749996 0.43684210468750007 0.3267790265625 0.43684210468750007 0.3033707859375 0.4378947375 0.2949438203125 0.4436842109375 0.294007490625 0.45894736875 0.3033707859375 0.46631578906250004 0.33614232187500004 0.46631578906250004 0.346441946875 0.46263157968749996 0.350187265625 0.45421052656249994 0.34831460625 0.44315789531250005 0.3417603 0.4378947375 0.33146067343749996 0.43684210468750007
1 0.399812734375 0.43631578906249996 0.3913857671875 0.43631578906249996 0.3904494375 0.43578947343749996 0.364232209375 0.43684210468750007 0.3548689140625 0.441578946875 0.3548689140625 0.45999999999999996 0.36235955 0.4652631578125 0.38389513124999997 0.4657894734375 0.39419475625 0.4642105265625 0.4147940078125 0.4531578953125 0.4147940078125 0.4468421046875 0.40730337031249997 0.438421053125 0.399812734375 0.43631578906249996
1 0.6872659171875 0.43105263125000004 0.6835206 0.43105263125000004 0.6451310859375 0.43157894687500004 0.6348314609375 0.4331578953125 0.628277153125 0.43684210468750007 0.6292134828125 0.4442105265625 0.6367041203125 0.4473684203125 0.72565543125 0.4463157890625 0.7312734078124999 0.4442105265625 0.7331460671875 0.4373684203125 0.72565543125 0.43210526250000003 0.6872659171875 0.43105263125000004
1 0.90168539375 0.438421053125 0.897940075 0.4347368421875 0.8913857671875001 0.43210526250000003 0.8698501875 0.43105263125000004 0.8651685390624999 0.43105263125000004 0.8370786515624999 0.43105263125000004 0.8314606734375 0.4336842109375 0.82771535625 0.44000000000000006 0.8286516859375 0.44578947343750003 0.8342696625 0.449473684375 0.8595505625 0.4568421046875 0.8689138578125 0.4563157890625 0.885767790625 0.45210526250000005 0.90168539375 0.4442105265625 0.90168539375 0.438421053125
1 1 0.43044210468750005 0.980337078125 0.43 0.977528090625 0.43 0.970037453125 0.43105263125000004 0.9625468171874999 0.4378947375 0.9616104875 0.4563157890625 0.96816479375 0.45947368437499997 1 0.45947368437499997 1 0.43044210468750005
0 0.44850187343750003 0.13894736875 0.4435084265625 0.13894736875 0.43352060000000003 0.13894736875 0.420411984375 0.1431578953125 0.4185393265625 0.1521052625 0.420411984375 0.15631578906250002 0.42790262187500006 0.160526315625 0.45692883906250004 0.160526315625 0.4634831453125 0.1573684203125 0.466292134375 0.151578946875 0.46441947499999997 0.1431578953125 0.44850187343750003 0.13894736875
0 0.438202246875 0.1631578953125 0.4269662921875 0.1652631578125 0.420411984375 0.1726315796875 0.4232209734375 0.1852631578125 0.431647940625 0.19105263125 0.4550561796875 0.19 0.4625468171875 0.18578947343750002 0.4625468171875 0.1678947375 0.45692883906250004 0.1647368421875 0.4428838953125 0.1631578953125 0.438202246875 0.1631578953125
0 0.4494382015625 0.1936842109375 0.443352059375 0.1936842109375 0.43258427031249996 0.19421052656249999 0.4260299625 0.20105263125 0.4269662921875 0.2178947375 0.43632958750000006 0.22315789531250002 0.45224719062499996 0.22263157968749997 0.45786516875 0.220526315625 0.46161048750000006 0.21578947343750002 0.46161048750000006 0.198421053125 0.455992509375 0.1947368421875 0.4494382015625 0.1936842109375
0 0.4466292140625 0.2263157890625 0.43632958750000006 0.2278947375 0.43071161093750004 0.23263157968749998 0.43258427031249996 0.258421053125 0.44101123593749997 0.2636842109375 0.45411985 0.2626315796875 0.459737828125 0.2547368421875 0.4606741578125 0.2342105265625 0.45786516875 0.22999999999999998 0.44850187343750003 0.2263157890625 0.4466292140625 0.2263157890625
0 0.4494382015625 0.2678947375 0.44850187343750003 0.2678947375 0.43632958750000006 0.270526315625 0.43258427031249996 0.2778947375 0.43352060000000003 0.30105263125000004 0.43632958750000006 0.3052631578125 0.4447565546875 0.308421053125 0.455992509375 0.3068421046875 0.4606741578125 0.3 0.459737828125 0.27578947343750004 0.455992509375 0.27 0.4494382015625 0.2678947375
0 0.45880149843750007 0.3157894734375 0.45318352031250003 0.3131578953125 0.4447565546875 0.3131578953125 0.438202246875 0.3152631578125 0.4353932578125 0.318421053125 0.43445692812500003 0.3331578953125 0.4353932578125 0.3463157890625 0.438202246875 0.35 0.445692884375 0.35315789531249997 0.45692883906250004 0.351578946875 0.4625468171875 0.3442105265625 0.46161048750000006 0.32 0.45880149843750007 0.3157894734375
0 0.4494382015625 0.3573684203125 0.44007490625 0.35894736875 0.43632958750000006 0.3636842109375 0.4372659171875 0.391578946875 0.44007490625 0.3957894734375 0.44756554375 0.39789473750000004 0.45880149843750007 0.39684210468750003 0.46441947499999997 0.389473684375 0.4625468171875 0.36157894687500003 0.45411985 0.3573684203125 0.4494382015625 0.3573684203125
0 0.45224719062499996 0.40157894687500006 0.44850187343750003 0.40157894687500006 0.4428838953125 0.4026315796875 0.4372659171875 0.40789473750000005 0.43632958750000006 0.4331578953125 0.44101123593749997 0.4378947375 0.45692883906250004 0.438421053125 0.46535580468750004 0.43684210468750007 0.46722846406249996 0.4336842109375 0.466292134375 0.41578947343749995 0.46161048750000006 0.40368421093749995 0.45224719062499996 0.40157894687500006
0 0.5842696625 0.4331578953125 0.5833333328125 0.4326315796875 0.5552434453124999 0.43421052656250003 0.54962546875 0.438421053125 0.5514981265625 0.44578947343750003 0.55992509375 0.44842105312499997 0.5992509359375 0.44842105312499997 0.61610486875 0.4473684203125 0.6207865171875 0.4452631578125 0.6226591765625 0.43894736874999996 0.61610486875 0.4336842109375 0.5842696625 0.4331578953125
0 0.8192883890625 0.4326315796875 0.8136704124999999 0.43105263125000004 0.7808988765625 0.430526315625 0.7790262171875 0.430526315625 0.7612359546875 0.43105263125000004 0.7546816484375001 0.4331578953125 0.7509363296875 0.43578947343749996 0.7528089890625 0.44315789531250005 0.760299625 0.44578947343750003 0.7771535578125001 0.4463157890625 0.8146067421875 0.44578947343750003 0.8211610484375 0.4436842109375 0.8239700375 0.43578947343749996 0.8192883890625 0.4326315796875
0 0.9531835203125001 0.43157894687500004 0.9400749062499999 0.43 0.9335205999999999 0.43 0.9241573031250001 0.430526315625 0.9166666671874999 0.4336842109375 0.9138576781250001 0.44315789531250005 0.9176029968750001 0.4478947375 0.931647940625 0.45526315781250004 0.943820225 0.45789473750000004 0.9503745312499999 0.4563157890625 0.9559925093749999 0.45210526250000005 0.9569288390624999 0.4347368421875 0.9531835203125001 0.43157894687500004
0 0.42228464375 0.12631578906250002 0.420411984375 0.131578946875 0.431647940625 0.1352631578125 0.46161048750000006 0.13473684218749998 0.466292134375 0.13105263125 0.46535580468750004 0.1236842109375 0.46161048750000006 0.1236842109375 0.445692884375 0.12684210468749998 0.42228464375 0.12631578906250002