1 0.3798370671875 0.4467963390625 0.3890020359375 0.4467963390625 0.3940936859375 0.44450800937499996 0.45926680312499996 0.44450800937499996 0.4847250515625 0.44221967968750003 0.48167006093750003 0.43077803281250004 0.477596740625 0.429061784375 0.4643584515625 0.428489703125 0.45926680312499996 0.428489703125 0.42769857499999997 0.42963386718749996 0.422606925 0.43306636093749995 0.40733197499999996 0.43649885624999996 0.3890020359375 0.43421052656250003 0.388582484375 0.4321773453125 0.37447046875 0.427750571875 0.3626558046875 0.43199256249999995 0.36134317656250003 0.44213672812500004 0.370204684375 0.448223684375 0.3798370671875 0.4467963390625
1 0.6598778000000001 0.4250572078125 0.5936863546875 0.42677345468750005 0.5865580453125 0.42963386718749996 0.585539715625 0.4376430203125 0.5957230140625 0.4427917625 0.6883910390625 0.44107551562499997 0.6985743375 0.438215103125 0.7006109984375 0.4324942796875 0.6934826890625 0.42677345468750005 0.6608961296875 0.425629290625 0.6598778000000001 0.4250572078125
1 0.3533604890625 0.4376430203125 0.347250509375 0.4324942796875 0.34114052968749997 0.43077803281250004 0.335539715625 0.43077803281250004 0.303462321875 0.4313501140625 0.2942973515625 0.43649885624999996 0.2922606921875 0.4513729984375 0.2973523421875 0.45938215156249995 0.3024439921875 0.4622425625 0.312627290625 0.463386728125 0.3380855390625 0.46167048125 0.352342159375 0.45594965624999995 0.356415478125 0.4467963390625 0.3533604890625 0.4376430203125
1 0.28411405312500004 0.4599542328125 0.2881873734375 0.45251716249999996 0.2871690421875 0.4370709375 0.27494908281249997 0.4313501140625 0.2685 0.4313501140625 0.2393075359375 0.431922196875 0.23014256562500002 0.43649885624999996 0.2270875765625 0.44393592656249997 0.22810590625 0.4536613265625 0.231160896875 0.45938215156249995 0.2362525453125 0.4622425625 0.24236252500000002 0.46395880937499995 0.2606924640625 0.46395880937499995 0.2759674140625 0.4628146453125 0.28411405312500004 0.4599542328125
1 0.2189409375 0.43592677343749997 0.2097759671875 0.4324942796875 0.19042769843750001 0.431922196875 0.187372709375 0.431922196875 0.1710794296875 0.4324942796875 0.1639511203125 0.43592677343749997 0.1608961296875 0.44107551562499997 0.1639511203125 0.45652173906250004 0.17515275 0.46453089218750004 0.20875763749999998 0.46395880937499995 0.2169042765625 0.46167048125 0.2219959265625 0.45652173906250004 0.2219959265625 0.4405034328125 0.2189409375 0.43592677343749997
1 0.1446028515625 0.43993135 0.14358452187499998 0.4393592671875 0.12932790156250001 0.44450800937499996 0.1262729125 0.45022883281250003 0.1262729125 0.46167048125 0.13441955156250002 0.46510297500000003 0.1486761703125 0.46510297500000003 0.15580448125 0.463386728125 0.1588594703125 0.460526315625 0.1568228109375 0.4467963390625 0.152749490625 0.4427917625 0.1446028515625 0.43993135
1 0.11507128281250001 0.43363844374999994 0.10183299374999999 0.4324942796875 0.10081466406249999 0.4324942796875 0.07433808593749999 0.43363844374999994 0.065173115625 0.4393592671875 0.06313645625 0.4548054921875 0.0672097765625 0.4622425625 0.0763747453125 0.4662471390625 0.1099796328125 0.46510297500000003 0.119144603125 0.460526315625 0.1252545828125 0.447940503125 0.124236253125 0.4387871859375 0.11507128281250001 0.43363844374999994
1 0 0.45938215156249995 0.0010183296875 0.46167048125 0.008146639062499999 0.4662471390625 0.0468431765625 0.4662471390625 0.05295315625 0.46453089218750004 0.058044806250000004 0.4599542328125 0.058044806250000004 0.4405034328125 0.050916496874999995 0.435354690625 0.0356415484375 0.43363844374999994 0.029022403125000002 0.43363844374999994 0.008146639062499999 0.435354690625 0 0.4427917625 0 0.45938215156249995
1 0.88289205625 0.42677345468750005 0.8737270875 0.4250572078125 0.8238289203125 0.4244851265625 0.8217922609375 0.4244851265625 0.8146639515625 0.4250572078125 0.8095723015624999 0.4279176203125 0.8095723015624999 0.43993135 0.8401222 0.4513729984375 0.8543788187500001 0.45251716249999996 0.8727087578124999 0.4485125859375 0.88289205625 0.44450800937499996 0.8890020359375 0.4393592671875 0.8900203671875 0.43363844374999994 0.88289205625 0.42677345468750005
1 1 0.424713959375 0.9796334015625 0.4233409609375 0.9745417515625 0.4233409609375 0.9663951125000001 0.4244851265625 0.959266803125 0.428489703125 0.9551934828125 0.4519450796875 0.9643584515624999 0.45594965624999995 1 0.455377575 1 0.424713959375
0 0.39613034687500004 0.134439359375 0.38696537656249996 0.134439359375 0.3747454171875 0.13844393593749998 0.3706720984375 0.145308925 0.3737270875 0.15961098437500001 0.3849287171875 0.1653318078125 0.41140529531250003 0.16361556093750002 0.41751527499999996 0.1578947375 0.419551934375 0.14588100625 0.415478615625 0.137871853125 0.4093686359375 0.1355835234375 0.39613034687500004 0.134439359375
0 0.405295315625 0.1676201375 0.399524440625 0.1676201375 0.3849287171875 0.1681922203125 0.37678207812500003 0.175629290625 0.3778004078125 0.1939359265625 0.3849287171875 0.19908466875 0.39205702656249997 0.2002288328125 0.410386965625 0.197940503125 0.415478615625 0.1922196796875 0.41751527499999996 0.1762013734375 0.41446028437500004 0.17105263125 0.405295315625 0.1676201375
0 0.41140529531250003 0.20709382187499997 0.40325865624999996 0.204233409375 0.3940936859375 0.204233409375 0.3849287171875 0.20709382187499997 0.38187372656249996 0.21167048125000001 0.3839103875 0.2368421046875 0.38798370625 0.241990846875 0.3940936859375 0.2442791765625 0.40733197499999996 0.24313501093749998 0.41140529531250003 0.24084668125 0.4134419546875 0.2351258578125 0.41446028437500004 0.21167048125000001 0.41140529531250003 0.20709382187499997
0 0.40427698593750006 0.2488558359375 0.39613034687500004 0.2488558359375 0.3890020359375 0.2505720828125 0.38594704687500003 0.2551487421875 0.38594704687500003 0.2843249421875 0.3890020359375 0.289473684375 0.39816700625 0.292334096875 0.41140529531250003 0.289473684375 0.415478615625 0.2791762015625 0.4134419546875 0.2557208234375 0.410386965625 0.2511441640625 0.40427698593750006 0.2488558359375
0 0.39816700625 0.2969107546875 0.38798370625 0.30091533125000003 0.38594704687500003 0.3169336390625 0.38798370625 0.335240275 0.39714867656249997 0.3409610984375 0.40835030625 0.340389015625 0.4164969453125 0.3329519453125 0.4164969453125 0.305491990625 0.412423625 0.29977116718749997 0.405295315625 0.2969107546875 0.39816700625 0.2969107546875
0 0.4134419546875 0.346681921875 0.40631364531249997 0.34496567499999997 0.4012219953125 0.34496567499999997 0.3940936859375 0.34610983906250004 0.38798370625 0.3518306640625 0.38798370625 0.375286040625 0.39205702656249997 0.3867276890625 0.4022403265625 0.3895881 0.41140529531250003 0.3884439359375 0.4164969453125 0.3855835234375 0.419551934375 0.37414187656250003 0.4164969453125 0.3501144171875 0.4134419546875 0.346681921875
0 0.410386965625 0.393592678125 0.4012219953125 0.393592678125 0.3900203671875 0.3993135015625 0.3890020359375 0.42963386718749996 0.3940936859375 0.431922196875 0.41140529531250003 0.43363844374999994 0.419551934375 0.431922196875 0.42158859531250004 0.42963386718749996 0.42158859531250004 0.4199084671875 0.419551934375 0.4010297484375 0.415478615625 0.39530892500000003 0.410386965625 0.393592678125
0 0.5234215890625 0.42677345468750005 0.5203665984375 0.42677345468750005 0.5091649687500001 0.4279176203125 0.5030549890625 0.4324942796875 0.5040733203125 0.4387871859375 0.512219959375 0.44336384375 0.5661914453125 0.44336384375 0.5753564156250001 0.44221967968750003 0.5794297359375 0.4387871859375 0.5794297359375 0.4313501140625 0.57331975625 0.42734553750000004 0.5234215890625 0.42677345468750005
0 0.7963340125 0.425629290625 0.762729125 0.42391304375 0.7617107937500001 0.42391304375 0.7342158859375 0.4244851265625 0.7270875765625 0.42620137343750003 0.7219959265625 0.42963386718749996 0.72301425625 0.4376430203125 0.7291242359375001 0.4405034328125 0.7393075359375 0.44107551562499997 0.7881873734375 0.44107551562499997 0.80040733125 0.4376430203125 0.8014256625 0.42963386718749996 0.7963340125 0.425629290625
0 0.9358452140625 0.42391304375 0.9304989812500001 0.42391304375 0.9093686359375001 0.4250572078125 0.90325865625 0.429061784375 0.9022403265625 0.43592677343749997 0.9134419546875 0.4456521734375 0.9266802437500001 0.450800915625 0.9419551937499999 0.4519450796875 0.9501018328124999 0.4467963390625 0.9521384921875 0.428489703125 0.9480651734375 0.425629290625 0.9358452140625 0.42391304375
0 0.40631364531249997 0.1081235703125 0.40088289218749995 0.1081235703125 0.3788187375 0.109267734375 0.3706720984375 0.11327231093750001 0.3696537671875 0.12356979374999999 0.37678207812500003 0.131006865625 0.410386965625 0.131578946875 0.415478615625 0.1298627 0.419551934375 0.12528604062499998 0.4205702640625 0.115560640625 0.4164969453125 0.11041190000000001 0.40631364531249997 0.1081235703125
0 0.3991853359375 0.093249428125 0.3778004078125 0.09210526249999999 0.371690428125 0.094965675 0.3706720984375 0.0989702515625 0.38085539687500003 0.10354691093749999 0.41140529531250003 0.10354691093749999 0.4205702640625 0.099542334375 0.419551934375 0.0909610984375 0.41446028437500004 0.0909610984375 0.3991853359375 0.093249428125