0 0.4605769234375 0.1491891890625 0.459615384375 0.1491891890625 0.44423076874999995 0.1497297296875 0.43365384687499997 0.15567567499999999 0.43461538437499997 0.16810810781250002 0.44326923125000006 0.1745945953125 0.47307692343749996 0.175135134375 0.478846153125 0.1708108109375 0.48173076875 0.1654054046875 0.48076923125000004 0.1545945953125 0.4740384609375 0.15081081093749998 0.4605769234375 0.1491891890625
0 0.45384615312500004 0.17675675625 0.44038461562500003 0.17945945937500002 0.4355769234375 0.18486486562499999 0.4384615390625 0.199459459375 0.4480769234375 0.20648648593750002 0.47115384687499995 0.20540540468750002 0.477884615625 0.20054054062499999 0.478846153125 0.1821621625 0.4759615390625 0.17945945937500002 0.4615384609375 0.17675675625 0.45384615312500004 0.17675675625
0 0.4759615390625 0.21243243281250002 0.46923076874999997 0.2091891890625 0.46378173125 0.2091891890625 0.446153846875 0.21081081093749998 0.44038461562500003 0.2178378375 0.44326923125000006 0.23459459531250001 0.446153846875 0.23891891875 0.45576923125 0.24270270312500003 0.46442307656250004 0.24270270312500003 0.472115384375 0.240540540625 0.475 0.23675675625 0.477884615625 0.215675675 0.4759615390625 0.21243243281250002
0 0.46105769218750003 0.2459459453125 0.4519230765625 0.2464864859375 0.446153846875 0.2540540546875 0.4480769234375 0.27999999999999997 0.45 0.28324324375 0.459615384375 0.2864864859375 0.46826923125000003 0.2859459453125 0.475 0.27891891874999997 0.4740384609375 0.2508108109375 0.4673076921875 0.2459459453125 0.46105769218750003 0.2459459453125
0 0.46442307656250004 0.2908108109375 0.4615384609375 0.2908108109375 0.45288461562500004 0.2924324328125 0.4490384609375 0.29783783750000004 0.4490384609375 0.323783784375 0.4519230765625 0.3286486484375 0.459615384375 0.3324324328125 0.472115384375 0.3302702703125 0.4769230765625 0.32054054062500004 0.4759615390625 0.298378378125 0.47307692343749996 0.2935135140625 0.46442307656250004 0.2908108109375
0 0.46442307656250004 0.33621621562500004 0.4625 0.33621621562500004 0.45576923125 0.337297296875 0.4509615390625 0.34108108125 0.45 0.36108108125 0.45480769218750006 0.375135134375 0.465384615625 0.3778378375 0.4759615390625 0.3740540546875 0.478846153125 0.36324324375 0.4769230765625 0.341621621875 0.47307692343749996 0.3378378375 0.46442307656250004 0.33621621562500004
0 0.4673076921875 0.38162162187500004 0.4615384609375 0.38162162187500004 0.45480769218750006 0.38324324375 0.4509615390625 0.3886486484375 0.4519230765625 0.41567567499999997 0.4576923078125 0.42162162187499996 0.46826923125000003 0.42324324375 0.478846153125 0.41891891875000004 0.48076923125000004 0.404324325 0.478846153125 0.3870270265625 0.4740384609375 0.382702703125 0.4673076921875 0.38162162187500004
0 0.43365384687499997 0.144864865625 0.44038461562500003 0.1470270265625 0.477884615625 0.1464864859375 0.48269230781249994 0.141621621875 0.48269230781249994 0.135135134375 0.478846153125 0.1313513515625 0.47115384687499995 0.1313513515625 0.43461538437499997 0.1340540546875 0.43365384687499997 0.144864865625
0 0.46923076874999997 0.4264864859375 0.46826923125000003 0.4259459453125 0.458653846875 0.4275675671875 0.45384615312500004 0.43081081093750007 0.45288461562500004 0.44864864843749996 0.46826923125000003 0.461621621875 0.4884615390625 0.46216216250000003 0.49615384687499997 0.45729729687500004 0.49615384687499997 0.4518918921875 0.48269230781249994 0.44486486562499994 0.477884615625 0.4281081078125 0.46923076874999997 0.4264864859375
0 0.6826923078125 0.4454054046875 0.6307692312500001 0.44702702656250004 0.625 0.4502702703125 0.6259615390625 0.45729729687500004 0.634615384375 0.461621621875 0.691346153125 0.460540540625 0.6990384609375 0.45783783749999996 0.7 0.44864864843749996 0.6923076921875 0.4459459453125 0.683653846875 0.4454054046875 0.6826923078125 0.4454054046875
0 0.85576923125 0.444324325 0.85 0.444324325 0.841346153125 0.44486486562499994 0.833653846875 0.44810810781250004 0.8326923078125 0.4529729734375 0.8355769234375 0.45729729687500004 0.875 0.4686486484375 0.8846153843750001 0.46810810781249995 0.8894230765625 0.45783783749999996 0.8865384609375001 0.4464864859375 0.878846153125 0.444324325 0.85576923125 0.444324325
0 1 0.443783784375 0.9942307687499999 0.443783784375 0.98173076875 0.4502702703125 0.975 0.461621621875 0.9759615390624999 0.4697297296875 0.9846153843750001 0.47351351406250003 1 0.47351351406250003 1 0.443783784375
1 0 0.48368550312499997 0.00673076875 0.481621621875 0.009615384375 0.475675675 0.008653846875 0.46108108124999997 0 0.45621621562500003 0 0.48368550312499997
1 0.1298076921875 0.45837837812500004 0.1269230765625 0.455675675 0.116346153125 0.4529729734375 0.1 0.4529729734375 0.09903846093749999 0.4529729734375 0.08653846093749999 0.45405405468750004 0.078846153125 0.45783783749999996 0.075 0.46648648593750003 0.0759615390625 0.47837837812500006 0.0826923078125 0.48324324374999994 0.090384615625 0.48432432500000006 0.12307692343750001 0.48324324374999994 0.127884615625 0.481621621875 0.13269230781250002 0.47405405468749995 0.1298076921875 0.45837837812500004
1 0.0644230765625 0.455675675 0.0548076921875 0.45405405468750004 0.049519231250000004 0.45405405468750004 0.0259615390625 0.4545945953125 0.014423076562500001 0.46108108124999997 0.015384615625 0.47891891875 0.01826923125 0.482702703125 0.025 0.484864865625 0.058653846875000006 0.48432432500000006 0.06826923124999999 0.48108108125 0.07115384687500001 0.475135134375 0.07115384687500001 0.461621621875 0.0644230765625 0.455675675
1 0.19423076875 0.461621621875 0.191346153125 0.45621621562500003 0.18173076875 0.4524324328125 0.1767625 0.4524324328125 0.15192307656249998 0.4524324328125 0.141346153125 0.45621621562500003 0.1375 0.46108108124999997 0.1365384609375 0.47351351406250003 0.1394230765625 0.479459459375 0.146153846875 0.482702703125 0.17980769218749998 0.48324324374999994 0.191346153125 0.479459459375 0.19423076875 0.47459459531250003 0.19423076875 0.461621621875
1 0.253846153125 0.455675675 0.2451923078125 0.4518918921875 0.23974326875 0.4518918921875 0.2125 0.4518918921875 0.20192307656250003 0.45621621562500003 0.1980769234375 0.4713513515625 0.20576923125 0.48108108125 0.2125 0.482702703125 0.24423076875 0.4821621625 0.253846153125 0.47837837812500006 0.2576923078125 0.4729729734375 0.25673076875 0.46108108124999997 0.253846153125 0.455675675
1 0.316346153125 0.45513513437500003 0.30576923125 0.4508108109375 0.3003201921875 0.4508108109375 0.2759615390625 0.4513513515625 0.2644230765625 0.45675675625 0.2615384609375 0.4708108109375 0.2673076921875 0.47891891875 0.272115384375 0.48108108125 0.3076923078125 0.48108108125 0.3173076921875 0.47675675625 0.3201923078125 0.47351351406250003 0.31923076875 0.45999999999999996 0.316346153125 0.45513513437500003
1 0.38173076875 0.4729729734375 0.38076923125 0.45999999999999996 0.378846153125 0.45513513437500003 0.371153846875 0.4508108109375 0.366208653125 0.4508108109375 0.3365384609375 0.4508108109375 0.3269230765625 0.45405405468750004 0.3230769234375 0.461621621875 0.3230769234375 0.4702702703125 0.3298076921875 0.479459459375 0.346153846875 0.481621621875 0.3625 0.48108108125 0.371153846875 0.480540540625 0.37788461562500003 0.4778378375 0.38173076875 0.4729729734375
1 0.4519230765625 0.4524324328125 0.44519230781249997 0.44918918906250005 0.43990384687499995 0.44918918906250005 0.397115384375 0.4502702703125 0.3884615390625 0.4535135140625 0.384615384375 0.4654054046875 0.3875 0.47351351406250003 0.3923076921875 0.4778378375 0.40384615312500005 0.479459459375 0.447115384375 0.46648648593750003 0.45480769218750006 0.46108108124999997 0.45480769218750006 0.45675675625 0.4519230765625 0.4524324328125
1 0.528846153125 0.44702702656250004 0.5048076921875 0.44918918906250005 0.502884615625 0.45783783749999996 0.50673076875 0.461621621875 0.6019230765625 0.461621621875 0.609615384375 0.45729729687500004 0.6105769234375 0.4529729734375 0.6076923078124999 0.4502702703125 0.5942307687499999 0.44702702656250004 0.5298076921875 0.4475675671875 0.528846153125 0.44702702656250004
1 0.7490384609375 0.444324325 0.7480769234375 0.444324325 0.7105769234375 0.4464864859375 0.70576923125 0.44918918906250005 0.7076923078124999 0.45837837812500004 0.716346153125 0.460540540625 0.8 0.459459459375 0.808653846875 0.45837837812500004 0.8144230765625 0.45405405468750004 0.8134615390625 0.44918918906250005 0.8048076921874999 0.44486486562499994 0.7490384609375 0.444324325
1 0.9701923078125001 0.45837837812500004 0.9701923078125001 0.44864864843749996 0.9673076921874999 0.4459459453125 0.9528846156249999 0.443783784375 0.9474355765625001 0.443783784375 0.9028846156249999 0.44486486562499994 0.89326923125 0.4518918921875 0.8951923078125 0.4654054046875 0.9019230765625 0.46810810781249995 0.9125 0.46810810781249995 0.94423076875 0.46432432500000004 0.9509615390624999 0.4702702703125 0.9519230765625 0.46702702656249995 0.9634615390624999 0.46432432500000004 0.9701923078125001 0.45837837812500004