1 0.6247544203125 0.4270718234375 0.6237721015625 0.4265193375 0.583497053125 0.42872928125 0.5795677796875001 0.432596684375 0.5815324171875 0.440883978125 0.5864440078125 0.44309392187499996 0.6689587421875001 0.4425414359375 0.6807465625 0.44143646406250003 0.6876227890625 0.438121546875 0.6876227890625 0.4309392265625 0.67976424375 0.4270718234375 0.6247544203125 0.4270718234375
1 0.872298625 0.4254143640625 0.80746561875 0.42486187812500004 0.8025540281250001 0.42486187812500004 0.7937131625 0.4254143640625 0.7868369359375 0.42983425468750003 0.7868369359375 0.435359115625 0.7927308453124999 0.4403314921875 0.84675835 0.44143646406250003 0.8673870328125 0.44585635312500005 0.8762278984374999 0.44585635312500005 0.88605108125 0.4375690609375 0.88408644375 0.42983425468750003 0.872298625 0.4254143640625
1 1 0.4245856359375 0.9980353640624999 0.4243093921875 0.992796659375 0.4243093921875 0.9666011781250001 0.4243093921875 0.9577603140625 0.42928176718750005 0.9577603140625 0.44309392187499996 0.9675834968749999 0.4524861875 0.974459725 0.4546961328125 1 0.45423275625 1 0.4245856359375
1 0.4567779953125 0.432596684375 0.441060903125 0.42928176718750005 0.4390962671875 0.42928176718750005 0.3939096265625 0.43204419843749997 0.3870333984375 0.44198895 0.3939096265625 0.45359116093749996 0.4076620828125 0.4574585640625 0.44793713124999995 0.44475138125 0.47053045156250006 0.443646409375 0.47838899843749993 0.440883978125 0.479371315625 0.4375690609375 0.474459725 0.4337016578125 0.4567779953125 0.432596684375
1 0.377210215625 0.43204419843749997 0.3703339875 0.4309392265625 0.3614931234375 0.4309392265625 0.3418467578125 0.4314917125 0.3359528484375 0.43314917187499996 0.3310412578125 0.4375690609375 0.3300589390625 0.454143646875 0.3379174859375 0.4613259671875 0.372298625 0.46187845312500003 0.383104125 0.4585635359375 0.3870333984375 0.4519337015625 0.383104125 0.4375690609375 0.377210215625 0.43204419843749997
1 0.326129665625 0.44309392187499996 0.3231827109375 0.4364640890625 0.313359528125 0.4314917125 0.30746561875 0.4314917125 0.277013753125 0.432596684375 0.26915520625 0.4375690609375 0.2662082515625 0.4519337015625 0.274066796875 0.4613259671875 0.2829076625 0.462983425 0.30550098281250004 0.462983425 0.314341846875 0.4624309390625 0.321218075 0.45966850781249996 0.326129665625 0.45359116093749996 0.326129665625 0.44309392187499996
1 0.261296659375 0.43977900625000005 0.25834970468749996 0.43591160156250003 0.2465618859375 0.43204419843749997 0.2455795671875 0.43204419843749997 0.2161100203125 0.43314917187499996 0.2062868375 0.4364640890625 0.2023575640625 0.44198895 0.2013752453125 0.45082872968750004 0.2092337921875 0.46187845312500003 0.219056975 0.4640883984375 0.248526521875 0.4635359109375 0.2593320234375 0.45966850781249996 0.263261296875 0.451381215625 0.261296659375 0.43977900625000005
1 0.198428290625 0.44309392187499996 0.1944990171875 0.437016575 0.1827111984375 0.432596684375 0.167976425 0.432596684375 0.16699410625 0.432596684375 0.1512770140625 0.4337016578125 0.1444007859375 0.4364640890625 0.1404715125 0.44143646406250003 0.13948919375 0.45524861874999994 0.1434184671875 0.46187845312500003 0.1502946953125 0.46464088437499995 0.184675834375 0.46464088437499995 0.1944990171875 0.46077348125000006 0.197445971875 0.456906078125 0.198428290625 0.44309392187499996
1 0.1306483296875 0.437016575 0.12475442031249999 0.43480662968750006 0.10412573750000001 0.4337016578125 0.0982318265625 0.4337016578125 0.084479371875 0.435359115625 0.07760314375 0.440883978125 0.076620825 0.45966850781249996 0.084479371875 0.46464088437499995 0.0933202359375 0.46574585625 0.12475442031249999 0.46464088437499995 0.1306483296875 0.4624309390625 0.134577603125 0.456906078125 0.134577603125 0.44198895 0.1306483296875 0.437016575
1 0.06483300625 0.4364640890625 0.053045185937499996 0.43425414375000004 0.044204321875 0.43425414375000004 0.0225933203125 0.435359115625 0.0127701375 0.44198895 0.0127701375 0.4585635359375 0.017681728125 0.4640883984375 0.025540275 0.46629834218750005 0.0599214140625 0.46574585625 0.069744596875 0.4613259671875 0.0726915515625 0.44861878437499997 0.069744596875 0.43977900625000005 0.06483300625 0.4364640890625
0 0.5147347734375 0.42762430937499996 0.504911590625 0.42872928125 0.49803536406250004 0.43314917187499996 0.5 0.440883978125 0.507858546875 0.443646409375 0.56286836875 0.443646409375 0.5736738703125 0.43977900625000005 0.5746561890625 0.43425414375000004 0.5677799609374999 0.42872928125 0.5166994109374999 0.42762430937499996 0.5147347734375 0.42762430937499996
0 0.7730844796875 0.4254143640625 0.7426326125 0.4254143640625 0.7374754421875 0.4254143640625 0.7220039296875 0.4254143640625 0.710216109375 0.42817679531249997 0.70530451875 0.43314917187499996 0.7072691546875001 0.438121546875 0.7161100203124999 0.44143646406250003 0.7288801578124999 0.44198895 0.7662082515625 0.44143646406250003 0.777013753125 0.43922651874999996 0.780943025 0.43204419843749997 0.7730844796875 0.4254143640625
0 0.9459724953125 0.4270718234375 0.9390962671875001 0.42486187812500004 0.9145383109375 0.42486187812500004 0.9125736734375 0.42486187812500004 0.89685658125 0.42817679531249997 0.891944990625 0.43425414375000004 0.8929273078125 0.443646409375 0.9047151281250001 0.44861878437499997 0.9135559921875 0.44861878437499997 0.9390962671875001 0.44419889531249995 0.94793713125 0.43977900625000005 0.94990176875 0.4364640890625 0.94990176875 0.42928176718750005 0.9459724953125 0.4270718234375
0 0.47642436093749996 0.1082872921875 0.47347740624999995 0.1 0.4715127703125 0.1 0.46561886093749993 0.1044198890625 0.45776031406250006 0.10607734843750001 0.44891945 0.106629834375 0.4332023578125 0.10386740312500001 0.428290765625 0.1088397796875 0.429273084375 0.11325966875 0.4390962671875 0.11602209999999999 0.469548134375 0.11602209999999999 0.47544204375000004 0.11215469687499999 0.47642436093749996 0.1082872921875
0 0.469548134375 0.120994475 0.4616895875 0.11988950312499999 0.4562868375 0.11988950312499999 0.44007858593750004 0.11988950312499999 0.428290765625 0.12375690624999999 0.4263261296875 0.13425414375 0.43222003906250006 0.14198895 0.4390962671875 0.143646409375 0.46365422343749996 0.143093921875 0.47053045156250006 0.140883978125 0.474459725 0.135359115625 0.47544204375000004 0.1265193375 0.469548134375 0.120994475
0 0.4525216109375 0.1464088390625 0.44007858593750004 0.1464088390625 0.430255403125 0.151381215625 0.430255403125 0.1685082875 0.4390962671875 0.1745856359375 0.468565815625 0.1745856359375 0.4715127703125 0.17127071875 0.47249508906250004 0.151381215625 0.47053045156250006 0.1491712703125 0.4587426328125 0.1464088390625 0.4525216109375 0.1464088390625
0 0.46070726874999995 0.177348065625 0.45514047187499995 0.177348065625 0.4390962671875 0.1784530390625 0.4332023578125 0.1845303875 0.43418467656250004 0.2022099453125 0.441060903125 0.2082872921875 0.44891945 0.2099447515625 0.4646365421875 0.20773480625000001 0.47053045156250006 0.2005524859375 0.4715127703125 0.182872928125 0.469548134375 0.180110496875 0.46070726874999995 0.177348065625
0 0.4587426328125 0.21381215468749998 0.45088408593749996 0.214364640625 0.44990176875000004 0.21381215468749998 0.443025540625 0.21546961250000002 0.4390962671875 0.21933701718749998 0.44007858593750004 0.2403314921875 0.44695481406250004 0.24972375625 0.4587426328125 0.25027624375 0.46561886093749993 0.2480662984375 0.467583496875 0.2453038671875 0.469548134375 0.22265193437500003 0.46561886093749993 0.21546961250000002 0.4587426328125 0.21381215468749998
0 0.4567779953125 0.254143646875 0.44499017656250006 0.2558011046875 0.442043221875 0.26022099375 0.443025540625 0.29005524843749997 0.45088408593749996 0.29613259687500004 0.46561886093749993 0.2944751375 0.469548134375 0.28674033125 0.469548134375 0.2640883984375 0.466601178125 0.25635359062499996 0.46267190625000004 0.254143646875 0.4567779953125 0.254143646875
0 0.46070726874999995 0.30110497187499996 0.453831040625 0.30110497187499996 0.44891945 0.3022099453125 0.443025540625 0.30718232031250003 0.4440078578125 0.3359116015625 0.44793713124999995 0.33977900625 0.453831040625 0.3414364640625 0.46561886093749993 0.3403314921875 0.4715127703125 0.33314917187500004 0.4715127703125 0.309392265625 0.467583496875 0.303867403125 0.46070726874999995 0.30110497187499996
0 0.4587426328125 0.34585635312499996 0.454813359375 0.34585635312499996 0.44499017656250006 0.35027624375 0.4440078578125 0.37127071875 0.44695481406250004 0.38287292812499996 0.45088408593749996 0.3861878453125 0.4567779953125 0.38729281718749997 0.468565815625 0.38563535937500004 0.47347740624999995 0.380110496875 0.47249508906250004 0.351381215625 0.467583496875 0.3475138125 0.4587426328125 0.34585635312499996
0 0.44793713124999995 0.3944751375 0.44499017656250006 0.4 0.44695481406250004 0.4254143640625 0.4587426328125 0.43038674062500004 0.474459725 0.4309392265625 0.474459725 0.4005524859375 0.4715127703125 0.3944751375 0.46365422343749996 0.3917127078125 0.454813359375 0.3917127078125 0.44793713124999995 0.3944751375