0 0.4676806078125 0.41818181875000004 0.46292775625000004 0.41818181875000004 0.4524714828125 0.42352941250000004 0.453422053125 0.4433155078125 0.4676806078125 0.45240641718749997 0.4876425859375 0.45240641718749997 0.494296578125 0.4486631015625 0.49524714843749995 0.4433155078125 0.49239543750000003 0.4401069515625 0.48098859374999997 0.4352941171875 0.47623574218750003 0.42032085625000004 0.4676806078125 0.41818181875000004
0 0.47053231875 0.3748663109375 0.464828896875 0.3743315515625 0.4600760453125 0.3743315515625 0.45532319374999997 0.37540106875 0.45057034218750003 0.37967914375 0.45057034218750003 0.40695187187500004 0.45532319374999997 0.413368984375 0.4667300375 0.41497326250000005 0.4743346 0.413368984375 0.47718631250000004 0.4106951875 0.479087453125 0.397326203125 0.47718631250000004 0.37914438437500003 0.47053231875 0.3748663109375
0 0.4667300375 0.3294117640625 0.4657794671875 0.3294117640625 0.45437262343749996 0.3304812828125 0.44866920156249995 0.3358288765625 0.449619771875 0.3631016046875 0.4524714828125 0.3673796796875 0.4600760453125 0.3705882359375 0.47053231875 0.36951871718749996 0.47623574218750003 0.3641711234375 0.47623574218750003 0.3374331546875 0.4743346 0.3336898390625 0.4667300375 0.3294117640625
0 0.46292775625000004 0.2406417109375 0.45532319374999997 0.2406417109375 0.44866920156249995 0.24278074843750003 0.4448669203125 0.2475935828125 0.445817490625 0.27272727343750003 0.4524714828125 0.27967914375 0.46102661562499997 0.2807486625 0.47053231875 0.27754010625 0.4733840296875 0.2716577546875 0.47243345937500003 0.2459893046875 0.47053231875 0.2433155078125 0.46292775625000004 0.2406417109375
0 0.4714828890625 0.28716577499999996 0.46387832656250005 0.2850267375 0.4581749046875 0.2850267375 0.4524714828125 0.28609625625 0.44866920156249995 0.2893048125 0.4467680609375 0.30053475937499996 0.44866920156249995 0.31978609687500004 0.45152091250000004 0.322994653125 0.459125475 0.3256684484375 0.47053231875 0.3235294125 0.47528517187499997 0.314438503125 0.4733840296875 0.29037433125 0.4714828890625 0.28716577499999996
0 0.453422053125 0.20481283437500003 0.4448669203125 0.20588235312499997 0.4410646390625 0.20962566875 0.4410646390625 0.2272727265625 0.449619771875 0.23689839531249998 0.46292775625000004 0.2374331546875 0.4733840296875 0.2310160421875 0.47528517187499997 0.2106951875 0.4714828890625 0.20588235312499997 0.4581749046875 0.20481283437500003 0.453422053125 0.20481283437500003
0 0.46292775625000004 0.1449197859375 0.4581749046875 0.1449197859375 0.4410646390625 0.1459893046875 0.43250950625 0.15026737968749998 0.43250950625 0.1614973265625 0.4391634984375 0.1695187171875 0.47053231875 0.1700534765625 0.4743346 0.1684491984375 0.4800380234375 0.1588235296875 0.479087453125 0.15026737968749998 0.47243345937500003 0.14652406406250001 0.46292775625000004 0.1449197859375
0 0.46387832656250005 0.1721925140625 0.4581749046875 0.1721925140625 0.4467680609375 0.1721925140625 0.4353612171875 0.178074865625 0.434410646875 0.186631015625 0.4372623578125 0.19465240625 0.4467680609375 0.2021390375 0.47053231875 0.20160427812499998 0.47623574218750003 0.19572192500000002 0.47718631250000004 0.177005346875 0.4733840296875 0.1737967921875 0.46387832656250005 0.1721925140625
0 0.44296577968750006 0.1283422453125 0.4315589359375 0.13101604218750001 0.42965779531250003 0.13475935781249998 0.43346007656249996 0.1417112296875 0.4619771859375 0.1427807484375 0.4733840296875 0.1417112296875 0.4781368828125 0.1390374328125 0.4800380234375 0.13101604218750001 0.47623574218750003 0.1283422453125 0.44391635 0.1283422453125 0.44296577968750006 0.1283422453125
0 0.6872623578125 0.43582887656249997 0.6815589359375 0.43582887656249997 0.6777566546875 0.43582887656249997 0.6311787078125 0.4374331546875 0.6245247140625 0.44117647031249996 0.6245247140625 0.4459893046875 0.6311787078125 0.4508021390625 0.6378326999999999 0.4518716578125 0.680608365625 0.4513368984375 0.6939163500000001 0.44973262031249994 0.69771863125 0.4454545453125 0.6967680609375 0.43957219218750004 0.6872623578125 0.43582887656249997
0 0.867598859375 0.4347593578125 0.8374524718749999 0.4347593578125 0.829847909375 0.4374331546875 0.8288973390625 0.44491978593750003 0.8346007609375 0.44919786093749997 0.8754752859374999 0.4593582890625 0.882129278125 0.45614973281250004 0.8830798484375 0.4401069515625 0.8792775671875 0.43582887656249997 0.8726235734375001 0.4347593578125 0.867598859375 0.4347593578125
0 1 0.4352941171875 0.9914448671875 0.43368983906249997 0.98859315625 0.43368983906249997 0.982889734375 0.4347593578125 0.9733840296875 0.4406417109375 0.9667300375 0.45240641718749997 0.9676806078125001 0.4598930484375 0.9781368828125 0.46363636406250003 1 0.4626902515625 1 0.4352941171875
1 0.434410646875 0.43957219218750004 0.4211026609375 0.4417112296875 0.41634980937500005 0.4459893046875 0.41634980937500005 0.45294117656250005 0.423954371875 0.4588235296875 0.43631178750000005 0.4588235296875 0.44771863125 0.4556149734375 0.4524714828125 0.45240641718749997 0.4524714828125 0.4470588234375 0.44296577968750006 0.43957219218750004 0.434410646875 0.43957219218750004
1 0.40209125468750007 0.4417112296875 0.393536121875 0.4406417109375 0.388307984375 0.4406417109375 0.364068440625 0.44117647031249996 0.3545627375 0.4459893046875 0.352661596875 0.4604278078125 0.360266159375 0.46951871718750005 0.3944866921875 0.4700534765625 0.403041825 0.4684491984375 0.41064638750000004 0.46363636406250003 0.41349809843749996 0.4534759359375 0.40969581718750003 0.4465240640625 0.40209125468750007 0.4417112296875
1 0.348859315625 0.4508021390625 0.34695817500000004 0.4459893046875 0.3384030421875 0.44117647031249996 0.3326996203125 0.44117647031249996 0.30228136875 0.4417112296875 0.29467680625 0.4454545453125 0.2918250953125 0.4598930484375 0.2937262359375 0.46577540156249997 0.300380228125 0.4705882359375 0.323193915625 0.47165775468750004 0.3384030421875 0.4705882359375 0.3441064640625 0.4684491984375 0.348859315625 0.46149732656250003 0.348859315625 0.4508021390625
1 0.2842205328125 0.4454545453125 0.2756654 0.4417112296875 0.2701996203125 0.4417112296875 0.24049429687499999 0.44278074843750004 0.232889734375 0.4470588234375 0.2300380234375 0.4604278078125 0.2338403046875 0.4673796796875 0.2395437265625 0.47112299531249996 0.2756654 0.47165775468750004 0.2842205328125 0.4684491984375 0.28802281406249997 0.4641711234375 0.28707224375 0.44919786093749997 0.2842205328125 0.4454545453125
1 0.2262357421875 0.4518716578125 0.22338402968749999 0.4465240640625 0.2138783265625 0.4422459890625 0.20836501875 0.4422459890625 0.1815589359375 0.44278074843750004 0.1730038015625 0.4470588234375 0.1692015203125 0.46149732656250003 0.17205323125 0.4684491984375 0.176806084375 0.47165775468750004 0.18346007656250002 0.4732620328125 0.2138783265625 0.4727272734375 0.22338402968749999 0.4689839578125 0.2271863125 0.46363636406250003 0.2262357421875 0.4518716578125
1 0.1653992390625 0.4540106953125 0.162547528125 0.4470588234375 0.1501901140625 0.44278074843750004 0.1349809890625 0.4433155078125 0.13403041875 0.44278074843750004 0.12262357343750001 0.4433155078125 0.11311787031250001 0.4465240640625 0.10836501875 0.4556149734375 0.10931558906250001 0.4689839578125 0.11596958125000001 0.4727272734375 0.12262357343750001 0.4737967921875 0.1558935359375 0.4727272734375 0.1615969578125 0.4705882359375 0.16444866875 0.46631016093750005 0.1653992390625 0.4540106953125
1 0.10361216718749999 0.4508021390625 0.0979087453125 0.4454545453125 0.0884030421875 0.4438502671875 0.0826996203125 0.4438502671875 0.0608365015625 0.44438502656249995 0.0494296578125 0.4502673796875 0.0475285171875 0.46631016093750005 0.055133079687499996 0.4732620328125 0.061787071875 0.47486631093750004 0.087452471875 0.47433155156250006 0.0979087453125 0.4727272734375 0.1017110265625 0.4700534765625 0.10551330781249998 0.4556149734375 0.10361216718749999 0.4508021390625
1 0.001901140625 0.475935828125 0.02946768125 0.47540106875 0.040874525 0.47112299531249996 0.0437262359375 0.4518716578125 0.03707224375 0.4465240640625 0.027566540625000004 0.44491978593750003 0.0218631171875 0.44491978593750003 0 0.4459893046875 0.001901140625 0.475935828125
1 0.55988593125 0.4374331546875 0.5589353609375001 0.4368983953125 0.5057034218750001 0.4385026734375 0.5009505703125 0.4417112296875 0.501901140625 0.4502673796875 0.5057034218750001 0.45240641718749997 0.58555133125 0.45240641718749997 0.5998098859375001 0.4518716578125 0.6074144484375 0.4470588234375 0.6074144484375 0.44278074843750004 0.5998098859375001 0.4385026734375 0.55988593125 0.4374331546875
1 0.7994296578125 0.4352941171875 0.7281368828125 0.4347593578125 0.7271863125 0.4347593578125 0.7119771859374999 0.4352941171875 0.7043726234375 0.4385026734375 0.7024714828125 0.4438502671875 0.70532319375 0.4486631015625 0.7138783265625 0.4508021390625 0.792775665625 0.4502673796875 0.800380228125 0.44973262031249994 0.8089353609375 0.44438502656249995 0.8079847906250001 0.43903743281249996 0.7994296578125 0.4352941171875
1 0.95532319375 0.45454545468749996 0.9619771859374999 0.4486631015625 0.9619771859374999 0.43957219218750004 0.9524714828124999 0.4347593578125 0.9391634984375001 0.43368983906249997 0.9353612171875 0.43368983906249997 0.9039923953125 0.4347593578125 0.89163498125 0.4374331546875 0.8868821296875 0.44491978593750003 0.889733840625 0.4556149734375 0.8944866921875001 0.45775401093749996 0.9058935359375001 0.45775401093749996 0.9277566546875 0.45454545468749996 0.94391635 0.45454545468749996 0.9467680609375 0.45614973281250004 0.95532319375 0.45454545468749996