0 0.44067796562500006 0.43174603125 0.4585687375 0.43068783125000004 0.4661016953125 0.42698412656249995 0.46233521718750004 0.3978835984375 0.4491525421875 0.3947089953125 0.44161958593749995 0.396296296875 0.43691148750000003 0.4015873015625 0.43691148750000003 0.43015872968749996 0.44067796562500006 0.43174603125
0 0.4491525421875 0.39153439218749997 0.45762711874999995 0.390476190625 0.46421845624999997 0.3830687828125 0.461393596875 0.3544973546875 0.4491525421875 0.3507936515625 0.44067796562500006 0.352380953125 0.43691148750000003 0.35608465625 0.43879472656249996 0.3878306875 0.4491525421875 0.39153439218749997
0 0.42749529218750004 0.152910053125 0.45668549843750006 0.152910053125 0.46421845624999997 0.14867724843750002 0.465160075 0.1359788359375 0.45291902031250003 0.13068783125 0.43596986875 0.13068783125 0.419020715625 0.13703703750000001 0.419020715625 0.14708994687500002 0.42749529218750004 0.152910053125
0 0.4209039546875 0.1624338625 0.42184557500000003 0.175661375 0.42843691093749997 0.18201058125 0.4500941625 0.1825396828125 0.46045197812499994 0.17989417968750002 0.46421845624999997 0.171957671875 0.46045197812499994 0.1582010578125 0.44821092343749996 0.15555555625 0.433145009375 0.15555555625 0.42561205312499995 0.1576719578125 0.4209039546875 0.1624338625
0 0.43785310781250003 0.215873015625 0.4557438796875 0.21375661406250002 0.46233521718750004 0.2042328046875 0.46045197812499994 0.1888888890625 0.4519774015625 0.1857142859375 0.4340866296875 0.1857142859375 0.42561205312499995 0.19153439218749999 0.426553671875 0.21111111093749999 0.43785310781250003 0.215873015625
0 0.439736346875 0.25661375625 0.4491525421875 0.2571428578125 0.4585687375 0.2507936515625 0.4585687375 0.2238095234375 0.4500941625 0.21904761874999998 0.439736346875 0.21904761874999998 0.4322033890625 0.22275132343749998 0.4322033890625 0.25026455 0.439736346875 0.25661375625
0 0.4340866296875 0.2947089953125 0.44067796562500006 0.3005291 0.45291902031250003 0.3005291 0.46045197812499994 0.2920634921875 0.45951035781250005 0.26878306875 0.45291902031250003 0.2619047625 0.43691148750000003 0.2634920640625 0.4340866296875 0.2666666671875 0.4340866296875 0.2947089953125
0 0.4350282484375 0.3396825390625 0.44067796562500006 0.34550264531249997 0.4491525421875 0.347089946875 0.4557438796875 0.34550264531249997 0.461393596875 0.340740740625 0.461393596875 0.31269841249999997 0.453860640625 0.30582010625 0.44161958593749995 0.30582010625 0.43596986875 0.309523809375 0.4350282484375 0.3396825390625
0 0.45951035781250005 0.125396825 0.46421845624999997 0.121164021875 0.46045197812499994 0.1148148140625 0.4209039546875 0.11798941874999999 0.41807909531250004 0.12010582031249999 0.4171374765625 0.125396825 0.42749529218750004 0.128042328125 0.45951035781250005 0.125396825
1 0 0.4620370375 0.0028248593749999997 0.4640211640625 0.012241054687499999 0.465608465625 0.046139359375 0.4624338625 0.050847457812499997 0.45661375625 0.0517890765625 0.44338624375 0.0442561203125 0.4359788359375 0.0056497171875 0.43492063437499995 0 0.4383838390625 0 0.4620370375
1 0.060263653125000004 0.4359788359375 0.055555556250000006 0.44179894218750004 0.055555556250000006 0.4544973546875 0.0612052734375 0.4624338625 0.09227871875 0.4640211640625 0.102636534375 0.46296296249999996 0.10922787187500001 0.459259259375 0.11205273125 0.44444444375 0.10357815468750001 0.43492063437499995 0.095103578125 0.43333333281249997 0.0677966109375 0.43386243437500005 0.060263653125000004 0.4359788359375
1 0.11864406718750001 0.4370370375 0.11581920937500001 0.44179894218750004 0.11581920937500001 0.45661375625 0.123352165625 0.4624338625 0.1525423734375 0.46349206406250004 0.1676082859375 0.4608465609375 0.17231638437500002 0.453439153125 0.17231638437500002 0.44391534374999997 0.1638418078125 0.434391534375 0.15536723125000002 0.4322751328125 0.1290018828125 0.4328042328125 0.11864406718750001 0.4370370375
1 0.1770244828125 0.440211640625 0.1770244828125 0.45555555625000005 0.1854990578125 0.4619047625 0.2165725046875 0.4624338625 0.22881355937499998 0.45873015937500006 0.2325800375 0.453439153125 0.2325800375 0.440740740625 0.2306967984375 0.4370370375 0.222222221875 0.4328042328125 0.186440678125 0.4328042328125 0.1770244828125 0.440211640625
1 0.24482109218749998 0.46031746093750003 0.278719396875 0.4613756609375 0.2900188328125 0.45767195781250003 0.292843690625 0.440211640625 0.284369115625 0.4322751328125 0.2485875703125 0.4322751328125 0.2382297546875 0.43862433906250003 0.2372881359375 0.45238095312500004 0.24482109218749998 0.46031746093750003
1 0.3079096046875 0.46031746093750003 0.3436911484375 0.46031746093750003 0.354990584375 0.4544973546875 0.354990584375 0.4396825390625 0.3474576265625 0.4322751328125 0.306967984375 0.43174603125 0.2975517890625 0.4396825390625 0.298493409375 0.4539682546875 0.3079096046875 0.46031746093750003
1 0.35969868125 0.452910053125 0.37005649687500003 0.45978835937499996 0.3992467046875 0.4571428578125 0.41807909531250004 0.44920634843749996 0.42184557500000003 0.44391534374999997 0.4209039546875 0.4359788359375 0.40772128125 0.43015872968749996 0.369114878125 0.43121693125 0.35969868125 0.4370370375 0.35969868125 0.452910053125
1 0.43785310781250003 0.4423280421875 0.5367231640625 0.4423280421875 0.5442561203125 0.43862433906250003 0.5442561203125 0.4328042328125 0.5329566859375 0.4291005296875 0.4698681734375 0.4291005296875 0.4340866296875 0.4375661375 0.433145009375 0.44126984062499996 0.43785310781250003 0.4423280421875
1 0.6393596984375 0.43015872968749996 0.6393596984375 0.4375661375 0.6497175140625 0.44126984062499996 0.7278719390624999 0.440211640625 0.736346515625 0.4391534390625 0.742937853125 0.4354497359375 0.7419962328125 0.4296296296875 0.728813559375 0.42592592656250006 0.6525423734375 0.42592592656250006 0.644067796875 0.42698412656249995 0.6393596984375 0.43015872968749996
1 0.83804143125 0.43333333281249997 0.83804143125 0.44285714218749994 0.8474576265625 0.447089946875 0.8653484 0.45079365156250006 0.898305084375 0.4449735453125 0.9105461390625 0.4391534390625 0.9124293781249999 0.434391534375 0.9086629 0.428042328125 0.89453860625 0.42486772500000003 0.8465160078125 0.425396825 0.83804143125 0.43333333281249997
1 0.9717514125 0.452910053125 0.9905838046875 0.453439153125 0.9952919015624999 0.4513227515625 0.997175140625 0.44444444375 0.989642184375 0.434391534375 0.9811676078125 0.4328042328125 0.9708097921875 0.4391534390625 0.967984934375 0.45026455 0.9717514125 0.452910053125
0 0.5621468921874999 0.43862433906250003 0.5715630890625001 0.4423280421875 0.6186440671875 0.44179894218750004 0.630885121875 0.4396825390625 0.6327683609375 0.4375661375 0.6318267421875 0.4296296296875 0.6252354046875 0.42751322812500003 0.5913371 0.4264550265625 0.5612052734375 0.4296296296875 0.5621468921874999 0.43862433906250003
0 0.806026365625 0.424338625 0.7702448203125 0.425396825 0.7627118640624999 0.4296296296875 0.764595103125 0.4370370375 0.771186440625 0.4396825390625 0.827683615625 0.4396825390625 0.8323917140624999 0.4359788359375 0.8333333328125001 0.4296296296875 0.830508475 0.4264550265625 0.8069679843750001 0.424338625 0.806026365625 0.424338625
0 0.95762711875 0.4238095234375 0.9519774015625 0.4238095234375 0.9350282484375001 0.42486772500000003 0.92937853125 0.428042328125 0.926553671875 0.4328042328125 0.9274952921875 0.4423280421875 0.943502825 0.45185185156249996 0.95762711875 0.45026455 0.9632768359374999 0.44603174531249995 0.9708097921875 0.434391534375 0.9698681734375001 0.42698412656249995 0.95762711875 0.4238095234375
0 1 0.4264550265625 0.996233521875 0.428571428125 0.996233521875 0.4354497359375 1 0.441164021875 1 0.4264550265625