1 0.504835590625 0.42608695625 0.503868471875 0.425543478125 0.487427465625 0.42608695625 0.4816247578125 0.4336956515625 0.4816247578125 0.436956521875 0.487427465625 0.4413043484375 0.5773694390624999 0.4407608703125 0.637942940625 0.43937554375000004 0.646052225 0.4313092390625 0.6398143140625 0.42569782656250005 0.5773694390624999 0.42608695625 0.504835590625 0.42608695625
0 0.6740812375 0.42391304375 0.662475821875 0.424456521875 0.6528046421875 0.4271739125 0.6508704062499999 0.4326086953125 0.65860735 0.4396739125 0.7166344296875 0.439130434375 0.725338490625 0.435869565625 0.725338490625 0.42771739062499997 0.7166344296875 0.42391304375 0.67504835625 0.42391304375 0.6740812375 0.42391304375
0 0.4294003875 0.13315217343750002 0.43133462343750006 0.13641304375000002 0.47098646093749996 0.13423912968750001 0.47872340468749996 0.13641304375000002 0.479690521875 0.1173913046875 0.4632495171875 0.113043478125 0.45551257187500005 0.113043478125 0.4342359765625 0.1179347828125 0.4294003875 0.13315217343750002
0 0.4613152796875 0.13695652187500001 0.4550290140625 0.13695652187500001 0.440038684375 0.13858695625 0.4342359765625 0.1418478265625 0.432301740625 0.1461956515625 0.43713733125000004 0.159782609375 0.44584139218749996 0.163043478125 0.47098646093749996 0.161956521875 0.47678916875 0.1586956515625 0.47872340468749996 0.1423913046875 0.4700193421875 0.1375 0.4613152796875 0.13695652187500001
0 0.4468085109375 0.16521739062500002 0.440038684375 0.16793478281250002 0.43713733125000004 0.1717391296875 0.43810444843749996 0.18858695625 0.44584139218749996 0.19565217343750002 0.46808510625000005 0.19565217343750002 0.47678916875 0.189130434375 0.47678916875 0.1695652171875 0.46808510625000005 0.1657608703125 0.44777562812499994 0.1657608703125 0.4468085109375 0.16521739062500002
0 0.4661508703125 0.2 0.4609932296875 0.2 0.4468085109375 0.20108695625 0.44197292031249996 0.20706521718749998 0.44390715625 0.225543478125 0.448742746875 0.2326086953125 0.45454545468749996 0.2353260875 0.46808510625000005 0.2342391296875 0.472920696875 0.22989130468750002 0.47485493281249996 0.2059782609375 0.472920696875 0.202717390625 0.4661508703125 0.2
0 0.46421663437499994 0.24021739062499997 0.45938104375 0.24021739062499997 0.4497098640625 0.2423913046875 0.4468085109375 0.25 0.44777562812499994 0.27336956562500003 0.4506769828125 0.2782608703125 0.4574468078125 0.2809782609375 0.47098646093749996 0.2788043484375 0.47485493281249996 0.2706521734375 0.4738878140625 0.248369565625 0.47098646093749996 0.2429347828125 0.46421663437499994 0.24021739062499997
0 0.465183753125 0.2853260875 0.45938104375 0.2853260875 0.4497098640625 0.28858695624999997 0.44777562812499994 0.299456521875 0.4497098640625 0.32119565156249996 0.45454545468749996 0.325 0.4613152796875 0.326630434375 0.47098646093749996 0.324456521875 0.47582205 0.3190217390625 0.47582205 0.2929347828125 0.472920696875 0.288043478125 0.465183753125 0.2853260875
0 0.472920696875 0.3320652171875 0.465183753125 0.3304347828125 0.4632495171875 0.3304347828125 0.45551257187500005 0.3315217390625 0.4497098640625 0.336956521875 0.4506769828125 0.36576087031250004 0.45454545468749996 0.3706521734375 0.4632495171875 0.3728260875 0.47195357812500005 0.3711956515625 0.47582205 0.3684782609375 0.47872340468749996 0.359782609375 0.47678916875 0.33586956562500003 0.472920696875 0.3320652171875
0 0.47485493281249996 0.3782608703125 0.4661508703125 0.376630434375 0.4603481625 0.376630434375 0.45454545468749996 0.377717390625 0.4506769828125 0.38260869531249997 0.4506769828125 0.40815217343750004 0.45149032812499995 0.4321896734375 0.468052225 0.4383967390625 0.4805996125 0.4304967390625 0.48065764062499994 0.41141304375 0.48065764062499994 0.399456521875 0.47872340468749996 0.3820652171875 0.47485493281249996 0.3782608703125
0 0.8816895546874999 0.4228260875 0.869439071875 0.4228260875 0.861702128125 0.426630434375 0.8597678921874999 0.440217390625 0.8762088968749999 0.44728260937500003 0.8916827859374999 0.449456521875 0.9052224375 0.44456521718750003 0.9081237906249999 0.434782609375 0.90425531875 0.42608695625 0.8878143140624999 0.4228260875 0.8816895546874999 0.4228260875
1 0.774661509375 0.4228260875 0.769052225 0.4228260875 0.7369439078125 0.42391304375 0.7321083171875 0.426630434375 0.7321083171875 0.4353260875 0.7398452609375 0.43858695625 0.8056092843749999 0.43858695625 0.8326885875000001 0.4375 0.8394584140625 0.4336956515625 0.8394584140625 0.4271739125 0.8297872343750001 0.423369565625 0.774661509375 0.4228260875
1 0.9864603484375 0.4375 0.9854932296875001 0.426630434375 0.9748549328125 0.4228260875 0.9458413921875 0.42173912968750005 0.9439071562500001 0.42173912968750005 0.9226305609375001 0.422282609375 0.91295938125 0.42608695625 0.9110251453125 0.4331521734375 0.9168278531249999 0.4407608703125 0.9235976796875001 0.4434782609375 0.9458413921875 0.4429347828125 0.9603481625000001 0.4467391296875 0.9748549328125 0.44728260937500003 0.9816247578124999 0.4456521734375 0.9864603484375 0.4375
1 0.04738878125 0.4326086953125 0.0419729203125 0.4326086953125 0.020309478125 0.4326086953125 0.0058027078125 0.4375 0.003868471875 0.45597826093749994 0.0067698265625 0.46141304375000003 0.012572534375 0.46358695625 0.0483559 0.463043478125 0.058994196875 0.45978260937500004 0.059961315625 0.440217390625 0.0570599609375 0.43641304375 0.04738878125 0.4326086953125
1 0.122823984375 0.438043478125 0.1131528046875 0.4320652171875 0.09961315312499999 0.4315217390625 0.0938104453125 0.4315217390625 0.07156673125 0.4336956515625 0.0657640234375 0.4396739125 0.0638297875 0.451630434375 0.0657640234375 0.45706521718750004 0.07156673125 0.461956521875 0.1044487421875 0.463043478125 0.114119921875 0.461956521875 0.1218568671875 0.45760869531250004 0.12475822031249999 0.45326087031249995 0.122823984375 0.438043478125
1 0.18278529999999998 0.4342391296875 0.1731141203125 0.43097826093749997 0.16779497031249999 0.43097826093749997 0.1411992265625 0.4315217390625 0.131528046875 0.4353260875 0.127659575 0.4429347828125 0.127659575 0.4521739125 0.1344294 0.46086956562500003 0.1721470015625 0.461956521875 0.1837524171875 0.45815217343750003 0.18762088906250002 0.452717390625 0.186653771875 0.43858695625 0.18278529999999998 0.4342391296875
1 0.24951644062499997 0.45326087031249995 0.24951644062499997 0.43858695625 0.241779496875 0.4320652171875 0.23404255312500002 0.43043478281249997 0.22862669218749998 0.43043478281249997 0.2011605421875 0.43097826093749997 0.19439071562500002 0.4342391296875 0.19052224375 0.4413043484375 0.1914893609375 0.452717390625 0.1934235984375 0.45706521718750004 0.20019342343750002 0.46086956562500003 0.2292069625 0.46141304375000003 0.2398452609375 0.46032608750000004 0.24564796875 0.45760869531250004 0.24951644062499997 0.45326087031249995
1 0.3123791109375 0.4396739125 0.3085106390625 0.4331521734375 0.2998065765625 0.4298913046875 0.2941972921875 0.4298913046875 0.264990328125 0.43043478281249997 0.258220503125 0.4336956515625 0.25435203125 0.4396739125 0.25435203125 0.45 0.258220503125 0.45706521718750004 0.2630560921875 0.45978260937500004 0.2959381046875 0.46032608750000004 0.3075435203125 0.45706521718750004 0.3123791109375 0.45 0.3123791109375 0.4396739125
1 0.3742746609375 0.4521739125 0.37330754375 0.434782609375 0.368471953125 0.43097826093749997 0.361702128125 0.4293478265625 0.3565444875 0.4293478265625 0.3307543515625 0.4293478265625 0.3239845265625 0.43043478281249997 0.32011605468750004 0.4331521734375 0.31721469999999996 0.43858695625 0.31721469999999996 0.45108695625 0.322050290625 0.45706521718750004 0.3278529984375 0.45978260937500004 0.361702128125 0.4592391296875 0.3704061890625 0.45652173906250004 0.3742746609375 0.4521739125
1 0.448742746875 0.435869565625 0.44390715625 0.43043478281249997 0.43713733125000004 0.4282608703125 0.4294003875 0.4282608703125 0.42311412031250006 0.4282608703125 0.39361702187500003 0.4288043484375 0.3829787234375 0.4320652171875 0.3791102515625 0.4451086953125 0.3829787234375 0.45434782656249995 0.3878143140625 0.45760869531250004 0.40038684687500004 0.45869565156250003 0.41102514531249995 0.45652173906250004 0.43713733125000004 0.4478260875 0.4468085109375 0.4423913046875 0.448742746875 0.435869565625