0 0.591106290625 0.4658536578125 0.591106290625 0.4548780484375 0.5835141 0.45 0.5520607375 0.4512195125 0.5477223421875 0.44939024375000003 0.496746203125 0.44939024375000003 0.48698481562499996 0.447560975 0.47830802656250004 0.43902439062500004 0.466377440625 0.43841463437500006 0.4652928421875 0.437804878125 0.45770065000000004 0.4420731703125 0.45770065000000004 0.4463414640625 0.4696312359375 0.4548780484375 0.476138828125 0.46463414687500004 0.4826464203125 0.4676829265625 0.5260303687500001 0.46890243906249995 0.5520607375 0.4670731703125 0.570498915625 0.46890243906249995 0.5835141 0.46829268281249997 0.591106290625 0.4658536578125
0 0.47830802656250004 0.388414634375 0.4696312359375 0.386585365625 0.4642082421875 0.386585365625 0.45770065000000004 0.387804878125 0.45119305781249996 0.39329268281249996 0.45119305781249996 0.42317073125000004 0.455531453125 0.4310975609375 0.4652928421875 0.4341463421875 0.47396963124999997 0.4335365859375 0.481561821875 0.42987804843750005 0.48373101875 0.4201219515625 0.481561821875 0.3914634140625 0.47830802656250004 0.388414634375
0 0.46095444687500003 0.09817073125 0.43167028125 0.10060975624999999 0.42841648593750004 0.1042682921875 0.4305856828125 0.11524390312499999 0.43926247343749997 0.11829268281250001 0.476138828125 0.1164634140625 0.4826464203125 0.11097560937499999 0.4826464203125 0.10243902499999999 0.47830802656250004 0.0987804875 0.4620390453125 0.0987804875 0.46095444687500003 0.09817073125
0 0.45661605156249996 0.11951219531249999 0.455531453125 0.11951219531249999 0.43926247343749997 0.12134146406249999 0.43167028125 0.12621951250000002 0.4305856828125 0.14024390312499999 0.4381778734375 0.15 0.47180043437499997 0.15 0.4804772234375 0.1457317078125 0.48373101875 0.135365853125 0.481561821875 0.12439024375 0.47396963124999997 0.1207317078125 0.45661605156249996 0.11951219531249999
0 0.4674620390625 0.15304878125000002 0.46095444687500003 0.15304878125000002 0.444685465625 0.1536585359375 0.434924078125 0.15914634218749998 0.4338394796875 0.1664634140625 0.4381778734375 0.1804878046875 0.4468546640625 0.186585365625 0.47396963124999997 0.18414634218749998 0.479392625 0.1798780484375 0.481561821875 0.160975609375 0.47830802656250004 0.1560975609375 0.4674620390625 0.15304878125000002
0 0.476138828125 0.19207317031249999 0.4620390453125 0.189024390625 0.455531453125 0.189024390625 0.445770065625 0.19085365781250002 0.4414316703125 0.1945121953125 0.44034707187500005 0.21402439062499998 0.445770065625 0.22560975625 0.455531453125 0.22865853593750002 0.466377440625 0.22865853593750002 0.47505422968750005 0.22439024375 0.47722342656250005 0.2201219515625 0.479392625 0.19939024375 0.476138828125 0.19207317031249999
0 0.4652928421875 0.23353658593749999 0.4620390453125 0.23353658593749999 0.45227765781249996 0.234756096875 0.444685465625 0.2420731703125 0.4468546640625 0.2701219515625 0.450108459375 0.2762195125 0.45878525000000003 0.2792682921875 0.4674620390625 0.2786585359375 0.47722342656250005 0.2707317078125 0.476138828125 0.24024390312500002 0.47180043437499997 0.23536585312499997 0.4652928421875 0.23353658593749999
0 0.4652928421875 0.2841463421875 0.46312364375000004 0.2841463421875 0.450108459375 0.287804878125 0.4479392625 0.2932926828125 0.4490238609375 0.32317073125 0.4598698484375 0.3317073171875 0.466377440625 0.3317073171875 0.47722342656250005 0.32682926874999996 0.479392625 0.3201219515625 0.47830802656250004 0.2926829265625 0.47505422968750005 0.287804878125 0.4652928421875 0.2841463421875
0 0.4598698484375 0.33597560937500004 0.45444685468749996 0.337195121875 0.450108459375 0.3414634140625 0.450108459375 0.37256097499999996 0.455531453125 0.38109756093749997 0.4652928421875 0.3829268296875 0.476138828125 0.38109756093749997 0.481561821875 0.3676829265625 0.479392625 0.3414634140625 0.4696312359375 0.33597560937500004 0.4598698484375 0.33597560937500004
1 0.9707158343750001 0.46463414687500004 0.971800434375 0.4591463421875 0.9674620390625 0.45365853593749994 0.95878525 0.45 0.934924078125 0.447560975 0.9251626890625 0.447560975 0.89045553125 0.44939024375000003 0.8861171359375 0.44817073125 0.87960954375 0.45182926874999996 0.87960954375 0.460975609375 0.8882863343749999 0.465243903125 0.9121475046875 0.4695121953125 0.937093275 0.47743902499999996 0.9436008671874999 0.47743902499999996 0.9642082421874999 0.47134146406250005 0.9707158343750001 0.46463414687500004
1 0 0.4932926828125 0.0097613890625 0.4932926828125 0.0271149671875 0.489024390625 0.0314533625 0.4804878046875 0.029284165625000004 0.4658536578125 0.0227765734375 0.460365853125 0.013015184374999999 0.4585365859375 0.0119305859375 0.4579268296875 0 0.458184803125 0 0.4932926828125
1 0.10086767968749999 0.46463414687500004 0.0943600875 0.45975609687499996 0.08568329687500001 0.4573170734375 0.0794468546875 0.4573170734375 0.052060737499999996 0.4579268296875 0.04121475 0.460975609375 0.0347071578125 0.4695121953125 0.033622559375 0.47743902499999996 0.03687635625 0.486585365625 0.0433839484375 0.4914634140625 0.0878524953125 0.4920731703125 0.09869848125 0.48719512187499997 0.101952278125 0.48170731718750004 0.10086767968749999 0.46463414687500004
1 0.169197396875 0.46158536562499997 0.159436009375 0.4567073171875 0.146420825 0.45609756093750004 0.14316702812499998 0.45609756093750004 0.1182212578125 0.4579268296875 0.106290671875 0.4658536578125 0.107375271875 0.48536585312499997 0.1182212578125 0.4914634140625 0.1550976140625 0.4914634140625 0.1626898046875 0.490243903125 0.169197396875 0.48597560937499995 0.17245119375 0.4804878046875 0.17245119375 0.4676829265625 0.169197396875 0.46158536562499997
1 0.24295010781249998 0.47804878124999994 0.24295010781249998 0.4664634140625 0.2386117140625 0.460365853125 0.22451193125 0.45609756093750004 0.2180043390625 0.45609756093750004 0.189804771875 0.4567073171875 0.1811279828125 0.460365853125 0.1757049890625 0.4695121953125 0.1757049890625 0.47682926875 0.185466378125 0.489024390625 0.1984815625 0.4908536578125 0.2223427328125 0.490243903125 0.2310195234375 0.489634146875 0.237527115625 0.486585365625 0.24295010781249998 0.47804878124999994
1 0.3036876359375 0.4567073171875 0.2928416484375 0.4548780484375 0.28850325312499997 0.4548780484375 0.262472884375 0.45548780468750005 0.2494577 0.46219512187499995 0.2483731015625 0.4804878046875 0.2592190890625 0.489024390625 0.2928416484375 0.489634146875 0.304772234375 0.48719512187499997 0.3091106296875 0.4835365859375 0.312364425 0.47195121875 0.310195228125 0.46219512187499995 0.3036876359375 0.4567073171875
1 0.3655097609375 0.4542682921875 0.35791757031250004 0.4542682921875 0.330802603125 0.4548780484375 0.3188720171875 0.460365853125 0.31778741875 0.4804878046875 0.32754880625 0.48780487812500006 0.36876355781250003 0.48841463437500005 0.377440346875 0.48536585312499997 0.38177874218749996 0.47804878124999994 0.37960954375 0.46219512187499995 0.37418655156249997 0.4567073171875 0.3655097609375 0.4542682921875
1 0.4674620390625 0.45609756093750004 0.45878525000000003 0.452439025 0.4490238609375 0.452439025 0.445770065625 0.452439025 0.398047721875 0.4542682921875 0.3893709328125 0.4567073171875 0.3850325375 0.46158536562499997 0.3850325375 0.47134146406250005 0.3969631234375 0.4823170734375 0.4099783078125 0.4835365859375 0.45444685468749996 0.4695121953125 0.4696312359375 0.46829268281249997 0.47288503281249994 0.4664634140625 0.4674620390625 0.45609756093750004
0 0.8026030375 0.447560975 0.7874186546875 0.452439025 0.7874186546875 0.45975609687499996 0.7982646421874999 0.465243903125 0.854663775 0.465243903125 0.86984815625 0.46219512187499995 0.8709327546875001 0.452439025 0.8655097609375 0.44939024375000003 0.81778741875 0.44939024375000003 0.80694143125 0.447560975 0.8026030375 0.447560975
0 1 0.4463414640625 0.9945770062499999 0.4463414640625 0.9859002171875 0.4487804875 0.981561821875 0.45548780468750005 0.98373101875 0.46158536562499997 0.9891540125 0.4658536578125 1 0.4695121953125 1 0.4463414640625
1 0.75488069375 0.4670731703125 0.7689804765625 0.4664634140625 0.7776572671875 0.463414634375 0.778741865625 0.45365853593749994 0.7744034703125 0.45 0.7592190890625 0.447560975 0.7407809109375 0.447560975 0.7375271156250001 0.447560975 0.721258134375 0.45304878125 0.7049891546875 0.4487804875 0.606290671875 0.45 0.5954446859375 0.4548780484375 0.5954446859375 0.46280487812500004 0.601952278125 0.4676829265625 0.6106290671875 0.46829268281249997 0.7049891546875 0.4676829265625 0.7255965296875 0.465243903125 0.75488069375 0.4670731703125