1 0 0.45771739062499994 0.0009671187499999999 0.45869565156250003 0.0106382984375 0.46086956562500003 0.02417795 0.46086956562500003 0.043520309374999996 0.4592391296875 0.0493230171875 0.45706521718750004 0.0531914890625 0.44891304375 0.052224371874999995 0.43641304375 0.0454545453125 0.43097826093749997 0.03191489375 0.4293478265625 0.030947775 0.4288043484375 0.0087040625 0.4293478265625 0 0.43301630468749996 0 0.45771739062499994
1 0.1121856859375 0.45543478281249994 0.115087040625 0.450543478125 0.115087040625 0.43641304375 0.107350096875 0.4298913046875 0.0967117984375 0.42771739062499997 0.09574468124999999 0.42771739062499997 0.07156673125 0.4282608703125 0.0618955515625 0.4315217390625 0.058027079687500004 0.435869565625 0.056092843749999996 0.4456521734375 0.058027079687500004 0.45326087031249995 0.0638297875 0.45815217343750003 0.07059961249999999 0.45978260937500004 0.0947775625 0.45978260937500004 0.107350096875 0.45815217343750003 0.1121856859375 0.45543478281249994
1 0.17408123749999999 0.43097826093749997 0.162475821875 0.4271739125 0.139264990625 0.4271739125 0.13539651875 0.4271739125 0.1257253390625 0.43043478281249997 0.1208897484375 0.436956521875 0.11992263125 0.44891304375 0.123791103125 0.45489130468749994 0.1363636359375 0.4592391296875 0.162475821875 0.45869565156250003 0.1721470015625 0.45652173906250004 0.17794970937500001 0.45 0.178916828125 0.4429347828125 0.17408123749999999 0.43097826093749997
1 0.2398452609375 0.4331521734375 0.2282398453125 0.4271739125 0.22263056093750003 0.4271739125 0.1934235984375 0.42771739062499997 0.185686653125 0.43097826093749997 0.18181818125 0.4451086953125 0.18762088906250002 0.45543478281249994 0.1982591875 0.45815217343750003 0.2127659578125 0.45815217343750003 0.226305609375 0.45760869531250004 0.23694390781250002 0.45434782656249995 0.2408123796875 0.4478260875 0.2398452609375 0.4331521734375
1 0.28433268906250003 0.42608695625 0.25531914843750003 0.4271739125 0.24758220468749997 0.4320652171875 0.2446808515625 0.4451086953125 0.25435203125 0.45597826093749994 0.290135396875 0.45652173906250004 0.2959381046875 0.45543478281249994 0.3017408125 0.451630434375 0.3017408125 0.4320652171875 0.290135396875 0.42608695625 0.28433268906250003 0.42608695625
1 0.3665377171875 0.440217390625 0.3626692453125 0.43097826093749997 0.3549323015625 0.42608695625 0.349613153125 0.42608695625 0.3230174078125 0.42608695625 0.3123791109375 0.4288043484375 0.3075435203125 0.4353260875 0.3075435203125 0.4467391296875 0.3152804640625 0.45489130468749994 0.328820115625 0.45652173906250004 0.353965184375 0.45597826093749994 0.3636363640625 0.452717390625 0.3675048359375 0.44891304375 0.3665377171875 0.440217390625
1 0.4603481625 0.436956521875 0.46421663437499994 0.4342391296875 0.46421663437499994 0.4282608703125 0.45938104375 0.42608695625 0.4264990328125 0.42608695625 0.4187620890625 0.424456521875 0.41295938125 0.424456521875 0.38007736875 0.425543478125 0.37234042500000003 0.4271739125 0.368471953125 0.4315217390625 0.368471953125 0.439130434375 0.37330754375 0.4451086953125 0.3829787234375 0.44891304375 0.3907156671875 0.44891304375 0.42166344218749996 0.439130434375 0.45164410000000005 0.43858695625 0.4603481625 0.436956521875
1 0.65957446875 0.42173912968750005 0.6044487421875 0.42119565156250005 0.6005802703125 0.42119565156250005 0.5638297875 0.423369565625 0.5599613156250001 0.42771739062499997 0.5618955515625 0.4342391296875 0.5686653765624999 0.436956521875 0.58027079375 0.4375 0.6518375234375 0.43641304375 0.662475821875 0.4342391296875 0.6673114124999999 0.4298913046875 0.6653771765625 0.424456521875 0.65957446875 0.42173912968750005
1 0.8597678921874999 0.4336956515625 0.8597678921874999 0.4271739125 0.853965184375 0.42173912968750005 0.84042553125 0.41956521718750006 0.8007736937500001 0.41956521718750006 0.796905221875 0.41956521718750006 0.7727272734375 0.42065217343750005 0.7678916828125 0.422282609375 0.764990328125 0.42608695625 0.7678916828125 0.4326086953125 0.786266925 0.4353260875 0.8143133468749999 0.4353260875 0.844294003125 0.4429347828125 0.8500967125000001 0.4423913046875 0.8558994203125 0.439130434375 0.8597678921874999 0.4336956515625
1 0.9777562859375 0.42065217343750005 0.965183753125 0.41902173906250006 0.9603481625000001 0.41902173906250006 0.9410058031249999 0.41902173906250006 0.932301740625 0.42391304375 0.9284332687499999 0.4326086953125 0.9284332687499999 0.4418478265625 0.940038684375 0.44891304375 0.9709864609375 0.44891304375 0.98355899375 0.44402173906250003 0.9864603484375 0.4336956515625 0.98355899375 0.424456521875 0.9777562859375 0.42065217343750005
0 0.440038684375 0.09891304375 0.4100580265625 0.09945652187500001 0.4061895546875 0.101630434375 0.4061895546875 0.1065217390625 0.4119922625 0.10869565156250001 0.4468085109375 0.1092391296875 0.4497098640625 0.1059782609375 0.44777562812499994 0.097282609375 0.44390715625 0.097282609375 0.440038684375 0.09891304375
0 0.42069632500000004 0.111956521875 0.4032882015625 0.11684782656249999 0.3994197296875 0.12228260937499999 0.3994197296875 0.1309782609375 0.409090909375 0.13695652187500001 0.44197292031249996 0.13641304375000002 0.4468085109375 0.1326086953125 0.44777562812499994 0.12010869531249999 0.44390715625 0.1163043484375 0.4226305609375 0.111956521875 0.42069632500000004 0.111956521875
0 0.44584139218749996 0.1440217390625 0.4352030953125 0.1396739125 0.415860734375 0.13858695625 0.4139264984375 0.13858695625 0.40425531875000004 0.1423913046875 0.401353965625 0.1461956515625 0.401353965625 0.1532608703125 0.40715667343749995 0.16521739062500002 0.41295938125 0.16793478281250002 0.4264990328125 0.1663043484375 0.4390715671875 0.16739130468750002 0.4429400390625 0.1657608703125 0.4468085109375 0.1592391296875 0.44584139218749996 0.1440217390625
0 0.444874275 0.175 0.4390715671875 0.1706521734375 0.42359767968749995 0.1695652171875 0.4226305609375 0.1695652171875 0.4100580265625 0.1717391296875 0.4052224375 0.17826087031249999 0.4052224375 0.185869565625 0.41102514531249995 0.197282609375 0.41489361718750006 0.19945652187500001 0.425531915625 0.200543478125 0.440038684375 0.19836956562500002 0.444874275 0.1907608703125 0.44584139218749996 0.1798913046875 0.444874275 0.175
0 0.4342359765625 0.2038043484375 0.425531915625 0.2032608703125 0.4226305609375 0.2032608703125 0.4187620890625 0.2038043484375 0.4119922625 0.20923912968749997 0.41295938125 0.2315217390625 0.41682785312500004 0.23858695624999998 0.42166344218749996 0.2413043484375 0.43133462343750006 0.2418478265625 0.440038684375 0.236956521875 0.4429400390625 0.21358695625 0.440038684375 0.2065217390625 0.4342359765625 0.2038043484375
0 0.43133462343750006 0.24619565156249998 0.4264990328125 0.24619565156249998 0.4177949703125 0.248369565625 0.41489361718750006 0.25869565156249996 0.41682785312500004 0.2826086953125 0.42359767968749995 0.286956521875 0.42843326875 0.2875 0.440038684375 0.2831521734375 0.4429400390625 0.2782608703125 0.44197292031249996 0.252717390625 0.4390715671875 0.248369565625 0.43133462343750006 0.24619565156249998
0 0.43133462343750006 0.29076087031250003 0.4303675046875 0.29076087031250003 0.4226305609375 0.2918478265625 0.41682785312500004 0.297282609375 0.4177949703125 0.327717390625 0.42069632500000004 0.3315217390625 0.42746615156249995 0.3336956515625 0.440038684375 0.3315217390625 0.444874275 0.325 0.44390715625 0.2978260875 0.440038684375 0.2934782609375 0.43133462343750006 0.29076087031250003
0 0.44390715625 0.3418478265625 0.4352030953125 0.338043478125 0.4264990328125 0.338043478125 0.4226305609375 0.339130434375 0.4177949703125 0.3451086953125 0.4177949703125 0.36684782656250003 0.41972920625 0.375543478125 0.4226305609375 0.3782608703125 0.4294003875 0.3798913046875 0.4429400390625 0.3782608703125 0.4468085109375 0.373369565625 0.44584139218749996 0.3456521734375 0.44390715625 0.3418478265625
0 0.44584139218749996 0.386956521875 0.4390715671875 0.38423912968749996 0.43375241718749996 0.38423912968749996 0.42843326875 0.38423912968749996 0.42069632500000004 0.3875 0.4187620890625 0.3929347828125 0.42069632500000004 0.42010869531250006 0.42359767968749995 0.422282609375 0.43326885937500004 0.42391304375 0.4429400390625 0.423369565625 0.448742746875 0.42119565156250005 0.44777562812499994 0.3918478265625 0.44584139218749996 0.386956521875
0 0.517601546875 0.422282609375 0.4816247578125 0.42391304375 0.4777562859375 0.4293478265625 0.479690521875 0.4353260875 0.487427465625 0.438043478125 0.5386847203125 0.438043478125 0.5522243718750001 0.4353260875 0.5541586078125 0.4282608703125 0.5493230171875 0.42391304375 0.52321083125 0.422282609375 0.517601546875 0.422282609375
0 0.717601546875 0.42010869531250006 0.7166344296875 0.41956521718750006 0.6972920703125001 0.42010869531250006 0.6885880078125 0.422282609375 0.6837524171875 0.42771739062499997 0.6876208890625 0.4336956515625 0.6924564796875 0.4353260875 0.750483559375 0.4353260875 0.757253384375 0.4326086953125 0.758220503125 0.42391304375 0.750483559375 0.42010869531250006 0.717601546875 0.42010869531250006
0 0.8907156671875001 0.41902173906250006 0.8791102515624999 0.42010869531250006 0.868471953125 0.424456521875 0.8675048359374999 0.4353260875 0.877176015625 0.4413043484375 0.9139264984375 0.43858695625 0.920696325 0.435869565625 0.9245647968749999 0.425543478125 0.920696325 0.42065217343750005 0.8994197296875001 0.41902173906250006 0.8907156671875001 0.41902173906250006
0 1 0.41962560312499997 0.99226305625 0.424456521875 0.9912959375 0.438043478125 0.9941972921875 0.44456521718750003 1 0.447418478125 1 0.41962560312499997