0 0.726681128125 0.45 0.710412146875 0.45 0.7071583515625 0.45 0.6637744031249999 0.45182926874999996 0.6561822125 0.45548780468750005 0.6561822125 0.463414634375 0.66160520625 0.4670731703125 0.669197396875 0.46829268281249997 0.726681128125 0.4676829265625 0.7364425156250001 0.4658536578125 0.7396963125 0.46219512187499995 0.7364425156250001 0.452439025 0.726681128125 0.45
0 0.44414316718749997 0.452439025 0.434924078125 0.45304878125 0.42841648593750004 0.4567073171875 0.42841648593750004 0.46463414687500004 0.4338394796875 0.4695121953125 0.49240780937500006 0.4701219515625 0.5075921906249999 0.4670731703125 0.5075921906249999 0.4573170734375 0.497830803125 0.45304878125 0.450108459375 0.452439025 0.44414316718749997 0.452439025
0 0.91106290625 0.44939024375000003 0.9056399125000001 0.44939024375000003 0.8915401296875001 0.45182926874999996 0.8806941437500001 0.46219512187499995 0.8806941437500001 0.4695121953125 0.8850325375000001 0.47439024375 0.9023861171875 0.47926829218749994 0.9284164859375 0.47439024375 0.9392624734374999 0.4664634140625 0.9360086765625001 0.45365853593749994 0.9262472890625 0.45060975625 0.91106290625 0.44939024375000003
1 1 0.44817073125 0.9956616046875 0.44817073125 0.9511930578125 0.4487804875 0.9436008671874999 0.45365853593749994 0.944685465625 0.46280487812500004 0.9533622562499999 0.4701219515625 0.9739696312499999 0.47256097500000005 0.9956616046875 0.4810975609375 1 0.48085365781249995 1 0.44817073125
0 0.41973969687499996 0.10121951250000001 0.40238611718749995 0.1042682921875 0.39045553125 0.1091463421875 0.3893709328125 0.122560975 0.398047721875 0.12682926875 0.4338394796875 0.12621951250000002 0.4436008671875 0.122560975 0.4436008671875 0.1067073171875 0.43709327499999995 0.1036585359375 0.4208242953125 0.10121951250000001 0.41973969687499996 0.10121951250000001
0 0.429501084375 0.1292682921875 0.42380694218750004 0.1292682921875 0.4067245125 0.1292682921875 0.398047721875 0.1310975609375 0.39262472812500004 0.134756096875 0.39154012968749996 0.14817073125 0.3969631234375 0.1560975609375 0.40238611718749995 0.1585365859375 0.43275488125 0.1585365859375 0.44034707187500005 0.1548780484375 0.44251626875000005 0.135975609375 0.429501084375 0.1292682921875
0 0.4305856828125 0.16219512187500001 0.42434924062499996 0.16219512187500001 0.40563991250000003 0.16219512187500001 0.3969631234375 0.1664634140625 0.395878525 0.1835365859375 0.398047721875 0.189024390625 0.4067245125 0.1957317078125 0.4305856828125 0.1951219515625 0.43926247343749997 0.190243903125 0.4414316703125 0.1701219515625 0.43926247343749997 0.1658536578125 0.4305856828125 0.16219512187500001
0 0.4305856828125 0.2 0.424078090625 0.2 0.40780911093750005 0.20060975625 0.40130151875 0.2073170734375 0.403470715625 0.22865853593750002 0.40780911093750005 0.23536585312499997 0.4154013015625 0.23902439062499997 0.42624728906250003 0.23902439062499997 0.4360086765625 0.23353658593749999 0.43926247343749997 0.212195121875 0.4360086765625 0.20304878125 0.4305856828125 0.2
0 0.42624728906250003 0.24390243906250003 0.41865509687499997 0.24390243906250003 0.408893709375 0.247560975 0.40563991250000003 0.25609756093749997 0.40780911093750005 0.28170731718750003 0.414316703125 0.288414634375 0.429501084375 0.289634146875 0.434924078125 0.28658536562500003 0.4381778734375 0.27987804843749997 0.4381778734375 0.2573170734375 0.434924078125 0.24817073125000003 0.42624728906250003 0.24390243906250003
0 0.41973969687499996 0.2945121953125 0.408893709375 0.3 0.408893709375 0.3329268296875 0.41106290625 0.337195121875 0.41973969687499996 0.3420731703125 0.434924078125 0.33963414687500004 0.43926247343749997 0.3341463421875 0.43926247343749997 0.30304878125 0.4360086765625 0.297560975 0.42841648593750004 0.2945121953125 0.41973969687499996 0.2945121953125
0 0.43709327499999995 0.34939024375 0.429501084375 0.34695121875 0.4273318875 0.34695121875 0.41865509687499997 0.347560975 0.4121475046875 0.35060975625 0.408893709375 0.3676829265625 0.41106290625 0.386585365625 0.4154013015625 0.3914634140625 0.424078090625 0.3939024390625 0.4381778734375 0.39085365781250003 0.44251626875000005 0.38109756093749997 0.44034707187500005 0.35304878125 0.43709327499999995 0.34939024375
0 0.42624728906250003 0.3987804875 0.42516268906250004 0.39817073125 0.414316703125 0.4012195125 0.41106290625 0.4073170734375 0.4121475046875 0.43658536562499994 0.4154013015625 0.44268292656249997 0.42516268906250004 0.4463414640625 0.43926247343749997 0.4439024390625 0.4436008671875 0.43841463437500006 0.44251626875000005 0.4048780484375 0.43709327499999995 0.39939024375 0.42624728906250003 0.3987804875
1 0 0.492865853125 0.0097613890625 0.49451219531249996 0.04121475 0.4939024390625 0.0531453359375 0.489634146875 0.056399132812499995 0.4835365859375 0.055314534375 0.4664634140625 0.0488069421875 0.46158536562499997 0.0325379609375 0.4591463421875 0.0314533625 0.4585365859375 0.0043383953125 0.460365853125 0 0.46280487812500004 0 0.492865853125
1 0.11930585625000001 0.46158536562499997 0.106290671875 0.4579268296875 0.09869848125 0.4579268296875 0.0737527109375 0.4591463421875 0.06724511875 0.46158536562499997 0.0618221265625 0.4676829265625 0.0618221265625 0.484756096875 0.0737527109375 0.4932926828125 0.107375271875 0.4932926828125 0.12039045625 0.489634146875 0.12472885 0.4835365859375 0.12472885 0.46829268281249997 0.11930585625000001 0.46158536562499997
1 0.1941431671875 0.4835365859375 0.195227765625 0.4695121953125 0.19197397031250002 0.46280487812500004 0.180043384375 0.4579268296875 0.17425921875 0.4579268296875 0.145336225 0.4579268296875 0.1355748375 0.460975609375 0.13015184375 0.46829268281249997 0.1290672453125 0.4762195125 0.132321040625 0.48780487812500006 0.137744034375 0.4908536578125 0.146420825 0.4926829265625 0.17353579218749998 0.4926829265625 0.189804771875 0.489024390625 0.1941431671875 0.4835365859375
1 0.26355748437500004 0.46219512187499995 0.2505423 0.4567073171875 0.2407809109375 0.4567073171875 0.2125813453125 0.4579268296875 0.20281995625000002 0.464024390625 0.200650759375 0.47926829218749994 0.2049891546875 0.48719512187499997 0.2147505421875 0.4914634140625 0.2483731015625 0.4914634140625 0.262472884375 0.48719512187499997 0.2668112796875 0.47865853593749996 0.26572668125 0.4658536578125 0.26355748437500004 0.46219512187499995
1 0.3340563984375 0.46463414687500004 0.32863340625 0.4585365859375 0.32104121406249997 0.45609756093750004 0.315618221875 0.45609756093750004 0.2852494578125 0.4567073171875 0.27331887187500004 0.46280487812500004 0.271149675 0.47926829218749994 0.278741865625 0.489024390625 0.28850325312499997 0.4908536578125 0.3112798265625 0.4908536578125 0.3264642078125 0.489634146875 0.33297180000000004 0.486585365625 0.336225596875 0.4823170734375 0.3340563984375 0.46463414687500004
1 0.4154013015625 0.4548780484375 0.408893709375 0.4542682921875 0.403470715625 0.4542682921875 0.3470715828125 0.4573170734375 0.3394793921875 0.46463414687500004 0.3394793921875 0.47439024375 0.3449023859375 0.4829268296875 0.353579175 0.48719512187499997 0.3655097609375 0.48719512187499997 0.41865509687499997 0.4701219515625 0.42299349218750004 0.46463414687500004 0.42190889374999996 0.4591463421875 0.4154013015625 0.4548780484375
1 0.6268980484375 0.452439025 0.581344903125 0.452439025 0.580260303125 0.45182926874999996 0.520607375 0.45365853593749994 0.5140997828125 0.4591463421875 0.51626898125 0.4670731703125 0.5227765734375 0.4695121953125 0.54121475 0.4701219515625 0.6106290671875 0.4695121953125 0.6279826468749999 0.46829268281249997 0.6366594359375 0.464024390625 0.6366594359375 0.4573170734375 0.6268980484375 0.452439025
1 0.854663775 0.44939024375000003 0.82863340625 0.44939024375000003 0.8275488062499999 0.4487804875 0.7613882859375 0.45 0.7494577 0.45304878125 0.747288503125 0.460975609375 0.7516268984375001 0.465243903125 0.7646420828125 0.4670731703125 0.85900216875 0.4670731703125 0.8644251625000001 0.46463414687500004 0.8665943593750001 0.4542682921875 0.8622559656250001 0.4512195125 0.854663775 0.44939024375000003