1 0.590740740625 0.446875 0.6490740734375 0.44739583281249995 0.6537037031249999 0.446875 0.6583333328125 0.44375 0.659259259375 0.4380208328125 0.6537037031249999 0.43333333281249997 0.6083333328125 0.4322916671875 0.60648148125 0.4322916671875 0.590740740625 0.43385416718750003 0.5861111109375 0.4369791671875 0.5861111109375 0.44322916718750005 0.590740740625 0.446875
1 0.7981481484375 0.4458333328125 0.8231481484375 0.44739583281249995 0.8370370375 0.45104166718750005 0.8462962968750001 0.44947916718750003 0.8509259265625 0.440625 0.8481481484375 0.4328125 0.8416666671874999 0.43072916718750004 0.8101851859375 0.43072916718750004 0.809259259375 0.43072916718750004 0.7981481484375 0.43125 0.7888888890625 0.4348958328125 0.7898148140625 0.44322916718750005 0.7981481484375 0.4458333328125
1 0.4046296296875 0.440625 0.4074074078125 0.4526041671875 0.425 0.45416666718750004 0.44259259218749997 0.44947916718750003 0.48425925937500003 0.44895833281249997 0.49444444374999996 0.446875 0.497222221875 0.4390625 0.49351851875 0.4359375 0.477777778125 0.43645833281249996 0.46666666718750005 0.43385416718750003 0.46166666718749994 0.43385416718750003 0.44166666718750003 0.43385416718750003 0.43518518593750005 0.4359375 0.4074074078125 0.4375 0.4046296296875 0.440625
1 0.34351851875 0.45625 0.3481481484375 0.46302083281249995 0.353703703125 0.465625 0.384259259375 0.465625 0.3925925921875 0.4640625 0.4 0.45885416718750005 0.40092592656250003 0.45 0.397222221875 0.4421875 0.3916666671875 0.4375 0.38333333281250004 0.43645833281249996 0.378240740625 0.43645833281249996 0.35555555625 0.4369791671875 0.3490740734375 0.43854166718750004 0.3453703703125 0.4421875 0.34351851875 0.45625
1 0.284259259375 0.45625 0.290740740625 0.46510416718750003 0.29722222187499997 0.46666666718750005 0.321296296875 0.46666666718750005 0.3351851859375 0.4635416671875 0.3398148140625 0.45729166718750003 0.3398148140625 0.44635416718750004 0.33703703749999997 0.44114583281249997 0.32777777812500003 0.4369791671875 0.3226851859375 0.4369791671875 0.29444444375 0.4375 0.28796296250000003 0.440625 0.284259259375 0.446875 0.284259259375 0.45625
1 0.23148148124999998 0.4635416671875 0.24351851875000002 0.465625 0.2675925921875 0.465625 0.2731481484375 0.4640625 0.27870370312500004 0.459375 0.2796296296875 0.44635416718750004 0.271296296875 0.4390625 0.24907407343750002 0.43854166718750004 0.24722222187499998 0.43854166718750004 0.23240740781250002 0.440625 0.22870370312500002 0.44322916718750005 0.22777777812500002 0.4604166671875 0.23148148124999998 0.4635416671875
1 0.16944444375 0.4640625 0.17314814843749998 0.46666666718750005 0.18148148125000002 0.4682291671875 0.21203703749999997 0.46666666718750005 0.221296296875 0.45989583281249996 0.21944444375 0.4447916671875 0.209259259375 0.4401041671875 0.1861111109375 0.4401041671875 0.1851851859375 0.4401041671875 0.177777778125 0.440625 0.16851851874999998 0.4447916671875 0.165740740625 0.45885416718750005 0.16944444375 0.4640625
1 0.1101851859375 0.4604166671875 0.1175925921875 0.4682291671875 0.14351851875 0.4692708328125 0.1583333328125 0.46458333281249997 0.1611111109375 0.4578125 0.1601851859375 0.44635416718750004 0.15648148125 0.44322916718750005 0.1490740734375 0.44114583281249997 0.14444444375 0.44114583281249997 0.12222222187500001 0.44166666718750003 0.11388888906250001 0.44427083281249996 0.109259259375 0.4505208328125 0.1101851859375 0.4604166671875
1 0.060185185937499996 0.4692708328125 0.0888888890625 0.46979166718750004 0.097222221875 0.4682291671875 0.10185185156250001 0.46510416718750003 0.1046296296875 0.45885416718750005 0.10370370312499999 0.44739583281249995 0.0981481484375 0.4427083328125 0.09074074062500001 0.44166666718750003 0.08549351875 0.44166666718750003 0.060185185937499996 0.4427083328125 0.053703703125 0.44739583281249995 0.052777778124999994 0.46197916718750004 0.060185185937499996 0.4692708328125
1 0 0.4703125 0.0296296296875 0.47083333281249995 0.040740740625 0.4671875 0.04444444375 0.453125 0.040740740625 0.4447916671875 0.0333333328125 0.4421875 0.028009259375 0.4421875 0.0120370375 0.4421875 0 0.44427083281249996 0 0.4703125
0 0.42129629687500003 0.1552083328125 0.4268518515625 0.1588541671875 0.459259259375 0.1588541671875 0.46481481406249997 0.1572916671875 0.4675925921875 0.1510416671875 0.46481481406249997 0.1395833328125 0.45555555625000005 0.1359375 0.44444444375 0.1354166671875 0.44259259218749997 0.134375 0.43148148124999997 0.1354166671875 0.42314814843750004 0.1395833328125 0.41944444374999995 0.1505208328125 0.42129629687500003 0.1552083328125
0 0.434259259375 0.18697916718750002 0.4574074078125 0.1864583328125 0.46481481406249997 0.1817708328125 0.46481481406249997 0.165625 0.45185185156249996 0.1609375 0.447222221875 0.1609375 0.43333333281249997 0.1609375 0.42222222187499997 0.1671875 0.4240740734375 0.17916666718750002 0.434259259375 0.18697916718750002
0 0.43518518593750005 0.2171875 0.4546296296875 0.2171875 0.46388888906250003 0.2104166671875 0.46388888906250003 0.19375 0.4546296296875 0.1885416671875 0.44976851875 0.1885416671875 0.43518518593750005 0.1885416671875 0.4268518515625 0.19375 0.4268518515625 0.2088541671875 0.43518518593750005 0.2171875
0 0.43981481406249995 0.2546875 0.4509259265625 0.2557291671875 0.4611111109375 0.2479166671875 0.4620370375 0.22760416718749998 0.4574074078125 0.22239583281250003 0.44629629687500005 0.2208333328125 0.44166666718750003 0.2208333328125 0.43333333281249997 0.2234375 0.43055555625 0.22760416718749998 0.43240740781250003 0.24635416718749997 0.43981481406249995 0.2546875
0 0.44166666718750003 0.2979166671875 0.4481481484375 0.2994791671875 0.459259259375 0.29635416718749996 0.4620370375 0.2890625 0.4620370375 0.2682291671875 0.4583333328125 0.2630208328125 0.4509259265625 0.259375 0.4481481484375 0.259375 0.4379629625 0.2625 0.434259259375 0.2692708328125 0.4370370375 0.29375 0.44166666718750003 0.2979166671875
0 0.440740740625 0.3395833328125 0.45 0.3421875 0.4611111109375 0.3390625 0.46388888906250003 0.3338541671875 0.46296296249999996 0.3098958328125 0.459259259375 0.3046875 0.45185185156249996 0.3026041671875 0.44907407343749994 0.3026041671875 0.440740740625 0.30416666718749996 0.4370370375 0.3067708328125 0.4370370375 0.3338541671875 0.440740740625 0.3395833328125
0 0.440740740625 0.3828125 0.447222221875 0.3864583328125 0.4583333328125 0.3859375 0.46481481406249997 0.3807291671875 0.46481481406249997 0.35208333281250004 0.4620370375 0.3484375 0.4546296296875 0.3458333328125 0.4481481484375 0.3458333328125 0.44259259218749997 0.346875 0.4379629625 0.35104166718749996 0.4379629625 0.3770833328125 0.440740740625 0.3828125
0 0.45 0.4296875 0.4620370375 0.42760416718750005 0.4675925921875 0.4203125 0.465740740625 0.3963541671875 0.46296296249999996 0.3927083328125 0.4546296296875 0.39010416718749996 0.45370370312499997 0.39010416718749996 0.44444444375 0.3916666671875 0.4388888890625 0.3984375 0.440740740625 0.42395833281249995 0.45 0.4296875
0 0.50555555625 0.4479166671875 0.55648148125 0.4484375 0.5666666671875 0.44739583281249995 0.5722222218749999 0.44322916718750005 0.5722222218749999 0.43854166718750004 0.5666666671875 0.4348958328125 0.5305555562500001 0.43333333281249997 0.527777778125 0.43333333281249997 0.509259259375 0.43385416718750003 0.503703703125 0.4359375 0.5018518515625 0.44375 0.50555555625 0.4479166671875
0 0.6648148140625 0.434375 0.6638888890625 0.4421875 0.66851851875 0.4458333328125 0.6759259265625001 0.446875 0.75555555625 0.4458333328125 0.7629629625 0.4447916671875 0.7666666671875 0.4421875 0.7666666671875 0.4348958328125 0.75555555625 0.43125 0.7546296296875 0.43125 0.7203703703125 0.43333333281249997 0.7175925921874999 0.43177083281249995 0.672222221875 0.4322916671875 0.6648148140625 0.434375
0 0.859259259375 0.45729166718750003 0.86851851875 0.4578125 0.884259259375 0.4536458328125 0.897222221875 0.453125 0.9037037031249999 0.4505208328125 0.9166666671874999 0.45 0.9203703703125001 0.4484375 0.9268518515625 0.43854166718750004 0.91944444375 0.43125 0.8740740734375001 0.43072916718750004 0.8675925921875001 0.43072916718750004 0.85648148125 0.43541666718750005 0.8518518515625001 0.4453125 0.8509259265625 0.4536458328125 0.859259259375 0.45729166718750003
1 0.9629629625 0.45885416718750005 0.9712962968750001 0.45416666718750004 0.9703703703125001 0.4348958328125 0.959259259375 0.43125 0.952777778125 0.43125 0.95 0.43125 0.9425925921875 0.4380208328125 0.9416666671874999 0.4546875 0.9472222218749999 0.45885416718750005 0.9629629625 0.45885416718750005
0 0.9796296296874999 0.45520833281249995 0.9861111109375 0.45885416718750005 0.9916666671875 0.459375 0.9990740734375001 0.459375 0.9990740734375001 0.4296875 0.996296296875 0.4296875 0.9824074078124999 0.43125 0.9768518515625001 0.4375 0.9768518515625001 0.44947916718750003 0.9796296296874999 0.45520833281249995