0 0.47800000000000004 0.4668539328125 0.46699999999999997 0.472471909375 0.46699999999999997 0.4792134828125 0.47300000000000003 0.48258427031249995 0.53 0.48258427031249995 0.54 0.48146067343750004 0.544 0.47808988750000003 0.545 0.472471909375 0.538 0.46797752812500004 0.479 0.4674157296875 0.47800000000000004 0.4668539328125
0 0.702 0.46404494375 0.693 0.46460674218750003 0.683 0.46853932656249997 0.683 0.475842696875 0.6900000000000001 0.47977528124999996 0.75 0.47977528124999996 0.76 0.47640449374999994 0.761 0.47022471875000005 0.756 0.46516853906250005 0.7070000000000001 0.46404494375 0.702 0.46404494375
0 0.9109999999999999 0.4634831453125 0.906 0.4634831453125 0.8939999999999999 0.466292134375 0.885 0.474157303125 0.883 0.48202247187499997 0.893 0.4904494375 0.9019999999999999 0.4904494375 0.9289999999999999 0.4853932578125 0.9410000000000001 0.4769662921875 0.9400000000000001 0.4691011234375 0.9339999999999999 0.46516853906250005 0.9109999999999999 0.4634831453125
0 0.438 0.153932584375 0.43499999999999994 0.153932584375 0.421 0.16011235937499999 0.421 0.169662921875 0.426 0.17808988750000002 0.43099999999999994 0.17977528125 0.46299999999999997 0.1786516859375 0.47000000000000003 0.1719101125 0.471 0.1646067421875 0.46799999999999997 0.158426965625 0.453 0.15449438124999998 0.438 0.153932584375
0 0.46699999999999997 0.1870786515625 0.458 0.18314606718749998 0.457 0.1825842703125 0.43499999999999994 0.18314606718749998 0.42699999999999994 0.18595505625 0.42300000000000004 0.1910112359375 0.42699999999999994 0.2207865171875 0.43600000000000005 0.2280898875 0.44400000000000006 0.2292134828125 0.45599999999999996 0.2280898875 0.46699999999999997 0.22022471875 0.46900000000000003 0.1904494375 0.46699999999999997 0.1870786515625
0 0.453 0.2331460671875 0.44800000000000006 0.2331460671875 0.43499999999999994 0.23539325781249998 0.43 0.2449438203125 0.43499999999999994 0.266292134375 0.445 0.27191011249999997 0.454 0.27134831406250004 0.461 0.267977528125 0.465 0.2573033703125 0.46399999999999997 0.2387640453125 0.461 0.23539325781249998 0.453 0.2331460671875
0 0.454 0.2769662921875 0.446 0.2769662921875 0.438 0.28033707812499997 0.43499999999999994 0.29550561875 0.43899999999999995 0.3151685390625 0.44400000000000006 0.3185393265625 0.45 0.31910112343749997 0.462 0.3157303375 0.465 0.30898876406250003 0.46399999999999997 0.2848314609375 0.462 0.2808988765625 0.454 0.2769662921875
0 0.457 0.32359550625 0.45149999999999996 0.32359550625 0.442 0.3247191015625 0.438 0.3280898875 0.438 0.3589887640625 0.442 0.3646067421875 0.44800000000000006 0.3668539328125 0.461 0.3657303375 0.466 0.3595505625 0.466 0.33258427031250004 0.462 0.3252808984375 0.457 0.32359550625
0 0.454 0.3719101125 0.453 0.3713483140625 0.445 0.372471909375 0.43899999999999995 0.377528090625 0.43899999999999995 0.406179775 0.445 0.41404494375 0.458 0.4157303375 0.465 0.41292134843749995 0.46799999999999997 0.40786516875 0.46799999999999997 0.37977528125000004 0.46399999999999997 0.374157303125 0.454 0.3719101125
0 0.45899999999999996 0.42022471875 0.45 0.42022471875 0.44299999999999995 0.42303370781250005 0.44000000000000006 0.42752809062499997 0.44000000000000006 0.45 0.44299999999999995 0.45955056250000004 0.45499999999999996 0.46404494375 0.46799999999999997 0.46011235937499995 0.471 0.45224719062499996 0.46900000000000003 0.4269662921875 0.46699999999999997 0.42303370781250005 0.45899999999999996 0.42022471875
1 0 0.5041733546875 0.006 0.505617978125 0.032 0.505617978125 0.05 0.502247190625 0.053000000000000005 0.4966292140625 0.052000000000000005 0.4808988765625 0.047 0.475842696875 0.036 0.47359550625 0.034999999999999996 0.47303370781250004 0.009 0.47359550625 0 0.47612359531250004 0 0.5041733546875
1 0.11599999999999999 0.47808988750000003 0.10500000000000001 0.47303370781250004 0.08299999999999999 0.472471909375 0.079 0.472471909375 0.066 0.474157303125 0.059 0.47977528124999996 0.05600000000000001 0.4865168546875 0.059 0.5 0.064 0.503932584375 0.072 0.5050561796874999 0.10800000000000001 0.503932584375 0.11599999999999999 0.49943820156249996 0.118 0.4949438203125 0.11599999999999999 0.47808988750000003
1 0.17099999999999999 0.4719101125 0.158 0.4713483140625 0.156 0.4713483140625 0.132 0.47303370781250004 0.123 0.4792134828125 0.121 0.493820225 0.125 0.5005617984375 0.132 0.503932584375 0.172 0.5033707859375001 0.181 0.49831460625 0.184 0.4870786515625 0.181 0.477528090625 0.17099999999999999 0.4719101125
1 0.248 0.493820225 0.248 0.480337078125 0.246 0.47640449374999994 0.238 0.4719101125 0.233 0.4713483140625 0.22799999999999998 0.4713483140625 0.199 0.4719101125 0.191 0.4752808984375 0.187 0.48146067343750004 0.187 0.49269662968750005 0.195 0.50168539375 0.20400000000000001 0.5033707859375001 0.225 0.5033707859375001 0.238 0.502247190625 0.244 0.49943820156249996 0.248 0.493820225
1 0.309 0.4752808984375 0.304 0.4719101125 0.29300000000000004 0.47022471875000005 0.29100000000000004 0.47022471875000005 0.266 0.47078651718750003 0.257 0.474157303125 0.253 0.47977528124999996 0.253 0.49325842656249996 0.261 0.5011235953125001 0.29500000000000004 0.502247190625 0.305 0.5 0.309 0.4966292140625 0.312 0.4865168546875 0.309 0.4752808984375
1 0.37 0.47303370781250004 0.361 0.46966292187500003 0.353 0.46966292187500003 0.32599999999999996 0.47078651718750003 0.317 0.47640449374999994 0.317 0.494382021875 0.319 0.4971910109375 0.32999999999999996 0.50168539375 0.364 0.5011235953125001 0.372 0.49831460625 0.376 0.4904494375 0.374 0.4769662921875 0.37 0.47303370781250004
1 0.45899999999999996 0.4719101125 0.454 0.46853932656249997 0.44699999999999995 0.4674157296875 0.442 0.4674157296875 0.385 0.47078651718750003 0.38 0.47471910156249997 0.378 0.48146067343750004 0.387 0.494382021875 0.394 0.4971910109375 0.4 0.4971910109375 0.44299999999999995 0.483707865625 0.457 0.48146067343750004 0.45999999999999996 0.4769662921875 0.45899999999999996 0.4719101125
1 0.588 0.4657303375 0.554 0.46797752812500004 0.5509999999999999 0.47022471875000005 0.553 0.4792134828125 0.5599999999999999 0.48202247187499997 0.65 0.4808988765625 0.659 0.4786516859375 0.6639999999999999 0.47303370781250004 0.6559999999999999 0.4668539328125 0.589 0.4657303375 0.588 0.4657303375
1 0.876 0.46853932656249997 0.866 0.46404494375 0.807 0.4629213484375 0.806 0.4629213484375 0.78 0.4634831453125 0.772 0.46516853906250005 0.767 0.47022471875000005 0.769 0.4769662921875 0.7849999999999999 0.47977528124999996 0.845 0.47977528124999996 0.86 0.48202247187499997 0.869 0.48146067343750004 0.876 0.4769662921875 0.876 0.46853932656249997
1 1 0.463932584375 0.986 0.46235955000000006 0.978 0.46235955000000006 0.951 0.4634831453125 0.9460000000000001 0.46797752812500004 0.9470000000000001 0.47640449374999994 0.953 0.4831460671875 0.9730000000000001 0.49269662968750005 0.99 0.494382021875 1 0.49250936406249995 1 0.463932584375