0 0.46441947499999997 0.12315789531250002 0.46722846406249996 0.11894736875 0.46722846406249996 0.1131578953125 0.4634831453125 0.110526315625 0.46722846406249996 0.1073684203125 0.466292134375 0.1052631578125 0.46535580468750004 0.10473684218749998 0.4494382015625 0.1057894734375 0.4494382015625 0.11105263125 0.4428838953125 0.1121052625 0.438202246875 0.11578947343749998 0.4260299625 0.11578947343749998 0.42134831406249995 0.11947368437500001 0.42228464375 0.1242105265625 0.438202246875 0.12631578906250002 0.44194756562500004 0.1247368421875 0.46441947499999997 0.12315789531250002
0 0.44756554375 0.12894736874999999 0.4447565546875 0.12894736874999999 0.43258427031249996 0.131578946875 0.4250936328125 0.1357894734375 0.424157303125 0.14789473749999998 0.43258427031249996 0.15263157968750002 0.46441947499999997 0.1521052625 0.4691011234375 0.149473684375 0.4709737828125 0.1436842109375 0.46816479375000003 0.1331578953125 0.46161048750000006 0.13 0.44756554375 0.12894736874999999
0 0.46535580468750004 0.1573684203125 0.45411985 0.1547368421875 0.448190075 0.1547368421875 0.43258427031249996 0.1557894734375 0.4250936328125 0.16157894687500002 0.42977528125 0.178421053125 0.4372659171875 0.1821052625 0.4494382015625 0.180526315625 0.46161048750000006 0.181578946875 0.466292134375 0.17894736875 0.47003745312499995 0.16947368437500002 0.4691011234375 0.16157894687500002 0.46535580468750004 0.1573684203125
0 0.46816479375000003 0.201578946875 0.466292134375 0.1873684203125 0.46161048750000006 0.1847368421875 0.44850187343750003 0.1836842109375 0.4447565546875 0.1836842109375 0.43352060000000003 0.18578947343750002 0.42977528125 0.19 0.4288389515625 0.19684210468750002 0.43352060000000003 0.210526315625 0.43913857656250005 0.2142105265625 0.44382022499999996 0.2147368421875 0.4550561796875 0.2142105265625 0.46161048750000006 0.2121052625 0.46535580468750004 0.20947368437499997 0.46816479375000003 0.201578946875
0 0.4550561796875 0.2173684203125 0.4499063671875 0.2173684203125 0.44194756562500004 0.2178947375 0.4372659171875 0.220526315625 0.43445692812500003 0.2273684203125 0.43913857656250005 0.25 0.44850187343750003 0.2542105265625 0.45880149843750007 0.2526315796875 0.46441947499999997 0.2436842109375 0.46535580468750004 0.2268421046875 0.4625468171875 0.220526315625 0.4550561796875 0.2173684203125
0 0.44756554375 0.258421053125 0.44007490625 0.261578946875 0.438202246875 0.2736842109375 0.43913857656250005 0.2921052625 0.44194756562500004 0.2957894734375 0.4494382015625 0.298421053125 0.4606741578125 0.2963157890625 0.46535580468750004 0.289473684375 0.46441947499999997 0.2636842109375 0.455992509375 0.258421053125 0.44756554375 0.258421053125
0 0.45411985 0.30210526249999997 0.45224719062499996 0.30210526249999997 0.445692884375 0.3031578953125 0.44007490625 0.30789473749999996 0.44101123593749997 0.3373684203125 0.445692884375 0.3421052625 0.45224719062499996 0.34315789531249996 0.46161048750000006 0.341578946875 0.46722846406249996 0.3357894734375 0.466292134375 0.30894736875 0.4634831453125 0.3052631578125 0.45411985 0.30210526249999997
0 0.466292134375 0.35105263125 0.4550561796875 0.3468421046875 0.45318352031250003 0.3468421046875 0.44382022499999996 0.35 0.44101123593749997 0.3542105265625 0.44101123593749997 0.37473684218750003 0.44382022499999996 0.3852631578125 0.4513108609375 0.38894736875 0.45786516875 0.38894736875 0.46161048750000006 0.38842105312499997 0.4691011234375 0.3826315796875 0.4691011234375 0.35894736875 0.466292134375 0.35105263125
0 0.455992509375 0.3926315796875 0.4466292140625 0.3942105265625 0.4428838953125 0.398421053125 0.44194756562500004 0.41947368437500004 0.4447565546875 0.42789473750000007 0.46161048750000006 0.430526315625 0.4709737828125 0.4273684203125 0.4709737828125 0.4063157890625 0.46722846406249996 0.3952631578125 0.45786516875 0.3926315796875 0.455992509375 0.3926315796875
0 0.5271535578125001 0.428421053125 0.522471909375 0.428421053125 0.508426965625 0.429473684375 0.5028089890625 0.43157894687500004 0.5028089890625 0.43947368437499995 0.508426965625 0.44315789531250005 0.5571161046875 0.4436842109375 0.57022471875 0.44263157968750005 0.5739700375 0.44000000000000006 0.5749063671875 0.43421052656250003 0.568352059375 0.429473684375 0.5271535578125001 0.428421053125
0 0.7228464421874999 0.4257894734375 0.720037453125 0.4257894734375 0.7106741578125 0.4268421046875 0.70411985 0.430526315625 0.70411985 0.43684210468750007 0.709737828125 0.440526315625 0.762172284375 0.44105263125 0.7705992515625 0.44000000000000006 0.77434456875 0.4373684203125 0.77434456875 0.43 0.769662921875 0.4268421046875 0.7228464421874999 0.4257894734375
0 0.9073033703125001 0.4252631578125 0.9026217234375 0.4252631578125 0.8885767796874999 0.4263157890625 0.8792134828125 0.43105263125000004 0.8782771531250001 0.438421053125 0.885767790625 0.44578947343750003 0.9213483140625 0.4447368421875 0.9307116109375 0.44105263125 0.9344569281249999 0.4352631578125 0.9325842703125 0.42894736875 0.9250936328125 0.4257894734375 0.9073033703125001 0.4252631578125
1 0 0.46622009531249997 0.0187265921875 0.4652631578125 0.02434456875 0.46315789531249996 0.0280898875 0.45894736875 0.0280898875 0.4421052625 0.02434456875 0.438421053125 0.0177902625 0.43631578906249996 0.012874531249999998 0.43631578906249996 0 0.43631578906249996 0 0.46622009531249997
1 0.082397003125 0.43631578906249996 0.0749063671875 0.4352631578125 0.0694756546875 0.4352631578125 0.043071160937500005 0.43578947343749996 0.0346441953125 0.441578946875 0.0346441953125 0.45947368437499997 0.043071160937500005 0.4652631578125 0.0711610484375 0.4652631578125 0.08614232187500001 0.4621052625 0.0908239703125 0.45526315781250004 0.0908239703125 0.4442105265625 0.08801498125 0.43947368437499995 0.082397003125 0.43631578906249996
1 0.1507490640625 0.4421052625 0.14419475625 0.43631578906249996 0.13389513125000002 0.43421052656250003 0.12902621718750001 0.43421052656250003 0.10580524375 0.4347368421875 0.09831460625 0.4373684203125 0.09550561875 0.44105263125 0.09644194687499999 0.45894736875 0.100187265625 0.46263157968749996 0.10674157343749999 0.4647368421875 0.1348314609375 0.4642105265625 0.1470037453125 0.46105263125 0.1507490640625 0.4557894734375 0.1507490640625 0.4421052625
1 0.19569288437500001 0.4331578953125 0.170411984375 0.4331578953125 0.1694756546875 0.4331578953125 0.16011235937499999 0.43631578906249996 0.156367040625 0.44105263125 0.1554307109375 0.45473684218750005 0.16011235937499999 0.46105263125 0.1694756546875 0.4642105265625 0.20411985000000002 0.4621052625 0.21067415781249998 0.4557894734375 0.2116104875 0.4436842109375 0.20786516875 0.4373684203125 0.19569288437500001 0.4331578953125
1 0.27059925156250003 0.43947368437499995 0.2668539328125 0.43578947343749996 0.2574906359375 0.4326315796875 0.251872659375 0.4326315796875 0.2247191015625 0.4336842109375 0.2191011234375 0.43684210468750007 0.2153558046875 0.4421052625 0.2153558046875 0.4531578953125 0.21816479375000003 0.45842105312500003 0.2247191015625 0.4621052625 0.2565543078125 0.46263157968749996 0.26779026250000004 0.45894736875 0.272471909375 0.4468421046875 0.27059925156250003 0.43947368437499995
1 0.32022471874999997 0.43210526250000003 0.31429494375 0.43210526250000003 0.2874531828125 0.4326315796875 0.2780898875 0.4378947375 0.276217228125 0.450526315625 0.279962546875 0.45789473750000004 0.28464419531249996 0.46105263125 0.31554307187499997 0.4621052625 0.3286516859375 0.45894736875 0.332397003125 0.45421052656249994 0.33146067343749996 0.4378947375 0.32022471874999997 0.43210526250000003
1 0.3810861421875 0.43157894687500004 0.3751563671875 0.43157894687500004 0.34550561874999997 0.4326315796875 0.339887640625 0.43631578906249996 0.33614232187500004 0.44263157968750005 0.33614232187500004 0.45 0.34550561874999997 0.460526315625 0.3801498125 0.46105263125 0.39232209687499997 0.45736842031249997 0.39232209687499997 0.43894736874999996 0.389513109375 0.4352631578125 0.3810861421875 0.43157894687500004
1 0.4831460671875 0.43157894687500004 0.45318352031250003 0.4326315796875 0.44194756562500004 0.430526315625 0.4372659171875 0.430526315625 0.4007490640625 0.4326315796875 0.3970037453125 0.4352631578125 0.39606741562500003 0.44263157968750005 0.40168539374999995 0.449473684375 0.4147940078125 0.4531578953125 0.4466292140625 0.4442105265625 0.47471910156249997 0.4442105265625 0.4868913859375 0.441578946875 0.48782771562500005 0.4336842109375 0.4831460671875 0.43157894687500004
1 0.6685393265624999 0.4268421046875 0.6657303375 0.4268421046875 0.5908239703125 0.428421053125 0.5833333328125 0.430526315625 0.5814606734375001 0.4378947375 0.58801498125 0.44263157968750005 0.6488764046875 0.44263157968750005 0.6835206 0.44000000000000006 0.6872659171875 0.43631578906249996 0.6853932578124999 0.430526315625 0.6750936328125 0.4268421046875 0.6685393265624999 0.4268421046875
1 0.864232209375 0.4273684203125 0.850187265625 0.4257894734375 0.8108614234375 0.4257894734375 0.8089887640625 0.4257894734375 0.7855805250000001 0.42789473750000007 0.78183520625 0.43 0.7827715359375 0.43684210468750007 0.7883895125 0.44000000000000006 0.8267790265625001 0.441578946875 0.8558052437500001 0.44894736875 0.8632958796875 0.4473684203125 0.8679775281250001 0.4442105265625 0.8717228468749999 0.43421052656250003 0.864232209375 0.4273684203125
1 0.989700375 0.42894736875 0.9812734078125 0.4257894734375 0.959737828125 0.42473684218749996 0.9522471906250001 0.42473684218749996 0.9447565546875 0.4273684203125 0.9391385765625 0.4352631578125 0.9363295875000001 0.4473684203125 0.9410112359375 0.45157894687500005 0.95411985 0.45473684218750005 0.9719101125 0.45473684218750005 0.9868913859375 0.4526315796875 0.9925093640625 0.4468421046875 0.9934456921875 0.438421053125 0.989700375 0.42894736875