0 0.5769961984374999 0.4379679140625 0.5304182515625 0.43636363593749994 0.52946768125 0.43636363593749994 0.5152091249999999 0.4374331546875 0.509505703125 0.4401069515625 0.5057034218750001 0.43903743281249996 0.5076045625 0.4470588234375 0.513307984375 0.4513368984375 0.5703422046875 0.4518716578125 0.5779467687500001 0.4508021390625 0.5826996203125 0.4470588234375 0.583650190625 0.4422459890625 0.5769961984374999 0.4379679140625
0 0.7319391640624999 0.43422459843750005 0.7271863125 0.43422459843750005 0.718631178125 0.4347593578125 0.711026615625 0.4385026734375 0.711026615625 0.44491978593750003 0.7176806078125 0.44919786093749997 0.7718631171875 0.44919786093749997 0.77946768125 0.44812834218750003 0.7823193921875 0.4459893046875 0.7832699625 0.43903743281249996 0.7785171109375 0.4352941171875 0.7319391640624999 0.43422459843750005
0 0.8849809890625 0.43368983906249997 0.8830798484375 0.43368983906249997 0.871673003125 0.4385026734375 0.8659695812500001 0.44919786093749997 0.8669201515625 0.4572192515625 0.8792775671875 0.46149732656250003 0.9353612171875 0.45240641718749997 0.9420152093749999 0.44759358281250006 0.9420152093749999 0.4385026734375 0.9372623578124999 0.4352941171875 0.923954371875 0.43368983906249997 0.8849809890625 0.43368983906249997
0 0.449619771875 0.1379679140625 0.434410646875 0.1401069515625 0.42775665468749996 0.14438502656250002 0.42870722499999997 0.1540106953125 0.434410646875 0.1588235296875 0.47053231875 0.1593582890625 0.4733840296875 0.15775401093750002 0.47528517187499997 0.1433155078125 0.4714828890625 0.1401069515625 0.4581749046875 0.1379679140625 0.449619771875 0.1379679140625
0 0.46292775625000004 0.1625668453125 0.4448669203125 0.16203208593750001 0.4410646390625 0.16203208593750001 0.434410646875 0.1641711234375 0.42965779531250003 0.1684491984375 0.42870722499999997 0.17540106875 0.43250950625 0.18609625624999998 0.44011406875 0.19037433125 0.4657794671875 0.1893048125 0.47053231875 0.187165775 0.4733840296875 0.179144384375 0.4714828890625 0.16577540156249998 0.46292775625000004 0.1625668453125
0 0.45500665468749996 0.193048128125 0.44201520937499994 0.1935828875 0.4353612171875 0.19839572187500001 0.434410646875 0.211229946875 0.44201520937499994 0.221925134375 0.45722433437500004 0.22245989375000003 0.464828896875 0.219786096875 0.47053231875 0.21497326249999998 0.4714828890625 0.19893048124999999 0.4600760453125 0.193048128125 0.45500665468749996 0.193048128125
0 0.4581749046875 0.2256684484375 0.449619771875 0.2256684484375 0.44201520937499994 0.2288770046875 0.4391634984375 0.23368983906250002 0.4410646390625 0.2540106953125 0.4467680609375 0.2614973265625 0.459125475 0.26256684531249996 0.4657794671875 0.2598930484375 0.468631178125 0.2545454546875 0.46958174843749995 0.23368983906250002 0.4657794671875 0.2283422453125 0.4581749046875 0.2256684484375
0 0.4600760453125 0.2673796796875 0.4524714828125 0.2673796796875 0.445817490625 0.2689839578125 0.44296577968750006 0.2732620328125 0.44296577968750006 0.30053475937499996 0.445817490625 0.304278075 0.453422053125 0.30748663125000003 0.46387832656250005 0.305882353125 0.46958174843749995 0.298395721875 0.468631178125 0.2737967921875 0.4667300375 0.2700534765625 0.4600760453125 0.2673796796875
0 0.4619771859375 0.31176470625 0.453422053125 0.31176470625 0.4467680609375 0.31390374374999996 0.44391635 0.317647059375 0.44391635 0.3427807484375 0.445817490625 0.3486631015625 0.45722433437500004 0.3529411765625 0.4676806078125 0.3497326203125 0.4714828890625 0.34438502656250003 0.4714828890625 0.321390375 0.4667300375 0.313368984375 0.4619771859375 0.31176470625
0 0.459125475 0.3566844921875 0.45532319374999997 0.3566844921875 0.44866920156249995 0.35882352968750003 0.4448669203125 0.3641711234375 0.445817490625 0.39037433125 0.45152091250000004 0.39572192500000003 0.46292775625000004 0.39679144375000003 0.47053231875 0.394117646875 0.4733840296875 0.39037433125 0.4733840296875 0.3679144390625 0.4714828890625 0.36096256718749997 0.459125475 0.3566844921875
0 0.4619771859375 0.400534759375 0.4581749046875 0.400534759375 0.449619771875 0.402673796875 0.445817490625 0.409090909375 0.4467680609375 0.43422459843750005 0.45437262343749996 0.4385026734375 0.4676806078125 0.43903743281249996 0.4733840296875 0.4379679140625 0.47623574218750003 0.4347593578125 0.47528517187499997 0.41390374375 0.4714828890625 0.40320855624999996 0.4619771859375 0.400534759375
1 0 0.4747447734375 0.0161596953125 0.47433155156250006 0.02946768125 0.4700534765625 0.02946768125 0.4502673796875 0.025665399999999998 0.4465240640625 0.017110265625000003 0.4438502671875 0.012357414062499999 0.4438502671875 0 0.4442364828125 0 0.4747447734375
1 0.0884030421875 0.4459893046875 0.08079847968750001 0.4433155078125 0.076045628125 0.4433155078125 0.05228136875 0.4433155078125 0.040874525 0.4459893046875 0.0361216734375 0.45240641718749997 0.035171103125 0.46310160468749995 0.0418250953125 0.4727272734375 0.073193915625 0.4737967921875 0.0826996203125 0.4727272734375 0.091254753125 0.4689839578125 0.0922053234375 0.4502673796875 0.0884030421875 0.4459893046875
1 0.1463878328125 0.4438502671875 0.1302281375 0.4417112296875 0.128326996875 0.4417112296875 0.10836501875 0.44278074843750004 0.10076045625 0.4465240640625 0.0960076046875 0.4598930484375 0.0998098859375 0.4689839578125 0.1045627375 0.4721925140625 0.139733840625 0.4727272734375 0.1454372625 0.47165775468750004 0.1520912546875 0.4668449203125 0.1520912546875 0.44812834218750003 0.1463878328125 0.4438502671875
1 0.199619771875 0.4417112296875 0.180608365625 0.44117647031249996 0.1758555140625 0.44117647031249996 0.16825095 0.4417112296875 0.1596958171875 0.4465240640625 0.15684410625 0.4588235296875 0.1606463875 0.4684491984375 0.16444866875 0.47112299531249996 0.1730038015625 0.4727272734375 0.20532319375000002 0.4705882359375 0.21102661562499997 0.4647058828125 0.2100760453125 0.44759358281250006 0.199619771875 0.4417112296875
1 0.2699619765625 0.4673796796875 0.2737642578125 0.46149732656250003 0.2737642578125 0.4508021390625 0.2699619765625 0.44438502656249995 0.259505703125 0.4406417109375 0.2542775671875 0.4406417109375 0.22528517187500002 0.4417112296875 0.21863117812500002 0.4454545453125 0.21577946718750002 0.44973262031249994 0.21577946718750002 0.4620320859375 0.21863117812500002 0.4673796796875 0.22338402968749999 0.4700534765625 0.23098859374999997 0.47165775468750004 0.25380228125 0.47165775468750004 0.2623574140625 0.4705882359375 0.2699619765625 0.4673796796875
1 0.3222433453125 0.4401069515625 0.3168564640625 0.4401069515625 0.2899239546875 0.4406417109375 0.2804182515625 0.4454545453125 0.27946768125 0.4620320859375 0.2861216734375 0.46951871718750005 0.3184410640625 0.4705882359375 0.329847909375 0.46791443906249996 0.3346007609375 0.46149732656250003 0.3346007609375 0.4502673796875 0.329847909375 0.4433155078125 0.3222433453125 0.4401069515625
1 0.3906844109375 0.4438502671875 0.38212927812499997 0.43957219218750004 0.3770598859375 0.43957219218750004 0.352661596875 0.4401069515625 0.3441064640625 0.4422459890625 0.3384030421875 0.44973262031249994 0.3384030421875 0.4593582890625 0.34600760468749997 0.4684491984375 0.37357414375000003 0.4700534765625 0.3887832703125 0.4684491984375 0.393536121875 0.46577540156249997 0.3944866921875 0.4508021390625 0.3906844109375 0.4438502671875
1 0.45722433437500004 0.44117647031249996 0.44296577968750006 0.4385026734375 0.44201520937499994 0.4379679140625 0.40209125468750007 0.4406417109375 0.3963878328125 0.44812834218750003 0.4001901140625 0.4566844921875 0.41444866874999997 0.4625668453125 0.45057034218750003 0.45240641718749997 0.4819391640625 0.45240641718749997 0.4914448671875 0.44919786093749997 0.4914448671875 0.4417112296875 0.4876425859375 0.4401069515625 0.45722433437500004 0.44117647031249996
1 0.6577946765625 0.4347593578125 0.60076045625 0.4368983953125 0.5941064640625 0.4406417109375 0.5941064640625 0.4454545453125 0.6017110265625 0.4508021390625 0.6910646390624999 0.4502673796875 0.7015209125 0.44759358281250006 0.703422053125 0.4406417109375 0.69771863125 0.43582887656249997 0.6587452468749999 0.4347593578125 0.6577946765625 0.4347593578125
1 0.829847909375 0.43368983906249997 0.8243821296875 0.43368983906249997 0.8079847906250001 0.43368983906249997 0.7975285171875 0.4379679140625 0.796577946875 0.4422459890625 0.8032319390625 0.44812834218750003 0.8374524718749999 0.44973262031249994 0.8536121671875 0.4534759359375 0.8593155890625 0.4518716578125 0.8640684406249999 0.44117647031249996 0.860266159375 0.4347593578125 0.829847909375 0.43368983906249997
1 0.982889734375 0.46149732656250003 0.9904942968749999 0.4572192515625 0.9914448671875 0.4438502671875 0.9857414453125 0.4368983953125 0.9790874531249999 0.43422459843750005 0.975285171875 0.43582887656249997 0.9724334593749999 0.43422459843750005 0.9705323187499999 0.43422459843750005 0.961026615625 0.4385026734375 0.9619771859374999 0.4438502671875 0.9591254749999999 0.4459893046875 0.95532319375 0.4417112296875 0.9524714828124999 0.4550802140625 0.95532319375 0.4588235296875 0.9591254749999999 0.45614973281250004 0.9667300375 0.46149732656250003 0.9762357421875001 0.4625668453125 0.982889734375 0.46149732656250003