0 0.4783950625 0.40856481406249995 0.46090535 0.40972222187499996 0.45473251093749995 0.41319444375 0.45370370312499997 0.41956018593750005 0.45987654375 0.42476851875 0.5236625515625 0.42534722187499996 0.5329218109375 0.421875 0.5329218109375 0.41319444375 0.526748971875 0.40972222187499996 0.47942386875 0.40856481406249995 0.4783950625 0.40856481406249995
0 0.7057613171875 0.40682870312499997 0.7047325109375 0.40625 0.6800411515625 0.40856481406249995 0.6748971187499999 0.4143518515625 0.6769547328125001 0.4201388890625 0.6862139921875 0.4230324078125 0.7448559671874999 0.42245370312499997 0.7530864203125 0.4207175921875 0.7551440328125001 0.41840277812500004 0.7551440328125001 0.4108796296875 0.7479423875 0.4074074078125 0.7057613171875 0.40682870312499997
0 0.9238683125 0.40567129687500003 0.8971193421875 0.40625 0.896090534375 0.40567129687500003 0.8837448562500001 0.40914351875 0.8775720171874999 0.415509259375 0.8765432093750001 0.42476851875 0.8796296296874999 0.4293981484375 0.8868312749999999 0.43171296249999996 0.90329218125 0.431134259375 0.9290123453125 0.42534722187499996 0.9372427984374999 0.415509259375 0.932098765625 0.4074074078125 0.9238683125 0.40567129687500003
1 1 0.40682870312499997 0.98148148125 0.4045138890625 0.9742798359375 0.4045138890625 0.9485596703124999 0.40625 0.9434156375 0.41203703750000004 0.9434156375 0.41956018593750005 0.9475308640625 0.4265046296875 0.9619341562500001 0.4357638890625 0.9876543203124999 0.4375 0.9989711937499999 0.43518518593750005 1 0.43427579375 1 0.40682870312499997
0 0.4269547328125 0.3645833328125 0.41872427968750003 0.36631944375000003 0.41358024687499995 0.37152777812500004 0.41460905312499996 0.4016203703125 0.42078189374999997 0.4074074078125 0.43827160468750004 0.40914351875 0.44547325156250006 0.40567129687500003 0.44444444375 0.374421296875 0.441358025 0.3674768515625 0.43312757187499995 0.3645833328125 0.4269547328125 0.3645833328125
0 0.4197530859375 0.0769675921875 0.4176954734375 0.0769675921875 0.4012345671875 0.0804398140625 0.395061728125 0.08391203750000001 0.39300411562500004 0.09664351875 0.4012345671875 0.10358796249999999 0.43518518593750005 0.10358796249999999 0.44238683125 0.10011574062499999 0.44547325156250006 0.08854166718749999 0.441358025 0.081597221875 0.43518518593750005 0.078703703125 0.4197530859375 0.0769675921875
0 0.4269547328125 0.105902778125 0.42043929999999996 0.105902778125 0.40534979375 0.10648148125000001 0.39917695468750003 0.108796296875 0.395061728125 0.11342592656249999 0.3981481484375 0.12847222187500001 0.4084362140625 0.1359953703125 0.4372427984375 0.1354166671875 0.44238683125 0.1296296296875 0.44238683125 0.1111111109375 0.4362139921875 0.1076388890625 0.4269547328125 0.105902778125
0 0.41872427968750003 0.13773148125 0.4176954734375 0.13773148125 0.4094650203125 0.1383101859375 0.4012345671875 0.14236111093749998 0.4012345671875 0.162615740625 0.4094650203125 0.17013888906250002 0.431069959375 0.17013888906250002 0.4362139921875 0.16840277812499999 0.44032921875 0.16319444375 0.44238683125 0.1464120375 0.43518518593750005 0.1394675921875 0.41872427968750003 0.13773148125
0 0.43518518593750005 0.1759259265625 0.4197530859375 0.1741898140625 0.41872427968750003 0.1741898140625 0.4104938265625 0.17534722187500001 0.40534979375 0.181134259375 0.40637860156250005 0.2008101859375 0.412551440625 0.21122685156249998 0.4176954734375 0.21354166718749998 0.42798353906250003 0.21354166718749998 0.43518518593750005 0.21006944375 0.43827160468750004 0.2042824078125 0.4393004109375 0.1834490734375 0.43518518593750005 0.1759259265625
0 0.42386831249999996 0.21817129687499998 0.41563785937500003 0.21932870312500002 0.4094650203125 0.22627314843750002 0.411522634375 0.2575231484375 0.4176954734375 0.26215277812500004 0.42283950625 0.26273148125 0.43312757187499995 0.2604166671875 0.4393004109375 0.2546296296875 0.43827160468750004 0.225115740625 0.4269547328125 0.21817129687499998 0.42386831249999996 0.21817129687499998
0 0.42078189374999997 0.2667824078125 0.411522634375 0.271990740625 0.411522634375 0.3026620375 0.41460905312499996 0.3084490734375 0.4218107 0.311921296875 0.43518518593750005 0.3101851859375 0.441358025 0.3020833328125 0.44032921875 0.2754629625 0.4372427984375 0.2702546296875 0.4290123453125 0.2667824078125 0.42078189374999997 0.2667824078125
0 0.42386831249999996 0.3171296296875 0.41563785937500003 0.31944444375000003 0.412551440625 0.3240740734375 0.412551440625 0.3483796296875 0.4166666671875 0.3576388890625 0.42592592656250006 0.3611111109375 0.4372427984375 0.359953703125 0.44341563749999996 0.3518518515625 0.441358025 0.321759259375 0.43312757187499995 0.3171296296875 0.42386831249999996 0.3171296296875
1 0 0.44965277812500004 0.0154320984375 0.44733796249999996 0.019547324999999997 0.4450231484375 0.017489712499999997 0.431134259375 0.009259259374999999 0.42476851875 0.0020576125 0.42418981406249995 0.00102880625 0.4236111109375 0 0.42390046249999996 0 0.44965277812500004
1 0.07921810625 0.41898148125 0.067901234375 0.41493055625 0.0565843625 0.41493055625 0.0509259265625 0.41493055625 0.029835390625000003 0.4166666671875 0.021604937499999997 0.4236111109375 0.020576131249999997 0.43344907343749994 0.024691357812500002 0.4427083328125 0.028806584375 0.446759259375 0.0360082296875 0.4484953703125 0.0709876546875 0.4479166671875 0.0812757203125 0.4421296296875 0.08333333281250001 0.4270833328125 0.07921810625 0.41898148125
1 0.1399176953125 0.415509259375 0.12345679062499999 0.4137731484375 0.1224279828125 0.4137731484375 0.097736625 0.415509259375 0.087448559375 0.4230324078125 0.087448559375 0.4392361109375 0.09670781875 0.44733796249999996 0.13374485625000002 0.44733796249999996 0.141975309375 0.4456018515625 0.1471193421875 0.44097222187499996 0.1502057609375 0.42881944375 0.1471193421875 0.4207175921875 0.1399176953125 0.415509259375
1 0.2150205765625 0.4230324078125 0.2057613171875 0.41493055625 0.19650205781250002 0.4137731484375 0.1872427984375 0.4137731484375 0.16460905312500002 0.4143518515625 0.15534979375 0.41956018593750005 0.152263375 0.43402777812500004 0.1574074078125 0.4427083328125 0.16460905312500002 0.44618055625 0.19238683125 0.446759259375 0.2047325109375 0.4456018515625 0.21090535 0.4427083328125 0.2160493828125 0.4328703703125 0.2150205765625 0.4230324078125
1 0.279835390625 0.41898148125 0.2736625515625 0.4143518515625 0.26748971250000003 0.41319444375 0.261831275 0.41319444375 0.2335390953125 0.41319444375 0.22325102812500003 0.41782407343749994 0.220164609375 0.43460648125 0.2253086421875 0.4427083328125 0.230452675 0.4450231484375 0.2654320984375 0.4456018515625 0.2736625515625 0.443865740625 0.278806584375 0.44039351875 0.2818930046875 0.431134259375 0.279835390625 0.41898148125
1 0.34465020625 0.4166666671875 0.335390946875 0.412615740625 0.3297325109375 0.412615740625 0.3014403296875 0.412615740625 0.28909465 0.4172453703125 0.2860082296875 0.4236111109375 0.2870370375 0.4357638890625 0.296296296875 0.443865740625 0.335390946875 0.44444444375 0.34465020625 0.4421296296875 0.3487654328125 0.4375 0.34670781875 0.4201388890625 0.34465020625 0.4166666671875
1 0.4393004109375 0.42245370312499997 0.441358025 0.41956018593750005 0.4372427984375 0.4137731484375 0.411522634375 0.4108796296875 0.40637860156250005 0.4108796296875 0.36625514375 0.41203703750000004 0.355967078125 0.4143518515625 0.35082304531249997 0.4236111109375 0.35390946562500003 0.431134259375 0.3621399171875 0.4386574078125 0.36728394999999997 0.44039351875 0.375514403125 0.43981481406249995 0.4176954734375 0.4265046296875 0.4290123453125 0.42592592656250006 0.4393004109375 0.42245370312499997
1 0.6502057609375 0.40972222187499996 0.6111111109375 0.4079861109375 0.6059670781250001 0.4079861109375 0.5483539093750001 0.40914351875 0.54012345625 0.4137731484375 0.5411522640624999 0.4201388890625 0.5452674890625 0.4236111109375 0.5524691359375 0.42476851875 0.6100823046875 0.42476851875 0.6460905343750001 0.4236111109375 0.6563786015625 0.41956018593750005 0.6563786015625 0.412615740625 0.6502057609375 0.40972222187499996
1 0.7942386828125 0.40567129687500003 0.7888374484375 0.40567129687500003 0.7726337453125 0.40567129687500003 0.7633744859375 0.40914351875 0.7623456796875 0.4166666671875 0.7674897125 0.42129629687500003 0.8343621406249999 0.4230324078125 0.856995884375 0.4270833328125 0.8693415640625 0.4207175921875 0.8693415640625 0.4114583328125 0.8600823046875 0.40625 0.7942386828125 0.40567129687500003