0 0.5503018109375 0.45310734531249997 0.5010060359375 0.4514124296875 0.5 0.4514124296875 0.48490945625000004 0.4525423734375 0.4788732390625 0.45536723125 0.47484909531249997 0.4542372875 0.4768611671875 0.4627118640625 0.482897384375 0.46723163906250004 0.5432595578125 0.4677966109375 0.551307846875 0.46666666718750005 0.556338028125 0.4627118640625 0.5573440640625 0.45762711874999995 0.5503018109375 0.45310734531249997
0 0.7142857140625 0.4491525421875 0.7092555328125 0.4491525421875 0.7002012078125001 0.4497175140625 0.6921529171875 0.453672315625 0.6921529171875 0.46045197812499994 0.6991951703125 0.46497175156250004 0.7565392359375 0.46497175156250004 0.7645875249999999 0.46384180781250006 0.767605634375 0.46158192031249995 0.7686116703125 0.4542372875 0.7635814890625 0.4502824859375 0.7142857140625 0.4491525421875
0 0.8762575453125001 0.4485875703125 0.8742454734375 0.4485875703125 0.8621730375000001 0.453672315625 0.8561368203124999 0.46497175156250004 0.8571428578125 0.473446328125 0.870221328125 0.47796610156249997 0.9295774640625 0.46836158125000005 0.9366197187499999 0.4632768359375 0.9366197187499999 0.453672315625 0.9315895375000001 0.4502824859375 0.9175050296875 0.4485875703125 0.8762575453125001 0.4485875703125
0 0.41549295781250006 0.1361581921875 0.399396378125 0.1384180796875 0.392354125 0.14293785312500001 0.39336016093750004 0.1531073453125 0.399396378125 0.158192090625 0.43762575468750003 0.1587570625 0.4406438625 0.157062146875 0.4426559359375 0.141807909375 0.438631790625 0.1384180796875 0.424547284375 0.1361581921875 0.41549295781250006 0.1361581921875
0 0.42957746406249997 0.1621468921875 0.41046277656249996 0.16158192031250002 0.40643863125 0.16158192031250002 0.399396378125 0.1638418078125 0.39436619687499996 0.16836158125 0.39336016093750004 0.1757062140625 0.39738430625 0.18700565 0.4054325953125 0.1915254234375 0.43259557343750005 0.19039547968749998 0.43762575468750003 0.18813559375 0.4406438625 0.1796610171875 0.438631790625 0.1655367234375 0.42957746406249997 0.1621468921875
0 0.42119416562499995 0.1943502828125 0.40744466875 0.19491525468749998 0.4004024140625 0.2 0.399396378125 0.21355932187499999 0.40744466875 0.2248587578125 0.423541246875 0.225423728125 0.4315895375 0.2225988703125 0.43762575468750003 0.21751412499999997 0.438631790625 0.200564971875 0.42655935625 0.1943502828125 0.42119416562499995 0.1943502828125
0 0.424547284375 0.22881355937499998 0.41549295781250006 0.22881355937499998 0.40744466875 0.23220338906250002 0.40442655937499994 0.2372881359375 0.40643863125 0.2587570625 0.4124748484375 0.2666666671875 0.42555332031250004 0.26779661093749996 0.43259557343750005 0.26497175156249997 0.4356136828125 0.259322034375 0.43661971875 0.2372881359375 0.43259557343750005 0.23163841875000002 0.424547284375 0.22881355937499998
0 0.42655935625 0.27288135625 0.418511065625 0.27288135625 0.4114688125 0.274576271875 0.4084507046875 0.2790960453125 0.4084507046875 0.3079096046875 0.4114688125 0.31186440625 0.419517103125 0.3152542375 0.4305835015625 0.313559321875 0.43661971875 0.3056497171875 0.4356136828125 0.27966101718749997 0.433601609375 0.2757062140625 0.42655935625 0.27288135625
0 0.428571428125 0.3197740109375 0.419517103125 0.3197740109375 0.4124748484375 0.3220338984375 0.40945674062500004 0.3259887 0.40945674062500004 0.3525423734375 0.4114688125 0.3587570625 0.423541246875 0.3632768359375 0.43460764531249996 0.35988700625000003 0.438631790625 0.3542372875 0.438631790625 0.329943503125 0.433601609375 0.32146892656250003 0.428571428125 0.3197740109375
0 0.42555332031250004 0.3672316390625 0.421529175 0.3672316390625 0.414486921875 0.36949152500000004 0.41046277656249996 0.3751412421875 0.4114688125 0.402824859375 0.4175050296875 0.40847457656249997 0.42957746406249997 0.40960452031249994 0.43762575468750003 0.40677966093749995 0.4406438625 0.402824859375 0.4406438625 0.37909604531249996 0.438631790625 0.3717514125 0.42555332031250004 0.3672316390625
0 0.428571428125 0.41355932187500005 0.424547284375 0.41355932187500005 0.41549295781250006 0.41581920937500005 0.4114688125 0.4225988703125 0.4124748484375 0.4491525421875 0.42052313906250005 0.453672315625 0.43460764531249996 0.4542372875 0.4406438625 0.45310734531249997 0.443661971875 0.4497175140625 0.4426559359375 0.427683615625 0.438631790625 0.41638418125000004 0.428571428125 0.41355932187500005
1 0 0.490378359375 0.017102615625 0.4909604515625 0.027162978124999997 0.48983050781250004 0.036217303125 0.48587570625 0.037223340625000004 0.4661016953125 0.0331991953125 0.46158192031249995 0.025150904687499996 0.4587570625 0.020120725 0.4587570625 0 0.4587570625 0 0.490378359375
1 0.0945674046875 0.45932203437499997 0.0774647890625 0.45706214687499996 0.075452715625 0.45706214687499996 0.054325956249999995 0.458192090625 0.046277665625 0.46214689218749994 0.041247484375 0.4762711859375 0.045271629687499995 0.48587570625 0.050301810937500004 0.4892655375 0.0875251515625 0.48983050781250004 0.09356136875 0.488700565625 0.10060362187500001 0.48361581875 0.10060362187500001 0.46384180781250006 0.0945674046875 0.45932203437499997
1 0.1509054328125 0.45706214687499996 0.1307847078125 0.456497175 0.1257545265625 0.456497175 0.1177062375 0.45706214687499996 0.1086519109375 0.46214689218749994 0.105633803125 0.4751412421875 0.10965794843750001 0.48531073437499994 0.1136820921875 0.48813559375000004 0.12273641875 0.48983050781250004 0.15694165 0.48757062187500005 0.16297786718750001 0.4813559328125 0.16197183125 0.4632768359375 0.1509054328125 0.45706214687499996
1 0.22535211249999998 0.48418079062499997 0.22937625781249998 0.47796610156249997 0.22937625781249998 0.46666666718750005 0.22535211249999998 0.45988700624999995 0.2142857140625 0.455932203125 0.208752515625 0.455932203125 0.1780684109375 0.45706214687499996 0.17102615625 0.46101694843749996 0.1680080484375 0.4655367234375 0.1680080484375 0.4785310734375 0.17102615625 0.48418079062499997 0.1760563375 0.48700564999999996 0.184104628125 0.488700565625 0.208249496875 0.488700565625 0.2173038234375 0.48757062187500005 0.22535211249999998 0.48418079062499997
1 0.2806841046875 0.45536723125 0.274982896875 0.45536723125 0.2464788734375 0.455932203125 0.23641851093750002 0.46101694843749996 0.235412475 0.4785310734375 0.24245472812500002 0.48644067812499997 0.276659959375 0.48757062187500005 0.28873239375000004 0.48474576249999995 0.293762575 0.47796610156249997 0.293762575 0.4661016953125 0.28873239375000004 0.4587570625 0.2806841046875 0.45536723125
1 0.35311871250000004 0.45932203437499997 0.3440643859375 0.45480225937499996 0.3386991953125 0.45480225937499996 0.3128772640625 0.45536723125 0.3038229375 0.45762711874999995 0.29778672031250003 0.4655367234375 0.29778672031250003 0.4757062140625 0.305835009375 0.48531073437499994 0.3350100609375 0.48700564999999996 0.3511066390625 0.48531073437499994 0.3561368203125 0.48248587499999995 0.3571428578125 0.46666666718750005 0.35311871250000004 0.45932203437499997
1 0.423541246875 0.456497175 0.4084507046875 0.453672315625 0.40744466875 0.45310734531249997 0.365191146875 0.455932203125 0.35915492968749996 0.46384180781250006 0.363179075 0.47288135625 0.3782696171875 0.4790960453125 0.41649899375 0.46836158125000005 0.44969818906250003 0.46836158125000005 0.4597585515625 0.46497175156250004 0.4597585515625 0.45706214687499996 0.45573440625000006 0.45536723125 0.423541246875 0.456497175
1 0.6358148890625 0.4497175140625 0.575452715625 0.4519774015625 0.5684104624999999 0.455932203125 0.5684104624999999 0.46101694843749996 0.5764587531250001 0.46666666718750005 0.6710261562500001 0.4661016953125 0.6820925546875001 0.4632768359375 0.684104628125 0.455932203125 0.6780684109374999 0.4508474578125 0.636820925 0.4497175140625 0.6358148890625 0.4497175140625
1 0.8179074453125 0.4485875703125 0.8121227359375001 0.4485875703125 0.7947686109375 0.4485875703125 0.7837022124999999 0.45310734531249997 0.7826961765625 0.45762711874999995 0.78973843125 0.46384180781250006 0.825955734375 0.4655367234375 0.84305835 0.469491525 0.8490945671875 0.4677966109375 0.8541247484375001 0.456497175 0.850100603125 0.4497175140625 0.8179074453125 0.4485875703125
1 0.979879275 0.47796610156249997 0.987927565625 0.473446328125 0.9889336015625 0.45932203437499997 0.982897384375 0.4519774015625 0.97585513125 0.4491525421875 0.9718309859375 0.4508474578125 0.9688128765625 0.4491525421875 0.9668008046875001 0.4491525421875 0.9567404421875001 0.453672315625 0.957746478125 0.45932203437499997 0.9547283703125 0.46158192031249995 0.950704225 0.45706214687499996 0.9476861171875001 0.47118644062500004 0.950704225 0.4751412421875 0.9547283703125 0.472316384375 0.962776659375 0.47796610156249997 0.972837021875 0.4790960453125 0.979879275 0.47796610156249997