1 0.0627572015625 0.431134259375 0.06584362187500001 0.42592592656250006 0.06584362187500001 0.4108796296875 0.05761316875 0.40393518593750005 0.046296296875 0.4016203703125 0.0452674890625 0.4016203703125 0.019547324999999997 0.40219907343749994 0.009259259374999999 0.40567129687500003 0.005144032812499999 0.41030092656250006 0.0030864203125 0.4207175921875 0.005144032812499999 0.42881944375 0.011316871874999999 0.43402777812500004 0.018518518749999997 0.4357638890625 0.0442386828125 0.4357638890625 0.05761316875 0.43402777812500004 0.0627572015625 0.431134259375
1 0.12860082343749998 0.4050925921875 0.11625514374999998 0.4010416671875 0.0915637859375 0.4010416671875 0.087448559375 0.4010416671875 0.07716049375 0.4045138890625 0.0720164609375 0.4114583328125 0.0709876546875 0.42418981406249995 0.07510288125 0.43055555625 0.088477365625 0.43518518593750005 0.11625514374999998 0.43460648125 0.12654320937500002 0.4322916671875 0.13271605 0.42534722187499996 0.13374485625000002 0.41782407343749994 0.12860082343749998 0.4050925921875
1 0.1985596703125 0.4074074078125 0.1862139921875 0.4010416671875 0.18024691406249999 0.4010416671875 0.1491769546875 0.4016203703125 0.1409465015625 0.4050925921875 0.136831275 0.4201388890625 0.14300411562499998 0.431134259375 0.1543209875 0.43402777812500004 0.1697530859375 0.43402777812500004 0.18415637812500002 0.43344907343749994 0.1954732515625 0.4299768515625 0.199588478125 0.4230324078125 0.1985596703125 0.4074074078125
1 0.24588477343749998 0.399884259375 0.2150205765625 0.4010416671875 0.20679012343749997 0.40625 0.20370370312500002 0.4201388890625 0.2139917703125 0.43171296249999996 0.2520576125 0.4322916671875 0.25823045312500004 0.431134259375 0.2644032921875 0.4270833328125 0.2644032921875 0.40625 0.2520576125 0.399884259375 0.24588477343749998 0.399884259375
1 0.3333333328125 0.41493055625 0.32921810625000003 0.4050925921875 0.3209876546875 0.399884259375 0.31532921875 0.399884259375 0.2870370375 0.399884259375 0.2757201640625 0.40277777812500004 0.27057613125 0.40972222187499996 0.27057613125 0.421875 0.278806584375 0.43055555625 0.2932098765625 0.4322916671875 0.3199588484375 0.43171296249999996 0.3302469140625 0.428240740625 0.334362140625 0.42418981406249995 0.3333333328125 0.41493055625
1 0.43312757187499995 0.4114583328125 0.4372427984375 0.40856481406249995 0.4372427984375 0.40219907343749994 0.432098765625 0.399884259375 0.3971193421875 0.399884259375 0.3888888890625 0.3981481484375 0.38271605000000003 0.3981481484375 0.347736625 0.39930555624999997 0.3395061734375 0.4010416671875 0.335390946875 0.40567129687500003 0.335390946875 0.4137731484375 0.3405349796875 0.4201388890625 0.35082304531249997 0.42418981406249995 0.3590534984375 0.42418981406249995 0.39197530937499997 0.4137731484375 0.42386831249999996 0.41319444375 0.43312757187499995 0.4114583328125
1 0.645061728125 0.3952546296875 0.586419753125 0.3946759265625 0.5823045265625 0.3946759265625 0.5432098765625 0.396990740625 0.53909465 0.4016203703125 0.5411522640624999 0.40856481406249995 0.5483539093750001 0.4114583328125 0.5606995890625 0.41203703750000004 0.636831275 0.4108796296875 0.6481481484375 0.40856481406249995 0.65329218125 0.40393518593750005 0.6512345671875 0.3981481484375 0.645061728125 0.3952546296875
1 0.858024690625 0.4079861109375 0.858024690625 0.4010416671875 0.8518518515625001 0.3952546296875 0.8374485593750001 0.3929398140625 0.7952674890625 0.3929398140625 0.7911522640624999 0.3929398140625 0.7654320984375 0.39409722187499996 0.760288065625 0.3958333328125 0.7572016453125 0.399884259375 0.760288065625 0.40682870312499997 0.779835390625 0.40972222187499996 0.80967078125 0.40972222187499996 0.8415637859375 0.41782407343749994 0.8477366249999999 0.4172453703125 0.853909465625 0.4137731484375 0.858024690625 0.4079861109375
1 0.9835390953125 0.39409722187499996 0.970164609375 0.3923611109375 0.9650205765625 0.3923611109375 0.9444444437499999 0.3923611109375 0.9351851859375 0.39756944375000003 0.931069959375 0.40682870312499997 0.931069959375 0.4166666671875 0.9434156375 0.42418981406249995 0.9763374484374999 0.42418981406249995 0.9897119343749999 0.41898148125 0.9927983546875 0.4079861109375 0.9897119343749999 0.3981481484375 0.9835390953125 0.39409722187499996
0 0.411522634375 0.051504629687500005 0.3796296296875 0.05208333281250001 0.375514403125 0.0543981484375 0.375514403125 0.059606481249999996 0.3816872421875 0.061921296875 0.41872427968750003 0.0625 0.4218107 0.059027778125 0.4197530859375 0.049768518750000004 0.41563785937500003 0.049768518750000004 0.411522634375 0.051504629687500005
0 0.3909465015625 0.06539351875 0.3724279828125 0.0706018515625 0.3683127578125 0.07638888906249999 0.3683127578125 0.0856481484375 0.3786008234375 0.09201388906249999 0.41358024687499995 0.0914351859375 0.41872427968750003 0.087384259375 0.4197530859375 0.0740740734375 0.41563785937500003 0.0700231484375 0.39300411562500004 0.06539351875 0.3909465015625 0.06539351875
0 0.4176954734375 0.09953703750000001 0.40637860156250005 0.0949074078125 0.38580246875 0.09375 0.38374485625 0.09375 0.37345679062500003 0.0978009265625 0.3703703703125 0.10185185156250001 0.3703703703125 0.109375 0.37654320937499997 0.12210648125000001 0.38271605000000003 0.125 0.3971193421875 0.1232638890625 0.4104938265625 0.124421296875 0.41460905312499996 0.1226851859375 0.41872427968750003 0.11574074062499999 0.4176954734375 0.09953703750000001
0 0.4166666671875 0.1325231484375 0.4104938265625 0.12789351875 0.394032921875 0.12673611093749998 0.39300411562500004 0.12673611093749998 0.3796296296875 0.1290509265625 0.374485596875 0.1359953703125 0.374485596875 0.14409722187500001 0.3806584359375 0.15625 0.3847736625 0.1585648140625 0.39609053437499997 0.15972222187500001 0.411522634375 0.1574074078125 0.4166666671875 0.14930555625 0.4176954734375 0.13773148125 0.4166666671875 0.1325231484375
0 0.40534979375 0.16319444375 0.39609053437499997 0.162615740625 0.39300411562500004 0.162615740625 0.3888888890625 0.16319444375 0.3816872421875 0.16898148125 0.38271605000000003 0.1927083328125 0.386831275 0.20023148124999998 0.39197530937499997 0.203125 0.402263375 0.20370370312500002 0.411522634375 0.1984953703125 0.41460905312499996 0.17361111093749998 0.411522634375 0.1660879625 0.40534979375 0.16319444375
0 0.402263375 0.20833333281250002 0.3971193421875 0.20833333281250002 0.3878600828125 0.21064814843750002 0.3847736625 0.22164351875000002 0.386831275 0.24710648124999998 0.394032921875 0.2517361109375 0.39917695468750003 0.2523148140625 0.411522634375 0.2476851859375 0.41460905312499996 0.24247685156249998 0.41358024687499995 0.215277778125 0.4104938265625 0.21064814843750002 0.402263375 0.20833333281250002
0 0.402263375 0.2557870375 0.4012345671875 0.2557870375 0.39300411562500004 0.25694444375000003 0.386831275 0.26273148125 0.3878600828125 0.2951388890625 0.3909465015625 0.2991898140625 0.3981481484375 0.3015046296875 0.411522634375 0.2991898140625 0.4166666671875 0.2922453703125 0.41563785937500003 0.2633101859375 0.411522634375 0.25868055624999997 0.402263375 0.2557870375
0 0.41563785937500003 0.3101851859375 0.40637860156250005 0.306134259375 0.3971193421875 0.306134259375 0.39300411562500004 0.3072916671875 0.3878600828125 0.3136574078125 0.3878600828125 0.33680555624999997 0.3899176953125 0.3460648140625 0.39300411562500004 0.3489583328125 0.4002057609375 0.35069444375000003 0.41460905312499996 0.3489583328125 0.41872427968750003 0.34375 0.4176954734375 0.3142361109375 0.41563785937500003 0.3101851859375
0 0.4176954734375 0.3582175921875 0.4104938265625 0.3553240734375 0.404835390625 0.3553240734375 0.39917695468750003 0.3553240734375 0.3909465015625 0.358796296875 0.3888888890625 0.3645833328125 0.3909465015625 0.39351851875 0.394032921875 0.3958333328125 0.40432098749999995 0.39756944375000003 0.41460905312499996 0.396990740625 0.42078189374999997 0.3946759265625 0.4197530859375 0.3634259265625 0.4176954734375 0.3582175921875
0 0.494032921875 0.3958333328125 0.4557613171875 0.39756944375000003 0.451646090625 0.40335648125 0.45370370312499997 0.40972222187499996 0.46193415625 0.412615740625 0.5164609046875 0.412615740625 0.530864196875 0.40972222187499996 0.5329218109375 0.40219907343749994 0.527777778125 0.39756944375000003 0.5 0.3958333328125 0.494032921875 0.3958333328125
0 0.7067901234375 0.39351851875 0.7057613171875 0.3929398140625 0.6851851859375 0.39351851875 0.6759259265625001 0.3958333328125 0.67078189375 0.4016203703125 0.6748971187499999 0.4079861109375 0.6800411515625 0.40972222187499996 0.741769546875 0.40972222187499996 0.74897119375 0.40682870312499997 0.75 0.39756944375000003 0.741769546875 0.39351851875 0.7067901234375 0.39351851875
0 0.8909465015625001 0.3923611109375 0.8786008234375 0.39351851875 0.86728395 0.3981481484375 0.8662551437499999 0.40972222187499996 0.8765432093750001 0.41608796249999996 0.9156378593750001 0.41319444375 0.9228395062500001 0.41030092656250006 0.9269547328125001 0.39930555624999997 0.9228395062500001 0.39409722187499996 0.9002057609375 0.3923611109375 0.8909465015625001 0.3923611109375