1 0.4034205234375 0.445197740625 0.42957746406249997 0.44011299375 0.5020120718750001 0.43954802187500003 0.5090543265624999 0.43785310781250003 0.5110663984375 0.431073446875 0.5090543265624999 0.42711864374999997 0.49899396406249996 0.4242937859375 0.4934607640625 0.4242937859375 0.4617706234375 0.4248587578125 0.4517102609375 0.42937853125 0.443661971875 0.42994350312499996 0.433601609375 0.42994350312499996 0.42052313906250005 0.425423728125 0.4034205234375 0.425423728125 0.39436619687499996 0.428813559375 0.39134808906249996 0.4327683609375 0.392354125 0.4384180796875 0.4034205234375 0.445197740625
1 0.7183098593749999 0.42316384218750003 0.71026156875 0.4214689265625 0.677062375 0.4220338984375 0.6760563375 0.4214689265625 0.614688128125 0.4237288140625 0.6096579484375 0.4282485875 0.610663984375 0.43389830468749996 0.6167002015625 0.43785310781250003 0.6609657953125 0.43785310781250003 0.71026156875 0.43672316406249995 0.72032193125 0.4350282484375 0.7243460765624999 0.4322033890625 0.723340040625 0.425423728125 0.7183098593749999 0.42316384218750003
1 0.8792756546874999 0.42033898281250004 0.8551307843749999 0.4209039546875 0.8541247484375001 0.42033898281250004 0.8370221328125 0.4209039546875 0.82897384375 0.4242937859375 0.82796780625 0.42994350312499996 0.8329979875 0.4350282484375 0.8792756546874999 0.44802259843750003 0.8963782703125001 0.445197740625 0.909456740625 0.43954802187500003 0.9134808859374999 0.43163841875 0.9054325953125 0.4237288140625 0.8792756546874999 0.42033898281250004
1 1 0.423210921875 0.9989939640625 0.4225988703125 0.996981890625 0.4225988703125 0.9849094562499999 0.4242937859375 0.979879275 0.4282485875 0.9738430578124999 0.44011299375 0.97585513125 0.44802259843750003 0.9859154921875 0.4514124296875 1 0.45094715937499996 1 0.423210921875
1 0.06338028125 0.43728813593750004 0.056338028124999995 0.43163841875 0.0472837015625 0.42994350312499996 0.0420523140625 0.42994350312499996 0.0160965796875 0.430508475 0.00503018125 0.43615819218749996 0.002012071875 0.44180790937500003 0.003018109375 0.4519774015625 0.00503018125 0.45706214687499996 0.012072434375 0.46158192031249995 0.052313882812500004 0.46158192031249995 0.061368209375 0.45762711874999995 0.0643863171875 0.4519774015625 0.06338028125 0.43728813593750004
1 0.1257545265625 0.4350282484375 0.11670020156250001 0.42994350312499996 0.09255533125 0.428813559375 0.08953722343750001 0.428813559375 0.0774647890625 0.430508475 0.0694164984375 0.43728813593750004 0.0684104625 0.4508474578125 0.071428571875 0.456497175 0.080482896875 0.46158192031249995 0.1177062375 0.46045197812499994 0.124748490625 0.45706214687499996 0.1277666 0.4514124296875 0.1287726359375 0.44067796562500006 0.1257545265625 0.4350282484375
1 0.177062375 0.4282485875 0.15191146875 0.4282485875 0.1478873234375 0.4282485875 0.136820925 0.4322033890625 0.13279678125 0.4384180796875 0.13279678125 0.4519774015625 0.1358148890625 0.45706214687499996 0.1458752515625 0.46101694843749996 0.17102615625 0.46101694843749996 0.1851106640625 0.4587570625 0.193158953125 0.4485875703125 0.1901408453125 0.43333333281249997 0.177062375 0.4282485875
1 0.2444668015625 0.427683615625 0.23893360156250001 0.427683615625 0.2092555328125 0.4282485875 0.2002012078125 0.4327683609375 0.19818913437500002 0.4497175140625 0.2052313890625 0.458192090625 0.213279678125 0.45988700624999995 0.2434607640625 0.45932203437499997 0.25352112656250003 0.455932203125 0.257545271875 0.4491525421875 0.2565392359375 0.4350282484375 0.2444668015625 0.427683615625
1 0.3199195171875 0.43163841875 0.30985915468749997 0.42711864374999997 0.3042253515625 0.42711864374999997 0.2736418515625 0.427683615625 0.2686116703125 0.428813559375 0.2635814890625 0.43333333281249997 0.2615694171875 0.44632768437500003 0.266599596875 0.45536723125 0.271629778125 0.458192090625 0.30684104687499997 0.4587570625 0.32092555312500004 0.453672315625 0.32193158906249997 0.4350282484375 0.3199195171875 0.43163841875
1 0.3812877265625 0.4282485875 0.375251509375 0.4259887 0.37323943593750003 0.4259887 0.33802816875 0.42711864374999997 0.32897384375 0.431073446875 0.3269617703125 0.44802259843750003 0.3340040234375 0.45706214687499996 0.36820925625 0.45762711874999995 0.3782696171875 0.455932203125 0.38631790781249997 0.4519774015625 0.3903420515625 0.44632768437500003 0.389336015625 0.43898305156250006 0.3812877265625 0.4282485875
0 0.424547284375 0.1050847453125 0.40643863125 0.112429378125 0.4054325953125 0.1209039546875 0.4084507046875 0.1259887 0.41649899375 0.12937853125 0.44668008124999997 0.12937853125 0.4547283703125 0.1248587578125 0.45573440625000006 0.11186440625 0.4426559359375 0.1050847453125 0.42756539218749995 0.1050847453125 0.424547284375 0.1050847453125
0 0.4527162984375 0.1361581921875 0.4426559359375 0.1322033890625 0.43687122812499996 0.1322033890625 0.419517103125 0.1322033890625 0.4124748484375 0.1338983046875 0.4084507046875 0.1372881359375 0.40744466875 0.1474576265625 0.41046277656249996 0.156497175 0.419517103125 0.1621468921875 0.4426559359375 0.16158192031250002 0.4517102609375 0.158192090625 0.4547283703125 0.14067796562499998 0.4527162984375 0.1361581921875
0 0.4476861171875 0.1666666671875 0.43762575468750003 0.1649717515625 0.4315895375 0.1649717515625 0.42052313906250005 0.1655367234375 0.41649899375 0.1677966109375 0.4124748484375 0.17796610156249998 0.41549295781250006 0.1926553671875 0.421529175 0.19661016874999998 0.42957746406249997 0.1977401125 0.44466800781250004 0.1954802265625 0.4517102609375 0.1892655375 0.4517102609375 0.170056496875 0.4476861171875 0.1666666671875
0 0.4356136828125 0.200564971875 0.4305835015625 0.200564971875 0.421529175 0.20395480156249998 0.418511065625 0.20790960468750003 0.42052313906250005 0.23333333281250002 0.428571428125 0.24011299375 0.438631790625 0.240677965625 0.44466800781250004 0.2384180796875 0.448692153125 0.2338983046875 0.45070422499999996 0.2090395484375 0.4476861171875 0.2045197734375 0.4356136828125 0.200564971875
0 0.4356136828125 0.24519774062500002 0.42555332031250004 0.24689265468750002 0.421529175 0.25423728749999996 0.42253521093749996 0.2807909609375 0.433601609375 0.287570621875 0.44466800781250004 0.28587570625000003 0.45070422499999996 0.2785310734375 0.44969818906250003 0.25254237343749997 0.4476861171875 0.2485875703125 0.4406438625 0.24519774062500002 0.4356136828125 0.24519774062500002
0 0.443661971875 0.29265536718749996 0.4356136828125 0.29265536718749996 0.43460764531249996 0.2920903953125 0.42957746406249997 0.29265536718749996 0.423541246875 0.29830508437500003 0.423541246875 0.32824858749999997 0.4305835015625 0.3344632765625 0.438631790625 0.3355932203125 0.44668008124999997 0.33389830468750004 0.4517102609375 0.32937853125 0.4527162984375 0.3045197734375 0.448692153125 0.2949152546875 0.443661971875 0.29265536718749996
0 0.43661971875 0.339548021875 0.42555332031250004 0.344067796875 0.424547284375 0.37062146875 0.42957746406249997 0.3807909609375 0.438631790625 0.383050846875 0.44969818906250003 0.3807909609375 0.4547283703125 0.374576271875 0.4527162984375 0.34463276875000004 0.44668008124999997 0.34067796562499997 0.43963782656249994 0.339548021875 0.43661971875 0.339548021875
0 0.4426559359375 0.386440678125 0.43661971875 0.386440678125 0.42756539218749995 0.3903954796875 0.42555332031250004 0.3943502828125 0.42555332031250004 0.4225988703125 0.4315895375 0.4259887 0.448692153125 0.426553671875 0.45573440625000006 0.4248587578125 0.45774647812499997 0.4209039546875 0.45573440625000006 0.3960451984375 0.4527162984375 0.3898305078125 0.4426559359375 0.386440678125
0 0.5472837015625001 0.4225988703125 0.5311871234375001 0.4242937859375 0.5251509046875 0.427683615625 0.5261569421875001 0.43446327656249994 0.5311871234375001 0.4384180796875 0.5945674046875 0.4384180796875 0.6036217296874999 0.43389830468749996 0.6036217296874999 0.4282485875 0.59859155 0.4242937859375 0.5503018109375 0.4225988703125 0.5472837015625001 0.4225988703125
0 0.757545271875 0.42033898281250004 0.747484909375 0.4225988703125 0.7434607640625 0.425423728125 0.7444668015625 0.4327683609375 0.7555331984375 0.43672316406249995 0.811871228125 0.43615819218749996 0.8209255531249999 0.431073446875 0.8199195171874999 0.4248587578125 0.811871228125 0.4209039546875 0.7615694171875 0.42033898281250004 0.757545271875 0.42033898281250004
0 0.972837021875 0.4209039546875 0.9567404421875001 0.4197740109375 0.9557344062500001 0.4192090390625 0.9275653921875 0.42033898281250004 0.9205231390625 0.4248587578125 0.9215291750000001 0.4350282484375 0.9346076453125001 0.44067796562500006 0.9476861171875001 0.44124293750000004 0.950704225 0.44406779687500003 0.957746478125 0.44463276875 0.9668008046875001 0.44237288125 0.97585513125 0.4242937859375 0.972837021875 0.4209039546875