0 0.46123260468750005 0.42849162031250004 0.45228628281249994 0.42849162031250004 0.4413518890625 0.432402234375 0.43836978125000003 0.4575419 0.442345925 0.4631284921875 0.44831013906250006 0.4659217875 0.46719681875 0.46703910625 0.473161034375 0.46368715156249996 0.47514910468749993 0.453631284375 0.4701789265625 0.44581005625000003 0.46918489062499996 0.432402234375 0.46123260468750005 0.42849162031250004
0 0.44731610312500003 0.335754190625 0.43836978125000003 0.34022346406250004 0.4373757453125 0.3608938546875 0.4413518890625 0.3748603359375 0.449304175 0.37765363125 0.46222664062499996 0.375977653125 0.46719681875 0.36927374375 0.4662027828125 0.3424581 0.4642147125 0.3391061453125 0.45427435312500003 0.335754190625 0.44731610312500003 0.335754190625
0 0.45526838906249995 0.3815642453125 0.4502982109375 0.3815642453125 0.4413518890625 0.3849162015625 0.43936381718749995 0.38826815625 0.43936381718749995 0.41508379843750004 0.4433399609375 0.422905028125 0.458250496875 0.42458100625000006 0.46520874687499997 0.422905028125 0.46819085468750005 0.41955307187499996 0.46819085468750005 0.39050279374999997 0.46520874687499997 0.3849162015625 0.45526838906249995 0.3815642453125
0 0.45427435312500003 0.28826815625 0.4463220671875 0.28826815625 0.440357853125 0.289944134375 0.436381709375 0.2949720671875 0.436381709375 0.3167597765625 0.43836978125000003 0.32625698281250004 0.449304175 0.331284915625 0.46023856875 0.3290502796875 0.46520874687499997 0.320670390625 0.4642147125 0.2955307265625 0.46023856875 0.289944134375 0.45427435312500003 0.28826815625
0 0.46023856875 0.2072625703125 0.4463220671875 0.20614525156250002 0.4433399609375 0.20614525156250002 0.433399603125 0.2078212296875 0.429423459375 0.210614525 0.4284294234375 0.2262569828125 0.43439363750000004 0.2374301671875 0.4433399609375 0.2402234640625 0.45228628281249994 0.2402234640625 0.46023856875 0.2379888265625 0.4632206765625 0.23463687187499999 0.4662027828125 0.21229050312500003 0.46023856875 0.2072625703125
0 0.45427435312500003 0.24357541875000002 0.44831013906250006 0.24357541875000002 0.442345925 0.24357541875000002 0.4373757453125 0.24581005625 0.433399603125 0.25251396718749997 0.43439363750000004 0.2737430171875 0.43836978125000003 0.28100558593749997 0.4443339953125 0.2837988828125 0.458250496875 0.2821229046875 0.4632206765625 0.275977653125 0.46222664062499996 0.2480446921875 0.45427435312500003 0.24357541875000002
0 0.4642147125 0.17541899375 0.45228628281249994 0.1731843578125 0.4463220671875 0.1731843578125 0.43439363750000004 0.17374301718750002 0.4234592453125 0.179329609375 0.422465209375 0.18826815624999998 0.42544731562500004 0.1960893859375 0.43439363750000004 0.2033519546875 0.458250496875 0.2033519546875 0.46520874687499997 0.19888268125 0.46819085468750005 0.1921787703125 0.46719681875 0.178212290625 0.4642147125 0.17541899375
0 0.422465209375 0.1290502796875 0.41948310156249996 0.13296089375 0.4214711734375 0.14078212343750002 0.42544731562500004 0.1424581 0.46520874687499997 0.1424581 0.4711729625 0.1368715078125 0.4711729625 0.13072625625 0.4662027828125 0.12681564218750002 0.4592445328125 0.12681564218750002 0.422465209375 0.1290502796875
0 0.45104373750000004 0.145251396875 0.4304174953125 0.14581005625000001 0.4204771375 0.1513966484375 0.4214711734375 0.164245809375 0.4274353875 0.1703910609375 0.4632206765625 0.1703910609375 0.46918489062499996 0.1631284921875 0.4701789265625 0.1508379890625 0.4632206765625 0.146368715625 0.45626242499999997 0.145251396875 0.45104373750000004 0.145251396875
0 0.6371769390625001 0.4497206703125 0.63419483125 0.4497206703125 0.6242544734375 0.45027932968749995 0.6133200796875 0.453631284375 0.6113320078125 0.45810055937499994 0.6182902578125 0.465363128125 0.6749502984375 0.4659217875 0.6838966203125 0.46480446875 0.6888667984375 0.4620111734375 0.6888667984375 0.453631284375 0.678926440625 0.4497206703125 0.6371769390625001 0.4497206703125
0 0.8330019875 0.44916201093749997 0.8270377734375 0.45251396718750003 0.8290258453125 0.4620111734375 0.8797216703125 0.4726256984375 0.8846918484374999 0.46983240156250006 0.8886679921875 0.4608938546875 0.8886679921875 0.453072625 0.8797216703125 0.44860335156250003 0.874751490625 0.44860335156250003 0.8330019875 0.44916201093749997
0 1 0.44875571406250003 0.9990059640625001 0.44860335156250003 0.9970178921875 0.44860335156250003 0.9850894625000001 0.453631284375 0.9860834984375 0.4748603359375 0.9930417500000001 0.47877095000000003 1 0.47877095000000003 1 0.44875571406250003
1 0 0.49106145312500005 0.015904571875000002 0.49106145312500005 0.03280318125 0.489385475 0.03976143125 0.486592178125 0.0427435390625 0.4810055859375 0.041749503125 0.4659217875 0.0367793234375 0.4608938546875 0.026838965625 0.4586592171875 0.0218687875 0.4586592171875 0 0.459171321875 0 0.49106145312500005
1 0.1023856859375 0.465363128125 0.1003976140625 0.4620111734375 0.08946322031250001 0.4575419 0.08349900625 0.4575419 0.0656063625 0.4575419 0.05069582500000001 0.4620111734375 0.045725646875 0.468156425 0.045725646875 0.47988826875 0.0497017890625 0.487709496875 0.0765407546875 0.48994413437500006 0.0914512921875 0.489385475 0.0984095421875 0.486592178125 0.1043737578125 0.478212290625 0.1023856859375 0.465363128125
1 0.143141153125 0.45642458125 0.139165009375 0.45642458125 0.11928429375 0.4575419 0.1083499 0.46424580937500004 0.1073558640625 0.47988826875 0.11630218750000001 0.48882681562499997 0.1570576546875 0.48826815625000003 0.1669980125 0.4815642453125 0.16799204843749999 0.466480446875 0.16500994062500002 0.4620111734375 0.15606361875000002 0.4575419 0.143141153125 0.45642458125
1 0.23161033749999999 0.4659217875 0.2276341953125 0.4603351953125 0.2166998015625 0.45642458125 0.2112326046875 0.45642458125 0.1838966203125 0.45642458125 0.1749502984375 0.4608938546875 0.171968190625 0.4659217875 0.171968190625 0.478212290625 0.1749502984375 0.48435754218750005 0.17992047656250001 0.48715083750000004 0.21073558593750003 0.48826815625000003 0.22664015937499998 0.4849162015625 0.23161033749999999 0.478212290625 0.23161033749999999 0.4659217875
1 0.28528827031250004 0.45642458125 0.277335984375 0.45530726250000003 0.27137176875 0.45530726250000003 0.246520875 0.45642458125 0.23757455312500003 0.46256983281249997 0.2365805171875 0.478212290625 0.2415506953125 0.4849162015625 0.24751491093750003 0.48715083750000004 0.27932405625 0.48715083750000004 0.29025845 0.4837988828125 0.295228628125 0.4726256984375 0.29324055625 0.4614525140625 0.28528827031250004 0.45642458125
1 0.35884691874999997 0.46368715156249996 0.35685884687499997 0.4597765359375 0.3469184890625 0.45530726250000003 0.341948309375 0.45530726250000003 0.310139165625 0.45586592187499997 0.30417495 0.4586592171875 0.3001988078125 0.46424580937500004 0.3001988078125 0.47653631250000006 0.310139165625 0.48603352031249997 0.3310139171875 0.48715083750000004 0.34791252500000003 0.48603352031249997 0.354870775 0.48324022343750006 0.3598409546875 0.4743016765625 0.35884691874999997 0.46368715156249996
1 0.43538767343749996 0.46256983281249997 0.4304174953125 0.45642458125 0.4234592453125 0.45418994375 0.41716401562499994 0.45418994375 0.37673956249999996 0.45530726250000003 0.367793240625 0.45810055937499994 0.36381709687499997 0.46424580937500004 0.36381709687499997 0.4726256984375 0.37276341875 0.48435754218750005 0.38767395625 0.48547486093750003 0.396620278125 0.4837988828125 0.4304174953125 0.4715083796875 0.43538767343749996 0.466480446875 0.43538767343749996 0.46256983281249997
1 0.577534790625 0.45139664843749994 0.4950298203125 0.4519553078125 0.4940357859375 0.45139664843749994 0.48508946249999996 0.4519553078125 0.480119284375 0.45810055937499994 0.48111332031250004 0.4631284921875 0.48807157031250004 0.467597765625 0.5785288265624999 0.46703910625 0.5864811140625 0.4659217875 0.5914512921874999 0.4614525140625 0.5914512921874999 0.45698324062499995 0.5874751484375 0.453072625 0.577534790625 0.45139664843749994
1 0.7465208750000001 0.44916201093749997 0.7455268390625001 0.44860335156250003 0.6988071578125 0.45139664843749994 0.6948310140625 0.454748603125 0.6958250500000001 0.4620111734375 0.7017892640625 0.46480446875 0.7803180921874999 0.46480446875 0.7982107359375 0.46368715156249996 0.8051689859375 0.4592178765625 0.8041749499999999 0.453631284375 0.7952286281250001 0.4497206703125 0.7465208750000001 0.44916201093749997
1 0.9711729625000001 0.45586592187499997 0.9632206765625 0.4497206703125 0.956262425 0.4480446921875 0.9511501000000001 0.4480446921875 0.9045725640625 0.44860335156250003 0.89860835 0.4508379890625 0.8906560640625001 0.45810055937499994 0.8906560640625001 0.4715083796875 0.8976143140625 0.4743016765625 0.9294234593749999 0.4720670390625 0.9433399609374999 0.46927374374999997 0.9612326046874999 0.46927374374999997 0.9701789265625 0.46256983281249997 0.9711729625000001 0.45586592187499997