0 0.45901639375 0.4441887234375 0.450819671875 0.43268124218750004 0.4415983609375 0.43095512031250005 0.4405737703125 0.430379746875 0.43135245937500005 0.4315304953125 0.42520491875 0.4384349828125 0.42622950781249996 0.4493670890625 0.4334016390625 0.45627157656249995 0.445696721875 0.46087456875 0.479508196875 0.46029919374999995 0.484631146875 0.45627157656249995 0.4836065578125 0.4487917140625 0.47848360625 0.4459148453125 0.45901639375 0.4441887234375
0 0.4375 0.2387802078125 0.4323770484375 0.2387802078125 0.4231557375 0.2399309546875 0.417008196875 0.24626006875 0.41803278749999995 0.2721518984375 0.422131146875 0.27905638593750004 0.43032786874999995 0.28193325625 0.4415983609375 0.280207134375 0.44774590156249994 0.2744533953125 0.44774590156249994 0.24856156562499998 0.44364754062499995 0.24108170312500002 0.4375 0.2387802078125
0 0.403688525 0.1168009203125 0.4047131140625 0.126582278125 0.41495901562500004 0.130034521875 0.44774590156249994 0.12888377499999998 0.4538934421875 0.12428078281249999 0.4538934421875 0.11392405000000001 0.44877049218750004 0.112197928125 0.4231557375 0.112197928125 0.4211065578125 0.112197928125 0.403688525 0.1168009203125
0 0.445696721875 0.13233601875 0.43954917968749996 0.13176064375000002 0.4344262296875 0.13176064375000002 0.41905737656250003 0.13176064375000002 0.40983606562499997 0.133486765625 0.4047131140625 0.1369390109375 0.403688525 0.1507479859375 0.41188524531250004 0.16052934375 0.436475409375 0.16168009218749999 0.44877049218750004 0.1593785953125 0.4538934421875 0.14672036875 0.452868853125 0.1380897578125 0.445696721875 0.13233601875
0 0.44467213125000005 0.16455696250000001 0.43032786874999995 0.1634062140625 0.42622950781249996 0.1634062140625 0.41598360625 0.16455696250000001 0.40983606562499997 0.16743383125 0.4067622953125 0.17203682343749999 0.41086065625 0.1898734171875 0.41905737656250003 0.19505178437499998 0.438524590625 0.194476409375 0.44467213125000005 0.1933256609375 0.44979508125 0.18929804374999998 0.450819671875 0.1685845796875 0.44467213125000005 0.16455696250000001
0 0.42622950781249996 0.19792865312500002 0.41598360625 0.2008055234375 0.41188524531250004 0.20655926406249997 0.41290983593749997 0.22209436093749998 0.4200819671875 0.23245109375 0.436475409375 0.23475258906250002 0.4467213109375 0.22899885000000003 0.44979508125 0.2071346375 0.445696721875 0.199654775 0.43545082031250004 0.19792865312500002 0.42622950781249996 0.19792865312500002
0 0.436475409375 0.285960875 0.4334016390625 0.285960875 0.42622950781249996 0.287111621875 0.4211065578125 0.291139240625 0.4200819671875 0.31588032187500004 0.4231557375 0.3262370546875 0.4344262296875 0.330264671875 0.4467213109375 0.32738780156249997 0.44979508125 0.31818181874999996 0.44877049218750004 0.2940161109375 0.44467213125000005 0.2888377453125 0.436475409375 0.285960875
0 0.4375 0.333716915625 0.43545082031250004 0.333716915625 0.42725409843750006 0.3348676640625 0.422131146875 0.33774453437499996 0.4211065578125 0.3653624859375 0.42520491875 0.37456846875 0.4334016390625 0.3780207140625 0.4426229515625 0.3780207140625 0.450819671875 0.371116225 0.450819671875 0.34177215156249996 0.44877049218750004 0.33774453437499996 0.4375 0.333716915625
0 0.436475409375 0.3826237046875 0.4282786890625 0.38377445312499997 0.4231557375 0.38895281875 0.4231557375 0.41714614531249994 0.43032786874999995 0.426352128125 0.44467213125000005 0.42750287656249997 0.452868853125 0.4217491375 0.4538934421875 0.40103567343749996 0.450819671875 0.3866513234375 0.4405737703125 0.3826237046875 0.436475409375 0.3826237046875
0 0.6280737703125 0.4441887234375 0.6229508203125 0.4499424625 0.6260245906249999 0.45684695 0.633196721875 0.459148446875 0.6977459015624999 0.457422325 0.7018442625 0.448216340625 0.695696721875 0.44303797500000003 0.6629098359375 0.4424626 0.65642110625 0.4424626 0.6280737703125 0.4441887234375
0 0.8555327875 0.44131185312500004 0.8452868859375 0.4470655921875 0.8452868859375 0.45627157656249995 0.8545081968750001 0.4614499421875 0.8862704921875 0.46950517812500003 0.8944672125 0.4666283078125 0.8985655734375 0.462600690625 0.89651639375 0.4476409671875 0.8852459015624999 0.44131185312500004 0.8627049187500001 0.44131185312500004 0.8555327875 0.44131185312500004
0 1 0.44342155781250003 0.9948770484375 0.44533947031250004 0.9897540984375001 0.45339470625 0.9866803281250001 0.46375143906250005 0.9897540984375001 0.46950517812500003 0.9948770484375 0.4723820484375 1 0.472279303125 1 0.44342155781250003
1 0 0.48347854687499997 0.001024590625 0.483889528125 0.039959015625 0.4833141546875 0.048155737500000004 0.4792865359375 0.0512295078125 0.473532796875 0.0512295078125 0.46029919374999995 0.0430327875 0.4528193328125 0.032786885937499996 0.4510932109375 0.0271516390625 0.4510932109375 0.0040983609375 0.451668584375 0 0.452654940625 0 0.48347854687499997
1 0.09938524531250001 0.4499424625 0.09118852499999999 0.4499424625 0.0676229515625 0.4510932109375 0.0573770484375 0.45684695 0.056352459375 0.4775604140625 0.0665983609375 0.48273877968749995 0.09938524531250001 0.4833141546875 0.11372950781249999 0.4792865359375 0.11680327812499999 0.473532796875 0.11680327812499999 0.45972382031250003 0.11372950781249999 0.45454545468749996 0.09938524531250001 0.4499424625
1 0.181352459375 0.45684695 0.1782786890625 0.45339470625 0.1680327875 0.4493670890625 0.16229508125 0.4493670890625 0.133196721875 0.4499424625 0.126024590625 0.45339470625 0.1209016390625 0.46202531718750006 0.1209016390625 0.4712313 0.1280737703125 0.48101265781249997 0.1362704921875 0.48273877968749995 0.16393442656249999 0.48273877968749995 0.179303278125 0.4781357875 0.1823770484375 0.473532796875 0.181352459375 0.45684695
1 0.243852459375 0.4528193328125 0.23463114687500003 0.4487917140625 0.22848360625000003 0.4487917140625 0.200819671875 0.4493670890625 0.1895491796875 0.45454545468749996 0.186475409375 0.4689298046875 0.1895491796875 0.47525891875 0.1967213109375 0.48043728437500005 0.22336065624999998 0.4815880328125 0.24282786875 0.47871116249999995 0.2479508203125 0.472957421875 0.24692622968750003 0.45684695 0.243852459375 0.4528193328125
1 0.3125 0.4522439578125 0.3022540984375 0.448216340625 0.29651639375 0.448216340625 0.263319671875 0.4487917140625 0.25512295156250003 0.4522439578125 0.2520491796875 0.46950517812500003 0.2592213109375 0.4792865359375 0.2674180328125 0.48101265781249997 0.28790983593749997 0.48101265781249997 0.3022540984375 0.4792865359375 0.30737704843749997 0.476409665625 0.3155737703125 0.457422325 0.3125 0.4522439578125
1 0.318647540625 0.4614499421875 0.3145491796875 0.471806675 0.3165983609375 0.4775604140625 0.325819671875 0.48043728437500005 0.341188525 0.4798619109375 0.34938524531250004 0.476409665625 0.34938524531250004 0.46777905625000005 0.33709016406250003 0.45684695 0.32786885312499997 0.45684695 0.318647540625 0.4614499421875
1 0.422131146875 0.4499424625 0.41495901562500004 0.44649021875 0.4077868859375 0.44649021875 0.3637295078125 0.4476409671875 0.352459015625 0.4510932109375 0.34938524531250004 0.455120828125 0.3514344265625 0.4672036828125 0.361680328125 0.4775604140625 0.3709016390625 0.47871116249999995 0.38012295156250003 0.47698504062499997 0.4231557375 0.4614499421875 0.42520491875 0.45454545468749996 0.422131146875 0.4499424625
1 0.5491803281250001 0.44361334843750005 0.5481557375 0.44361334843750005 0.4959016390625 0.44533947031250004 0.48975409843750006 0.4493670890625 0.4907786890625 0.45627157656249995 0.498975409375 0.46087456875 0.5584016390625 0.46087456875 0.596311475 0.45972382031250003 0.604508196875 0.455120828125 0.602459015625 0.4476409671875 0.5922131140625 0.4441887234375 0.5491803281250001 0.44361334843750005
1 0.8022540984375001 0.44131185312500004 0.7674180328125 0.44131185312500004 0.7602459015624999 0.44131185312500004 0.7172131140625 0.4424626 0.70901639375 0.4459148453125 0.710040984375 0.455120828125 0.72336065625 0.45799769843749993 0.8084016390625001 0.45799769843749993 0.8165983609374999 0.45684695 0.820696721875 0.45397008124999993 0.8217213109375001 0.448216340625 0.8165983609374999 0.44303797500000003 0.8022540984375001 0.44131185312500004
1 0.9754098359375 0.46432681249999996 0.9836065578125 0.455120828125 0.9815573765625001 0.44533947031250004 0.97336065625 0.44131185312500004 0.9477459015624999 0.440736478125 0.9467213109375001 0.44016110468749997 0.9149590156249999 0.44131185312500004 0.9067622953125 0.44361334843750005 0.90163934375 0.4499424625 0.9057377046875 0.46029919374999995 0.9118852453124999 0.4631760640625 0.9221311468750001 0.46432681249999996 0.9477459015624999 0.4631760640625 0.9549180328125001 0.46835442968749996 0.9569672125 0.46547756093750003 0.9754098359375 0.46432681249999996