1 0 0.465250965625 0.009615384375 0.46486486562499996 0.016346153125 0.462702703125 0.021153846875 0.45837837812500004 0.021153846875 0.440540540625 0.009615384375 0.4345945953125 0.002884615625 0.4345945953125 0 0.4345945953125 0 0.465250965625
1 0.075 0.4345945953125 0.0673076921875 0.4329729734375 0.050961539062500005 0.4329729734375 0.0480769234375 0.4329729734375 0.034615384375 0.4345945953125 0.027884615624999998 0.44000000000000006 0.0269230765625 0.45729729687500004 0.034615384375 0.463783784375 0.053846153125 0.46486486562499996 0.0740384609375 0.46324324375000003 0.0798076921875 0.46108108124999997 0.083653846875 0.45513513437500003 0.08173076875 0.439459459375 0.075 0.4345945953125
1 0.14423076875000002 0.440540540625 0.141346153125 0.43675675625 0.13076923125 0.4324324328125 0.125384615625 0.4324324328125 0.10384615312500001 0.4324324328125 0.091346153125 0.43675675625 0.0875 0.444324325 0.0875 0.4535135140625 0.0923076921875 0.461621621875 0.10673076875000001 0.463783784375 0.13173076875 0.46324324375000003 0.1423076921875 0.45891891874999996 0.1451923078125 0.4535135140625 0.14423076875000002 0.440540540625
1 0.19423076875 0.4318918921875 0.18173076875 0.4313513515625 0.17884615312500002 0.4313513515625 0.159615384375 0.4324324328125 0.15 0.43891891875000005 0.1480769234375 0.4529729734375 0.152884615625 0.45999999999999996 0.158653846875 0.462702703125 0.19615384687499998 0.46216216250000003 0.20576923125 0.45621621562500003 0.20673076875000002 0.440540540625 0.20384615312499998 0.436216215625 0.19423076875 0.4318918921875
1 0.2576923078125 0.4313513515625 0.2298076921875 0.4318918921875 0.22884615312499998 0.4313513515625 0.216346153125 0.4340540546875 0.21057692343749998 0.44000000000000006 0.21057692343749998 0.4524324328125 0.2134615390625 0.45783783749999996 0.225 0.46216216250000003 0.2615384609375 0.460540540625 0.27019230781250003 0.4535135140625 0.27019230781250003 0.440540540625 0.266346153125 0.435135134375 0.2576923078125 0.4313513515625
1 0.3230769234375 0.43081081093750007 0.3144230765625 0.4302702703125 0.30961538437499997 0.4302702703125 0.284615384375 0.4313513515625 0.2759615390625 0.436216215625 0.275 0.4535135140625 0.277884615625 0.45783783749999996 0.28557692343749996 0.46108108124999997 0.322115384375 0.460540540625 0.328846153125 0.45729729687500004 0.33269230781250003 0.4518918921875 0.33173076875 0.437297296875 0.3230769234375 0.43081081093750007
1 0.391346153125 0.435135134375 0.3855769234375 0.43081081093750007 0.375 0.42972972968749995 0.3740384609375 0.42972972968749995 0.35 0.4302702703125 0.341346153125 0.4329729734375 0.3365384609375 0.439459459375 0.3365384609375 0.4502702703125 0.341346153125 0.45729729687500004 0.347115384375 0.45999999999999996 0.3798076921875 0.45999999999999996 0.39038461562500004 0.45783783749999996 0.39519230781250003 0.4535135140625 0.391346153125 0.435135134375
1 0.4798076921875 0.4313513515625 0.45 0.4281081078125 0.44519230781249997 0.4281081078125 0.40865384687499995 0.42972972968749995 0.4 0.4324324328125 0.397115384375 0.443783784375 0.4076923078125 0.4535135140625 0.415384615625 0.45513513437500003 0.45480769218750006 0.44324324375 0.47307692343749996 0.442702703125 0.48076923125000004 0.440540540625 0.48269230781249994 0.435135134375 0.4798076921875 0.4313513515625
1 0.634615384375 0.4254054046875 0.6336538468749999 0.4254054046875 0.5826923078124999 0.4275675671875 0.577884615625 0.4313513515625 0.578846153125 0.43783783749999994 0.5884615390625 0.441621621875 0.6394230765625 0.441621621875 0.6769230765625001 0.440540540625 0.6875 0.43675675625 0.6884615390625 0.4318918921875 0.683653846875 0.4270270265625 0.634615384375 0.4254054046875
1 0.8807692312500001 0.4264864859375 0.8701923078125 0.423783784375 0.83173076875 0.423783784375 0.8278846156249999 0.423783784375 0.79326923125 0.42486486562500003 0.7875 0.4281081078125 0.7894230765625 0.43675675625 0.7990384609375 0.43891891875000005 0.8451923078125001 0.439459459375 0.8730769234375 0.44486486562499994 0.88173076875 0.442702703125 0.8865384609375001 0.437297296875 0.8865384609375001 0.4324324328125 0.8807692312500001 0.4264864859375
1 1 0.42405405468749996 0.9942307687499999 0.42324324375 0.989102884375 0.42324324375 0.9634615390624999 0.42324324375 0.95673076875 0.4281081078125 0.95673076875 0.444324325 0.959615384375 0.44864864843749996 0.9701923078125001 0.4529729734375 0.9980769234375 0.4529729734375 1 0.4518918921875 1 0.42405405468749996
0 0.45673076874999996 0.118378378125 0.4519230765625 0.118378378125 0.44038461562500003 0.121621621875 0.43365384687499997 0.1270270265625 0.43461538437499997 0.138378378125 0.44326923125000006 0.142702703125 0.4740384609375 0.1421621625 0.478846153125 0.13891891875 0.48173076875 0.1324324328125 0.48076923125000004 0.1259459453125 0.4769230765625 0.1221621625 0.45673076874999996 0.118378378125
0 0.48076923125000004 0.1529729734375 0.477884615625 0.1481081078125 0.46923076874999997 0.144864865625 0.4605769234375 0.144324325 0.45384615312500004 0.144324325 0.44423076874999995 0.144864865625 0.4365384609375 0.1486486484375 0.43461538437499997 0.15189189218750002 0.4384615390625 0.1659459453125 0.44326923125000006 0.1713513515625 0.4480769234375 0.1729729734375 0.458653846875 0.1713513515625 0.472115384375 0.1718918921875 0.4798076921875 0.164324325 0.48076923125000004 0.1529729734375
0 0.458653846875 0.1745945953125 0.45384615312500004 0.1745945953125 0.44230769218750005 0.177297296875 0.4384615390625 0.182702703125 0.4384615390625 0.1902702703125 0.44519230781249997 0.202702703125 0.45576923125 0.20594594531250002 0.472115384375 0.20378378437500003 0.478846153125 0.1929729734375 0.4769230765625 0.178378378125 0.472115384375 0.175135134375 0.458653846875 0.1745945953125
0 0.46442307656250004 0.2086486484375 0.45576923125 0.2086486484375 0.4490384609375 0.21027027031249998 0.44519230781249997 0.21351351406250002 0.446153846875 0.23567567500000003 0.45 0.24324324375 0.45673076874999996 0.2464864859375 0.465384615625 0.2464864859375 0.47307692343749996 0.24162162187499997 0.4759615390625 0.217297296875 0.472115384375 0.21027027031249998 0.46442307656250004 0.2086486484375
0 0.459615384375 0.2508108109375 0.45 0.2545945953125 0.4480769234375 0.26540540468749996 0.45 0.2864864859375 0.4605769234375 0.2913513515625 0.47115384687499995 0.28864864843750004 0.4759615390625 0.282702703125 0.475 0.25675675625 0.47307692343749996 0.2535135140625 0.465384615625 0.2508108109375 0.459615384375 0.2508108109375
0 0.47307692343749996 0.297297296875 0.465384615625 0.2945945953125 0.4605769234375 0.2945945953125 0.4519230765625 0.29783783750000004 0.45 0.30108108125 0.4509615390625 0.3313513515625 0.45480769218750006 0.335675675 0.4605769234375 0.3378378375 0.47115384687499995 0.33621621562500004 0.4759615390625 0.33351351406249996 0.477884615625 0.3291891890625 0.4769230765625 0.3021621625 0.47307692343749996 0.297297296875
0 0.4701923078125 0.34216216250000003 0.46490384687499997 0.34216216250000003 0.45576923125 0.34324324375000004 0.4509615390625 0.34918918906249996 0.4519230765625 0.376216215625 0.45576923125 0.3821621625 0.472115384375 0.38324324375 0.4769230765625 0.38162162187500004 0.4798076921875 0.376216215625 0.4798076921875 0.35243243281250003 0.4759615390625 0.344324325 0.4701923078125 0.34216216250000003
0 0.47307692343749996 0.38756756718749996 0.4673076921875 0.38756756718749996 0.459615384375 0.3881081078125 0.45288461562500004 0.3918918921875 0.45288461562500004 0.42000000000000004 0.45480769218750006 0.423783784375 0.4605769234375 0.4264864859375 0.478846153125 0.4270270265625 0.48173076875 0.42486486562500003 0.48076923125000004 0.395135134375 0.477884615625 0.3897297296875 0.47307692343749996 0.38756756718749996
0 0.521153846875 0.4264864859375 0.5201923078124999 0.4264864859375 0.5057692312500001 0.4270270265625 0.49711538437499997 0.4302702703125 0.49711538437499997 0.438378378125 0.503846153125 0.4421621625 0.55576923125 0.4421621625 0.566346153125 0.44108108125 0.5711538468749999 0.438378378125 0.5711538468749999 0.43081081093750007 0.5625 0.4270270265625 0.521153846875 0.4264864859375
0 0.7557692312500001 0.423783784375 0.7105769234375 0.4254054046875 0.702884615625 0.4318918921875 0.7048076921875001 0.43675675625 0.715384615625 0.44000000000000006 0.7740384609375 0.43891891875000005 0.7807692312500001 0.4329729734375 0.777884615625 0.4275675671875 0.7721153843749999 0.424324325 0.75673076875 0.423783784375 0.7557692312500001 0.423783784375
0 0.9432692312500001 0.424324325 0.9278846156249999 0.42324324375 0.9240384609375001 0.42324324375 0.9067307687499999 0.424324325 0.8951923078125 0.42864864843749995 0.8923076921875 0.43891891875000005 0.8990384609375001 0.4454054046875 0.9115384609375001 0.4464864859375 0.93076923125 0.443783784375 0.9423076921875 0.441621621875 0.9480769234374999 0.438378378125 0.9490384609375001 0.4275675671875 0.9432692312500001 0.424324325