1 0.549295775 0.4322033890625 0.5523138828125 0.44124293750000004 0.5593561375 0.442937853125 0.6478873234375 0.44237288125 0.658953721875 0.44011299375 0.6629778671875 0.43615819218749996 0.658953721875 0.4282485875 0.6408450703125 0.426553671875 0.5674044265625 0.42711864374999997 0.5553319921875 0.4282485875 0.549295775 0.4322033890625
0 0.4315895375 0.42711864374999997 0.4476861171875 0.427683615625 0.4527162984375 0.4248587578125 0.45070422499999996 0.3909604515625 0.4426559359375 0.386440678125 0.42957746406249997 0.38700565 0.42253521093749996 0.3909604515625 0.423541246875 0.4225988703125 0.4315895375 0.42711864374999997
0 0.40140845 0.12259887031250001 0.4084507046875 0.12937853125 0.44466800781250004 0.129943503125 0.44969818906250003 0.1282485875 0.4527162984375 0.114689265625 0.44668008124999997 0.1079096046875 0.42555332031250004 0.10338983125000001 0.40945674062500004 0.10677966093749999 0.40241448750000003 0.11299435 0.40140845 0.12259887031250001
0 0.42655935625 0.3327683609375 0.43460764531249996 0.33389830468750004 0.4476861171875 0.327683615625 0.4476861171875 0.2977401125 0.44466800781250004 0.29378531093750004 0.4356136828125 0.2903954796875 0.42052313906250005 0.29378531093750004 0.42052313906250005 0.32824858749999997 0.42655935625 0.3327683609375
0 0.419517103125 0.2807909609375 0.42555332031250004 0.285310734375 0.4356136828125 0.28587570625000003 0.44668008124999997 0.2768361578125 0.44466800781250004 0.2474576265625 0.438631790625 0.24350282499999998 0.4305835015625 0.242937853125 0.421529175 0.24463276875 0.418511065625 0.2491525421875 0.419517103125 0.2807909609375
0 0.4034205234375 0.146327684375 0.41046277656249996 0.15988700625000002 0.41649899375 0.1621468921875 0.44567404374999997 0.16158192031250002 0.4517102609375 0.14915254218750001 0.448692153125 0.1361581921875 0.43762575468750003 0.1322033890625 0.41549295781250006 0.1322033890625 0.40442655937499994 0.1378531078125 0.4034205234375 0.146327684375
0 0.4084507046875 0.18361581875 0.4134808859375 0.1926553671875 0.42555332031250004 0.19661016874999998 0.4426559359375 0.1943502828125 0.44969818906250003 0.1813559328125 0.44668008124999997 0.1672316390625 0.43661971875 0.1638418078125 0.41649899375 0.1644067796875 0.41046277656249996 0.1672316390625 0.4084507046875 0.18361581875
0 0.414486921875 0.20677966093750003 0.41649899375 0.230508475 0.42253521093749996 0.2367231640625 0.43460764531249996 0.2378531078125 0.4426559359375 0.23446327656250002 0.44567404374999997 0.22711864375 0.44466800781250004 0.2045197734375 0.43460764531249996 0.199435028125 0.42555332031250004 0.199435028125 0.4175050296875 0.20225988749999999 0.414486921875 0.20677966093750003
0 0.421529175 0.34350282499999996 0.42253521093749996 0.3768361578125 0.42756539218749995 0.3807909609375 0.4426559359375 0.3813559328125 0.448692153125 0.3785310734375 0.45070422499999996 0.373446328125 0.4476861171875 0.341807909375 0.4416499 0.33898305156249997 0.4315895375 0.3384180796875 0.42555332031250004 0.339548021875 0.421529175 0.34350282499999996
0 0.4647887328125 0.43785310781250003 0.47283702187500004 0.44350282500000004 0.52917505 0.44350282500000004 0.537223340625 0.44237288125 0.542253521875 0.43728813593750004 0.5402414484375 0.430508475 0.52917505 0.427683615625 0.47484909531249997 0.427683615625 0.46579476875000003 0.43163841875 0.4647887328125 0.43785310781250003
1 0.3641851109375 0.43728813593750004 0.365191146875 0.44802259843750003 0.370221328125 0.453672315625 0.3792756546875 0.45706214687499996 0.42052313906250005 0.44632768437500003 0.4426559359375 0.44350282500000004 0.4517102609375 0.43785310781250003 0.44567404374999997 0.43163841875 0.421529175 0.42937853125 0.3722334 0.431073446875 0.3641851109375 0.43728813593750004
1 0 0.4665797484375 0.0100603625 0.46723163906250004 0.0331991953125 0.4632768359375 0.037223340625000004 0.44632768437500003 0.02917505 0.43615819218749996 0.0181086515625 0.43389830468749996 0 0.43426150156250004 0 0.4665797484375
1 0.042253521875 0.46045197812499994 0.05130784687499999 0.4655367234375 0.0875251515625 0.4655367234375 0.09859155 0.46158192031249995 0.0995975859375 0.44011299375 0.0865191140625 0.43333333281249997 0.052313882812500004 0.43446327656249994 0.045271629687499995 0.43785310781250003 0.041247484375 0.4457627125 0.042253521875 0.46045197812499994
1 0.105633803125 0.442937853125 0.105633803125 0.45536723125 0.11267605624999999 0.46384180781250006 0.12072434531250001 0.4655367234375 0.1509054328125 0.46497175156250004 0.16297786718750001 0.46045197812499994 0.16498993906249998 0.44067796562500006 0.153923540625 0.4327683609375 0.12072434531250001 0.4327683609375 0.10965794843750001 0.43672316406249995 0.105633803125 0.442937853125
1 0.1780684109375 0.4632768359375 0.218309859375 0.46384180781250006 0.22837022187499997 0.45932203437499997 0.23138832968749998 0.44180790937500003 0.22032193125 0.4327683609375 0.1800804828125 0.4327683609375 0.1700201203125 0.44067796562500006 0.1700201203125 0.455932203125 0.1780684109375 0.4632768359375
1 0.23742454687499998 0.43728813593750004 0.235412475 0.4525423734375 0.2434607640625 0.46214689218749994 0.27766599531249997 0.4632768359375 0.2907444671875 0.46045197812499994 0.2957746484375 0.45536723125 0.296780684375 0.44406779687500003 0.2947686109375 0.43785310781250003 0.28571428593750003 0.43163841875 0.2464788734375 0.4322033890625 0.23742454687499998 0.43728813593750004
1 0.35311871250000004 0.4322033890625 0.3420523140625 0.430508475 0.336016096875 0.430508475 0.310865190625 0.43163841875 0.301810865625 0.43785310781250003 0.3008048296875 0.45310734531249997 0.305835009375 0.45988700624999995 0.311871228125 0.46214689218749994 0.346076459375 0.46214689218749994 0.35814889375000003 0.4587570625 0.36217303749999996 0.4508474578125 0.35814889375000003 0.43728813593750004 0.35311871250000004 0.4322033890625
1 0.8028169015625 0.4242937859375 0.7907444671875 0.4248587578125 0.7826961765625 0.4282485875 0.7816901406250001 0.43446327656249994 0.7867203218750001 0.43898305156250006 0.8058350093750001 0.44067796562500006 0.8179074453125 0.44011299375 0.8249496984375 0.43785310781250003 0.8249496984375 0.42711864374999997 0.8098591546874999 0.4242937859375 0.8028169015625 0.4242937859375
1 0.9416499 0.4508474578125 0.94668008125 0.44802259843750003 0.962776659375 0.4457627125 0.9688128765625 0.43615819218749996 0.9688128765625 0.42937853125 0.9617706234375 0.4248587578125 0.9527162984374999 0.4237288140625 0.9471116703125 0.4237288140625 0.9134808859374999 0.4237288140625 0.8953722328125 0.4259887 0.8893360156250001 0.431073446875 0.8893360156250001 0.43898305156250006 0.8933601609374999 0.4457627125 0.9014084499999999 0.44802259843750003 0.92655935625 0.445197740625 0.9366197187499999 0.4457627125 0.9356136828125001 0.4502824859375 0.9416499 0.4508474578125
0 0.732394365625 0.4248587578125 0.7313883296875 0.4242937859375 0.6891348093749999 0.4259887 0.6830985921875 0.428813559375 0.6820925546875001 0.43672316406249995 0.688128771875 0.44067796562500006 0.6951710265625 0.44124293750000004 0.75050301875 0.44067796562500006 0.75955734375 0.43728813593750004 0.757545271875 0.42711864374999997 0.7484909453124999 0.4248587578125 0.732394365625 0.4248587578125
0 0.8611670015625 0.4242937859375 0.8558018109375001 0.4242937859375 0.8400402421875001 0.4248587578125 0.8350100609375 0.42711864374999997 0.8329979875 0.43728813593750004 0.8450704218749999 0.44406779687500003 0.8651911468750001 0.4502824859375 0.8762575453125001 0.4514124296875 0.885311871875 0.44632768437500003 0.884305834375 0.4322033890625 0.8762575453125001 0.4248587578125 0.8611670015625 0.4242937859375
0 1 0.4240113 0.9979879281249999 0.4237288140625 0.992957746875 0.4237288140625 0.9808853125000001 0.428813559375 0.9738430578124999 0.44180790937500003 0.9748490953125 0.4508474578125 0.9818913484375 0.45480225937499996 1 0.45480225937499996 1 0.4240113