1 0.8326923078125 0.44108108125 0.7865384609375 0.44000000000000006 0.7817307687499999 0.44000000000000006 0.7451923078125 0.44108108125 0.7355769234375 0.4454054046875 0.7365384609375 0.4518918921875 0.7394230765625001 0.4545945953125 0.7451923078125 0.455675675 0.8173076921875 0.45621621562500003 0.833653846875 0.455675675 0.8423076921874999 0.44972972968749997 0.8403846156249999 0.444324325 0.8326923078125 0.44108108125
1 0.5980769234375 0.4421621625 0.597115384375 0.4421621625 0.5326923078125 0.444324325 0.5269230765625 0.44918918906250005 0.527884615625 0.4535135140625 0.5326923078125 0.45783783749999996 0.541346153125 0.45891891874999996 0.6259615390625 0.45783783749999996 0.6355769234374999 0.45405405468750004 0.6365384609375 0.44810810781250004 0.6298076921875 0.44324324375 0.5980769234375 0.4421621625
1 0.9798076921875 0.4545945953125 0.978846153125 0.4475675671875 0.9730769234375 0.4421621625 0.9634615390624999 0.439459459375 0.9355769234375 0.439459459375 0.9298076921874999 0.439459459375 0.915384615625 0.440540540625 0.9105769234375 0.44324324375 0.9096153843750001 0.44972972968749997 0.9134615390624999 0.455675675 0.921153846875 0.459459459375 0.9384615390625 0.46108108124999997 0.958653846875 0.46918918906249996 0.9701923078125001 0.46702702656249995 0.977884615625 0.461621621875 0.9798076921875 0.4545945953125
1 0.4375 0.444324325 0.43461538437499997 0.444324325 0.39038461562500004 0.4459459453125 0.378846153125 0.44972972968749997 0.3769230765625 0.462702703125 0.3875 0.4724324328125 0.3990384609375 0.47351351406250003 0.446153846875 0.45891891874999996 0.4490384609375 0.45621621562500003 0.4480769234375 0.44864864843749996 0.44326923125000006 0.44486486562499994 0.4375 0.444324325
1 0.36826923125 0.44918918906250005 0.3605769234375 0.4464864859375 0.35576923125 0.4464864859375 0.32788461562500004 0.44702702656250004 0.31826923125 0.4524324328125 0.316346153125 0.46756756718750003 0.32115384687500004 0.47405405468749995 0.3259615390625 0.47621621562499994 0.35961538437499996 0.47675675625 0.371153846875 0.47405405468749995 0.3740384609375 0.4708108109375 0.37211538437499997 0.4529729734375 0.36826923125 0.44918918906250005
1 0.30961538437499997 0.4524324328125 0.3019230765625 0.4475675671875 0.2865384609375 0.44702702656250004 0.283653846875 0.44702702656250004 0.2634615390625 0.44810810781250004 0.25576923125 0.4535135140625 0.25288461562500003 0.46108108124999997 0.2548076921875 0.4697297296875 0.25865384687500004 0.475135134375 0.2644230765625 0.47729729687500005 0.29423076875 0.4778378375 0.3019230765625 0.47675675625 0.308653846875 0.4724324328125 0.30961538437499997 0.4524324328125
1 0.24807692343749999 0.4686486484375 0.24807692343749999 0.45729729687500004 0.2451923078125 0.4518918921875 0.2326923078125 0.4475675671875 0.23173076875 0.4475675671875 0.20384615312499998 0.44810810781250004 0.19519230781250002 0.4508108109375 0.1894230765625 0.45999999999999996 0.190384615625 0.4697297296875 0.19519230781250002 0.47621621562499994 0.20673076875000002 0.47891891875 0.21826923125 0.47891891875 0.23365384687500002 0.47837837812500006 0.24423076875 0.47459459531250003 0.24807692343749999 0.4686486484375
1 0.1855769234375 0.45729729687500004 0.18076923125 0.4513513515625 0.16923076875 0.44810810781250004 0.16057692343750002 0.44810810781250004 0.141346153125 0.44864864843749996 0.134615384375 0.4508108109375 0.1298076921875 0.45513513437500003 0.128846153125 0.4718918921875 0.1384615390625 0.47891891875 0.16826923124999998 0.479459459375 0.17980769218749998 0.47729729687500005 0.1826923078125 0.475135134375 0.1855769234375 0.4708108109375 0.1855769234375 0.45729729687500004
1 0.11730769218749999 0.4513513515625 0.10384615312500001 0.44864864843749996 0.10096153906250001 0.44864864843749996 0.077884615625 0.4502702703125 0.06826923124999999 0.45675675625 0.06826923124999999 0.4729729734375 0.0701923078125 0.47621621562499994 0.077884615625 0.48 0.10769230781250001 0.48 0.121153846875 0.47621621562499994 0.125 0.4659459453125 0.1240384609375 0.45675675625 0.11730769218749999 0.4513513515625
1 0.040384615624999995 0.44972972968749997 0.035096153125 0.44972972968749997 0.015384615625 0.4508108109375 0.00673076875 0.45675675625 0.0048076921875 0.4729729734375 0.0134615390625 0.480540540625 0.053846153125 0.48 0.0625 0.47405405468749995 0.0634615390625 0.45891891874999996 0.0605769234375 0.4545945953125 0.051923076562500003 0.4502702703125 0.040384615624999995 0.44972972968749997
0 0.45384615312500004 0.1459459453125 0.4490384609375 0.1459459453125 0.43076923125000005 0.1464864859375 0.42019230781249994 0.15243243281250002 0.42211538437499996 0.164864865625 0.42980769218750003 0.1702702703125 0.459615384375 0.1708108109375 0.46442307656250004 0.16810810781250002 0.46826923125000003 0.16216216249999998 0.46826923125000003 0.15243243281250002 0.46442307656250004 0.1481081078125 0.45384615312500004 0.1459459453125
0 0.4509615390625 0.1729729734375 0.4365384609375 0.1729729734375 0.4240384609375 0.178378378125 0.4259615390625 0.1924324328125 0.43365384687499997 0.197297296875 0.4605769234375 0.195675675 0.4634615390625 0.1940540546875 0.46634615312500005 0.17891891875 0.46442307656250004 0.176216215625 0.45576923125 0.1729729734375 0.4509615390625 0.1729729734375
0 0.45288461562500004 0.19891891875 0.446634615625 0.19891891875 0.43173076874999994 0.2 0.427884615625 0.20540540468750002 0.428846153125 0.222702703125 0.4355769234375 0.22864864843750002 0.44134615312500003 0.22918918906250002 0.458653846875 0.22756756718750001 0.46442307656250004 0.22000000000000003 0.465384615625 0.204864865625 0.459615384375 0.2 0.45288461562500004 0.19891891875
0 0.459615384375 0.23459459531250001 0.45384615312500004 0.23297297343749998 0.4485576921875 0.23297297343749998 0.4394230765625 0.23351351406249998 0.43269230781249995 0.239459459375 0.43461538437499997 0.281621621875 0.4365384609375 0.2870270265625 0.44326923125000006 0.2913513515625 0.45288461562500004 0.2913513515625 0.459615384375 0.28810810781249996 0.4625 0.283783784375 0.4625 0.24108108125 0.459615384375 0.23459459531250001
0 0.4615384609375 0.30270270312499997 0.45288461562500004 0.3 0.447115384375 0.3 0.4394230765625 0.30162162187499997 0.4375 0.30378378437500003 0.4365384609375 0.3259459453125 0.4384615390625 0.337297296875 0.44326923125000006 0.340540540625 0.45 0.341621621875 0.4605769234375 0.338378378125 0.46442307656250004 0.3324324328125 0.4634615390625 0.3064864859375 0.4615384609375 0.30270270312499997
0 0.4480769234375 0.3464864859375 0.4384615390625 0.3513513515625 0.4384615390625 0.38 0.44326923125000006 0.3864864859375 0.45384615312500004 0.3881081078125 0.465384615625 0.3821621625 0.46634615312500005 0.3729729734375 0.46442307656250004 0.3513513515625 0.4615384609375 0.3486486484375 0.45288461562500004 0.3464864859375 0.4480769234375 0.3464864859375
0 0.45288461562500004 0.3924324328125 0.4509615390625 0.3924324328125 0.44230769218750005 0.395135134375 0.4394230765625 0.399459459375 0.4394230765625 0.4259459453125 0.44230769218750005 0.4318918921875 0.45576923125 0.435675675 0.4615384609375 0.4345945953125 0.4673076921875 0.4302702703125 0.46826923125000003 0.41081081093750005 0.465384615625 0.39675675625 0.45288461562500004 0.3924324328125
0 0.46634615312500005 0.440540540625 0.4576923078125 0.440540540625 0.45384615312500004 0.4421621625 0.4519230765625 0.4464864859375 0.45480769218750006 0.4545945953125 0.4605769234375 0.45837837812500004 0.509615384375 0.45891891874999996 0.51923076875 0.45675675625 0.5221153843749999 0.44918918906250005 0.516346153125 0.444324325 0.4759615390625 0.443783784375 0.46634615312500005 0.440540540625
0 0.7134615390625 0.44108108125 0.6961538468749999 0.441621621875 0.6951923078125 0.44108108125 0.6615384609375 0.442702703125 0.6557692312500001 0.4464864859375 0.6576923078125 0.45405405468750004 0.6644230765625 0.45675675625 0.6884615390625 0.45675675625 0.7201923078125 0.45621621562500003 0.728846153125 0.4535135140625 0.7298076921875001 0.4464864859375 0.7269230765625 0.44324324375 0.7134615390625 0.44108108125
0 0.8836538468749999 0.440540540625 0.8785259609375 0.440540540625 0.86826923125 0.440540540625 0.8615384609375001 0.442702703125 0.8548076921875 0.4508108109375 0.85673076875 0.46108108124999997 0.8730769234375 0.46702702656249995 0.88173076875 0.46648648593750003 0.9 0.461621621875 0.9076923078125001 0.4535135140625 0.9028846156249999 0.444324325 0.8836538468749999 0.440540540625
0 1 0.439459459375 0.9980769234375 0.439459459375 0.9903846156249999 0.4421621625 0.9855769234375 0.44864864843749996 0.9855769234375 0.46324324375000003 0.9923076921874999 0.46918918906249996 1 0.46936936874999996 1 0.439459459375