1 0.5337972171875001 0.4173184359375 0.5248508953125001 0.413407821875 0.5159045718749999 0.4128491625 0.5139165015625 0.4128491625 0.48210735624999995 0.4145251390625 0.46520874687499997 0.422905028125 0.4372683890625 0.4152217875 0.4161371765625 0.4140625703125 0.415622265625 0.43144860312500005 0.42696023906249997 0.4355055859375 0.43984492968750005 0.428551396875 0.5288270374999999 0.42849162031250004 0.5337972171875001 0.4256983234375 0.5337972171875001 0.4173184359375
1 0.726640159375 0.410614525 0.70974155 0.41117318437500006 0.708747515625 0.410614525 0.6411530812499999 0.4128491625 0.6351888671875 0.4162011171875 0.6351888671875 0.422905028125 0.6411530812499999 0.42737430156249995 0.6491053671875 0.4279329609375 0.73558648125 0.42625698281249996 0.744532803125 0.42346368749999996 0.7455268390625001 0.4173184359375 0.74254473125 0.413407821875 0.726640159375 0.410614525
1 0.9284294234375 0.41675977656249996 0.9204771375 0.41229050312500004 0.8787276343749999 0.41005586562499996 0.8730944328125 0.41005586562499996 0.854870775 0.41117318437500006 0.849900596875 0.4145251390625 0.849900596875 0.422905028125 0.856858846875 0.42737430156249995 0.8827037765625001 0.435754190625 0.8926441359374999 0.4374301671875 0.90258449375 0.4363128484375 0.9204771375 0.43128491562500004 0.9284294234375 0.42625698281249996 0.9284294234375 0.41675977656249996
1 0.4015904578125 0.4173184359375 0.3956262421875 0.4156424578125 0.3926441359375 0.4156424578125 0.3598409546875 0.41675977656249996 0.3508946328125 0.42122905 0.3489065609375 0.43687150781249995 0.35685884687499997 0.44636871562499997 0.3687872765625 0.4480446921875 0.385685884375 0.4474860328125 0.3996023859375 0.44469273749999993 0.407554671875 0.44078212343749995 0.407554671875 0.422905028125 0.4015904578125 0.4173184359375
1 0.34393638125 0.42346368749999996 0.33697813125 0.41787709531250006 0.328031809375 0.4162011171875 0.3260437375 0.4162011171875 0.2962226640625 0.4173184359375 0.2872763421875 0.42122905 0.2833001984375 0.43296089374999996 0.28528827031250004 0.4402234640625 0.2922465203125 0.446927375 0.3190854875 0.44860335156250003 0.3359840953125 0.446927375 0.341948309375 0.444134078125 0.3449304171875 0.43966480468749997 0.34393638125 0.42346368749999996
1 0.266401590625 0.4173184359375 0.260685884375 0.4173184359375 0.233598409375 0.41787709531250006 0.222664015625 0.42178770937500004 0.2196819078125 0.4374301671875 0.2216699796875 0.44357541874999995 0.22862823125 0.4480446921875 0.25944334062499996 0.44916201093749997 0.2753479125 0.44581005625000003 0.27932405625 0.4402234640625 0.2783300203125 0.42346368749999996 0.266401590625 0.4173184359375
1 0.1988071578125 0.41787709531250006 0.17395626250000001 0.41787709531250006 0.1709741546875 0.41787709531250006 0.159045725 0.42234636875 0.15606361875000002 0.42737430156249995 0.15606361875000002 0.44078212343749995 0.1600397609375 0.44636871562499997 0.16998011875000002 0.45027932968749995 0.20576540781250002 0.44860335156250003 0.2147117296875 0.4413407828125 0.21570576562500002 0.43128491562500004 0.211729621875 0.42234636875 0.1988071578125 0.41787709531250006
1 0.152087475 0.4402234640625 0.152087475 0.42737430156249995 0.1441351890625 0.42067039062499995 0.13220675937499998 0.4184357546875 0.1267395625 0.4184357546875 0.1043737578125 0.41899441406250004 0.096421471875 0.42234636875 0.092445328125 0.4268156421875 0.0914512921875 0.44078212343749995 0.0954274359375 0.446927375 0.10139165000000001 0.45027932968749995 0.13121272343749998 0.4508379890625 0.1421471171875 0.4497206703125 0.14811133125 0.446927375 0.152087475 0.4402234640625
1 0.0844930421875 0.424022346875 0.0715705765625 0.41955307187499996 0.048707753124999996 0.41955307187499996 0.045725646875 0.41955307187499996 0.0367793234375 0.42122905 0.027833001562499998 0.42737430156249995 0.026838965625 0.43966480468749997 0.0298210734375 0.446927375 0.037773359374999996 0.45139664843749994 0.043737575 0.4519553078125 0.0795228625 0.45027932968749995 0.08747514843750001 0.44189944062500003 0.088469184375 0.431843575 0.0844930421875 0.424022346875
1 0 0.45242667656249996 0.0049701796875 0.45251396718750003 0.014910537500000001 0.4508379890625 0.019880715625 0.4474860328125 0.0228628234375 0.44245809999999997 0.0218687875 0.4268156421875 0.015904571875000002 0.42234636875 0.008946321875 0.42067039062499995 0.0038101390625 0.42067039062499995 0 0.420809290625 0 0.45242667656249996
0 0.5755467203125 0.41229050312500004 0.5725646125 0.41229050312500004 0.5576540750000001 0.41396647968750006 0.5516898609374999 0.41899441406250004 0.55467196875 0.4251396640625 0.56163021875 0.42849162031250004 0.6153081515625 0.42849162031250004 0.6242544734375 0.42737430156249995 0.6282306156249999 0.424022346875 0.6292246515625 0.41899441406250004 0.6242544734375 0.413407821875 0.5755467203125 0.41229050312500004
0 0.79025845 0.41005586562499996 0.7753479125 0.41005586562499996 0.766401590625 0.413407821875 0.7654075546875 0.42122905 0.77137176875 0.4256983234375 0.8339960234375001 0.4256983234375 0.841948309375 0.42122905 0.841948309375 0.4145251390625 0.834990059375 0.41117318437500006 0.7952286281250001 0.41005586562499996 0.79025845 0.41005586562499996
0 0.9711729625000001 0.408938546875 0.964877734375 0.408938546875 0.9473161031249999 0.41005586562499996 0.9413518890624999 0.4156424578125 0.942345925 0.424022346875 0.951292246875 0.42960893906250003 0.9681908546875 0.43519553125000005 0.9811133203125 0.435754190625 0.98906560625 0.43128491562500004 0.991053678125 0.4145251390625 0.9850894625000001 0.410614525 0.9711729625000001 0.408938546875
0 0.45427435312500003 0.1 0.440357853125 0.100558659375 0.4274353875 0.1050279328125 0.42544731562500004 0.1162011171875 0.43240556718749995 0.1234636875 0.4662027828125 0.1234636875 0.4721669984375 0.12011173125 0.47514910468749993 0.11452513906249999 0.47415507031250004 0.1055865921875 0.46123260468750005 0.1 0.45427435312500003 0.1
0 0.46719681875 0.1279329609375 0.45626242499999997 0.1262569828125 0.4509612328125 0.1262569828125 0.440357853125 0.1262569828125 0.43240556718749995 0.1284916203125 0.4274353875 0.132402234375 0.4284294234375 0.1502793296875 0.43936381718749995 0.15642458125 0.46520874687499997 0.15586592187499998 0.4711729625 0.1519553078125 0.47415507031250004 0.1385474859375 0.4721669984375 0.131843575 0.46719681875 0.1279329609375
0 0.4592445328125 0.1586592171875 0.45394334062499997 0.1586592171875 0.440357853125 0.1592178765625 0.43439363750000004 0.16256983281249998 0.43240556718749995 0.16703910625 0.433399603125 0.1843575421875 0.440357853125 0.189944134375 0.44831013906250006 0.191061453125 0.4642147125 0.188826815625 0.4701789265625 0.1826815640625 0.4701789265625 0.1631284921875 0.4592445328125 0.1586592171875
0 0.4572564609375 0.1949720671875 0.45427435312500003 0.1949720671875 0.4443339953125 0.1960893859375 0.43836978125000003 0.2 0.4373757453125 0.21452513906249998 0.442345925 0.231284915625 0.44731610312500003 0.233519553125 0.45626242499999997 0.2340782125 0.4662027828125 0.23072625625 0.46918489062499996 0.2078212296875 0.4662027828125 0.1977653625 0.4572564609375 0.1949720671875
0 0.4572564609375 0.2379888265625 0.45526838906249995 0.2379888265625 0.4433399609375 0.2407821234375 0.440357853125 0.246927375 0.4413518890625 0.2737430171875 0.4433399609375 0.277094971875 0.451292246875 0.280446928125 0.4632206765625 0.279329609375 0.46918489062499996 0.2720670390625 0.46819085468750005 0.245251396875 0.4662027828125 0.2413407828125 0.4572564609375 0.2379888265625
0 0.45228628281249994 0.2854748609375 0.4443339953125 0.28826815625 0.442345925 0.29162011250000003 0.442345925 0.32122905 0.45228628281249994 0.3284916203125 0.4642147125 0.3273743015625 0.4711729625 0.32011173125000003 0.4701789265625 0.29162011250000003 0.46719681875 0.28770949687499997 0.46123260468750005 0.2854748609375 0.45228628281249994 0.2854748609375
0 0.46222664062499996 0.33296089375000004 0.45427435312500003 0.33296089375000004 0.449304175 0.3340782125 0.4433399609375 0.3391061453125 0.4433399609375 0.3625698328125 0.44731610312500003 0.3731843578125 0.45526838906249995 0.37541899375 0.46719681875 0.3743016765625 0.473161034375 0.366480446875 0.4721669984375 0.34078212343750003 0.4701789265625 0.3363128484375 0.46222664062499996 0.33296089375000004
0 0.46023856875 0.37988826875 0.449304175 0.3810055859375 0.44532803125 0.3849162015625 0.4433399609375 0.410614525 0.4463220671875 0.4162011171875 0.46023856875 0.4184357546875 0.47415507031250004 0.4173184359375 0.47614314062499996 0.41508379843750004 0.473161034375 0.3854748609375 0.4662027828125 0.37988826875 0.46023856875 0.37988826875
0 0.44831013906250006 0.0871508375 0.4274353875 0.086592178125 0.4244532796875 0.088826815625 0.4244532796875 0.0955307265625 0.4413518890625 0.0972067046875 0.4662027828125 0.0944134078125 0.4711729625 0.09050279375 0.46918489062499996 0.0843575421875 0.46719681875 0.0843575421875 0.44831013906250006 0.0871508375