0 0.497963340625 0.416475971875 0.49490835000000005 0.416475971875 0.48370672031249995 0.4176201375 0.477596740625 0.4204805484375 0.4765784109375 0.4279176203125 0.48370672031249995 0.4324942796875 0.541751528125 0.43306636093749995 0.5478615078125 0.4324942796875 0.55295315625 0.429061784375 0.5539714874999999 0.422768878125 0.5468431765624999 0.4170480546875 0.497963340625 0.416475971875
0 0.7189409375 0.41361556093749996 0.7169042765625 0.41361556093749996 0.7046843171875 0.41418764374999995 0.6924643578125 0.4176201375 0.691446028125 0.425629290625 0.69450101875 0.428489703125 0.7057026484375 0.43077803281250004 0.7606924640625 0.43020595000000006 0.768839103125 0.42620137343750003 0.769857434375 0.41933638437500004 0.7617107937500001 0.41418764374999995 0.7189409375 0.41361556093749996
0 0.9164969453125 0.413043478125 0.9154786156249999 0.413043478125 0.8991853359374999 0.41418764374999995 0.8890020359375 0.4176201375 0.885947046875 0.428489703125 0.8940936859375 0.435354690625 0.93177189375 0.43421052656250003 0.9439918531249999 0.43020595000000006 0.9470468437499999 0.4250572078125 0.9460285125000001 0.4170480546875 0.9358452140625 0.41361556093749996 0.9164969453125 0.413043478125
0 0.41751527499999996 0.38329519375 0.41446028437500004 0.387871853125 0.415478615625 0.41475972499999997 0.42566191406250004 0.4199084671875 0.443991853125 0.4204805484375 0.443991853125 0.38901601874999997 0.43890020312500005 0.3827231125 0.4287169046875 0.38100686562499997 0.42668024375 0.38100686562499997 0.41751527499999996 0.38329519375
0 0.43177189374999997 0.333524028125 0.422606925 0.333524028125 0.41446028437500004 0.336956521875 0.412423625 0.3409610984375 0.412423625 0.3569794046875 0.4164969453125 0.3729977109375 0.42566191406250004 0.37643020625 0.43890020312500005 0.37356979375 0.4429735234375 0.36784897031249997 0.44195519375 0.3392448515625 0.4409368640625 0.336956521875 0.43177189374999997 0.333524028125
0 0.4307535640625 0.28489702499999997 0.4236252546875 0.28489702499999997 0.4134419546875 0.2889016015625 0.41140529531250003 0.292334096875 0.412423625 0.3220823796875 0.41751527499999996 0.32723112187500003 0.4236252546875 0.32894736875 0.43482688437499994 0.32723112187500003 0.4409368640625 0.32093821562499997 0.4409368640625 0.2934782609375 0.43686354375 0.2877574375 0.4307535640625 0.28489702499999997
0 0.4185336046875 0.19450800937499998 0.4134419546875 0.1950800921875 0.40733197499999996 0.200800915625 0.40835030625 0.225972540625 0.41446028437500004 0.23340961093749998 0.42668024375 0.235697940625 0.43686354375 0.23054919843750002 0.43890020312500005 0.20251716250000001 0.4338085546875 0.19565217343750002 0.4205702640625 0.19450800937499998 0.4185336046875 0.19450800937499998
0 0.4287169046875 0.23970251718750002 0.419551934375 0.23970251718750002 0.412423625 0.241990846875 0.410386965625 0.24656750624999998 0.410386965625 0.27173912968749997 0.4134419546875 0.2774599546875 0.4205702640625 0.280320365625 0.43482688437499994 0.27860411875 0.43890020312500005 0.2728832953125 0.43890020312500005 0.24771167031250002 0.43584521406250004 0.24256292968749998 0.4287169046875 0.23970251718750002
0 0.42430448125 0.15961098437500001 0.4093686359375 0.160183065625 0.4022403265625 0.165903890625 0.4022403265625 0.181922196875 0.4093686359375 0.1893592671875 0.4307535640625 0.1893592671875 0.43788187343749996 0.1859267734375 0.4409368640625 0.16418764375 0.43482688437499994 0.160183065625 0.429735234375 0.15961098437500001 0.42430448125 0.15961098437500001
0 0.4185336046875 0.0978260875 0.41751527499999996 0.0978260875 0.40733197499999996 0.09839816875 0.39613034687500004 0.1024027453125 0.3940936859375 0.11384439375 0.39816700625 0.1201373 0.40631364531249997 0.1229977109375 0.44195519375 0.12185354687500001 0.4450101828125 0.11327231093750001 0.4429735234375 0.1024027453125 0.43788187343749996 0.099542334375 0.4185336046875 0.0978260875
0 0.42769857499999997 0.1258581234375 0.421249490625 0.1258581234375 0.40835030625 0.1258581234375 0.4022403265625 0.128146453125 0.39613034687500004 0.1355835234375 0.3991853359375 0.1498855828125 0.4093686359375 0.1561784890625 0.43482688437499994 0.155034325 0.4409368640625 0.15045766562500001 0.44195519375 0.131006865625 0.43890020312500005 0.128146453125 0.42769857499999997 0.1258581234375
1 0.458248471875 0.42677345468750005 0.45213849218749996 0.422768878125 0.429735234375 0.422768878125 0.410386965625 0.41876430156250005 0.4022403265625 0.41876430156250005 0.3696537671875 0.4199084671875 0.361507128125 0.42219679687499995 0.3584521390625 0.42734553750000004 0.35947046875 0.4370709375 0.3706720984375 0.4456521734375 0.3839103875 0.44450800937499996 0.4164969453125 0.43421052656250003 0.44195519375 0.43363844374999994 0.4572301421875 0.43077803281250004 0.458248471875 0.42677345468750005
1 0.667006109375 0.416475971875 0.657841140625 0.41475972499999997 0.65580448125 0.41475972499999997 0.64562118125 0.416475971875 0.570264765625 0.416475971875 0.5600814656249999 0.4204805484375 0.5590631359375 0.42620137343750003 0.5641547859375 0.4313501140625 0.5712830953125 0.4324942796875 0.6588594703124999 0.4313501140625 0.6710794296875 0.42734553750000004 0.6720977593749999 0.42162471406249996 0.667006109375 0.416475971875
1 0.7881873734375 0.41418764374999995 0.7871690421875 0.41361556093749996 0.77698574375 0.4176201375 0.77698574375 0.4250572078125 0.7830957234375 0.42963386718749996 0.8309572296875001 0.43077803281250004 0.86456211875 0.4376430203125 0.8737270875 0.43306636093749995 0.8778004078125001 0.42734553750000004 0.8757637468749999 0.41876430156250005 0.86456211875 0.41418764374999995 0.7881873734375 0.41418764374999995
1 1 0.41341365 0.98574338125 0.4124713953125 0.98065173125 0.4124713953125 0.9633401218750001 0.41361556093749996 0.954175153125 0.4233409609375 0.9511201625 0.4370709375 0.9623217921875 0.44450800937499996 0.9938900203125 0.44508009218750005 1 0.44422196718749996 1 0.41341365
1 0.34521385000000004 0.4204805484375 0.337067209375 0.4204805484375 0.33604887968749997 0.4199084671875 0.308553971875 0.4204805484375 0.2973523421875 0.4244851265625 0.2942973515625 0.43020595000000006 0.2942973515625 0.4427917625 0.3024439921875 0.4513729984375 0.34521385000000004 0.4519450796875 0.35437881875 0.4473684203125 0.3574338078125 0.43993135 0.352342159375 0.42620137343750003 0.34521385000000004 0.4204805484375
0 0.4236252546875 0.0846681921875 0.39613034687500004 0.084096109375 0.39307535625 0.086956521875 0.3940936859375 0.0926773453125 0.40733197499999996 0.0955377578125 0.43788187343749996 0.09382151093749999 0.4429735234375 0.08867276874999999 0.439918534375 0.0818077796875 0.43788187343749996 0.0818077796875 0.4236252546875 0.0846681921875
1 0.27902240312500004 0.42105263125 0.2657841140625 0.4204805484375 0.257637475 0.4204805484375 0.24032586562499997 0.42219679687499995 0.231160896875 0.4313501140625 0.2321792265625 0.44450800937499996 0.2362525453125 0.44965675000000005 0.2464358453125 0.45308924531250006 0.2759674140625 0.45308924531250006 0.289205703125 0.44622425625 0.2902240328125 0.431922196875 0.2871690421875 0.425629290625 0.27902240312500004 0.42105263125
1 0.2199592671875 0.4244851265625 0.2128309578125 0.42219679687499995 0.19551934843750002 0.42219679687499995 0.19450101875 0.42219679687499995 0.177189409375 0.42391304375 0.172097759375 0.42734553750000004 0.168024440625 0.4393592671875 0.17006110000000002 0.44450800937499996 0.18126272968749998 0.4513729984375 0.1985743375 0.45308924531250006 0.2148676171875 0.4519450796875 0.226069246875 0.44450800937499996 0.2250509171875 0.42963386718749996 0.2199592671875 0.4244851265625
1 0.1496945015625 0.4244851265625 0.1181262734375 0.42391304375 0.11710794375 0.42391304375 0.10590631406249999 0.42677345468750005 0.10081466406249999 0.431922196875 0.09979633437499999 0.43993135 0.10488798437499999 0.4513729984375 0.11608961250000001 0.455377575 0.13951120156250002 0.455377575 0.15580448125 0.4519450796875 0.1619144609375 0.44164759687500005 0.15987780000000001 0.42963386718749996 0.1496945015625 0.4244851265625
1 0.094704684375 0.43020595000000006 0.087576375 0.4244851265625 0.07535641562499999 0.42219679687499995 0.072301425 0.42219679687499995 0.0468431765625 0.4233409609375 0.0397148671875 0.425629290625 0.0346232171875 0.4313501140625 0.0346232171875 0.4467963390625 0.0386965375 0.45251716249999996 0.045824846875000005 0.455377575 0.080448065625 0.455377575 0.092668025 0.450800915625 0.09674134375 0.43592677343749997 0.094704684375 0.43020595000000006
1 0 0.45652173906250004 0.010183300000000001 0.45652173906250004 0.025458248437499997 0.4536613265625 0.029531568749999997 0.4467963390625 0.029531568749999997 0.4313501140625 0.022403259375 0.425629290625 0.0112016296875 0.42391304375 0.0059063140625 0.42391304375 0 0.42391304375 0 0.45652173906250004