0 0.5689655171875 0.3575757578125 0.54633620625 0.358787878125 0.5398706890625 0.36181818125 0.538793103125 0.36969697031250004 0.5452586203124999 0.3745454546875 0.6142241375 0.3745454546875 0.621767240625 0.36969697031250004 0.6206896546875 0.36181818125 0.6142241375 0.358787878125 0.570043103125 0.35818181875 0.5689655171875 0.3575757578125
0 0.8340517234375 0.3545454546875 0.8060344828125 0.3545454546875 0.804956896875 0.3545454546875 0.778017240625 0.355757575 0.7704741375 0.35818181875 0.7704741375 0.3703030296875 0.7769396546875 0.3727272734375 0.8189655171875 0.37333333281250003 0.84375 0.3727272734375 0.8502155171875 0.3703030296875 0.8534482765625 0.36060606093750003 0.8491379312499999 0.356969696875 0.8340517234375 0.3545454546875
0 1 0.355064934375 0.9967672406249999 0.3545454546875 0.9903017234375 0.3545454546875 0.970905171875 0.3545454546875 0.9579741374999999 0.36181818125 0.9601293109375 0.37333333281250003 0.9795258625000001 0.3836363640625 0.9903017234375 0.3866666671875 1 0.3846831953125 1 0.355064934375
0 0.42780172343749995 0.32 0.42241379375 0.32 0.4127155171875 0.3236363640625 0.409482759375 0.3284848484375 0.409482759375 0.35818181875 0.413793103125 0.36181818125 0.43211206874999997 0.363030303125 0.4418103453125 0.361212121875 0.4439655171875 0.35818181875 0.44288793125000003 0.33393939375000004 0.4385775859375 0.3236363640625 0.42780172343749995 0.32
0 0.3868534484375 0.028484848437499998 0.3997844828125 0.032727273437499996 0.4375 0.030909090625000003 0.44288793125000003 0.02606060625 0.439655171875 0.013939393750000001 0.41594827656250005 0.0103030296875 0.4127155171875 0.0103030296875 0.3890086203125 0.016363635937500003 0.3868534484375 0.028484848437499998
0 0.413793103125 0.035757575 0.398706896875 0.036969696875 0.39008620625 0.0424242421875 0.3890086203125 0.0496969703125 0.3965517234375 0.058787878125000005 0.4364224140625 0.058787878125000005 0.4418103453125 0.0466666671875 0.440732759375 0.04181818125 0.4331896546875 0.036969696875 0.41918103437500004 0.035757575 0.413793103125 0.035757575
0 0.3922413796875 0.069090909375 0.3976293109375 0.09030302968750001 0.404094828125 0.09393939375 0.43211206874999997 0.09272727343750001 0.439655171875 0.0836363640625 0.4385775859375 0.0654545453125 0.42780172343749995 0.061212121875000004 0.4073275859375 0.0606060609375 0.404094828125 0.0606060609375 0.3922413796875 0.069090909375
0 0.4375 0.10545454531250001 0.435344828125 0.10060606093749999 0.42780172343749995 0.096969696875 0.42241379375 0.096969696875 0.41163793125000003 0.096969696875 0.40086206874999997 0.1 0.3976293109375 0.10787878749999999 0.403017240625 0.14666666718750002 0.4073275859375 0.1533333328125 0.4148706890625 0.1563636359375 0.4256465515625 0.155757575 0.4331896546875 0.1521212125 0.435344828125 0.14727272656249998 0.4375 0.10545454531250001
0 0.42349137968750006 0.16545454531249998 0.4181034484375 0.16545454531249998 0.408405171875 0.1684848484375 0.4051724140625 0.17393939375 0.40625 0.20303030312499998 0.408405171875 0.2072727265625 0.41702586249999996 0.2115151515625 0.429956896875 0.2096969703125 0.4364224140625 0.20181818125 0.435344828125 0.1721212125 0.4331896546875 0.1684848484375 0.42349137968750006 0.16545454531249998
0 0.42241379375 0.21818181874999998 0.413793103125 0.21878787812499997 0.4073275859375 0.224848484375 0.4073275859375 0.25575757499999996 0.4127155171875 0.26181818125 0.42133620625 0.264242425 0.43211206874999997 0.2624242421875 0.4385775859375 0.25575757499999996 0.4375 0.2236363640625 0.4288793109375 0.21818181874999998 0.42241379375 0.21818181874999998
0 0.4331896546875 0.27030302968750003 0.42456896562499996 0.269090909375 0.42349137968750006 0.2684848484375 0.4148706890625 0.27030302968750003 0.408405171875 0.275757575 0.409482759375 0.3066666671875 0.413793103125 0.3133333328125 0.42133620625 0.315757575 0.43211206874999997 0.315151515625 0.4375 0.3127272734375 0.4418103453125 0.30181818125 0.4385775859375 0.27393939375 0.4331896546875 0.27030302968750003
1 0.9428879312499999 0.3624242421875 0.9331896546875 0.356969696875 0.8814655171875 0.355757575 0.875 0.355757575 0.8685344828125 0.355757575 0.8609913796875001 0.3593939390625 0.85883620625 0.37151515156250003 0.8642241374999999 0.375757575 0.887931034375 0.3836363640625 0.904094828125 0.384848484375 0.9202586203124999 0.38121212187500003 0.935344828125 0.3763636359375 0.9439655171875 0.3703030296875 0.9428879312499999 0.3624242421875
1 0.7327586203124999 0.3563636359375 0.6605603453125 0.356969696875 0.659482759375 0.3563636359375 0.6346982765625 0.35818181875 0.6293103453125 0.36060606093750003 0.6260775859375001 0.36606060625 0.6336206890625 0.37333333281250003 0.653017240625 0.3745454546875 0.737068965625 0.3727272734375 0.7413793109375 0.3721212125 0.7478448281250001 0.36666666718749996 0.7456896546875 0.36060606093750003 0.7327586203124999 0.3563636359375
1 0.5064655171875 0.375757575 0.5172413796875001 0.37151515156250003 0.5172413796875001 0.364242425 0.5086206890625 0.36 0.4622844828125 0.3593939390625 0.45797413750000004 0.3593939390625 0.4493534484375 0.36 0.42780172343749995 0.36666666718749996 0.41702586249999996 0.36666666718749996 0.4051724140625 0.3636363640625 0.39116379375 0.364848484375 0.39116379375 0.37333333281250003 0.403017240625 0.376969696875 0.4105603453125 0.375151515625 0.48491379375 0.3763636359375 0.5064655171875 0.375757575
1 0.37284482812499997 0.3624242421875 0.3340517234375 0.36181818125 0.32866379375 0.36181818125 0.3189655171875 0.3654545453125 0.315732759375 0.36969697031250004 0.31465517187500003 0.3836363640625 0.31788793125 0.39030302968749997 0.32866379375 0.39575757500000003 0.3609913796875 0.3933333328125 0.3685344828125 0.390909090625 0.3836206890625 0.3806060609375 0.38038793125 0.36848484843749996 0.37284482812499997 0.3624242421875
1 0.31142241406250004 0.383030303125 0.309267240625 0.36969697031250004 0.3017241375 0.3636363640625 0.2920258625 0.3624242421875 0.28663793125 0.3624242421875 0.257543103125 0.363030303125 0.2489224140625 0.36666666718749996 0.24461206875000002 0.37333333281250003 0.24461206875000002 0.384848484375 0.253232759375 0.395151515625 0.2618534484375 0.396969696875 0.28340517187500003 0.396969696875 0.3006465515625 0.395151515625 0.3060344828125 0.3921212125 0.31142241406250004 0.383030303125
1 0.2403017234375 0.37333333281250003 0.23706896562500002 0.36787878749999997 0.22306034531250002 0.363030303125 0.21551724062500002 0.363030303125 0.1875 0.3636363640625 0.1767241375 0.36848484843749996 0.1734913796875 0.3836363640625 0.1767241375 0.3921212125 0.18211206875 0.3963636359375 0.216594828125 0.3975757578125 0.226293103125 0.396969696875 0.23491379375000002 0.39393939375000003 0.2403017234375 0.3878787875 0.2403017234375 0.37333333281250003
1 0.169181034375 0.3727272734375 0.1627155171875 0.36666666718749996 0.15086206875 0.3636363640625 0.1443965515625 0.3636363640625 0.1142241375 0.364242425 0.10775862031250001 0.36787878749999997 0.10237068906249999 0.376969696875 0.1034482765625 0.389090909375 0.10668103437500001 0.3945454546875 0.1131465515625 0.39818181875 0.154094828125 0.39818181875 0.1659482765625 0.39393939375000003 0.1702586203125 0.3878787875 0.169181034375 0.3727272734375
1 0.07112068906249999 0.364242425 0.065732759375 0.364242425 0.0420258625 0.36666666718749996 0.034482759375 0.37393939375 0.0323275859375 0.3878787875 0.0377155171875 0.3963636359375 0.0452586203125 0.3993939390625 0.0872844828125 0.398787878125 0.096982759375 0.3933333328125 0.096982759375 0.370909090625 0.08620689687500001 0.364848484375 0.07112068906249999 0.364242425
1 0 0.40029090937499995 0.012931034375 0.4 0.0269396546875 0.39575757500000003 0.029094828125 0.3745454546875 0.0226293109375 0.36787878749999997 0.0107758625 0.3654545453125 0.0096982765625 0.364848484375 0 0.3650856390625 0 0.40029090937499995