0 0.5073529406249999 0.3795749703125 0.49579831875 0.3854781578125 0.49579831875 0.3925619828125 0.502100840625 0.396103896875 0.561974790625 0.396103896875 0.5724789921875 0.39492325781250004 0.5766806718749999 0.3913813453125 0.5777310921875001 0.3854781578125 0.5703781515624999 0.3807556078125 0.5084033609375 0.38016528906249997 0.5073529406249999 0.3795749703125
0 0.7426470593750001 0.3766233765625 0.7331932765625 0.3772136953125 0.722689075 0.3813459265625 0.722689075 0.3890200703125 0.7300420171875001 0.3931523015625 0.7930672265625 0.3931523015625 0.8035714281249999 0.3896103890625 0.8046218484375001 0.3831168828125 0.7993697484375 0.37780401406249997 0.747899159375 0.3766233765625 0.7426470593750001 0.3766233765625
0 0.9621848734375 0.3760330578125 0.9569327734374999 0.3760330578125 0.9443277312499999 0.3789846515625 0.9348739500000001 0.3872491140625 0.932773109375 0.3955135765625 0.9432773109375001 0.404368359375 0.9527310921875 0.404368359375 0.9810924375000001 0.399055490625 0.9936974796875001 0.3902007078125 0.9926470593750001 0.38193624531250003 0.9863445375 0.37780401406249997 0.9621848734375 0.3760330578125
0 0.46533613437500004 0.0507674140625 0.4621848734375 0.0507674140625 0.4474789921875 0.0572609203125 0.4474789921875 0.06729634062499999 0.4527310921875 0.076151121875 0.45798319374999996 0.077922078125 0.4915966390625 0.076741440625 0.49894957968750003 0.069657615625 0.5 0.0619834703125 0.49684873906250004 0.055489964062499994 0.48109243749999997 0.0513577328125 0.46533613437500004 0.0507674140625
0 0.49579831875 0.085596221875 0.48634453750000006 0.08146399062500001 0.4852941171875 0.080873671875 0.4621848734375 0.08146399062500001 0.4537815125 0.08441558437499999 0.44957983125 0.089728453125 0.4537815125 0.12101534843749999 0.46323529375000005 0.1286894921875 0.47163865468750005 0.1298701296875 0.484243696875 0.1286894921875 0.49579831875 0.12042502968749999 0.497899159375 0.089138134375 0.49579831875 0.085596221875
0 0.48109243749999997 0.1340023609375 0.4758403359375 0.1340023609375 0.4621848734375 0.1363636359375 0.45693277343750005 0.14639905625 0.4621848734375 0.16883116874999998 0.472689075 0.17473435625 0.48214285781250005 0.17414403750000002 0.4894957984375 0.170602125 0.4936974796875 0.15938606875 0.49264705937500003 0.1399055484375 0.4894957984375 0.1363636359375 0.48109243749999997 0.1340023609375
0 0.48214285781250005 0.180047225 0.47373949531250004 0.180047225 0.46533613437500004 0.1835891375 0.4621848734375 0.1995277453125 0.4663865546875 0.22018890156249998 0.47163865468750005 0.2237308140625 0.4779411765625 0.22432113281250002 0.49054621875000004 0.2207792203125 0.4936974796875 0.21369539531249998 0.49264705937500003 0.1883116890625 0.49054621875000004 0.18417945625 0.48214285781250005 0.180047225
0 0.4852941171875 0.22904368281249998 0.47951680625000004 0.22904368281249998 0.469537815625 0.23022432187500003 0.46533613437500004 0.233766234375 0.46533613437500004 0.266233765625 0.469537815625 0.2721369546875 0.4758403359375 0.2744982296875 0.4894957984375 0.2733175921875 0.49474789843750006 0.266824084375 0.49474789843750006 0.238488784375 0.49054621875000004 0.230814640625 0.4852941171875 0.22904368281249998
0 0.48214285781250005 0.2798110984375 0.48109243749999997 0.27922077968750003 0.472689075 0.2804014171875 0.4663865546875 0.28571428593750003 0.4663865546875 0.31582054375 0.472689075 0.32408500625 0.48634453750000006 0.32585596250000004 0.4936974796875 0.32290436875 0.49684873906250004 0.31759149999999997 0.49684873906250004 0.2880755609375 0.49264705937500003 0.2821723734375 0.48214285781250005 0.2798110984375
0 0.4873949578125 0.3305785125 0.4779411765625 0.3305785125 0.4705882359375 0.33353010625 0.46743697500000003 0.33825265625 0.46743697500000003 0.3618654078125 0.4705882359375 0.3719008265625 0.4831932765625 0.3766233765625 0.49684873906250004 0.3724911453125 0.5 0.3642266828125 0.497899159375 0.33766233749999996 0.49579831875 0.33353010625 0.4873949578125 0.3305785125
1 0 0.41334120468749996 0.00420168125 0.418536009375 0.011554621875 0.42030696562500003 0.038865546875000004 0.42030696562500003 0.057773109375 0.41676505312499995 0.0609243703125 0.410861865625 0.059873949999999995 0.3943329390625 0.054621848437499995 0.3890200703125 0.0430672265625 0.38665879531249997 0.04201680625 0.3860684765625 0.014705882812500001 0.38665879531249997 0.00420168125 0.3896103890625 0 0.3957497046875 0 0.41334120468749996
1 0.127100840625 0.3913813453125 0.11554621875 0.3860684765625 0.092436975 0.3854781578125 0.08823529375 0.3854781578125 0.07457983124999999 0.3872491140625 0.06722689062500001 0.3931523015625 0.0640756296875 0.400236128125 0.06722689062500001 0.41440377812499996 0.07247899218750001 0.418536009375 0.080882353125 0.419716646875 0.1186974796875 0.418536009375 0.127100840625 0.413813459375 0.12920168125 0.409090909375 0.127100840625 0.3913813453125
1 0.18487395 0.3848878390625 0.1712184875 0.3842975203125 0.169117646875 0.3842975203125 0.1439075625 0.3860684765625 0.13445378125000002 0.3925619828125 0.132352940625 0.40791027187499995 0.136554621875 0.414994096875 0.1439075625 0.418536009375 0.1859243703125 0.41794569062500003 0.1953781515625 0.41263282187500006 0.1985294125 0.400826446875 0.1953781515625 0.3907910265625 0.18487395 0.3848878390625
1 0.265756303125 0.40791027187499995 0.265756303125 0.39374262031249996 0.2636554625 0.3896103890625 0.2552521015625 0.3848878390625 0.25 0.3842975203125 0.2447478984375 0.3842975203125 0.2142857140625 0.3848878390625 0.20588235312499997 0.38842975156250004 0.201680671875 0.39492325781250004 0.201680671875 0.406729634375 0.21008403437499998 0.416174734375 0.219537815625 0.41794569062500003 0.2415966390625 0.41794569062500003 0.2552521015625 0.41676505312499995 0.261554621875 0.413813459375 0.265756303125 0.40791027187499995
1 0.3298319328125 0.38842975156250004 0.32457983125 0.3848878390625 0.313025209375 0.3831168828125 0.31092437031250003 0.3831168828125 0.284663865625 0.3837072015625 0.275210084375 0.3872491140625 0.271008403125 0.3931523015625 0.271008403125 0.407319953125 0.2794117640625 0.415584415625 0.31512605 0.41676505312499995 0.3256302515625 0.41440377812499996 0.3298319328125 0.410861865625 0.33298319374999996 0.400236128125 0.3298319328125 0.38842975156250004
1 0.39390756250000003 0.3860684765625 0.38445378125 0.3825265640625 0.3760504203125 0.3825265640625 0.347689075 0.3837072015625 0.33823529375 0.3896103890625 0.33823529375 0.408500590625 0.340336134375 0.41145218437500003 0.35189075625 0.416174734375 0.3876050421875 0.415584415625 0.396008403125 0.41263282187500006 0.400210084375 0.404368359375 0.39810924375 0.3902007078125 0.39390756250000003 0.3860684765625
1 0.4873949578125 0.3848878390625 0.48214285781250005 0.3813459265625 0.474789915625 0.38016528906249997 0.469537815625 0.38016528906249997 0.40966386562499996 0.3837072015625 0.4044117640625 0.3878394328125 0.402310925 0.39492325781250004 0.41176470624999995 0.408500590625 0.419117646875 0.41145218437500003 0.42542016875 0.41145218437500003 0.4705882359375 0.397284534375 0.4852941171875 0.39492325781250004 0.48844537812500005 0.3902007078125 0.4873949578125 0.3848878390625
1 0.622899159375 0.3783943328125 0.5871848734375 0.3807556078125 0.5840336140625 0.3831168828125 0.586134453125 0.3925619828125 0.5934873953124999 0.3955135765625 0.688025209375 0.3943329390625 0.6974789921875 0.3919716640625 0.7027310921875001 0.3860684765625 0.69432773125 0.3795749703125 0.6239495796875001 0.3783943328125 0.622899159375 0.3783943328125
1 0.92542016875 0.3813459265625 0.9149159656249999 0.3766233765625 0.8529411765624999 0.37544273906250003 0.8518907562500001 0.37544273906250003 0.82457983125 0.3760330578125 0.8161764703125 0.37780401406249997 0.8109243703125 0.3831168828125 0.813025209375 0.3902007078125 0.8298319328125 0.3931523015625 0.8928571421875 0.3931523015625 0.9086134453125 0.3955135765625 0.9180672265625001 0.39492325781250004 0.92542016875 0.3902007078125 0.92542016875 0.3813459265625