0 0.43340380625 0.43349168593750004 0.41649048593750004 0.43408551093750003 0.40697674375000004 0.43764845625 0.4059196625 0.4459619953125 0.4112050734375 0.450118765625 0.47780126875000006 0.4507125890625 0.48837209374999996 0.44714964375 0.48837209374999996 0.43824227968749996 0.4820295984375 0.434679334375 0.43446088749999995 0.43349168593750004 0.43340380625 0.43349168593750004
0 0.3858350953125 0.387173396875 0.3805496828125 0.387173396875 0.371035940625 0.38954869375 0.3668076109375 0.3948931109375 0.36786469374999997 0.4245843234375 0.3752642703125 0.4317102140625 0.3911205078125 0.43289786250000006 0.3974630015625 0.430522565625 0.3995771671875 0.42636579531249996 0.39852008437499997 0.40142517812499995 0.3953488375 0.3907363421875 0.3858350953125 0.387173396875
0 0.6575052859375 0.4311163890625 0.656448203125 0.4311163890625 0.64799154375 0.4317102140625 0.63742071875 0.4364608078125 0.63742071875 0.44299287343750005 0.64270613125 0.44714964375 0.7029598312500001 0.44774346718749997 0.711416490625 0.44655581875 0.7156448203125 0.4435866984375 0.7156448203125 0.43586698281249997 0.7029598312500001 0.4311163890625 0.6575052859375 0.4311163890625
0 0.8964059203125 0.4317102140625 0.8805496828124999 0.430522565625 0.8794926000000001 0.430522565625 0.8594080343750001 0.4311163890625 0.8477801265625 0.434679334375 0.8414376328125 0.4435866984375 0.8414376328125 0.4507125890625 0.8477801265625 0.4560570078125 0.86786469375 0.45665083125 0.8985200843750001 0.44893111562500004 0.90169133125 0.4453681703125 0.90169133125 0.435273159375 0.8964059203125 0.4317102140625
1 0.97251585625 0.435273159375 0.9661733609375001 0.4317102140625 0.9524312890625 0.429928740625 0.9469693453125 0.429928740625 0.914376321875 0.4311163890625 0.9090909093749999 0.43764845625 0.9090909093749999 0.444180521875 0.9133192390625 0.4507125890625 0.9291754750000001 0.46080760156249995 0.947145878125 0.4631828984375 0.9651162796874999 0.46140142500000003 0.9756871031250001 0.4536817109375 0.9756871031250001 0.43942992812500004 0.97251585625 0.435273159375
0 1 0.429928740625 0.9968287531250001 0.429928740625 0.9873150109375001 0.43408551093750003 0.98308668125 0.44002375312500003 0.9841437624999999 0.45546318281250003 0.989429175 0.46021377656249995 0.9968287531250001 0.4625890734375 1 0.4625890734375 1 0.429928740625
0 0.3805496828125 0.10570071249999999 0.373678646875 0.10570071249999999 0.35835095156249996 0.10688836093750001 0.34672304375 0.1140142515625 0.3477801265625 0.13895486875000002 0.3530655390625 0.1454869359375 0.360465115625 0.14845605625 0.3858350953125 0.1478622328125 0.3964059203125 0.1431116390625 0.3995771671875 0.11460807656250001 0.393234671875 0.10807600937499999 0.3805496828125 0.10570071249999999
0 0.3858350953125 0.1526128265625 0.376321353125 0.152019003125 0.37420718750000004 0.152019003125 0.359408034375 0.1532066515625 0.35200845625 0.1597387171875 0.35200845625 0.173396675 0.3562367859375 0.18171021406250001 0.3615221984375 0.185273159375 0.3689217765625 0.18646080781250002 0.387949259375 0.184679334375 0.3964059203125 0.1739904984375 0.3942917546875 0.1573634203125 0.3858350953125 0.1526128265625
0 0.371035940625 0.190023753125 0.3615221984375 0.1929928734375 0.35729386875 0.19952494062499998 0.359408034375 0.21971496406250002 0.36786469374999997 0.2298099765625 0.3805496828125 0.230997625 0.3911205078125 0.22446555781250002 0.393234671875 0.19893111562500002 0.387949259375 0.19239905 0.3720930234375 0.190023753125 0.371035940625 0.190023753125
0 0.3752642703125 0.23515439374999997 0.36469344531250003 0.2393111640625 0.3615221984375 0.2517814734375 0.36469344531250003 0.2755344421875 0.376321353125 0.281472684375 0.3911205078125 0.276722090625 0.393234671875 0.2701900234375 0.392177590625 0.2434679328125 0.38900634218749996 0.2387173390625 0.3805496828125 0.23515439374999997 0.3752642703125 0.23515439374999997
0 0.3826638484375 0.285629453125 0.3752642703125 0.285629453125 0.36786469374999997 0.2874109265625 0.36469344531250003 0.290380046875 0.36469344531250003 0.32244655624999996 0.3689217765625 0.32897862187500004 0.376321353125 0.33135391875 0.3911205078125 0.32897862187500004 0.3953488375 0.32007125937500003 0.3942917546875 0.29334916875 0.3911205078125 0.288598575 0.3826638484375 0.285629453125
0 0.3805496828125 0.3361045125 0.37949259999999996 0.3361045125 0.3699788578125 0.338479809375 0.36575052812500003 0.3420427546875 0.36575052812500003 0.3717339671875 0.3689217765625 0.3788598578125 0.3805496828125 0.3836104515625 0.3942917546875 0.38004750625 0.3974630015625 0.3717339671875 0.3953488375 0.34085510625 0.390063425 0.33729216093750003 0.3805496828125 0.3361045125
1 0 0.4741262296875 0.015856237500000002 0.473871734375 0.026427060937500003 0.47030878906250007 0.029598309375 0.464370546875 0.0285412265625 0.44833729218749996 0.024312896875 0.4435866984375 0.013742071875000001 0.44002375312500003 0.00824524375 0.44002375312500003 0 0.44002375312500003 0 0.4741262296875
1 0.0887949265625 0.4406175765625 0.0813953484375 0.43883610468749995 0.0761099359375 0.43883610468749995 0.049682875 0.43942992812500004 0.0369978859375 0.44477434687499995 0.03276955625 0.46080760156249995 0.035940803125 0.46733966718750003 0.04334038125 0.4726840859375 0.0813953484375 0.47327790937499997 0.0951374203125 0.468527315625 0.09830866875 0.4631828984375 0.0972515859375 0.44714964375 0.0887949265625 0.4406175765625
1 0.161733615625 0.44299287343750005 0.151162790625 0.43883610468749995 0.1451723046875 0.43883610468749995 0.11310782187499999 0.43942992812500004 0.1057082453125 0.4435866984375 0.101479915625 0.4519002375 0.1025369984375 0.4631828984375 0.1109936578125 0.47149643750000003 0.140591965625 0.4726840859375 0.15961945 0.46971496406249996 0.1649048625 0.46377672187499996 0.1649048625 0.44833729218749996 0.161733615625 0.44299287343750005
1 0.2241014796875 0.43824227968749996 0.2135306546875 0.43764845625 0.20507399531249998 0.43764845625 0.1807611 0.43883610468749995 0.17230443906249998 0.444180521875 0.170190275 0.4625890734375 0.17441860468749998 0.4679334921875 0.18287526406250001 0.47149643750000003 0.2156448203125 0.47149643750000003 0.22938689218750002 0.46733966718750003 0.23467230468750003 0.459026128125 0.2325581390625 0.44477434687499995 0.2241014796875 0.43824227968749996
1 0.29281183906249997 0.43942992812500004 0.2854122625 0.43705463125 0.2758985203125 0.43705463125 0.24841437656249998 0.43824227968749996 0.23995771718749997 0.444180521875 0.23995771718749997 0.4631828984375 0.24418604687499998 0.4679334921875 0.250528540625 0.47030878906250007 0.2875264265625 0.47030878906250007 0.2959830859375 0.4679334921875 0.3002114171875 0.464370546875 0.2980972515625 0.444180521875 0.29281183906249997 0.43942992812500004
1 0.3837209296875 0.4364608078125 0.37315010625 0.435273159375 0.36715961875 0.435273159375 0.3097251578125 0.43824227968749996 0.30338266406250003 0.4435866984375 0.30232558125 0.44952494062500004 0.31289640625000004 0.46377672187499996 0.3202959828125 0.46615201875 0.326638478125 0.4655581953125 0.3699788578125 0.4519002375 0.38900634218749996 0.44952494062500004 0.392177590625 0.44002375312500003 0.3837209296875 0.4364608078125
1 0.5602537 0.43230403749999996 0.557082453125 0.43230403749999996 0.5010570828125 0.434679334375 0.49577167031249997 0.43883610468749995 0.49682875312499997 0.4459619953125 0.503171246875 0.44952494062500004 0.549682875 0.450118765625 0.6046511625 0.44893111562500004 0.6162790703125001 0.44477434687499995 0.6152219875 0.43705463125 0.6046511625 0.43349168593750004 0.5602537 0.43230403749999996
1 0.75792811875 0.430522565625 0.752114165625 0.430522565625 0.7346723046875 0.430522565625 0.7241014796874999 0.43349168593750004 0.7219873156250001 0.4406175765625 0.728329809375 0.44655581875 0.8044397468750001 0.44833729218749996 0.8213530656250001 0.4519002375 0.8329809718750001 0.44477434687499995 0.8329809718750001 0.43586698281249997 0.826638478125 0.4317102140625 0.75792811875 0.430522565625