0 0.64651639375 0.394706559375 0.596311475 0.39643268125 0.58913934375 0.40103567343749996 0.58913934375 0.40678941249999995 0.59836065625 0.4119677796875 0.6557377046874999 0.41081703125 0.6629098359375 0.4079401609375 0.664959015625 0.401611046875 0.658811475 0.3970080546875 0.647540984375 0.3952819328125 0.64651639375 0.394706559375
0 0.873975409375 0.40046029843750003 0.8709016390625001 0.39643268125 0.8637295078125 0.39413118593749996 0.8288934421875 0.3929804375 0.8278688531249999 0.3929804375 0.8094262296875 0.39355581093750003 0.8022540984375001 0.3958573078125 0.7981557375 0.3987341765625 0.8012295078125 0.4073647875 0.8125 0.4096662828125 0.8381147546875001 0.4096662828125 0.8575819671874999 0.412543153125 0.8647540984375001 0.412543153125 0.8719262296875 0.40851553437500004 0.873975409375 0.40046029843750003
0 1 0.3966982375 0.9928278687500001 0.3929804375 0.9682377046875 0.3924050640625 0.966188525 0.3924050640625 0.945696721875 0.3929804375 0.9415983609374999 0.394706559375 0.938524590625 0.40046029843750003 0.9405737703125 0.4073647875 0.9508196718749999 0.414269275 0.971311475 0.4223245109375 0.9907786890624999 0.4240506328125 1 0.41956271562499997 1 0.3966982375
0 0.43032786874999995 0.3688147296875 0.42622950781249996 0.3762945921875 0.42520491875 0.40448791718750005 0.4334016390625 0.409090909375 0.44364754062499995 0.40851553437500004 0.457991803125 0.3975834296875 0.45594262343749997 0.3716916 0.44774590156249994 0.366513234375 0.4405737703125 0.366513234375 0.43032786874999995 0.3688147296875
0 0.4467213109375 0.059263521875 0.43954917968749996 0.06098964375 0.40983606562499997 0.06098964375 0.4057377046875 0.06444188749999999 0.4057377046875 0.0684695046875 0.41905737656250003 0.0719217484375 0.44877049218750004 0.07134637499999999 0.45696721250000005 0.0667433828125 0.457991803125 0.062140390625 0.4538934421875 0.059263521875 0.4467213109375 0.059263521875
0 0.4334016390625 0.07479861875 0.41803278749999995 0.07537399375 0.4067622953125 0.08112773281249999 0.4067622953125 0.0926352125 0.41495901562500004 0.0995397015625 0.44877049218750004 0.0995397015625 0.4549180328125 0.0955120828125 0.457991803125 0.0886075953125 0.4549180328125 0.07825086249999999 0.43545082031250004 0.07479861875 0.4334016390625 0.07479861875
0 0.43288934375 0.1024165703125 0.41905737656250003 0.10356731875 0.408811475 0.109321059375 0.41086065625 0.126582278125 0.4200819671875 0.133486765625 0.445696721875 0.13233601875 0.4538934421875 0.12773302656250002 0.4549180328125 0.1081703109375 0.450819671875 0.10471806718750001 0.43954917968749996 0.1024165703125 0.43288934375 0.1024165703125
0 0.44774590156249994 0.13751438437500002 0.4415983609375 0.1363636359375 0.434938525 0.1363636359375 0.41803278749999995 0.13866513281249998 0.41290983593749997 0.1472957421875 0.41495901562500004 0.162830840625 0.422131146875 0.1685845796875 0.43032786874999995 0.1703107015625 0.44364754062499995 0.169735328125 0.44774590156249994 0.16800920625 0.452868853125 0.16052934375 0.4538934421875 0.1421173765625 0.44774590156249994 0.13751438437500002
0 0.438524590625 0.17491369375000002 0.424180328125 0.1760644421875 0.41905737656250003 0.18181818125 0.4211065578125 0.20886075937499998 0.42520491875 0.214039125 0.43135245937500005 0.216340621875 0.4405737703125 0.21576524687499998 0.450819671875 0.2077100109375 0.450819671875 0.180667434375 0.44364754062499995 0.17491369375000002 0.438524590625 0.17491369375000002
0 0.424180328125 0.22382048281250003 0.4211065578125 0.23705408437500003 0.424180328125 0.26006904531249997 0.4344262296875 0.2652474109375 0.44774590156249994 0.26294591562499997 0.4518442625 0.2560414265625 0.450819671875 0.226697353125 0.4405737703125 0.2203682390625 0.43135245937500005 0.2203682390625 0.424180328125 0.22382048281250003
0 0.43954917968749996 0.269850403125 0.438524590625 0.269850403125 0.429303278125 0.271576525 0.424180328125 0.276754890625 0.424180328125 0.30494821562499996 0.429303278125 0.3130034515625 0.4415983609375 0.3153049484375 0.44877049218750004 0.3141542 0.452868853125 0.3095512078125 0.4538934421875 0.280782509375 0.44979508125 0.273302646875 0.43954917968749996 0.269850403125
0 0.4375 0.319332565625 0.43135245937500005 0.32048331406249997 0.42520491875 0.32508630625 0.42520491875 0.35270425781250003 0.4323770484375 0.3619102421875 0.44877049218750004 0.3630609890625 0.45594262343749997 0.355581128125 0.4549180328125 0.32508630625 0.44774590156249994 0.319907940625 0.4415983609375 0.319332565625 0.4375 0.319332565625
1 0 0.4358679296875 0.012295081250000001 0.43268124218750004 0.015368853125000002 0.426352128125 0.013319671875 0.41081703125 0.0061475406250000005 0.40506329062499996 0 0.4040276171875 0 0.4358679296875
1 0.0676229515625 0.40333716875 0.0430327875 0.40276179531249995 0.039959015625 0.40276179531249995 0.02663934375 0.40506329062499996 0.02151639375 0.4096662828125 0.0184426234375 0.41714614531249994 0.02151639375 0.43210586875 0.0307377046875 0.4355581125 0.068647540625 0.4349827390625 0.07684426250000001 0.43095512031250005 0.0799180328125 0.42520138125000007 0.077868853125 0.409090909375 0.0676229515625 0.40333716875
1 0.1362704921875 0.40333716875 0.11168032812499999 0.401611046875 0.11065573749999999 0.401611046875 0.0942622953125 0.40276179531249995 0.08504098437499999 0.409090909375 0.082991803125 0.42117376249999994 0.0860655734375 0.430379746875 0.0942622953125 0.4349827390625 0.1198770484375 0.4355581125 0.1362704921875 0.433831990625 0.14651639375 0.42462600625 0.1444672125 0.409090909375 0.1362704921875 0.40333716875
1 0.2110655734375 0.4113924046875 0.2069672125 0.405638665625 0.195696721875 0.401611046875 0.19023258125 0.401611046875 0.1629098359375 0.401611046875 0.15368852500000002 0.40506329062499996 0.14856557343750001 0.4205983890625 0.152663934375 0.430379746875 0.1577868859375 0.4332566171875 0.1905737703125 0.4344073640625 0.200819671875 0.4332566171875 0.207991803125 0.4298043734375 0.2110655734375 0.42462600625 0.2110655734375 0.4113924046875
1 0.27561475468749996 0.4079401609375 0.2674180328125 0.401611046875 0.2602459015625 0.40046029843750003 0.2520491796875 0.40046029843750003 0.229508196875 0.40103567343749996 0.22336065624999998 0.40218642187500003 0.2182377046875 0.40621403906250003 0.21618852500000002 0.4240506328125 0.22131147499999998 0.43095512031250005 0.22745901562499998 0.4332566171875 0.2602459015625 0.4332566171875 0.272540984375 0.42922899843750006 0.27663934375 0.42117376249999994 0.27561475468749996 0.4079401609375
1 0.341188525 0.40448791718750005 0.3288934421875 0.399884925 0.320696721875 0.399884925 0.292008196875 0.40103567343749996 0.2827868859375 0.4073647875 0.2827868859375 0.42462600625 0.28688524531250004 0.42922899843750006 0.2950819671875 0.43268124218750004 0.3309426234375 0.43210586875 0.33913934375 0.42922899843750006 0.34323770468750003 0.42289988437500003 0.34323770468750003 0.40851553437500004 0.341188525 0.40448791718750005
1 0.4200819671875 0.4131185265625 0.41905737656250003 0.40506329062499996 0.40983606562499997 0.3993095515625 0.403688525 0.3987341765625 0.39651639375 0.3987341765625 0.361680328125 0.399884925 0.352459015625 0.40218642187500003 0.34836065625 0.4073647875 0.347336065625 0.4165707703125 0.3514344265625 0.4257767546875 0.3575819671875 0.430379746875 0.3719262296875 0.4315304953125 0.383196721875 0.42922899843750006 0.417008196875 0.4165707703125 0.4200819671875 0.4131185265625
1 0.46516393437500003 0.3970080546875 0.4538934421875 0.405638665625 0.4549180328125 0.4113924046875 0.45901639375 0.4131185265625 0.556352459375 0.412543153125 0.5635245906249999 0.4113924046875 0.568647540625 0.4073647875 0.568647540625 0.40218642187500003 0.5604508203125 0.3975834296875 0.466188525 0.3975834296875 0.46516393437500003 0.3970080546875
1 0.73770491875 0.3952819328125 0.7254098359375 0.39355581093750003 0.7243852453125 0.39355581093750003 0.67520491875 0.3958573078125 0.6711065578125 0.3975834296875 0.6731557375 0.4079401609375 0.681352459375 0.41081703125 0.758196721875 0.4102416578125 0.778688525 0.4096662828125 0.7868852453125 0.40678941249999995 0.7868852453125 0.3975834296875 0.777663934375 0.39413118593749996 0.73770491875 0.3952819328125
1 0.90163934375 0.39355581093750003 0.8913934421875 0.3958573078125 0.8801229515625 0.405638665625 0.881147540625 0.41772151874999996 0.8903688531249999 0.4217491375 0.9139344265625 0.41829689375 0.9323770484375 0.4102416578125 0.9323770484375 0.39815880312499996 0.9231557374999999 0.39413118593749996 0.9077868859375 0.39355581093750003 0.90163934375 0.39355581093750003