1 0 0.4856459328125 0.0010638296875 0.4856459328125 0.011702128124999999 0.48145932968749994 0.015957446875 0.4748803828125 0.0138297875 0.458133971875 0.0053191484375 0.452751196875 0 0.45220748125 0 0.4856459328125
1 0.08191489375 0.4575358859375 0.0734042546875 0.45215310937500003 0.05957446875 0.4503588515625 0.0553191484375 0.4503588515625 0.03191489375 0.4515550234375 0.0212765953125 0.458133971875 0.020212765625 0.4760765546875 0.0234042546875 0.48145932968749994 0.0308510640625 0.485047846875 0.06808510625 0.485047846875 0.075531915625 0.48385167500000004 0.0808510640625 0.47966507187499996 0.084042553125 0.47129186562500003 0.08191489375 0.4575358859375
1 0.14787234062500001 0.4802631578125 0.152127659375 0.4748803828125 0.152127659375 0.45933014375000003 0.1489361703125 0.45514354062500006 0.1361702125 0.4503588515625 0.1304968078125 0.4503588515625 0.10212765937499999 0.4503588515625 0.0925531921875 0.45394736875 0.088297871875 0.45992822968749997 0.0872340421875 0.47129186562500003 0.0914893609375 0.47966507187499996 0.09680851093750001 0.48325358906250004 0.1074468078125 0.485047846875 0.13191489375 0.4844497609375 0.1425531921875 0.48325358906250004 0.14787234062500001 0.4802631578125
1 0.211702128125 0.4503588515625 0.20425531874999997 0.4491626796875 0.19680851093750001 0.4491626796875 0.1691489359375 0.4503588515625 0.1606382984375 0.45514354062500006 0.15851063906250001 0.4748803828125 0.1638297875 0.48086124375 0.170212765625 0.48325358906250004 0.20531914843750002 0.48325358906250004 0.21808510625 0.47906698593749997 0.222340425 0.46770335 0.220212765625 0.4557416265625 0.211702128125 0.4503588515625
1 0.274468084375 0.44856459375 0.26808510625 0.44856459375 0.2414893609375 0.4491626796875 0.22978723437499998 0.45514354062500006 0.22872340468750002 0.4748803828125 0.24042553125000002 0.482655503125 0.2787234046875 0.48205741562500004 0.28723404218750004 0.47846890000000003 0.2914893609375 0.4718899515625 0.29042553125000004 0.4563397125 0.28297872343749997 0.4503588515625 0.274468084375 0.44856459375
1 0.3712765953125 0.4617224875 0.3670212765625 0.4509569375 0.35957446875 0.44796650781249997 0.347872340625 0.4473684203125 0.3446808515625 0.4473684203125 0.3127659578125 0.44856459375 0.3010638296875 0.4515550234375 0.2968085109375 0.4563397125 0.29574468125000003 0.4665071765625 0.2989361703125 0.47428229687499995 0.306382978125 0.48086124375 0.32127659531249997 0.48145932968749994 0.3329787234375 0.47906698593749997 0.365957446875 0.46710526249999995 0.3712765953125 0.4617224875
1 0.515957446875 0.4461722484375 0.46382978750000003 0.44497607656250004 0.46170212812500006 0.44497607656250004 0.4170212765625 0.4455741625 0.40744680781250003 0.45215310937500003 0.406382978125 0.45933014375000003 0.41170212812500007 0.46232057343750005 0.420212765625 0.4629186609375 0.49148936093750006 0.46232057343750005 0.5170212765625 0.4611244015625 0.524468084375 0.4563397125 0.525531915625 0.4515550234375 0.515957446875 0.4461722484375
1 0.6872340421875001 0.4419856453125 0.6861702125 0.4419856453125 0.638297871875 0.44437799062499994 0.6329787234375 0.4473684203125 0.6329787234375 0.45514354062500006 0.6414893609375001 0.45992822968749997 0.7372340421875 0.45933014375000003 0.7510638296875001 0.4563397125 0.7521276593749999 0.4473684203125 0.74042553125 0.44258373281249996 0.7 0.4437799046875 0.6872340421875001 0.4419856453125
1 0.9372340421875001 0.45454545468749996 0.9361702125000001 0.4473684203125 0.9287234046874999 0.44258373281249996 0.90425531875 0.441387559375 0.8946808515625 0.441387559375 0.865957446875 0.4419856453125 0.856382978125 0.4461722484375 0.8489361703125 0.45992822968749997 0.85 0.46889952187499995 0.8638297875 0.473086125 0.888297871875 0.46770335 0.9021276593750001 0.46710526249999995 0.9106382984374999 0.46411483281250004 0.9287234046874999 0.4629186609375 0.9372340421875001 0.45454545468749996
0 0.3968085109375 0.4138755984375 0.3893617015625 0.4138755984375 0.38191489375 0.41566985624999997 0.37765957499999997 0.42045454531250004 0.375531915625 0.44258373281249996 0.375531915625 0.452751196875 0.3851063828125 0.45873205781250004 0.4 0.4563397125 0.4106382984375 0.4437799046875 0.40744680781250003 0.4186602875 0.4031914890625 0.41507177031250003 0.3968085109375 0.4138755984375
0 0.40425531875000004 0.3672248796875 0.3946808515625 0.3636363640625 0.388297871875 0.3636363640625 0.3808510640625 0.3648325359375 0.375531915625 0.37021531093750004 0.375531915625 0.3989234453125 0.379787234375 0.4066985640625 0.3851063828125 0.4096889953125 0.39574468125 0.41028708125 0.40425531875000004 0.40729665 0.40744680781250003 0.40251196250000004 0.40744680781250003 0.376196171875 0.40425531875000004 0.3672248796875
0 0.38191489375 0.0974880375 0.36808510625 0.09569377968750001 0.3606382984375 0.0974880375 0.35638297812499997 0.1022727265625 0.365957446875 0.10765550312500001 0.4 0.1082535890625 0.40957446875 0.1034689 0.40744680781250003 0.0944976078125 0.4031914890625 0.0944976078125 0.38191489375 0.0974880375
0 0.4031914890625 0.1136363640625 0.39042553125 0.1118421046875 0.3808510640625 0.1118421046875 0.3638297875 0.1136363640625 0.35638297812499997 0.1178229671875 0.35638297812499997 0.12918660312500002 0.3606382984375 0.1351674640625 0.3670212765625 0.1381578953125 0.3946808515625 0.1381578953125 0.40531914843749994 0.134569378125 0.40957446875 0.126196171875 0.40851063906249996 0.1178229671875 0.4031914890625 0.1136363640625
0 0.3858159578125 0.14114832500000002 0.37234042500000003 0.14114832500000002 0.365957446875 0.14294258437500001 0.3574468078125 0.1513157890625 0.361702128125 0.166866028125 0.37234042500000003 0.172846890625 0.39574468125 0.1716507171875 0.40531914843749994 0.166866028125 0.406382978125 0.1459330140625 0.3925531921875 0.14114832500000002 0.3858159578125 0.14114832500000002
0 0.3989361703125 0.17643540625 0.3925531921875 0.1758373203125 0.3856382984375 0.1758373203125 0.37234042500000003 0.17643540625 0.3648936171875 0.1812200953125 0.3627659578125 0.1883971296875 0.3648936171875 0.20215310937500003 0.37234042500000003 0.20933014375 0.379787234375 0.210526315625 0.39574468125 0.20992822968749997 0.40425531875000004 0.2009569375 0.40531914843749994 0.1812200953125 0.3989361703125 0.17643540625
0 0.3893617015625 0.21531100468750003 0.374468084375 0.21650717656250001 0.3691489359375 0.22308612499999997 0.3712765953125 0.251196171875 0.374468084375 0.2559808609375 0.3808510640625 0.25837320625000004 0.3914893609375 0.25837320625000004 0.40212765937499995 0.2505980859375 0.40212765937499995 0.22129186562499997 0.3946808515625 0.21531100468750003 0.3893617015625 0.21531100468750003
0 0.39042553125 0.262559809375 0.3861702125 0.262559809375 0.379787234375 0.26375598125 0.3734042546875 0.2697368421875 0.3734042546875 0.2996411484375 0.3765957453125 0.3050239234375 0.3893617015625 0.30861244062500004 0.4 0.305622009375 0.4031914890625 0.2990430625 0.4031914890625 0.2721291859375 0.4 0.2667464109375 0.39042553125 0.262559809375
0 0.3914893609375 0.31279904375 0.39042553125 0.31220095625 0.3787234046875 0.3145933015625 0.374468084375 0.32117224843750003 0.374468084375 0.34808612499999997 0.3787234046875 0.35586124375 0.3872340421875 0.3594497609375 0.3989361703125 0.35885167500000004 0.40531914843749994 0.3510765546875 0.40425531875000004 0.3205741625 0.40106382968750004 0.3157894734375 0.3914893609375 0.31279904375
0 0.606382978125 0.44318181875 0.579787234375 0.4437799046875 0.5787234046874999 0.44318181875 0.5595744687499999 0.4437799046875 0.5489361703125 0.4461722484375 0.543617021875 0.4503588515625 0.54574468125 0.4575358859375 0.552127659375 0.4611244015625 0.615957446875 0.460526315625 0.624468084375 0.458133971875 0.6265957453125 0.44976076562499995 0.622340425 0.4455741625 0.606382978125 0.44318181875
0 0.8244680843750001 0.4419856453125 0.8186925531250001 0.4419856453125 0.7808510640625 0.44258373281249996 0.7734042546875 0.446770334375 0.7765957453125 0.45693779843750004 0.8159574468749999 0.45992822968749997 0.8329787234375001 0.46411483281250004 0.8414893609374999 0.4629186609375 0.8478723406249999 0.45514354062500006 0.8478723406249999 0.4473684203125 0.8393617015625001 0.4419856453125 0.8244680843750001 0.4419856453125