1 0.466292134375 0.4442105265625 0.519662921875 0.4436842109375 0.5271535578125001 0.4421052625 0.5308988765625 0.438421053125 0.5308988765625 0.4336842109375 0.5252808984375 0.43 0.501872659375 0.428421053125 0.5009363296875 0.428421053125 0.47003745312499995 0.429473684375 0.46161048750000006 0.4336842109375 0.45037453125000004 0.43631578906249996 0.42228464375 0.4331578953125 0.417602996875 0.4347368421875 0.417602996875 0.44000000000000006 0.4260299625 0.4442105265625 0.43258427031249996 0.4442105265625 0.43445692812500003 0.44263157968750005 0.466292134375 0.4442105265625
1 0 0.465526315625 0.0037453187499999997 0.46631578906250004 0.0365168546875 0.4642105265625 0.044007490625 0.45842105312500003 0.044007490625 0.4421052625 0.0346441953125 0.43631578906249996 0.01404494375 0.4352631578125 0.007490635937499999 0.4352631578125 0 0.4360287078125 0 0.465526315625
1 0.0908239703125 0.43421052656250003 0.07771535625 0.43421052656250003 0.072097378125 0.43421052656250003 0.06273408281250001 0.4347368421875 0.054307115625 0.4373684203125 0.0486891390625 0.4442105265625 0.04962546875 0.45999999999999996 0.059925093750000005 0.4647368421875 0.0926966296875 0.4642105265625 0.09925093593749999 0.46263157968749996 0.103932584375 0.45894736875 0.1029962546875 0.43947368437499995 0.0908239703125 0.43421052656250003
1 0.1582397 0.43578947343749996 0.14887640468750002 0.4336842109375 0.143492509375 0.4336842109375 0.12172284687499998 0.43421052656250003 0.11329587968749999 0.4373684203125 0.1086142328125 0.4447368421875 0.1086142328125 0.4536842109375 0.11610486874999999 0.46315789531249996 0.15168539375 0.4636842109375 0.16198501875 0.45999999999999996 0.1647940078125 0.45526315781250004 0.16385767812500002 0.44000000000000006 0.1582397 0.43578947343749996
1 0.22659176093750003 0.4463157890625 0.22191011249999998 0.43684210468750007 0.21348314531249998 0.4336842109375 0.202247190625 0.4331578953125 0.2013108609375 0.4326315796875 0.17883895156250001 0.4336842109375 0.170411984375 0.4378947375 0.167602996875 0.4442105265625 0.16853932656249998 0.45473684218750005 0.1713483140625 0.45947368437499997 0.17696629218749999 0.46263157968749996 0.21254681718750001 0.46263157968749996 0.220037453125 0.460526315625 0.2247191015625 0.4563157890625 0.22659176093750003 0.4463157890625
1 0.283707865625 0.43631578906249996 0.272471909375 0.4326315796875 0.267602996875 0.4326315796875 0.24063670468749998 0.4331578953125 0.2331460671875 0.43631578906249996 0.22940074843749997 0.45105263124999995 0.23220973749999999 0.45789473750000004 0.237827715625 0.461578946875 0.27059925156250003 0.4621052625 0.28183520624999997 0.45947368437499997 0.2865168546875 0.45421052656249994 0.2865168546875 0.44105263125 0.283707865625 0.43631578906249996
1 0.3286516859375 0.43157894687500004 0.3239700375 0.43157894687500004 0.3005617984375 0.4326315796875 0.29213483125 0.438421053125 0.2911985015625 0.4536842109375 0.3005617984375 0.46105263125 0.3333333328125 0.46105263125 0.343632959375 0.45736842031249997 0.34737827656250003 0.44894736875 0.34550561874999997 0.4378947375 0.3389513109375 0.4326315796875 0.3286516859375 0.43157894687500004
1 0.3970037453125 0.43105263125000004 0.38857677968750004 0.43105263125000004 0.38764045 0.430526315625 0.36142322031249996 0.43157894687500004 0.352059925 0.43631578906249996 0.352059925 0.45473684218750005 0.3595505625 0.45999999999999996 0.3810861421875 0.460526315625 0.3913857671875 0.45894736875 0.41198501875 0.4478947375 0.41198501875 0.441578946875 0.40449438125 0.4331578953125 0.3970037453125 0.43105263125000004
1 0.684456928125 0.4257894734375 0.6807116109375 0.4257894734375 0.642322096875 0.4263157890625 0.6320224718749999 0.42789473750000007 0.6254681640624999 0.43157894687500004 0.62640449375 0.43894736874999996 0.63389513125 0.4421052625 0.7228464421874999 0.44105263125 0.72846441875 0.43894736874999996 0.730337078125 0.43210526250000003 0.7228464421874999 0.4268421046875 0.684456928125 0.4257894734375
1 0.8988764046875 0.4331578953125 0.8951310859375001 0.429473684375 0.8885767796874999 0.4268421046875 0.8670411984375 0.4257894734375 0.8623595500000001 0.4257894734375 0.8342696625 0.4257894734375 0.8286516859375 0.428421053125 0.8249063671875 0.4347368421875 0.8258426968749999 0.440526315625 0.8314606734375 0.4442105265625 0.8567415734375 0.45157894687500005 0.8661048687499999 0.45105263124999995 0.8829588015625 0.4468421046875 0.8988764046875 0.43894736874999996 0.8988764046875 0.4331578953125
1 1 0.4252421046875 0.977528090625 0.42473684218749996 0.9747191015625001 0.42473684218749996 0.9672284640625 0.4257894734375 0.959737828125 0.4326315796875 0.9588014984375001 0.45105263124999995 0.9653558046875 0.45421052656249994 0.9971910109375001 0.45421052656249994 1 0.45342105312500003 1 0.4252421046875
0 0.445692884375 0.1336842109375 0.4406994375 0.1336842109375 0.43071161093750004 0.1336842109375 0.417602996875 0.1378947375 0.4157303375 0.1468421046875 0.417602996875 0.15105263124999999 0.4250936328125 0.1552631578125 0.45411985 0.1552631578125 0.4606741578125 0.1521052625 0.4634831453125 0.1463157890625 0.46161048750000006 0.1378947375 0.445692884375 0.1336842109375
0 0.4353932578125 0.1578947375 0.424157303125 0.16 0.417602996875 0.16736842031250002 0.420411984375 0.18 0.4288389515625 0.18578947343750002 0.45224719062499996 0.1847368421875 0.459737828125 0.180526315625 0.459737828125 0.1626315796875 0.45411985 0.159473684375 0.44007490625 0.1578947375 0.4353932578125 0.1578947375
0 0.4466292140625 0.188421053125 0.44054307187499997 0.188421053125 0.42977528125 0.18894736875 0.4232209734375 0.1957894734375 0.424157303125 0.21263157968750002 0.43352060000000003 0.2178947375 0.4494382015625 0.2173684203125 0.4550561796875 0.2152631578125 0.45880149843750007 0.210526315625 0.45880149843750007 0.1931578953125 0.45318352031250003 0.189473684375 0.4466292140625 0.188421053125
0 0.44382022499999996 0.22105263125 0.43352060000000003 0.22263157968749997 0.42790262187500006 0.2273684203125 0.42977528125 0.2531578953125 0.438202246875 0.258421053125 0.4513108609375 0.2573684203125 0.45692883906250004 0.249473684375 0.45786516875 0.22894736875000002 0.4550561796875 0.2247368421875 0.445692884375 0.22105263125 0.44382022499999996 0.22105263125
0 0.4466292140625 0.2626315796875 0.445692884375 0.2626315796875 0.43352060000000003 0.2652631578125 0.42977528125 0.27263157968749996 0.43071161093750004 0.2957894734375 0.43352060000000003 0.3 0.44194756562500004 0.3031578953125 0.45318352031250003 0.301578946875 0.45786516875 0.29473684218749996 0.45692883906250004 0.270526315625 0.45318352031250003 0.2647368421875 0.4466292140625 0.2626315796875
0 0.455992509375 0.310526315625 0.45037453125000004 0.30789473749999996 0.44194756562500004 0.30789473749999996 0.4353932578125 0.31 0.43258427031249996 0.3131578953125 0.431647940625 0.3278947375 0.43258427031249996 0.34105263125 0.4353932578125 0.3447368421875 0.4428838953125 0.3478947375 0.45411985 0.3463157890625 0.459737828125 0.33894736875000003 0.45880149843750007 0.3147368421875 0.455992509375 0.310526315625
0 0.4466292140625 0.35210526249999996 0.4372659171875 0.3536842109375 0.43352060000000003 0.358421053125 0.43445692812500003 0.3863157890625 0.4372659171875 0.390526315625 0.4447565546875 0.3926315796875 0.455992509375 0.391578946875 0.46161048750000006 0.3842105265625 0.459737828125 0.3563157890625 0.4513108609375 0.35210526249999996 0.4466292140625 0.35210526249999996
0 0.4494382015625 0.3963157890625 0.445692884375 0.3963157890625 0.44007490625 0.39736842031249997 0.43445692812500003 0.4026315796875 0.43352060000000003 0.42789473750000007 0.438202246875 0.4326315796875 0.45411985 0.4331578953125 0.4625468171875 0.43157894687500004 0.46441947499999997 0.428421053125 0.4634831453125 0.410526315625 0.45880149843750007 0.398421053125 0.4494382015625 0.3963157890625
0 0.5814606734375001 0.42789473750000007 0.5805243453125 0.4273684203125 0.55243445625 0.42894736875 0.5468164796874999 0.4331578953125 0.5486891390624999 0.440526315625 0.5571161046875 0.44315789531250005 0.596441946875 0.44315789531250005 0.6132958796875 0.4421052625 0.6179775281250001 0.44000000000000006 0.6198501875 0.4336842109375 0.6132958796875 0.428421053125 0.5814606734375001 0.42789473750000007
0 0.8164794000000001 0.4273684203125 0.8108614234375 0.4257894734375 0.7780898875 0.4252631578125 0.7762172281249999 0.4252631578125 0.758426965625 0.4257894734375 0.751872659375 0.42789473750000007 0.748127340625 0.430526315625 0.75 0.4378947375 0.7574906359375 0.440526315625 0.77434456875 0.44105263125 0.811797753125 0.440526315625 0.818352059375 0.438421053125 0.8211610484375 0.430526315625 0.8164794000000001 0.4273684203125
0 0.9503745312499999 0.4263157890625 0.9372659171875 0.42473684218749996 0.9307116109375 0.42473684218749996 0.9213483140625 0.4252631578125 0.9138576781250001 0.428421053125 0.9110486890624999 0.4378947375 0.9147940078125 0.44263157968750005 0.9288389515625 0.45 0.9410112359375 0.4526315796875 0.94756554375 0.45105263124999995 0.9531835203125001 0.4468421046875 0.95411985 0.429473684375 0.9503745312499999 0.4263157890625
0 0.41947565468750003 0.12105263125000001 0.417602996875 0.12631578906250002 0.4288389515625 0.13 0.45880149843750007 0.129473684375 0.4634831453125 0.1257894734375 0.4625468171875 0.118421053125 0.45880149843750007 0.118421053125 0.4428838953125 0.121578946875 0.41947565468750003 0.12105263125000001