0 0.4372659171875 0.1431578953125 0.43632958750000006 0.1431578953125 0.4250936328125 0.1463157890625 0.42228464375 0.149473684375 0.42134831406249995 0.1547368421875 0.4260299625 0.16368421093750002 0.43632958750000006 0.1668421046875 0.459737828125 0.1657894734375 0.46722846406249996 0.16 0.466292134375 0.1463157890625 0.455992509375 0.1436842109375 0.4372659171875 0.1431578953125
0 0.44194756562500004 0.16894736875 0.42977528125 0.171578946875 0.424157303125 0.1773684203125 0.4260299625 0.190526315625 0.4353932578125 0.1978947375 0.459737828125 0.19684210468750002 0.466292134375 0.19105263125 0.46535580468750004 0.1726315796875 0.45880149843750007 0.16999999999999998 0.445692884375 0.16894736875 0.44194756562500004 0.16894736875
0 0.46535580468750004 0.2047368421875 0.45411985 0.20052631562499998 0.44756554375 0.20052631562499998 0.43445692812500003 0.2021052625 0.42977528125 0.2052631578125 0.4288389515625 0.20894736875 0.42977528125 0.22315789531250002 0.4353932578125 0.229473684375 0.44194756562500004 0.23105263125 0.455992509375 0.230526315625 0.459737828125 0.22894736875000002 0.46441947499999997 0.2221052625 0.46535580468750004 0.2047368421875
0 0.45224719062499996 0.2352631578125 0.445692884375 0.2352631578125 0.44007490625 0.23578947343749998 0.43445692812500003 0.24105263125 0.4353932578125 0.2652631578125 0.43913857656250005 0.271578946875 0.45037453125000004 0.2742105265625 0.459737828125 0.26947368437499997 0.4625468171875 0.26578947343750003 0.4625468171875 0.24157894687499998 0.4606741578125 0.2378947375 0.45224719062499996 0.2352631578125
0 0.45318352031250003 0.278421053125 0.44756554375 0.278421053125 0.43913857656250005 0.28105263125 0.4372659171875 0.2847368421875 0.4372659171875 0.309473684375 0.44007490625 0.31684210468749996 0.44850187343750003 0.319473684375 0.46161048750000006 0.3152631578125 0.46441947499999997 0.30473684218749997 0.4634831453125 0.2863157890625 0.4606741578125 0.28157894687499996 0.45318352031250003 0.278421053125
0 0.43913857656250005 0.3563157890625 0.4447565546875 0.36210526249999997 0.4634831453125 0.3642105265625 0.46535580468750004 0.3321052625 0.4606741578125 0.32631578906250003 0.45411985 0.3236842109375 0.44850187343750003 0.3236842109375 0.43913857656250005 0.3278947375 0.43913857656250005 0.3563157890625
0 0.45037453125000004 0.3668421046875 0.44382022499999996 0.3678947375 0.43913857656250005 0.3721052625 0.43913857656250005 0.38842105312499997 0.4428838953125 0.40421052656249995 0.4513108609375 0.408421053125 0.4625468171875 0.4063157890625 0.46722846406249996 0.4 0.46535580468750004 0.37105263125 0.455992509375 0.3668421046875 0.45037453125000004 0.3668421046875
0 0.46535580468750004 0.4147368421875 0.45880149843750007 0.4121052625 0.4513108609375 0.4121052625 0.44194756562500004 0.41631578906250005 0.44007490625 0.4257894734375 0.44007490625 0.440526315625 0.44382022499999996 0.4452631578125 0.4513108609375 0.4478947375 0.46161048750000006 0.4468421046875 0.46816479375000003 0.44315789531250005 0.47003745312499995 0.43894736874999996 0.46816479375000003 0.41894736874999994 0.46535580468750004 0.4147368421875
0 0.5861423218749999 0.43894736874999996 0.5852059921875 0.4468421046875 0.5908239703125 0.450526315625 0.647940075 0.450526315625 0.6591760296875 0.4463157890625 0.6591760296875 0.44105263125 0.649812734375 0.43684210468750007 0.6029962546875 0.43631578906249996 0.602059925 0.43578947343749996 0.5861423218749999 0.43894736874999996
0 0.8389513109375001 0.4352631578125 0.7865168546875 0.4336842109375 0.779962546875 0.4336842109375 0.7528089890625 0.4352631578125 0.7471910109375 0.44000000000000006 0.7490636703125 0.4463157890625 0.7528089890625 0.44842105312499997 0.7631086140625001 0.449473684375 0.8192883890625 0.449473684375 0.8361423218749999 0.45105263124999995 0.846441946875 0.44578947343750003 0.846441946875 0.43894736874999996 0.8389513109375001 0.4352631578125
0 0.970037453125 0.4557894734375 0.9709737828125 0.441578946875 0.964419475 0.43631578906249996 0.9522471906250001 0.4336842109375 0.9469410109374999 0.4336842109375 0.9157303375 0.4347368421875 0.91198501875 0.438421053125 0.91198501875 0.4452631578125 0.9176029968750001 0.45157894687500005 0.938202246875 0.46105263125 0.95411985 0.46263157968749996 0.9588014984375001 0.461578946875 0.9616104875 0.45736842031249997 0.9653558046875 0.45789473750000004 0.970037453125 0.4557894734375
1 1 0.4336842109375 0.994382021875 0.4336842109375 0.9859550562500001 0.43421052656250003 0.977528090625 0.43894736874999996 0.9765917609375 0.45526315781250004 0.984082396875 0.4621052625 1 0.4630470921875 1 0.4336842109375
1 0.87640449375 0.43421052656250003 0.8614232203125001 0.4378947375 0.853932584375 0.4463157890625 0.8558052437500001 0.4563157890625 0.8670411984375 0.460526315625 0.897940075 0.4536842109375 0.9073033703125001 0.4468421046875 0.9063670406250001 0.43947368437499995 0.90168539375 0.43631578906249996 0.8801498125 0.43421052656250003 0.87640449375 0.43421052656250003
1 0.6863295875000001 0.4347368421875 0.6760299625 0.4378947375 0.674157303125 0.440526315625 0.6750936328125 0.4463157890625 0.6807116109375 0.449473684375 0.72846441875 0.45 0.7406367046875 0.4468421046875 0.741573034375 0.43894736874999996 0.73595505625 0.4352631578125 0.69007490625 0.4347368421875 0.6863295875000001 0.4347368421875
1 0.5149812734375 0.43684210468750007 0.4765917609375 0.438421053125 0.4719101125 0.4421052625 0.47471910156249997 0.45105263124999995 0.554307115625 0.45210526250000005 0.5711610484375 0.45105263124999995 0.5777153562499999 0.4473684203125 0.5749063671875 0.43894736874999996 0.568352059375 0.4373684203125 0.5177902624999999 0.43684210468750007 0.5149812734375 0.43684210468750007
1 0.43632958750000006 0.4436842109375 0.431647940625 0.440526315625 0.4250936328125 0.43947368437499995 0.424157303125 0.43947368437499995 0.3829588015625 0.440526315625 0.3754681640625 0.44263157968750005 0.371722846875 0.4478947375 0.3754681640625 0.4652631578125 0.3810861421875 0.468421053125 0.3904494375 0.46894736875 0.3988764046875 0.46736842031250003 0.4269662921875 0.45842105312500003 0.4372659171875 0.4526315796875 0.43632958750000006 0.4436842109375
1 0.36610486875000003 0.46263157968749996 0.36610486875000003 0.4473684203125 0.3632958796875 0.4436842109375 0.3548689140625 0.440526315625 0.34956273437499996 0.440526315625 0.32303370781249996 0.440526315625 0.3146067421875 0.4442105265625 0.3108614234375 0.450526315625 0.3108614234375 0.45894736875 0.3127340828125 0.4636842109375 0.3192883890625 0.46894736875 0.329588015625 0.470526315625 0.34550561874999997 0.47000000000000003 0.36235955 0.46684210468750004 0.36610486875000003 0.46263157968749996
1 0.3033707859375 0.4447368421875 0.2949438203125 0.44105263125 0.26310861406249997 0.44105263125 0.262172284375 0.44105263125 0.25374531875 0.4442105265625 0.25 0.44894736875 0.25 0.46315789531249996 0.25374531875 0.4678947375 0.26310861406249997 0.47105263124999996 0.290262171875 0.470526315625 0.2986891390625 0.46894736875 0.3071161046875 0.460526315625 0.3071161046875 0.45157894687500005 0.3033707859375 0.4447368421875
1 0.2453183515625 0.46105263125 0.2453183515625 0.450526315625 0.2425093640625 0.44578947343750003 0.2312734078125 0.441578946875 0.22596722812499997 0.441578946875 0.1994382015625 0.441578946875 0.19194756562499998 0.4447368421875 0.188202246875 0.45105263124999995 0.188202246875 0.461578946875 0.1910112359375 0.4678947375 0.1966292140625 0.47105263124999996 0.220037453125 0.47210526249999996 0.23595505625 0.470526315625 0.241573034375 0.4678947375 0.2453183515625 0.46105263125
1 0.1760299625 0.44315789531250005 0.1610486890625 0.4421052625 0.16011235937499999 0.441578946875 0.1432584265625 0.4421052625 0.132022471875 0.4468421046875 0.12827715312500002 0.46105263125 0.1310861421875 0.46736842031250003 0.13764045 0.47210526249999996 0.17228464375000002 0.47210526249999996 0.1825842703125 0.46736842031250003 0.1853932578125 0.46315789531249996 0.18352059999999998 0.4478947375 0.1760299625 0.44315789531250005
1 0.12453183593749999 0.449473684375 0.11985018750000001 0.4452631578125 0.1114232203125 0.44263157968750005 0.1065543078125 0.44263157968750005 0.0870786515625 0.44263157968750005 0.0730337078125 0.4468421046875 0.068352059375 0.45736842031249997 0.072097378125 0.47105263124999996 0.0852059921875 0.4731578953125 0.10486891406250001 0.4731578953125 0.11610486874999999 0.47210526249999996 0.1226591765625 0.46947368437500003 0.1254681640625 0.4647368421875 0.12453183593749999 0.449473684375
1 0 0.4715204671875 0.0046816484375 0.46947368437500003 0.007490635937499999 0.45999999999999996 0.0065543078125 0.45105263124999995 0 0.44699999999999995 0 0.4715204671875
1 0.059925093750000005 0.44578947343750003 0.050561798437500007 0.4436842109375 0.045880149999999995 0.4436842109375 0.0234082390625 0.4442105265625 0.013108614062500001 0.44894736875 0.011235954687499999 0.4652631578125 0.0177902625 0.4731578953125 0.035580525 0.47421052656249996 0.0571161046875 0.4726315796875 0.06273408281250001 0.470526315625 0.065543071875 0.4647368421875 0.0646067421875 0.450526315625 0.059925093750000005 0.44578947343750003