1 0.41899441406250004 0.4560209421875 0.4432029796875 0.4513089 0.5102420859375 0.450785340625 0.5167597765624999 0.44921465937500005 0.5186219734375 0.44293193750000004 0.5167597765624999 0.43926701562500003 0.5074487890625 0.43664921406249996 0.502327746875 0.43664921406249996 0.4729981375 0.43717277499999996 0.46368715156249996 0.44136125625 0.4562383609375 0.4418848171875 0.446927375 0.4418848171875 0.434823090625 0.437696334375 0.41899441406250004 0.437696334375 0.410614525 0.44083769687499996 0.4078212296875 0.4445026171875 0.408752328125 0.44973822031250005 0.41899441406250004 0.4560209421875
1 0.7104283046875 0.43560209375000003 0.7029795156249999 0.4340314140625 0.6722532593749999 0.4345549734375 0.6713221593750001 0.4340314140625 0.6145251390625 0.43612565468750003 0.609869646875 0.44031413593749996 0.6108007453125001 0.44554973750000004 0.6163873375 0.44921465937500005 0.6573556796875 0.44921465937500005 0.7029795156249999 0.4481675390625 0.712290503125 0.44659685937500004 0.716014896875 0.44397905781249997 0.7150837984375 0.437696334375 0.7104283046875 0.43560209375000003
1 0.8594040968750001 0.43298429374999997 0.837057728125 0.43350785312499995 0.8361266296875 0.43298429374999997 0.8202979515625 0.43350785312499995 0.8128491625 0.43664921406249996 0.8119180640625 0.4418848171875 0.81657355625 0.44659685937500004 0.8594040968750001 0.45863874375 0.875232775 0.4560209421875 0.8873370578124999 0.450785340625 0.891061453125 0.44345549687499997 0.8836126625 0.43612565468750003 0.8594040968750001 0.43298429374999997
1 0.96834264375 0.435078534375 0.957169459375 0.43664921406249996 0.9525139671874999 0.44031413593749996 0.9469273749999999 0.4513089 0.948789571875 0.45863874375 0.9581005593749999 0.46178010468749997 0.9739292359375 0.46125654374999997 0.9823091249999999 0.45654450312500006 0.9813780265625001 0.4418848171875 0.9702048421875 0.435078534375 0.96834264375 0.435078534375
1 0 0.472251309375 0.0037243953125 0.4732984296875 0.0279329609375 0.47277486875 0.04003724375 0.4696335078125 0.0446927375 0.46178010468749997 0.0437616390625 0.44973822031250005 0.0391061453125 0.445026178125 0.03072625625 0.44293193750000004 0.0260707640625 0.44293193750000004 0 0.44390925000000003 0 0.472251309375
1 0.10428305468750002 0.4486911 0.0977653625 0.44345549687499997 0.089385475 0.4418848171875 0.0845437609375 0.4418848171875 0.060521415625 0.44240837656250004 0.0502793296875 0.44764397968749997 0.0474860328125 0.45287958125000005 0.0484171328125 0.462303665625 0.0502793296875 0.46701570625000005 0.0567970203125 0.47120418906249995 0.09404096875 0.47120418906249995 0.10242085625 0.46753926718749994 0.105214153125 0.462303665625 0.10428305468750002 0.4486911
1 0.1620111734375 0.44659685937500004 0.153631284375 0.4418848171875 0.131284915625 0.44083769687499996 0.1284916203125 0.44083769687499996 0.11731843593749999 0.44240837656250004 0.109869646875 0.4486911 0.108938546875 0.46125654374999997 0.11173184375 0.466492146875 0.12011173125 0.47120418906249995 0.154562384375 0.47015706875 0.161080075 0.46701570625000005 0.1638733703125 0.46178010468749997 0.16480446875000002 0.4518324609375 0.1620111734375 0.44659685937500004
1 0.20949720625 0.44031413593749996 0.1862197390625 0.44031413593749996 0.18249534375 0.44031413593749996 0.172253259375 0.44397905781249997 0.1685288640625 0.44973822031250005 0.1685288640625 0.462303665625 0.171322159375 0.46701570625000005 0.180633146875 0.47068062812499994 0.2039106140625 0.47068062812499994 0.216945996875 0.4685863875 0.2243947859375 0.459162303125 0.2216014890625 0.445026178125 0.20949720625 0.44031413593749996
1 0.27188081875000003 0.4397905765625 0.2667597765625 0.4397905765625 0.23929236562499998 0.44031413593749996 0.2309124765625 0.4445026171875 0.22905027968749997 0.46020942343750004 0.23556797031249999 0.4680628265625 0.24301675937499997 0.4696335078125 0.27094972031250003 0.469109946875 0.2802607078125 0.4659685859375 0.28398510312499997 0.4596858640625 0.283054003125 0.44659685937500004 0.27188081875000003 0.4397905765625
1 0.341713221875 0.44345549687499997 0.332402234375 0.43926701562500003 0.32718808125 0.43926701562500003 0.29888268125 0.4397905765625 0.2942271875 0.44083769687499996 0.2895716953125 0.445026178125 0.28770949687499997 0.4570680625 0.292364990625 0.4654450265625 0.297020484375 0.4680628265625 0.3296089390625 0.4685863875 0.3426443203125 0.46387434531249994 0.34357541875000003 0.44659685937500004 0.341713221875 0.44345549687499997
1 0.39851024218750003 0.44031413593749996 0.39292365 0.4382198953125 0.39106145312499996 0.4382198953125 0.3584729984375 0.43926701562500003 0.350093109375 0.44293193750000004 0.3482309125 0.45863874375 0.354748603125 0.46701570625000005 0.386405959375 0.46753926718749994 0.3957169453125 0.4659685859375 0.4031657359375 0.462303665625 0.40689012968749994 0.4570680625 0.40595903125 0.4502617796875 0.39851024218750003 0.44031413593749996
0 0.4385474859375 0.140837696875 0.42178770937500004 0.1476439796875 0.4208566109375 0.1554973828125 0.42364990625 0.1602094234375 0.431098696875 0.16335078593750002 0.4590316578125 0.16335078593750002 0.466480446875 0.159162303125 0.4674115453125 0.14712041874999998 0.45530726250000003 0.140837696875 0.4413407828125 0.140837696875 0.4385474859375 0.140837696875
0 0.46461825 0.1696335078125 0.45530726250000003 0.1659685859375 0.44995344531250003 0.1659685859375 0.4338919921875 0.1659685859375 0.42737430156249995 0.1675392671875 0.42364990625 0.170680628125 0.4227188078125 0.18010471249999999 0.4255121046875 0.188481675 0.4338919921875 0.193717278125 0.45530726250000003 0.1931937171875 0.46368715156249996 0.19005235625 0.466480446875 0.1738219890625 0.46461825 0.1696335078125
0 0.45996275625000005 0.197905759375 0.45065176874999996 0.196335078125 0.44506517656250005 0.196335078125 0.434823090625 0.1968586390625 0.431098696875 0.1989528796875 0.42737430156249995 0.2083769640625 0.43016759843749997 0.221989528125 0.435754190625 0.22565445 0.4432029796875 0.2267015703125 0.45716945937500003 0.22460732968750002 0.46368715156249996 0.2188481671875 0.46368715156249996 0.2010471203125 0.45996275625000005 0.197905759375
0 0.448789571875 0.229319371875 0.444134078125 0.229319371875 0.435754190625 0.2324607328125 0.43296089374999996 0.2361256546875 0.434823090625 0.2596858640625 0.44227188125000005 0.2659685859375 0.4515828671875 0.266492146875 0.45716945937500003 0.26439790625000004 0.4608938546875 0.2602094234375 0.46275605156250005 0.23717277499999997 0.45996275625000005 0.23298429375000002 0.448789571875 0.229319371875
0 0.448789571875 0.270680628125 0.43947858437500004 0.272251309375 0.435754190625 0.2790575921875 0.43668528906250004 0.303664921875 0.446927375 0.30994764375 0.45716945937500003 0.3083769640625 0.46275605156250005 0.30157068125 0.461824953125 0.2774869109375 0.45996275625000005 0.2738219890625 0.453445065625 0.270680628125 0.448789571875 0.270680628125
0 0.4562383609375 0.31465968593750004 0.448789571875 0.31465968593750004 0.44785847343749996 0.314136125 0.4432029796875 0.31465968593750004 0.4376163875 0.31989528749999996 0.4376163875 0.3476439796875 0.444134078125 0.353403140625 0.4515828671875 0.3544502625 0.4590316578125 0.35287958124999996 0.46368715156249996 0.34869110000000003 0.46461825 0.32565445 0.4608938546875 0.3167539265625 0.4562383609375 0.31465968593750004
0 0.4497206703125 0.3581151828125 0.43947858437500004 0.362303665625 0.4385474859375 0.3869109953125 0.4432029796875 0.396335078125 0.4515828671875 0.39842931875 0.461824953125 0.396335078125 0.466480446875 0.390575915625 0.46461825 0.36282722500000003 0.4590316578125 0.359162303125 0.45251396718750003 0.3581151828125 0.4497206703125 0.3581151828125
0 0.45530726250000003 0.40157068125000006 0.4497206703125 0.40157068125000006 0.4413407828125 0.40523560156249994 0.43947858437500004 0.40890052343749994 0.43947858437500004 0.435078534375 0.44506517656250005 0.4382198953125 0.4608938546875 0.43874345625 0.4674115453125 0.43717277499999996 0.46927374374999997 0.43350785312499995 0.4674115453125 0.4104712046875 0.46461825 0.4047120421875 0.45530726250000003 0.40157068125000006
0 0.5521415265625 0.435078534375 0.5372439484375 0.43664921406249996 0.53165735625 0.4397905765625 0.5325884546874999 0.44607329843750004 0.5372439484375 0.44973822031250005 0.595903165625 0.44973822031250005 0.6042830546875 0.44554973750000004 0.6042830546875 0.44031413593749996 0.5996275609375 0.43664921406249996 0.5549348234375 0.435078534375 0.5521415265625 0.435078534375
0 0.7467411546875 0.43298429374999997 0.7374301671875 0.435078534375 0.7337057734375 0.437696334375 0.734636871875 0.4445026171875 0.7448789578125 0.4481675390625 0.7970204843750001 0.44764397968749997 0.805400371875 0.44293193750000004 0.8044692734375 0.43717277499999996 0.7970204843750001 0.43350785312499995 0.75046555 0.43298429374999997 0.7467411546875 0.43298429374999997
0 0.945996275 0.43350785312499995 0.9310986968750001 0.4324607328125 0.9301675984375001 0.43193717343750004 0.904096834375 0.43298429374999997 0.89757914375 0.43717277499999996 0.8985102421875 0.44659685937500004 0.9106145250000001 0.4518324609375 0.9227188078124999 0.4523560203125 0.9255121046875001 0.454973821875 0.9320297953125 0.4554973828125 0.9404096828125 0.453403140625 0.948789571875 0.43664921406249996 0.945996275 0.43350785312499995
0 1 0.43193717343750004 0.9981378031249999 0.43193717343750004 0.9897579140625 0.4324607328125 0.9851024203125001 0.43717277499999996 0.9878957171874999 0.4539267015625 0.9916201125 0.459162303125 0.9972067046875001 0.46125654374999997 1 0.46125654374999997 1 0.43193717343750004