0 0.4426559359375 0.14293785312500001 0.43661971875 0.14293785312500001 0.418511065625 0.14293785312500001 0.40744466875 0.1497175140625 0.4084507046875 0.1621468921875 0.418511065625 0.168926553125 0.448692153125 0.168926553125 0.453722334375 0.1655367234375 0.4567404421875 0.1610169484375 0.4567404421875 0.1485875703125 0.4517102609375 0.14463276875 0.4426559359375 0.14293785312500001
0 0.4320925546875 0.171186440625 0.414486921875 0.1740113 0.40945674062500004 0.1796610171875 0.4124748484375 0.1954802265625 0.421529175 0.202824859375 0.44567404374999997 0.20225988749999999 0.4547283703125 0.1943502828125 0.4547283703125 0.1768361578125 0.448692153125 0.17288135625 0.43762575468750003 0.171186440625 0.4320925546875 0.171186440625
0 0.428571428125 0.20564971718749997 0.41649899375 0.2101694921875 0.414486921875 0.2248587578125 0.421529175 0.2378531078125 0.42756539218749995 0.240677965625 0.43963782656249994 0.24124293749999998 0.45070422499999996 0.23446327656250002 0.4527162984375 0.211299434375 0.4476861171875 0.20677966093750003 0.43460764531249996 0.20564971718749997 0.428571428125 0.20564971718749997
0 0.4406438625 0.24406779687500002 0.4356136828125 0.24406779687500002 0.42555332031250004 0.2457627125 0.42052313906250005 0.25423728749999996 0.421529175 0.2779661015625 0.42555332031250004 0.28361581875 0.4315895375 0.28587570625000003 0.443661971875 0.285310734375 0.45070422499999996 0.27740112968749997 0.44969818906250003 0.2508474578125 0.4476861171875 0.2474576265625 0.4406438625 0.24406779687500002
0 0.4426559359375 0.2909604515625 0.43762575468750003 0.2909604515625 0.42555332031250004 0.29378531093750004 0.42253521093749996 0.3056497171875 0.423541246875 0.326553671875 0.43460764531249996 0.3333333328125 0.4406438625 0.3333333328125 0.448692153125 0.33050847499999997 0.4527162984375 0.32146892656250003 0.4517102609375 0.29887005625 0.448692153125 0.2932203390625 0.4426559359375 0.2909604515625
0 0.4426559359375 0.3372881359375 0.4356136828125 0.3372881359375 0.428571428125 0.33898305156249997 0.424547284375 0.34350282499999996 0.424547284375 0.3672316390625 0.428571428125 0.3774011296875 0.43762575468750003 0.3807909609375 0.4517102609375 0.3768361578125 0.4547283703125 0.36949152500000004 0.4527162984375 0.34293785312499997 0.45070422499999996 0.34011299375 0.4426559359375 0.3372881359375
0 0.4406438625 0.385310734375 0.43963782656249994 0.38474576250000003 0.4315895375 0.38587570625 0.42655935625 0.3909604515625 0.42655935625 0.4220338984375 0.4304346078125 0.44903615781250006 0.446366196875 0.451497175 0.4559637828125 0.442427684375 0.45573440625000006 0.4237288140625 0.4567404421875 0.40112994375 0.4527162984375 0.38813559375 0.4406438625 0.385310734375
1 1 0.45010217968750005 0.9949698187499999 0.4502824859375 0.9859154921875 0.455932203125 0.979879275 0.47118644062500004 0.979879275 0.4768361578125 0.9859154921875 0.4813559328125 1 0.48117198749999995 1 0.45010217968750005
1 0.5229336015625 0.458591525 0.5084024140625 0.4543468921875 0.45499698125 0.4542372875 0.45399094531250006 0.4542372875 0.3835684109375 0.45762711874999995 0.37753219374999997 0.46101694843749996 0.3785382296875 0.4717514125 0.3875925546875 0.4785310734375 0.399664990625 0.4796610171875 0.4278340046875 0.47118644062500004 0.463045271875 0.469491525 0.5101468812500001 0.47034689218750003 0.5191559359375 0.46610225937500005 0.5229336015625 0.458591525
1 0 0.49212267968749995 0.0331991953125 0.4926553671875 0.04426559375 0.4909604515625 0.048289739062499996 0.48813559375000004 0.05130784687499999 0.48361581875 0.050301810937500004 0.46723163906250004 0.041247484375 0.46101694843749996 0.02917505 0.45988700624999995 0.0231388328125 0.45988700624999995 0 0.460926553125 0 0.49212267968749995
1 0.110663984375 0.46214689218749994 0.0945674046875 0.45932203437499997 0.08953722343750001 0.45932203437499997 0.0704225359375 0.45988700624999995 0.0583501 0.46384180781250006 0.0553319921875 0.469491525 0.0553319921875 0.48248587499999995 0.0583501 0.48813559375000004 0.066398390625 0.49209039531250004 0.10362172968750001 0.49152542343750005 0.114688128125 0.48587570625 0.114688128125 0.4655367234375 0.110663984375 0.46214689218749994
1 0.18108651874999998 0.46666666718750005 0.174044265625 0.46101694843749996 0.1599597578125 0.458192090625 0.15694165 0.458192090625 0.1338028171875 0.4587570625 0.1237424546875 0.46440677968750005 0.12072434531250001 0.4796610171875 0.124748490625 0.48757062187500005 0.13179074375 0.4909604515625 0.16498993906249998 0.4909604515625 0.1730382296875 0.48983050781250004 0.17907444687500002 0.48587570625 0.18209255468750002 0.4813559328125 0.18108651874999998 0.46666666718750005
1 0.23038229375000002 0.458192090625 0.22484909531250002 0.458192090625 0.1991951703125 0.4587570625 0.188128771875 0.46440677968750005 0.1861167 0.4819209046875 0.19718309843749998 0.48983050781250004 0.2263581484375 0.4903954796875 0.24044265625 0.48757062187500005 0.2454728375 0.4813559328125 0.2454728375 0.4677966109375 0.24245472812500002 0.4627118640625 0.23038229375000002 0.458192090625
1 0.3038229375 0.45762711874999995 0.296780684375 0.456497175 0.2877263578125 0.456497175 0.2605633796875 0.458192090625 0.2515090546875 0.46440677968750005 0.2515090546875 0.48079096093749996 0.2555331984375 0.48644067812499997 0.264587525 0.48983050781250004 0.3008048296875 0.488700565625 0.30885311875 0.48418079062499997 0.311871228125 0.4740113 0.30985915468749997 0.4627118640625 0.3038229375 0.45762711874999995
1 0.370221328125 0.45988700624999995 0.363179075 0.45706214687499996 0.35734406406249997 0.45706214687499996 0.3340040234375 0.45706214687499996 0.32092555312500004 0.45988700624999995 0.315895371875 0.46723163906250004 0.315895371875 0.4785310734375 0.3239436625 0.48757062187500005 0.35915492968749996 0.488700565625 0.37323943593750003 0.48531073437499994 0.37726358125 0.4774011296875 0.3742454734375 0.46440677968750005 0.370221328125 0.45988700624999995
0 0.556338028125 0.4525423734375 0.5392354125 0.4542372875 0.5331991953124999 0.45706214687499996 0.532193159375 0.4632768359375 0.5382293765624999 0.46836158125000005 0.60261569375 0.46892655312500003 0.610663984375 0.4655367234375 0.610663984375 0.45706214687499996 0.6046277671875 0.453672315625 0.5583501 0.4525423734375 0.556338028125 0.4525423734375
0 0.7816901406250001 0.4508474578125 0.77640845 0.4508474578125 0.7605633796875 0.4508474578125 0.752515090625 0.453672315625 0.75050301875 0.46101694843749996 0.7545271625 0.4655367234375 0.7746478875 0.46723163906250004 0.8148893359375 0.46666666718750005 0.8269617703125001 0.4627118640625 0.82796780625 0.45706214687499996 0.8209255531249999 0.4519774015625 0.7816901406250001 0.4508474578125
0 0.9748490953125 0.4514124296875 0.96579476875 0.4497175140625 0.9603621734375001 0.4497175140625 0.9346076453125001 0.4502824859375 0.92655935625 0.455932203125 0.92655935625 0.4627118640625 0.9346076453125001 0.470056496875 0.9486921531249999 0.472316384375 0.9557344062500001 0.4757062140625 0.9738430578124999 0.474576271875 0.9788732390625 0.4655367234375 0.979879275 0.45536723125 0.9748490953125 0.4514124296875
1 0.91649899375 0.46101694843749996 0.9134808859374999 0.455932203125 0.90643863125 0.4525423734375 0.8903420515624999 0.4508474578125 0.885311871875 0.4508474578125 0.8410462781250001 0.4514124296875 0.8340040234374999 0.45536723125 0.8350100609375 0.4632768359375 0.8420523140625 0.46836158125000005 0.870221328125 0.4768361578125 0.8812877265625 0.4785310734375 0.8983903421875 0.4757062140625 0.9104627765625001 0.4717514125 0.91649899375 0.4655367234375 0.91649899375 0.46101694843749996
1 0.6951710265625 0.4519774015625 0.694164990625 0.4514124296875 0.62273641875 0.453672315625 0.6167002015625 0.456497175 0.6167002015625 0.46440677968750005 0.624748490625 0.46836158125000005 0.7162977875000001 0.46723163906250004 0.7273641843750001 0.46440677968750005 0.7293762578125 0.458192090625 0.7263581484375 0.45480225937499996 0.7112676062500001 0.4514124296875 0.6951710265625 0.4519774015625
0 0.40945674062500004 0.13333333281249998 0.4134808859375 0.141807909375 0.43963782656249994 0.14237288125 0.448692153125 0.141807909375 0.4527162984375 0.13954802187499998 0.453722334375 0.13333333281249998 0.45070422499999996 0.131073446875 0.414486921875 0.131073446875 0.4134808859375 0.131073446875 0.40945674062500004 0.13333333281249998