1 0 0.457850240625 0.0145067703125 0.45815217343750003 0.034816246875 0.45489130468749994 0.0377176015625 0.4375 0.0338491296875 0.43097826093749997 0.02321083125 0.4271739125 0.0179883953125 0.4271739125 0 0.4275539390625 0 0.457850240625
1 0.0860735015625 0.42608695625 0.0657640234375 0.42608695625 0.0618955515625 0.42608695625 0.0493230171875 0.4282608703125 0.0425531921875 0.434782609375 0.041586073437499996 0.44728260937500003 0.044487428125 0.45434782656249995 0.055125725 0.45760869531250004 0.0899419734375 0.45652173906250004 0.0976789171875 0.45326087031249995 0.10058027031250001 0.4478260875 0.0976789171875 0.43097826093749997 0.0860735015625 0.42608695625
1 0.1615087046875 0.4320652171875 0.14990328749999998 0.425543478125 0.1286266921875 0.425 0.127659575 0.425 0.11605415937500001 0.42608695625 0.107350096875 0.43043478281249997 0.103481625 0.439130434375 0.106382978125 0.451630434375 0.1121856859375 0.45597826093749994 0.1189555125 0.45706521718750004 0.1518375234375 0.45597826093749994 0.1605415859375 0.451630434375 0.163442940625 0.4467391296875 0.1615087046875 0.4320652171875
1 0.226305609375 0.4461956515625 0.226305609375 0.434782609375 0.2224371375 0.4288043484375 0.213733075 0.425 0.20841392656250002 0.425 0.18181818125 0.425 0.170212765625 0.4288043484375 0.16634429374999998 0.4423913046875 0.16827852968749998 0.45 0.1731141203125 0.45434782656249995 0.178916828125 0.45597826093749994 0.20406189531250002 0.45597826093749994 0.21566731093749997 0.45489130468749994 0.2224371375 0.451630434375 0.226305609375 0.4461956515625
1 0.28529980625 0.4282608703125 0.27852998125 0.424456521875 0.27272727343750003 0.42391304375 0.2669245640625 0.42391304375 0.2437137328125 0.424456521875 0.23210831718749997 0.4298913046875 0.2311412 0.44728260937500003 0.23404255312500002 0.451630434375 0.2408123796875 0.45489130468749994 0.2707930375 0.45489130468749994 0.2833655703125 0.4521739125 0.289168278125 0.44402173906250003 0.28820116093750003 0.4326086953125 0.28529980625 0.4282608703125
1 0.33655705937499997 0.423369565625 0.3312379109375 0.423369565625 0.3017408125 0.424456521875 0.2949709859375 0.4288043484375 0.29303675 0.44456521718750003 0.30270792968750004 0.45380434843749995 0.337524178125 0.45380434843749995 0.3481624765625 0.449456521875 0.3510638296875 0.4418478265625 0.35009671249999996 0.43097826093749997 0.346228240625 0.42608695625 0.33655705937499997 0.423369565625
1 0.425531915625 0.434782609375 0.425531915625 0.4298913046875 0.42166344218749996 0.425 0.41489361718750006 0.422282609375 0.41102514531249995 0.422282609375 0.368471953125 0.423369565625 0.3597678921875 0.42608695625 0.3558994203125 0.4320652171875 0.3558994203125 0.4413043484375 0.3588007734375 0.448369565625 0.36460348124999997 0.4521739125 0.3742746609375 0.45326087031249995 0.38588007812499997 0.45108695625 0.42166344218749996 0.43858695625 0.425531915625 0.434782609375
1 0.49516440937499995 0.42010869531250006 0.469052225 0.42173912968750005 0.465183753125 0.4282608703125 0.47098646093749996 0.4353260875 0.5609284328124999 0.4353260875 0.567698259375 0.4342391296875 0.57156673125 0.43097826093749997 0.5705996125 0.42391304375 0.5618955515625 0.42065217343750005 0.496131528125 0.42065217343750005 0.49516440937499995 0.42010869531250006
1 0.764990328125 0.41793478281249996 0.7088974859375 0.41739130468749996 0.7050290140625 0.41739130468749996 0.678916828125 0.41793478281249996 0.6731141203125001 0.41956521718750006 0.6692456484375 0.422282609375 0.6692456484375 0.4298913046875 0.677949709375 0.4336956515625 0.7446808515625001 0.4331521734375 0.7688588000000001 0.4320652171875 0.7775628625000001 0.42771739062499997 0.7765957453125 0.422282609375 0.764990328125 0.41793478281249996
1 0.885880078125 0.438043478125 0.8907156671875001 0.439130434375 0.8945841390625 0.436956521875 0.8994197296875001 0.438043478125 0.9313346234375001 0.434782609375 0.93713733125 0.42608695625 0.9352030953125 0.42173912968750005 0.9274661515625 0.41793478281249996 0.9119922624999999 0.41793478281249996 0.9110251453125 0.41739130468749996 0.9071566734375001 0.41902173906250006 0.877176015625 0.41793478281249996 0.8704061890625001 0.41956521718750006 0.8665377171875001 0.422282609375 0.8675048359374999 0.4271739125 0.861702128125 0.4293478265625 0.861702128125 0.43858695625 0.8654321546875 0.4390061796875 0.8653172140625 0.4438663046875 0.8820116046875001 0.4423913046875 0.885880078125 0.438043478125
1 1 0.41645256875000003 0.996131528125 0.41684782656249997 0.9893617015625 0.424456521875 0.9912959375 0.4418478265625 0.9970986453125 0.4461956515625 1 0.44666149062500005 1 0.41645256875000003
0 0.4506769828125 0.11956521718749999 0.43713733125000004 0.1173913046875 0.432301740625 0.1173913046875 0.42166344218749996 0.1179347828125 0.4119922625 0.12065217343750001 0.40715667343749995 0.124456521875 0.40812379062500004 0.13586956562500002 0.4119922625 0.140217390625 0.4177949703125 0.1423913046875 0.444874275 0.1423913046875 0.4535783359375 0.1375 0.45551257187500005 0.124456521875 0.4506769828125 0.11956521718749999
0 0.4506769828125 0.148369565625 0.4429400390625 0.1456521734375 0.43786266874999996 0.1456521734375 0.4187620890625 0.1461956515625 0.41295938125 0.148369565625 0.409090909375 0.152717390625 0.41102514531249995 0.1657608703125 0.41972920625 0.17391304375 0.425531915625 0.172282609375 0.4429400390625 0.1728260875 0.45164410000000005 0.16793478281250002 0.4535783359375 0.152717390625 0.4506769828125 0.148369565625
0 0.4368152796875 0.1771739125 0.42166344218749996 0.177717390625 0.41489361718750006 0.1815217390625 0.41489361718750006 0.2 0.41972920625 0.2065217390625 0.42746615156249995 0.20869565156249997 0.44390715625 0.20760869531249998 0.4497098640625 0.201630434375 0.45164410000000005 0.1815217390625 0.4429400390625 0.1771739125 0.4368152796875 0.1771739125
0 0.440038684375 0.213043478125 0.4347195359375 0.213043478125 0.4264990328125 0.21358695625 0.41972920625 0.2184782609375 0.41972920625 0.2353260875 0.42456479687500004 0.25 0.43713733125000004 0.252717390625 0.44584139218749996 0.24782608750000001 0.448742746875 0.2434782609375 0.448742746875 0.2206521734375 0.4468085109375 0.21630434843750002 0.440038684375 0.213043478125
0 0.43810444843749996 0.2565217390625 0.4352030953125 0.2565217390625 0.4264990328125 0.25815217343749997 0.4226305609375 0.263043478125 0.42359767968749995 0.2934782609375 0.42843326875 0.2978260875 0.4342359765625 0.29891304375 0.44584139218749996 0.2961956515625 0.4497098640625 0.2918478265625 0.448742746875 0.2625 0.44584139218749996 0.25923912968749996 0.43810444843749996 0.2565217390625
0 0.4342359765625 0.30271739062499997 0.42456479687500004 0.3070652171875 0.42359767968749995 0.3336956515625 0.4264990328125 0.3413043484375 0.4361702125 0.3451086953125 0.4468085109375 0.3434782609375 0.45164410000000005 0.339130434375 0.45164410000000005 0.31141304375 0.4468085109375 0.3054347828125 0.4390715671875 0.30271739062499997 0.4342359765625 0.30271739062499997
0 0.43713733125000004 0.348369565625 0.425531915625 0.35271739062499996 0.42456479687500004 0.377717390625 0.4294003875 0.3896739125 0.44100580312500004 0.3918478265625 0.448742746875 0.3907608703125 0.4535783359375 0.3853260875 0.4535783359375 0.3603260875 0.4506769828125 0.35163043437499997 0.43810444843749996 0.348369565625 0.43713733125000004 0.348369565625
0 0.45454545468749996 0.401630434375 0.44584139218749996 0.3956521734375 0.4390715671875 0.3956521734375 0.43133462343750006 0.39673912968749997 0.4264990328125 0.401630434375 0.425531915625 0.4228260875 0.4352030953125 0.4326086953125 0.44100580312500004 0.434782609375 0.4506769828125 0.434782609375 0.456479690625 0.4320652171875 0.45938104375 0.42173912968750005 0.45551257187500005 0.4157608703125 0.45454545468749996 0.401630434375
0 0.6092843328125 0.41847826093749996 0.5928433265625 0.42065217343750005 0.58704061875 0.425 0.5909090906250001 0.4320652171875 0.5976789171875 0.434782609375 0.6528046421875 0.4342391296875 0.662475821875 0.43043478281249997 0.662475821875 0.4228260875 0.6566731140625001 0.41956521718750006 0.61025145 0.41902173906250006 0.6092843328125 0.41847826093749996
0 0.80947775625 0.41684782656249997 0.8007736937500001 0.41847826093749996 0.7959381046875 0.42173912968750005 0.796905221875 0.4282608703125 0.8007736937500001 0.4315217390625 0.8500967125000001 0.439130434375 0.8578336562500001 0.43043478281249997 0.8568665375 0.42010869531250006 0.8481624765625 0.41739130468749996 0.8133462281250001 0.41684782656249997 0.80947775625 0.41684782656249997
0 0.979690521875 0.41847826093749996 0.9700193421875 0.41684782656249997 0.9661508703124999 0.41684782656249997 0.9603481625000001 0.41739130468749996 0.9526112187500001 0.42391304375 0.9441470015625001 0.43832717343749994 0.9516441 0.4429347828125 0.956479690625 0.4467391296875 0.964216634375 0.44728260937500003 0.980657640625 0.4456521734375 0.9845261125 0.439130434375 0.98355899375 0.422282609375 0.979690521875 0.41847826093749996