0 0.4409368640625 0.41475972499999997 0.43482688437499994 0.41475972499999997 0.4236252546875 0.41933638437500004 0.4205702640625 0.44336384375 0.42464358437499994 0.454233409375 0.43482688437499994 0.457665903125 0.44602851250000003 0.45652173906250004 0.45213849218749996 0.45251716249999996 0.454175153125 0.4473684203125 0.45213849218749996 0.42219679687499995 0.45010183281250005 0.4181922203125 0.4409368640625 0.41475972499999997
0 0.43788187343749996 0.318077803125 0.4307535640625 0.318077803125 0.42464358437499994 0.3192219671875 0.419551934375 0.324370709375 0.419551934375 0.3518306640625 0.4236252546875 0.35926773437500004 0.4327902234375 0.36270022812499997 0.443991853125 0.3615560640625 0.44908350312499995 0.35411899375 0.44806517343749996 0.3249427921875 0.443991853125 0.31979405 0.43788187343749996 0.318077803125
0 0.439918534375 0.36670480625 0.4307535640625 0.36670480625 0.42668024375 0.3672768875 0.4205702640625 0.37242562968750004 0.4205702640625 0.3993135015625 0.42464358437499994 0.40789473750000005 0.4338085546875 0.41132723125000004 0.44602851250000003 0.409610984375 0.4511201625 0.4038901609375 0.45010183281250005 0.37242562968750004 0.44602851250000003 0.368421053125 0.439918534375 0.36670480625
0 0.43482688437499994 0.2694508015625 0.4327902234375 0.2694508015625 0.42464358437499994 0.270594965625 0.4185336046875 0.27688787187499997 0.4185336046875 0.3049199078125 0.42158859531250004 0.3106407328125 0.43177189374999997 0.31407322656250003 0.44195519375 0.311784896875 0.44704684375000003 0.305491990625 0.44704684375000003 0.27860411875 0.443991853125 0.273455378125 0.43482688437499994 0.2694508015625
0 0.4338085546875 0.2236842109375 0.4205702640625 0.22482837500000002 0.41446028437500004 0.23112128125 0.4164969453125 0.2574370703125 0.42158859531250004 0.264302059375 0.4338085546875 0.26601830625 0.44602851250000003 0.2574370703125 0.44602851250000003 0.23054919843750002 0.4429735234375 0.2254004578125 0.43584521406250004 0.2236842109375 0.4338085546875 0.2236842109375
0 0.42464358437499994 0.1527459953125 0.40835030625 0.1561784890625 0.40325865624999996 0.163043478125 0.40835030625 0.17963386718750002 0.4164969453125 0.1842105265625 0.4429735234375 0.1824942796875 0.45010183281250005 0.175629290625 0.44908350312499995 0.15675057187500002 0.43788187343749996 0.153318078125 0.42668024375 0.1527459953125 0.42464358437499994 0.1527459953125
0 0.42769857499999997 0.1115560640625 0.41446028437500004 0.109267734375 0.405295315625 0.11041190000000001 0.4022403265625 0.1178489703125 0.410386965625 0.1212814640625 0.44602851250000003 0.12185354687500001 0.4531568234375 0.11727688750000001 0.45213849218749996 0.1081235703125 0.44704684375000003 0.1081235703125 0.42769857499999997 0.1115560640625
0 0.43584521406250004 0.12528604062499998 0.4307535640625 0.12528604062499998 0.415478615625 0.12528604062499998 0.4022403265625 0.131578946875 0.40325865624999996 0.143592678125 0.412423625 0.1498855828125 0.44195519375 0.1498855828125 0.45010183281250005 0.14588100625 0.4531568234375 0.13844393593749998 0.4511201625 0.1298627 0.44908350312499995 0.12757437031250002 0.43584521406250004 0.12528604062499998
0 0.4429735234375 0.1876430203125 0.43788187343749996 0.18707093749999998 0.4327902234375 0.18707093749999998 0.415478615625 0.188215103125 0.410386965625 0.1922196796875 0.40835030625 0.1985125859375 0.410386965625 0.21167048125000001 0.4185336046875 0.21853546875 0.42566191406250004 0.219679634375 0.44195519375 0.2179633875 0.44806517343749996 0.2099542328125 0.44908350312499995 0.1922196796875 0.4429735234375 0.1876430203125
0 0.6140529531250001 0.44221967968750003 0.5977596734375 0.44393592656249997 0.589613034375 0.4467963390625 0.5885947046875 0.45308924531250006 0.5957230140625 0.45881006874999997 0.657841140625 0.45881006874999997 0.668024440625 0.4548054921875 0.668024440625 0.44622425625 0.6608961296875 0.44336384375 0.6150712828125 0.44221967968750003 0.6140529531250001 0.44221967968750003
0 0.8655804484375 0.44107551562499997 0.8309572296875001 0.4405034328125 0.8258655796875001 0.4405034328125 0.8146639515625 0.44164759687500005 0.8065173109374999 0.44622425625 0.8085539718750001 0.45308924531250006 0.813645621875 0.45594965624999995 0.8411405296875 0.4582379859375 0.8584521390625 0.4628146453125 0.8686354375 0.4622425625 0.8747454171875001 0.45251716249999996 0.8727087578124999 0.44336384375 0.8655804484375 0.44107551562499997
0 1 0.4415045765625 0.9938900203125 0.44107551562499997 0.9928716906249999 0.4405034328125 0.9837067203125001 0.44107551562499997 0.9745417515625 0.4456521734375 0.973523421875 0.4519450796875 0.9663951125000001 0.457665903125 0.9674134421874999 0.46853546875 0.98065173125 0.47254004531250005 0.9989816703125 0.4719679640625 1 0.471641059375 1 0.4415045765625
1 0.07841140468749999 0.4719679640625 0.0763747453125 0.457665903125 0.07433808593749999 0.4548054921875 0.06313645625 0.45022883281250003 0.058044806250000004 0.45022883281250003 0.037678207812499996 0.45022883281250003 0.021384928125 0.454233409375 0.017311609375000002 0.45881006874999997 0.0152749484375 0.4691075515625 0.017311609375000002 0.476544621875 0.022403259375 0.48169336406249996 0.0305498984375 0.4834096109375 0.0641547859375 0.48283752812499997 0.07535641562499999 0.4776887875 0.07841140468749999 0.4719679640625
1 0.1303462328125 0.44965675000000005 0.108961303125 0.44965675000000005 0.10794297343749999 0.44908466875 0.0936863546875 0.45022883281250003 0.084521384375 0.455377575 0.0814663953125 0.4610983984375 0.084521384375 0.4776887875 0.092668025 0.48226544687499995 0.133401221875 0.48169336406249996 0.14052953125 0.4782608703125 0.1446028515625 0.47311212812500003 0.14358452187499998 0.45652173906250004 0.1303462328125 0.44965675000000005
1 0.210794296875 0.45938215156249995 0.2077393078125 0.4536613265625 0.196537678125 0.44908466875 0.1913004078125 0.44908466875 0.15987780000000001 0.44908466875 0.1517311609375 0.45308924531250006 0.147657840625 0.4662471390625 0.1496945015625 0.47482837499999997 0.15580448125 0.4805491984375 0.187372709375 0.48169336406249996 0.19959266874999998 0.4805491984375 0.20570264843750002 0.4776887875 0.210794296875 0.470251715625 0.210794296875 0.45938215156249995
1 0.2729124234375 0.476544621875 0.27698574374999996 0.47139588125 0.27494908281249997 0.454233409375 0.2678207734375 0.44908466875 0.25458248437500003 0.447940503125 0.2535641546875 0.447940503125 0.2291242359375 0.4485125859375 0.2189409375 0.45251716249999996 0.2148676171875 0.45938215156249995 0.2148676171875 0.4691075515625 0.2189409375 0.4771167046875 0.22301425625000001 0.47940503437500004 0.2321792265625 0.48112128125 0.2586558046875 0.4805491984375 0.2678207734375 0.47940503437500004 0.2729124234375 0.476544621875
1 0.32586557968749996 0.4473684203125 0.317718940625 0.4473684203125 0.289205703125 0.44908466875 0.2830957234375 0.454233409375 0.28207739374999996 0.4708237984375 0.2922606921875 0.47940503437500004 0.327902240625 0.47940503437500004 0.3340122203125 0.4782608703125 0.34012220000000004 0.4742562921875 0.34114052968749997 0.4548054921875 0.3340122203125 0.4485125859375 0.32586557968749996 0.4473684203125
1 0.4185336046875 0.4610983984375 0.419551934375 0.454233409375 0.4093686359375 0.4467963390625 0.40393788124999996 0.4467963390625 0.3604887984375 0.4473684203125 0.3513238296875 0.45022883281250003 0.347250509375 0.45652173906250004 0.347250509375 0.4656750578125 0.3503054984375 0.47311212812500003 0.3574338078125 0.4782608703125 0.366598778125 0.47883295156249994 0.3788187375 0.476544621875 0.41140529531250003 0.4656750578125 0.4185336046875 0.4610983984375
1 0.7189409375 0.44107551562499997 0.7179226062499999 0.44107551562499997 0.6802443984375001 0.44336384375 0.67515275 0.4485125859375 0.677189409375 0.455377575 0.6853360484375 0.4582379859375 0.769857434375 0.457665903125 0.7800407328125 0.45652173906250004 0.7871690421875 0.45251716249999996 0.7871690421875 0.44622425625 0.7780040734375 0.44164759687500005 0.7189409375 0.44107551562499997
1 0.9429735234375001 0.4599542328125 0.958168025 0.45727173906249996 0.9613452140625001 0.449413615625 0.9551934828125 0.447940503125 0.9551934828125 0.4456521734375 0.9505417515625 0.4428054921875 0.9419551937499999 0.44164759687500005 0.8991853359374999 0.44164759687500005 0.8981670062499999 0.44107551562499997 0.8900203671875 0.44221967968750003 0.88289205625 0.44622425625 0.8788187375 0.4536613265625 0.8778004078125001 0.463386728125 0.88080558125 0.4656377421875 0.8796771890624999 0.4662013734375 0.8929485156249999 0.46660084062499996 0.8873034625 0.46834439375 0.9022403265625 0.46739130468749995 0.907331975 0.463386728125 0.9429735234375001 0.4599542328125
1 0.48574338125 0.44393592656249997 0.4663951125 0.44450800937499996 0.45926680312499996 0.4473684203125 0.4572301421875 0.45594965624999995 0.46028513281250005 0.4599542328125 0.56313645625 0.4599542328125 0.57331975625 0.4548054921875 0.572301425 0.4485125859375 0.5621181265625 0.44450800937499996 0.4867617109375 0.44450800937499996 0.48574338125 0.44393592656249997