0 0.3886509640625 0.0475330921875 0.4014989296875 0.042719615625 0.3972162734375 0.0348977140625 0.35224839375 0.0379061375 0.349036403125 0.0403128765625 0.350107065625 0.0463297234375 0.35653104999999996 0.048134778125 0.3886509640625 0.0475330921875
0 0.3576017125 0.07641395937499999 0.38436830781250003 0.077617328125 0.3993576015625 0.0752105890625 0.40364025625 0.0589651015625 0.3982869375 0.053549939062499996 0.3629550328125 0.0517448859375 0.350107065625 0.0589651015625 0.350107065625 0.0685920578125 0.3576017125 0.07641395937499999
0 0.35224839375 0.088447653125 0.354389721875 0.10529482500000001 0.3608137046875 0.1113116734375 0.3865096359375 0.1119133578125 0.3982869375 0.10830324843750001 0.4014989296875 0.088447653125 0.3972162734375 0.083032490625 0.3875803 0.0806257515625 0.36616702343749996 0.0806257515625 0.35653104999999996 0.083634175 0.35224839375 0.088447653125
0 0.3586723765625 0.1227436828125 0.3586723765625 0.142599278125 0.36509635937499996 0.14861612500000002 0.37473233437500003 0.1504211796875 0.39293361875 0.14861612500000002 0.3993576015625 0.1377858 0.3982869375 0.12033694375 0.39293361875 0.1173285203125 0.3736616703125 0.11612515000000001 0.36188436875 0.1185318890625 0.3586723765625 0.1227436828125
0 0.369379015625 0.19675090312500002 0.380085653125 0.19915764062500002 0.3961456109375 0.191335740625 0.3961456109375 0.16064981875 0.38436830781250003 0.154632971875 0.3715203421875 0.1552346578125 0.36509635937499996 0.158844765625 0.36509635937499996 0.1907340546875 0.369379015625 0.19675090312500002
0 0.36830835156249997 0.242478940625 0.3758029984375 0.2484957875 0.3865096359375 0.2484957875 0.3940042828125 0.24608905 0.3972162734375 0.2400722015625 0.3961456109375 0.20938628124999997 0.3865096359375 0.20336943437500002 0.37473233437500003 0.20336943437500002 0.36830835156249997 0.20758122812500002 0.36830835156249997 0.242478940625
0 0.369379015625 0.25812274375 0.369379015625 0.2930204578125 0.3758029984375 0.2984356203125 0.385438971875 0.3002406734375 0.3940042828125 0.2984356203125 0.3993576015625 0.292418771875 0.3982869375 0.2605294828125 0.3918629546875 0.2545126359375 0.38436830781250003 0.253309265625 0.37473233437500003 0.2545126359375 0.369379015625 0.25812274375
0 0.3790149890625 0.3501805046875 0.39293361875 0.350782190625 0.4014989296875 0.3423586046875 0.400428265625 0.3110709984375 0.3886509640625 0.3038507828125 0.3736616703125 0.30625752031250003 0.370449678125 0.3092659453125 0.370449678125 0.3429602890625 0.3790149890625 0.3501805046875
0 0.369379015625 0.39590854375 0.37473233437500003 0.3989169671875 0.3832976453125 0.3989169671875 0.40364025625 0.3862815890625 0.40256959375 0.36341756875 0.3982869375 0.35679903749999997 0.390792290625 0.3549939828125 0.37794432499999997 0.356197353125 0.3715203421875 0.36221420000000004 0.369379015625 0.39590854375
1 0.44753747343750006 0.3880866421875 0.4068522484375 0.3892900125 0.3940042828125 0.395306859375 0.39293361875 0.4043321296875 0.48715203437500004 0.4049338140625 0.5064239828125 0.4037304453125 0.5117773015625 0.40012033750000003 0.5117773015625 0.3929001203125 0.5032119921875 0.3892900125 0.44860813750000006 0.38868832656249996 0.44753747343750006 0.3880866421875
1 0.6498929343750001 0.385679903125 0.640256959375 0.38748495781250003 0.6359743046874999 0.39049338125 0.6349036406249999 0.395306859375 0.6413276234375 0.40132370625 0.6734475375 0.4025270765625 0.6820128484375 0.40012033750000003 0.684154175 0.389891696875 0.6723768734375 0.385679903125 0.65845824375 0.385679903125 0.6498929343750001 0.385679903125
1 0.8715203421875 0.39049338125 0.8543897218750001 0.38507821875000003 0.7997858671875 0.38447653437499996 0.7976445390625 0.38447653437499996 0.7869379015625 0.38507821875000003 0.778372590625 0.389891696875 0.7794432546875 0.39651022812500003 0.7869379015625 0.40132370625 0.8062098499999999 0.40192539062500005 0.8511777296874999 0.412755715625 0.865096359375 0.41034897656249997 0.8736616703125 0.4031287609375 0.8758029984375 0.3983152828125 0.8715203421875 0.39049338125
1 1 0.385860409375 0.9989293359375001 0.38507821875000003 0.9914346890625 0.38447653437499996 0.985278371875 0.38447653437499996 0.966809421875 0.38447653437499996 0.957173446875 0.3892900125 0.9443254812499999 0.41215403124999994 0.9486081375 0.416365825 0.9957173453125 0.41696750937499993 1 0.41496189375 1 0.385860409375
1 0.35224839375 0.39109506562499996 0.3404710921875 0.39049338125 0.33511777343750004 0.39049338125 0.3019271953125 0.3916967515625 0.293361884375 0.394705175 0.2890792296875 0.40072202187499995 0.2890792296875 0.41155234687500003 0.298715203125 0.42358604062499994 0.308351178125 0.4247894109375 0.3265524625 0.42178098750000004 0.36188436875 0.4079422375 0.36188436875 0.39590854375 0.35224839375 0.39109506562499996
1 0.28372590937500003 0.4145607703125 0.28372590937500003 0.40132370625 0.28051391875 0.395306859375 0.27087794375 0.3916967515625 0.26466809375 0.3916967515625 0.2312633828125 0.3922984359375 0.22483939999999997 0.395306859375 0.2205567453125 0.4025270765625 0.2205567453125 0.4145607703125 0.2226980734375 0.4193742484375 0.2312633828125 0.4247894109375 0.2537473234375 0.4259927796875 0.27087794375 0.4247894109375 0.2794432546875 0.42178098750000004 0.28372590937500003 0.4145607703125
1 0.2109207703125 0.39651022812500003 0.2002141328125 0.3922984359375 0.1948608140625 0.3922984359375 0.1638115625 0.3929001203125 0.1541755890625 0.3971119140625 0.150963596875 0.4031287609375 0.150963596875 0.416365825 0.160599571875 0.42539109531249997 0.1905781578125 0.4265944640625 0.2098501078125 0.422382671875 0.21413276250000002 0.41756919375 0.21413276250000002 0.40192539062500005 0.2109207703125 0.39651022812500003
1 0.12740899375 0.3929001203125 0.09743040625 0.3929001203125 0.094218415625 0.3929001203125 0.08565310468750001 0.39590854375 0.0802997859375 0.4037304453125 0.0802997859375 0.41696750937499993 0.084582440625 0.42358604062499994 0.09743040625 0.427797834375 0.1359743046875 0.4259927796875 0.145610278125 0.41817087812500003 0.1466809421875 0.4043321296875 0.1423982875 0.3977135984375 0.12740899375 0.3929001203125
1 0.064239828125 0.39410348906250003 0.051391862499999996 0.39350180468749996 0.050321198437500006 0.3929001203125 0.0246252671875 0.39410348906250003 0.014989293749999999 0.3995186515625 0.0117773015625 0.40553549999999994 0.012847965624999999 0.4193742484375 0.0214132765625 0.427797834375 0.0620985015625 0.427797834375 0.068522484375 0.4265944640625 0.0749464671875 0.4211793015625 0.0749464671875 0.40012033750000003 0.064239828125 0.39410348906250003
0 0.5920770875 0.3862815890625 0.5899357609375 0.3862815890625 0.540685225 0.38748495781250003 0.5299785875 0.3922984359375 0.5299785875 0.39651022812500003 0.5374732328125 0.4031287609375 0.5449678796875 0.4043321296875 0.610278371875 0.40192539062500005 0.6156316921875 0.3983152828125 0.614561028125 0.39109506562499996 0.610278371875 0.38868832656249996 0.5920770875 0.3862815890625
0 0.7366167031249999 0.38447653437499996 0.695931478125 0.3868832734375 0.6905781578125 0.3922984359375 0.6927194859375 0.3989169671875 0.7023554609375 0.40192539062500005 0.7644539609375001 0.40132370625 0.7719486078125 0.395306859375 0.7698072812500001 0.38868832656249996 0.7633832968750001 0.38507821875000003 0.73982869375 0.38447653437499996 0.7366167031249999 0.38447653437499996
0 0.9218415421874999 0.38387485 0.8950749468750001 0.38387485 0.885438971875 0.38868832656249996 0.8843683078125 0.3983152828125 0.8950749468750001 0.40553549999999994 0.9325481796874999 0.4079422375 0.9421841546874999 0.4037304453125 0.9464668093749999 0.3892900125 0.9432548187500001 0.3862815890625 0.9271948609375 0.38387485 0.9218415421874999 0.38387485