1 0.44341563749999996 0.39930555624999997 0.45267489687499995 0.39930555624999997 0.45781892968750004 0.396990740625 0.5236625515625 0.396990740625 0.549382715625 0.3946759265625 0.546296296875 0.3831018515625 0.5421810703125 0.381365740625 0.528806584375 0.3807870375 0.5236625515625 0.3807870375 0.49176954687499996 0.38194444375000003 0.48662551406250004 0.3854166671875 0.471193415625 0.3888888890625 0.45267489687499995 0.3865740734375 0.45225102812499995 0.3845173609375 0.4379938265625 0.3800393515625 0.4260576125 0.38433043906250003 0.42473148125 0.3945920140625 0.43368415625 0.40074942187499996 0.44341563749999996 0.39930555624999997
1 0.7263374484375 0.3773148140625 0.6594650203125 0.3790509265625 0.652263375 0.38194444375000003 0.6512345671875 0.390046296875 0.661522634375 0.3952546296875 0.7551440328125001 0.39351851875 0.7654320984375 0.390625 0.7674897125 0.3848379625 0.760288065625 0.3790509265625 0.7273662546875 0.37789351875 0.7263374484375 0.3773148140625
1 0.4166666671875 0.390046296875 0.4104938265625 0.3848379625 0.40432098749999995 0.3831018515625 0.3986625515625 0.3831018515625 0.36625514375 0.38368055624999997 0.35699588437499996 0.3888888890625 0.354938271875 0.40393518593750005 0.3600823046875 0.41203703750000004 0.3652263375 0.41493055625 0.375514403125 0.41608796249999996 0.4012345671875 0.4143518515625 0.41563785937500003 0.40856481406249995 0.4197530859375 0.39930555624999997 0.4166666671875 0.390046296875
1 0.34670781875 0.412615740625 0.35082304531249997 0.4050925921875 0.3497942390625 0.3894675921875 0.33744855937499996 0.38368055624999997 0.330933128125 0.38368055624999997 0.3014403296875 0.384259259375 0.29218107031249996 0.3888888890625 0.28909465 0.3964120375 0.29012345625 0.40625 0.2932098765625 0.41203703750000004 0.298353909375 0.41493055625 0.3045267484375 0.4166666671875 0.32304526718750004 0.4166666671875 0.338477365625 0.415509259375 0.34670781875 0.412615740625
1 0.28086419687499997 0.3883101859375 0.2716049375 0.3848379625 0.2520576125 0.384259259375 0.24897119375 0.384259259375 0.23251028749999997 0.3848379625 0.2253086421875 0.3883101859375 0.222222221875 0.39351851875 0.2253086421875 0.40914351875 0.2366255140625 0.4172453703125 0.27057613125 0.4166666671875 0.278806584375 0.4143518515625 0.28395061718750003 0.40914351875 0.28395061718750003 0.3929398140625 0.28086419687499997 0.3883101859375
1 0.2057613171875 0.3923611109375 0.2047325109375 0.3917824078125 0.19032921875 0.396990740625 0.1872427984375 0.40277777812500004 0.1872427984375 0.4143518515625 0.1954732515625 0.41782407343749994 0.20987654375 0.41782407343749994 0.21707818906249998 0.41608796249999996 0.220164609375 0.41319444375 0.21810699531250002 0.39930555624999997 0.2139917703125 0.3952546296875 0.2057613171875 0.3923611109375
1 0.1759259265625 0.3859953703125 0.162551440625 0.3848379625 0.161522634375 0.3848379625 0.1347736625 0.3859953703125 0.125514403125 0.3917824078125 0.12345679062499999 0.4074074078125 0.1275720171875 0.41493055625 0.136831275 0.41898148125 0.17078189375 0.41782407343749994 0.1800411515625 0.41319444375 0.1862139921875 0.40046296249999996 0.1851851859375 0.391203703125 0.1759259265625 0.3859953703125
1 0.1111111109375 0.38773148125 0.09567901250000001 0.3859953703125 0.0889917703125 0.3859953703125 0.067901234375 0.38773148125 0.059670781250000006 0.3952546296875 0.058641975 0.40972222187499996 0.0606995890625 0.4143518515625 0.067901234375 0.41898148125 0.106995884375 0.41898148125 0.113168725 0.4172453703125 0.11831275781249999 0.412615740625 0.11831275781249999 0.3929398140625 0.1111111109375 0.38773148125
1 0 0.418898809375 0.011316871874999999 0.4207175921875 0.0318930046875 0.4207175921875 0.051440329687499994 0.4166666671875 0.05452674843750001 0.4108796296875 0.0524691359375 0.39351851875 0.048353909375 0.3894675921875 0.037037037499999995 0.38715277812500004 0.0360082296875 0.3865740734375 0.0072016453125 0.38773148125 0 0.3902633109375 0 0.418898809375
1 0.9516460906249999 0.3790509265625 0.94238683125 0.3773148140625 0.891975309375 0.3767361109375 0.8899176953125 0.3767361109375 0.88271605 0.3773148140625 0.8775720171874999 0.3802083328125 0.8775720171874999 0.3923611109375 0.9084362140625 0.40393518593750005 0.9228395062500001 0.4050925921875 0.9413580250000001 0.4010416671875 0.9516460906249999 0.396990740625 0.9578189296874999 0.3917824078125 0.9588477359375001 0.3859953703125 0.9516460906249999 0.3790509265625
0 0.45987654375 0.08333333281250001 0.450617284375 0.08333333281250001 0.43827160468750004 0.087384259375 0.43415637812499996 0.094328703125 0.4372427984375 0.108796296875 0.4485596703125 0.1145833328125 0.4753086421875 0.112847221875 0.48148148125 0.1070601859375 0.48353909531249994 0.0949074078125 0.47942386875 0.08680555625 0.473251028125 0.084490740625 0.45987654375 0.08333333281250001
0 0.46913580312500003 0.11689814843749999 0.46330555625000003 0.11689814843749999 0.4485596703125 0.11747685156250001 0.44032921875 0.125 0.441358025 0.14351851875 0.4485596703125 0.1487268515625 0.4557613171875 0.149884259375 0.47427983593749995 0.14756944375 0.47942386875 0.1417824078125 0.48148148125 0.125578703125 0.4783950625 0.1203703703125 0.46913580312500003 0.11689814843749999
0 0.4753086421875 0.156828703125 0.46707818906250004 0.1539351859375 0.45781892968750004 0.1539351859375 0.4485596703125 0.156828703125 0.44547325156250006 0.1614583328125 0.44753086406250003 0.186921296875 0.451646090625 0.1921296296875 0.45781892968750004 0.19444444375 0.471193415625 0.1932870375 0.4753086421875 0.19097222187500001 0.47736625468750005 0.1851851859375 0.4783950625 0.1614583328125 0.4753086421875 0.156828703125
0 0.4681069953125 0.1990740734375 0.45987654375 0.1990740734375 0.45267489687499995 0.2008101859375 0.449588478125 0.2054398140625 0.449588478125 0.23495370312500002 0.45267489687499995 0.24016203749999998 0.46193415625 0.24305555625 0.4753086421875 0.24016203749999998 0.47942386875 0.2297453703125 0.47736625468750005 0.20601851875000002 0.47427983593749995 0.20138888906250002 0.4681069953125 0.1990740734375
0 0.46193415625 0.2476851859375 0.451646090625 0.2517361109375 0.449588478125 0.2679398140625 0.451646090625 0.2864583328125 0.46090535 0.2922453703125 0.47222222187499996 0.2916666671875 0.480452675 0.28414351875 0.480452675 0.256365740625 0.47633744843750003 0.250578703125 0.46913580312500003 0.2476851859375 0.46193415625 0.2476851859375
0 0.47736625468750005 0.2980324078125 0.470164609375 0.296296296875 0.46502057656250007 0.296296296875 0.45781892968750004 0.297453703125 0.451646090625 0.303240740625 0.451646090625 0.3269675921875 0.4557613171875 0.3385416671875 0.4660493828125 0.3414351859375 0.4753086421875 0.34027777812500004 0.480452675 0.337384259375 0.48353909531249994 0.3258101859375 0.480452675 0.3015046296875 0.47736625468750005 0.2980324078125
0 0.47427983593749995 0.3454861109375 0.46502057656250007 0.3454861109375 0.45370370312499997 0.3512731484375 0.45267489687499995 0.38194444375000003 0.45781892968750004 0.384259259375 0.4753086421875 0.3859953703125 0.48353909531249994 0.384259259375 0.48559670781250003 0.38194444375000003 0.48559670781250003 0.37210648125 0.48353909531249994 0.353009259375 0.47942386875 0.34722222187499996 0.47427983593749995 0.3454861109375
0 0.588477365625 0.3790509265625 0.585390946875 0.3790509265625 0.5740740734374999 0.3802083328125 0.5679012343750001 0.3848379625 0.568930040625 0.391203703125 0.57716049375 0.3958333328125 0.6316872421874999 0.3958333328125 0.6409465015625 0.3946759265625 0.645061728125 0.391203703125 0.645061728125 0.38368055624999997 0.6388888890625 0.3796296296875 0.588477365625 0.3790509265625
0 0.86419753125 0.37789351875 0.8302469140625 0.3761574078125 0.8292181062499999 0.3761574078125 0.8014403296875001 0.3767361109375 0.7942386828125 0.37847222187499996 0.78909465 0.38194444375000003 0.79012345625 0.390046296875 0.796296296875 0.3929398140625 0.8065843625 0.39351851875 0.8559670781250001 0.39351851875 0.8683127578125 0.390046296875 0.8693415640625 0.38194444375000003 0.86419753125 0.37789351875
0 1 0.3761574078125 0.9997427984374999 0.3761574078125 0.9783950625 0.3773148140625 0.972222221875 0.381365740625 0.9711934156250001 0.3883101859375 0.9825102875 0.3981481484375 0.9958847734375 0.40335648125 1 0.40366512343750005 1 0.3761574078125
0 0.470164609375 0.0567129625 0.4646779828125 0.0567129625 0.44238683125 0.057870370312499995 0.43415637812499996 0.061921296875 0.43312757187499995 0.07233796249999999 0.44032921875 0.07986111093750001 0.47427983593749995 0.0804398140625 0.47942386875 0.078703703125 0.48353909531249994 0.0740740734375 0.48456790156249996 0.06423611093750001 0.480452675 0.059027778125 0.470164609375 0.0567129625
0 0.46296296249999996 0.0416666671875 0.441358025 0.040509259375 0.43518518593750005 0.043402778125 0.43415637812499996 0.047453703125 0.44444444375 0.05208333281250001 0.4753086421875 0.05208333281250001 0.48456790156249996 0.0480324078125 0.48353909531249994 0.0393518515625 0.4783950625 0.0393518515625 0.46296296249999996 0.0416666671875