0 0.9261241968749999 0.49338146875 0.931477515625 0.488567990625 0.931477515625 0.47773766562500003 0.92291220625 0.47172081875 0.9100642390625 0.47111913281250006 0.8940042828125 0.4753309265625 0.8832976453124999 0.47172081875 0.85224839375 0.4705174484375 0.850107065625 0.4705174484375 0.839400428125 0.47472924218749996 0.8361884375 0.48616125156249995 0.8436830828125 0.49277978281249996 0.8661670234375001 0.5 0.88222698125 0.5012033687499999 0.8950749468750001 0.49819494531249997 0.900428265625 0.499398315625 0.9047109203125 0.4945848375 0.9143468953125 0.49638989218749996 0.9261241968749999 0.49338146875
1 1 0.47057214687500004 0.9967880078125001 0.46991576406249996 0.9914346890625 0.46991576406249996 0.941113490625 0.4705174484375 0.935760171875 0.47593261093750006 0.9400428265624999 0.49338146875 0.966809421875 0.5054151625000001 0.987152034375 0.5054151625000001 0.997858671875 0.5030084234375 1 0.50334269375 1 0.47057214687500004
0 0.40364025625 0.12695547499999998 0.40256959375 0.12695547499999998 0.37473233437500003 0.13056558437500002 0.37259100625 0.1407942234375 0.37473233437500003 0.1450060171875 0.380085653125 0.14741275625 0.4089935765625 0.1468110703125 0.420770878125 0.1450060171875 0.4250535328125 0.14199759375 0.426124196875 0.1323706375 0.42291220625000003 0.1287605296875 0.40364025625 0.12695547499999998
0 0.41648822343749997 0.14861612500000002 0.4014989296875 0.148014440625 0.395610278125 0.148014440625 0.380085653125 0.1498194953125 0.3758029984375 0.1522262328125 0.3736616703125 0.1672683515625 0.3758029984375 0.17448856875000002 0.3811563171875 0.1780986765625 0.41327623124999996 0.1780986765625 0.42291220625000003 0.1738868828125 0.426124196875 0.165463296875 0.42398286875 0.1522262328125 0.41648822343749997 0.14861612500000002
0 0.3982869375 0.17990372968749999 0.38436830781250003 0.18231046875 0.37687366093749997 0.1907340546875 0.38222698125 0.20938628124999997 0.3886509640625 0.213598075 0.41541755937499997 0.21239470468750002 0.42184154218750003 0.20758122812500002 0.42291220625000003 0.1853188921875 0.4175588859375 0.181708784375 0.40256959375 0.17990372968749999 0.3982869375 0.17990372968749999
0 0.42184154218750003 0.22382671406250002 0.41862955 0.2190132375 0.41006423906249995 0.21660649843750002 0.40256959375 0.21660649843750002 0.389721628125 0.2178098671875 0.38436830781250003 0.2214199765625 0.3811563171875 0.2286401921875 0.3832976453125 0.241275571875 0.3886509640625 0.25030084218750004 0.3982869375 0.25391094999999997 0.4079229125 0.25391094999999997 0.41541755937499997 0.2515042125 0.420770878125 0.2436823109375 0.42184154218750003 0.22382671406250002
0 0.4089935765625 0.25812274375 0.400428265625 0.25812274375 0.39293361875 0.2599277984375 0.3875803 0.26774969843749996 0.390792290625 0.296630565625 0.400428265625 0.303249096875 0.41006423906249995 0.3026474125 0.4175588859375 0.2996389890625 0.4197002140625 0.29602888125 0.4197002140625 0.268351384375 0.41648822343749997 0.26113116718749996 0.4089935765625 0.25812274375
0 0.4175588859375 0.3104693140625 0.4079229125 0.307460890625 0.40364025625 0.307460890625 0.3961456109375 0.308664259375 0.3918629546875 0.312876053125 0.390792290625 0.3315282796875 0.39293361875 0.3495788203125 0.3993576015625 0.3543922984375 0.405781584375 0.3555956671875 0.41862955 0.35318892968750004 0.42184154218750003 0.345367028125 0.420770878125 0.3158844765625 0.4175588859375 0.3104693140625
0 0.4175588859375 0.3610108296875 0.4079229125 0.35920577656249997 0.4068522484375 0.35920577656249997 0.3993576015625 0.3604091453125 0.39293361875 0.36462093906250004 0.39293361875 0.39651022812500003 0.3972162734375 0.4031287609375 0.41006423906249995 0.40673886875000004 0.4175588859375 0.40553549999999994 0.42184154218750003 0.40192539062500005 0.42398286875 0.3892900125 0.42184154218750003 0.36401925468749996 0.4175588859375 0.3610108296875
0 0.41327623124999996 0.4109506625 0.4079229125 0.4109506625 0.400428265625 0.41215403124999994 0.3940042828125 0.41756919375 0.3940042828125 0.44705174531249997 0.3982869375 0.454873646875 0.4068522484375 0.45788207031250006 0.420770878125 0.456077015625 0.426124196875 0.45006016875 0.4250535328125 0.41817087812500003 0.42184154218750003 0.41335740000000004 0.41327623124999996 0.4109506625
0 0.431477515625 0.47472924218749996 0.42291220625000003 0.46329723281249996 0.41327623124999996 0.46089049375 0.41113490312499995 0.46089049375 0.3993576015625 0.4638989171875 0.3961456109375 0.47172081875 0.3972162734375 0.47713598125 0.4079229125 0.48796630625 0.420770878125 0.49217809843750004 0.4582441109375 0.49097472968750006 0.4625267671875 0.48796630625 0.461456103125 0.47954272031249995 0.45289079218749995 0.47653429531249997 0.431477515625 0.47472924218749996
0 0.6284796578125 0.4729241875 0.6059957171875 0.47773766562500003 0.6059957171875 0.48495788281249996 0.6167023546875 0.49037304375 0.6798715203125 0.489771359375 0.6873661671875 0.488567990625 0.691648821875 0.48555956718750004 0.6927194859375 0.48074608906250005 0.6852248390625 0.47472924218749996 0.6370449671875 0.4729241875 0.6284796578125 0.4729241875
1 0.497858671875 0.47472924218749996 0.476445396875 0.47593261093750006 0.47002141249999996 0.478941034375 0.46895075 0.484356196875 0.47323340468749997 0.49097472968750006 0.579229121875 0.49157641406249997 0.5910064234375 0.48616125156249995 0.588865096875 0.47833935 0.5802997859375 0.4753309265625 0.4989293359375 0.4753309265625 0.497858671875 0.47472924218749996
1 0.8201284796874999 0.4837545125 0.819057815625 0.47653429531249997 0.8051391859375 0.47172081875 0.7441113484375 0.47172081875 0.7408993578125 0.47172081875 0.7055674515625 0.473525871875 0.69914346875 0.47954272031249995 0.701284796875 0.48616125156249995 0.7109207703125 0.489771359375 0.7237687359375 0.48736462031250005 0.726980728125 0.489169675 0.7537473234375 0.489771359375 0.8051391859375 0.489169675 0.8169164875 0.4867629359375 0.8201284796874999 0.4837545125
1 0.3993576015625 0.4837545125 0.389721628125 0.47713598125 0.38436830781250003 0.47713598125 0.3361884375 0.47833935 0.3276231265625 0.48014440468749997 0.32119914375 0.48796630625 0.32119914375 0.49699157656250004 0.3265524625 0.5072202171875 0.3372591 0.5102286406250001 0.346895075 0.50962695625 0.3886509640625 0.49699157656250004 0.400428265625 0.489169675 0.3993576015625 0.4837545125
1 0.3051391859375 0.478941034375 0.2994293359375 0.478941034375 0.263383296875 0.47954272031249995 0.2548179875 0.48495788281249996 0.2537473234375 0.504813478125 0.262312634375 0.511432009375 0.2955032125 0.5126353796875 0.313704496875 0.50962695625 0.3179871515625 0.504813478125 0.3179871515625 0.49217809843750004 0.313704496875 0.483152828125 0.3051391859375 0.478941034375
1 0.2430406859375 0.48255114375 0.234475375 0.47954272031249995 0.22876552499999997 0.47954272031249995 0.2002141328125 0.47954272031249995 0.186295503125 0.48555956718750004 0.1830835125 0.5012033687499999 0.1927194859375 0.5120336937500001 0.20449678750000003 0.5138387484375 0.2312633828125 0.5132370640625 0.24411134843750001 0.5090252703125 0.2483940046875 0.504813478125 0.247323340625 0.48796630625 0.2430406859375 0.48255114375
1 0.1766595296875 0.48796630625 0.1638115625 0.48014440468749997 0.1582441109375 0.48014440468749997 0.1263383296875 0.48074608906250005 0.1156316921875 0.48555956718750004 0.11134903593750001 0.5012033687499999 0.1156316921875 0.50962695625 0.1209850109375 0.5132370640625 0.15631691718750002 0.5144404328125 0.16702355468750002 0.5132370640625 0.1734475375 0.5102286406250001 0.1777301921875 0.504813478125 0.1766595296875 0.48796630625
1 0 0.5159623421874999 0.027837259375 0.5150421171875 0.033190578124999995 0.5132370640625 0.038543896875 0.5054151625000001 0.0396145609375 0.495186521875 0.0342612421875 0.48555956718750004 0.020342612500000003 0.48134777343749996 0.002141328125 0.4819494578125 0.0010706640625 0.48134777343749996 0 0.4814480546875 0 0.5159623421874999
1 0.0835117765625 0.483152828125 0.08137045000000001 0.483152828125 0.05888650937499999 0.484356196875 0.04603854375 0.489169675 0.04603854375 0.5090252703125 0.051391862499999996 0.5132370640625 0.0599571734375 0.515643803125 0.0920770875 0.5150421171875 0.1059957171875 0.5084235859375 0.1059957171875 0.488567990625 0.09635974375 0.4837545125 0.0835117765625 0.483152828125