0 0.5969868171875 0.43862433906250003 0.58380414375 0.4396825390625 0.5762711859375 0.44338624375 0.5762711859375 0.44973545000000004 0.5819209046875 0.453439153125 0.636534840625 0.4539682546875 0.6468926546875 0.45079365156250006 0.647834275 0.44444444375 0.644067796875 0.440211640625 0.5979284375 0.43862433906250003 0.5969868171875 0.43862433906250003
0 0.7787193968749999 0.44126984062499996 0.7787193968749999 0.447089946875 0.784369115625 0.4513227515625 0.83804143125 0.453439153125 0.8455743874999999 0.44920634843749996 0.8474576265625 0.44179894218750004 0.8436911484375 0.43862433906250003 0.7890772125 0.4370370375 0.7881355937500001 0.4370370375 0.7787193968749999 0.44126984062499996
0 0.967984934375 0.43862433906250003 0.95762711875 0.4365079359375 0.9529190203125 0.4365079359375 0.943502825 0.4375661375 0.9369114875 0.44126984062499996 0.9340866296874999 0.453439153125 0.939736346875 0.4608465609375 0.9453860640625 0.4640211640625 0.9500941624999999 0.465608465625 0.9632768359374999 0.465608465625 0.9736346515625 0.4571428578125 0.9736346515625 0.4449735453125 0.967984934375 0.43862433906250003
0 0.46045197812499994 0.4116402109375 0.45480225937499996 0.4116402109375 0.447269303125 0.41322751249999995 0.44350282500000004 0.4174603171875 0.439736346875 0.44603174531249995 0.4425612046875 0.44920634843749996 0.44632768437500003 0.44973545000000004 0.4670433140625 0.44179894218750004 0.4717514125 0.43809523749999996 0.47080979218749996 0.41904761874999996 0.467984934375 0.4137566140625 0.46045197812499994 0.4116402109375
0 0.45951035781250005 0.324867725 0.45433145 0.324867725 0.44350282500000004 0.32645502656250003 0.44067796562500006 0.3359788359375 0.44161958593749995 0.35661375624999997 0.44444444375 0.3613756609375 0.45291902031250003 0.3645502640625 0.46421845624999997 0.3634920640625 0.467984934375 0.3582010578125 0.467984934375 0.3333333328125 0.4632768359375 0.32592592656249997 0.45951035781250005 0.324867725
0 0.44821092343749996 0.2396825390625 0.447269303125 0.2391534390625 0.44161958593749995 0.240740740625 0.43691148750000003 0.2449735453125 0.43785310781250003 0.2708994703125 0.4453860640625 0.2772486765625 0.45480225937499996 0.27777777812500004 0.46233521718750004 0.275132275 0.46421845624999997 0.27142857187499997 0.465160075 0.2486772484375 0.461393596875 0.241269840625 0.44821092343749996 0.2396825390625
0 0.4670433140625 0.13121693125 0.4661016953125 0.13068783125 0.4491525421875 0.1328042328125 0.426553671875 0.1322751328125 0.42278719374999996 0.134920634375 0.4237288140625 0.1417989421875 0.42749529218750004 0.14391534374999998 0.43596986875 0.14444444375 0.47080979218749996 0.14444444375 0.46892655312500003 0.1396825390625 0.4717514125 0.1359788359375 0.4670433140625 0.13121693125
0 0.44632768437500003 0.14656084687499998 0.43032015 0.1492063484375 0.42467043281250005 0.153439153125 0.42561205312499995 0.1640211640625 0.4350282484375 0.1708994703125 0.4585687375 0.1708994703125 0.46892655312500003 0.1671957671875 0.47080979218749996 0.1518518515625 0.4661016953125 0.1481481484375 0.45480225937499996 0.14656084687499998 0.44632768437500003 0.14656084687499998
0 0.4425612046875 0.1735449734375 0.4312617703125 0.175661375 0.426553671875 0.18095238125 0.42937853125 0.196296296875 0.43879472656249996 0.20211640156250002 0.46045197812499994 0.20105820156249998 0.467984934375 0.196296296875 0.46892655312500003 0.17883597812500002 0.4585687375 0.1735449734375 0.44444444375 0.1735449734375 0.4425612046875 0.1735449734375
0 0.45103578125 0.2047619046875 0.4500941625 0.2047619046875 0.43879472656249996 0.20582010624999997 0.4312617703125 0.21375661406250002 0.4322033890625 0.22539682499999997 0.43596986875 0.23227513281249998 0.4453860640625 0.2354497359375 0.46233521718750004 0.23386243437499998 0.4670433140625 0.22539682499999997 0.4670433140625 0.20952380937499998 0.46233521718750004 0.20582010624999997 0.45103578125 0.2047619046875
0 0.45103578125 0.28201058125 0.44161958593749995 0.284656084375 0.439736346875 0.2888888890625 0.44067796562500006 0.3142857140625 0.45103578125 0.3201058203125 0.4632768359375 0.3174603171875 0.4661016953125 0.31269841249999997 0.4661016953125 0.290476190625 0.4632768359375 0.284656084375 0.4557438796875 0.28201058125 0.45103578125 0.28201058125
0 0.4519774015625 0.36878306875 0.4425612046875 0.3730158734375 0.44161958593749995 0.3857142859375 0.44350282500000004 0.40211640156249995 0.45291902031250003 0.4079365078125 0.461393596875 0.4074074078125 0.4661016953125 0.40529100468749996 0.4698681734375 0.3978835984375 0.46892655312500003 0.3740740734375 0.46045197812499994 0.36878306875 0.4519774015625 0.36878306875
1 0.47834275000000004 0.440211640625 0.46421845624999997 0.44444444375 0.45951035781250005 0.447619046875 0.45951035781250005 0.45502645468749997 0.54237288125 0.45502645468749997 0.5517890765625 0.4539682546875 0.5583804140625 0.44973545000000004 0.5583804140625 0.4449735453125 0.5499058375 0.440740740625 0.47928436874999997 0.440740740625 0.47834275000000004 0.440211640625
1 0.72504708125 0.4375661375 0.7241054609375001 0.4375661375 0.6563088515625 0.440211640625 0.6525423734375 0.4423280421875 0.6525423734375 0.44973545000000004 0.6600753296875 0.453439153125 0.7410546140625 0.452910053125 0.7561205265625001 0.45026455 0.7580037671875 0.44338624375 0.7551789078125 0.440740740625 0.7410546140625 0.4375661375 0.72504708125 0.4375661375
1 0.9152542374999999 0.43809523749999996 0.8785310734375 0.4370370375 0.8719397359375 0.4370370375 0.85969868125 0.4375661375 0.8540489640625 0.440740740625 0.8502824859375 0.447089946875 0.8512241046875 0.45767195781250003 0.8606403015625 0.4619047625 0.8785310734375 0.46296296249999996 0.9143126171875 0.45555555625000005 0.9237288140625 0.44973545000000004 0.92278719375 0.44179894218750004 0.9152542374999999 0.43809523749999996
1 1 0.4359788359375 0.9868173265625 0.4365079359375 0.97834275 0.4423280421875 0.9774011296875 0.4582010578125 0.9802259890625 0.46296296249999996 0.9858757062500001 0.465608465625 1 0.46589191249999995 1 0.4359788359375
1 0.4312617703125 0.45873015937500006 0.433145009375 0.44973545000000004 0.43032015 0.44656084687500003 0.426553671875 0.44391534374999997 0.4152542375 0.4423280421875 0.4105461390625 0.4423280421875 0.383239171875 0.44338624375 0.3757062140625 0.44444444375 0.37193973593749996 0.447089946875 0.3681732578125 0.4539682546875 0.369114878125 0.4624338625 0.373822975 0.46931216875 0.37947269375000003 0.471957671875 0.38794726874999996 0.472486771875 0.40207156250000003 0.4703703703125 0.4312617703125 0.45873015937500006
1 0.3653484 0.46031746093750003 0.3644067796875 0.44920634843749996 0.3540489640625 0.44338624375 0.3485875703125 0.44338624375 0.3182674203125 0.44391534374999997 0.31073446250000003 0.447619046875 0.306967984375 0.4582010578125 0.3088512234375 0.465079365625 0.3145009421875 0.47142857187500004 0.3229755171875 0.4735449734375 0.33898305156249997 0.4735449734375 0.35593220312499996 0.471957671875 0.3615819203125 0.46931216875 0.3653484 0.46031746093750003
1 0.3022598875 0.45026455 0.2975517890625 0.44603174531249995 0.2871939734375 0.44338624375 0.2862523546875 0.44338624375 0.2561205265625 0.44444444375 0.250470809375 0.4481481484375 0.24670433125 0.4613756609375 0.2485875703125 0.46772486718749995 0.25423728749999996 0.472486771875 0.26177024531250004 0.47407407343749997 0.2900188328125 0.4735449734375 0.298493409375 0.4703703703125 0.3041431265625 0.45873015937500006 0.3022598875 0.45026455
1 0.23917137500000002 0.44920634843749996 0.2259887 0.44444444375 0.20150659062499998 0.44444444375 0.1996233515625 0.44444444375 0.193032015625 0.44603174531249995 0.186440678125 0.45185185156249996 0.1854990578125 0.4645502640625 0.1892655375 0.47142857187500004 0.19868173281249998 0.475132275 0.22504708125 0.47460317500000004 0.235404896875 0.472486771875 0.2419962328125 0.465079365625 0.2419962328125 0.4539682546875 0.23917137500000002 0.44920634843749996
1 0.17796610156249998 0.44920634843749996 0.165725046875 0.4449735453125 0.1384180796875 0.4455026453125 0.137476459375 0.4449735453125 0.12806026406249998 0.4486772484375 0.1242937859375 0.453439153125 0.123352165625 0.465079365625 0.1290018828125 0.4735449734375 0.1355932203125 0.47566137499999994 0.16195856875 0.47566137499999994 0.1751412421875 0.4735449734375 0.1817325796875 0.465608465625 0.1817325796875 0.4539682546875 0.17796610156249998 0.44920634843749996
1 0.09981167656249999 0.4455026453125 0.09463276875 0.4455026453125 0.073446328125 0.44656084687500003 0.0649717515625 0.4513227515625 0.06403013125 0.47142857187500004 0.073446328125 0.4761904765625 0.11016949218750001 0.47566137499999994 0.1177024484375 0.472486771875 0.12052730625000001 0.4640211640625 0.11958568750000001 0.45238095312500004 0.11299435 0.447089946875 0.09981167656249999 0.4455026453125
1 0.060263653125000004 0.465608465625 0.0583804140625 0.45185185156249996 0.054613935937500004 0.4486772484375 0.046139359375 0.44656084687500003 0.0433145015625 0.44656084687500003 0.017890771875 0.447089946875 0.008474576562499999 0.45026455 0.004708098437500001 0.4539682546875 0.003766478125 0.47089947031249996 0.0094161953125 0.47566137499999994 0.016949153124999998 0.4772486765625 0.033898304687500005 0.4772486765625 0.048964218749999996 0.4761904765625 0.055555556250000006 0.47407407343749997 0.060263653125000004 0.465608465625