1 0 0.47694623593749996 0.013384321874999999 0.4763440859375 0.0239005734375 0.4715053765625 0.0239005734375 0.45376344062499996 0.021988528125 0.450537634375 0.011472275 0.44623655937500006 0.0066921609374999995 0.44623655937500006 0 0.4464456390625 0 0.47694623593749996
1 0.08413001875000001 0.45 0.0745697890625 0.445698925 0.0602294453125 0.44516129062500004 0.059273421874999996 0.44516129062500004 0.0372848953125 0.44677419374999994 0.030592734375000003 0.45268817187500004 0.027724665625 0.4607526875 0.029636710937499998 0.4693548390625 0.0372848953125 0.47580645156249995 0.0678776296875 0.4763440859375 0.07839388124999999 0.47473118281250004 0.0850860421875 0.4704301078125 0.0869980875 0.455913978125 0.08413001875000001 0.45
1 0.12428298281250001 0.444086021875 0.123326959375 0.444086021875 0.10133843281249999 0.44516129062500004 0.091778203125 0.4521505375 0.091778203125 0.4688172046875 0.10038240937500001 0.47526881718749997 0.1376673046875 0.47473118281250004 0.1462715109375 0.46989247343749996 0.1491395796875 0.45860215000000004 0.1472275328125 0.45107526875000004 0.14244741875 0.44677419374999994 0.12428298281250001 0.444086021875
1 0.21032504843750002 0.45268817187500004 0.2026768640625 0.445698925 0.19311663437499998 0.44354838750000003 0.187619503125 0.44354838750000003 0.1634799234375 0.444086021875 0.15487571718749998 0.44892473125 0.1520076484375 0.4645161296875 0.15678776249999998 0.4720430109375 0.1625239 0.47473118281250004 0.19120458906249999 0.47473118281250004 0.20076481875000002 0.4736559140625 0.20650095624999998 0.4709677421875 0.21032504843750002 0.4650537640625 0.21032504843750002 0.45268817187500004
1 0.271510515625 0.450537634375 0.267686425 0.44623655937500006 0.2562141484375 0.443010753125 0.251434034375 0.443010753125 0.22657743749999998 0.44354838750000003 0.21797323125 0.447311828125 0.21414913906250002 0.4521505375 0.21319311718749998 0.46129032187499996 0.2151051625 0.46666666718750005 0.22370936874999997 0.47311827968750003 0.2552581265625 0.4736559140625 0.268642446875 0.46989247343749996 0.2734225625 0.46021505312500005 0.271510515625 0.450537634375
1 0.3307839390625 0.44623655937500006 0.3193116640625 0.44247311875 0.29445506718750003 0.443010753125 0.29349904375 0.44247311875 0.2829827921875 0.44516129062500004 0.2782026765625 0.451612903125 0.2772466546875 0.46129032187499996 0.2829827921875 0.4704301078125 0.2896749515625 0.47311827968750003 0.31453154843750003 0.47311827968750003 0.326959846875 0.4709677421875 0.33269598437500003 0.4655913984375 0.33460803125 0.458064515625 0.3307839390625 0.44623655937500006
1 0.3814531546875 0.44193548437499997 0.37476099375 0.44193548437499997 0.3499043984375 0.44247311875 0.3422562140625 0.44516129062500004 0.338432121875 0.4521505375 0.338432121875 0.46021505312500005 0.34608030625 0.4715053765625 0.37954110937499996 0.4720430109375 0.3929254296875 0.4688172046875 0.3957934984375 0.46182795624999995 0.3929254296875 0.44784946249999996 0.3814531546875 0.44193548437499997
1 0.4952198859375 0.44462365625 0.48948374687499996 0.44193548437499997 0.45219885312499997 0.443010753125 0.4397705546875 0.440860215625 0.43881453125 0.44032258124999996 0.40726577500000005 0.44193548437499997 0.399617590625 0.444086021875 0.3977055453125 0.45376344062499996 0.402485659375 0.45967741875 0.41204588906249995 0.4634408609375 0.41873805 0.4634408609375 0.44741873749999994 0.454838709375 0.48757170156249996 0.45376344062499996 0.4952198859375 0.44892473125 0.4952198859375 0.44462365625
1 0.675908221875 0.43709677343750003 0.6692160609375 0.43709677343750003 0.5984703640625 0.43924731250000004 0.591778203125 0.44193548437499997 0.5908221796875 0.447311828125 0.5994263859375 0.45322580625000003 0.6577437859375 0.45322580625000003 0.693116634375 0.45107526875000004 0.6988527718750001 0.447311828125 0.6978967500000001 0.44139785 0.6883365203125 0.43763440937500003 0.675908221875 0.43709677343750003
1 0.87476099375 0.43709677343750003 0.8585086046875 0.4360215046875 0.85755258125 0.4360215046875 0.801147228125 0.43709677343750003 0.7944550671874999 0.44032258124999996 0.7944550671874999 0.44623655937500006 0.8030592734375 0.45107526875000004 0.832695984375 0.451612903125 0.8642447421874999 0.45967741875 0.87476099375 0.459139784375 0.8852772468750001 0.450537634375 0.8833652000000001 0.44193548437499997 0.87476099375 0.43709677343750003
1 1 0.43667861406249997 0.9961759078125001 0.4354838703125 0.99091778125 0.4354838703125 0.9646271515624999 0.4354838703125 0.9588910140625 0.43817204375 0.949330784375 0.456989246875 0.9550669218750001 0.4639784953125 0.9646271515624999 0.4655913984375 0.989483746875 0.4655913984375 1 0.463620071875 1 0.43667861406249997
0 0.45219885312499997 0.11559139843749999 0.44263862343750005 0.1161290328125 0.43881453125 0.1220430109375 0.4263862328125 0.11881720468750001 0.4225621421875 0.1284946234375 0.42734225625000005 0.1327956984375 0.45506692187500003 0.1311827953125 0.466539196875 0.1274193546875 0.466539196875 0.11989247343750001 0.45506692187500003 0.11559139843749999 0.45219885312499997 0.11559139843749999
0 0.46271510468750005 0.1349462359375 0.443594646875 0.1349462359375 0.44263862343750005 0.1349462359375 0.4349904390625 0.13602150468750002 0.4254302109375 0.140860215625 0.4235181640625 0.15 0.4263862328125 0.154301075 0.43307839374999996 0.15752688125 0.44263862343750005 0.15806451562499998 0.466539196875 0.1564516125 0.472275334375 0.14892473125 0.4703632890625 0.13870967812499999 0.46271510468750005 0.1349462359375
0 0.44741873749999994 0.160215053125 0.43307839374999996 0.161290321875 0.4263862328125 0.1666666671875 0.4292543015625 0.1817204296875 0.43690248593750003 0.187634409375 0.46271510468750005 0.1870967734375 0.46845124218749995 0.18279569843750001 0.469407265625 0.1650537640625 0.4646271515625 0.16182795625 0.45219885312499997 0.160215053125 0.44741873749999994 0.160215053125
0 0.4598470359375 0.19032258124999998 0.45458890937499996 0.19032258124999998 0.43690248593750003 0.190860215625 0.430210325 0.19892473125000001 0.43307839374999996 0.21559139843750003 0.43690248593750003 0.21935483906250003 0.443594646875 0.2215053765625 0.457934990625 0.2204301078125 0.4646271515625 0.2177419359375 0.46749522031249996 0.2139784953125 0.46845124218749995 0.195698925 0.4598470359375 0.19032258124999998
0 0.45411089843749997 0.2241935484375 0.4455066921875 0.2241935484375 0.437858509375 0.2274193546875 0.4349904390625 0.2349462359375 0.437858509375 0.254838709375 0.443594646875 0.2607526875 0.45506692187500003 0.26182795625 0.46175908281250005 0.25967741875 0.4646271515625 0.255913978125 0.466539196875 0.23387096718749997 0.46271510468750005 0.22634408593750002 0.45411089843749997 0.2241935484375
0 0.45506692187500003 0.2661290328125 0.44837476093750006 0.2661290328125 0.44168260000000004 0.2693548390625 0.43881453125 0.2752688171875 0.4397705546875 0.30053763437500003 0.4455066921875 0.306989246875 0.45697896718750003 0.30806451562500003 0.46271510468750005 0.305913978125 0.466539196875 0.299462365625 0.466539196875 0.27634408593750004 0.463671128125 0.2693548390625 0.45506692187500003 0.2661290328125
0 0.45411089843749997 0.31290322656249997 0.443594646875 0.3145161296875 0.44072657812499993 0.3188172046875 0.44168260000000004 0.34838709687499997 0.45219885312499997 0.353763440625 0.46271510468750005 0.35215053749999997 0.46845124218749995 0.345161290625 0.46749522031249996 0.3193548390625 0.4646271515625 0.3150537640625 0.4588910140625 0.31290322656249997 0.45411089843749997 0.31290322656249997
0 0.46749522031249996 0.361290321875 0.45697896718750003 0.358064515625 0.45219885312499997 0.358064515625 0.44741873749999994 0.35860215 0.44168260000000004 0.3639784953125 0.44168260000000004 0.388709678125 0.44646271562499995 0.39677419375 0.4512428296875 0.39892473125 0.4598470359375 0.39892473125 0.46749522031249996 0.396236559375 0.4703632890625 0.39247311875 0.4703632890625 0.3693548390625 0.46749522031249996 0.361290321875
0 0.45506692187500003 0.40268817187500006 0.44646271562499995 0.404838709375 0.44263862343750005 0.411290321875 0.443594646875 0.4365591390625 0.45028680625 0.44032258124999996 0.4646271515625 0.440860215625 0.472275334375 0.43763440937500003 0.472275334375 0.4161290328125 0.46845124218749995 0.40537634375 0.4588910140625 0.40268817187500006 0.45506692187500003 0.40268817187500006
0 0.5764818359375 0.43924731250000004 0.536328871875 0.43870967812500006 0.5353728484375 0.43817204375 0.5181644359375001 0.43924731250000004 0.510516253125 0.44247311875 0.5095602296874999 0.44946236562499997 0.5124282984375 0.45268817187500004 0.5200764812500001 0.45430107499999994 0.56118546875 0.45430107499999994 0.5755258125 0.45376344062499996 0.58413001875 0.45 0.58413001875 0.44354838750000003 0.5764818359375 0.43924731250000004
0 0.7619502875 0.4365591390625 0.7609942640625 0.4360215046875 0.7246653921874999 0.4365591390625 0.7151051625 0.43978494687499997 0.7141491390625 0.44784946249999996 0.7198852765625 0.45107526875000004 0.728489484375 0.4521505375 0.77055449375 0.451612903125 0.7858508609375 0.44946236562499997 0.7858508609375 0.43817204375 0.7782026765625 0.4365591390625 0.7619502875 0.4365591390625
0 0.9416826 0.4365591390625 0.9321223703125 0.4354838703125 0.9268642453125 0.4354838703125 0.9043977062499999 0.4360215046875 0.8929254296875 0.44032258124999996 0.8919694078125 0.44946236562499997 0.8986615671875 0.454838709375 0.9101338437500001 0.4564516125 0.9369024859374999 0.45537634374999997 0.943594646875 0.45322580625000003 0.9483747609375 0.44892473125 0.949330784375 0.440860215625 0.9416826 0.4365591390625