1 0.3986615671875 0.444086021875 0.4015296359375 0.44784946249999996 0.411089865625 0.45107526875000004 0.41873805 0.45107526875000004 0.44072657812499993 0.44516129062500004 0.5009560234375 0.444086021875 0.5076481828125 0.44247311875 0.50860420625 0.43870967812500006 0.5038240921875 0.43118279531250003 0.5 0.4301075265625 0.49450286875 0.4301075265625 0.472275334375 0.43064516093750005 0.46749522031249996 0.4349462359375 0.45315487499999996 0.43709677343750003 0.43690248593750003 0.4360215046875 0.4311663484375 0.43817204375 0.43371319374999995 0.4315526875 0.42473805000000003 0.431113440625 0.4161529640625 0.4308940859375 0.4100698203125 0.43339833125 0.3986615671875 0.43709677343750003 0.3986615671875 0.444086021875
1 0.3919694078125 0.43763440937500003 0.3871892921875 0.4327956984375 0.37954110937499996 0.4317204296875 0.3742829828125 0.4317204296875 0.347036328125 0.43225806406249995 0.338432121875 0.4360215046875 0.33556405312500004 0.440860215625 0.3365200765625 0.45 0.34608030625 0.46129032187499996 0.3785850859375 0.46182795624999995 0.3871892921875 0.46021505312500005 0.3948374765625 0.454838709375 0.3957934984375 0.44623655937500006 0.3919694078125 0.43763440937500003
1 0.318355640625 0.43978494687499997 0.3078393875 0.44354838750000003 0.3030592734375 0.450537634375 0.304015296875 0.459139784375 0.3059273421875 0.46129032187499996 0.3135755265625 0.4629032265625 0.329827915625 0.46182795624999995 0.33460803125 0.45860215000000004 0.33269598437500003 0.44623655937500006 0.3231357546875 0.43978494687499997 0.318355640625 0.43978494687499997
1 0.3030592734375 0.44032258124999996 0.2925430203125 0.4327956984375 0.2871252390625 0.4327956984375 0.2533460796875 0.43333333281249997 0.2466539203125 0.43709677343750003 0.2437858515625 0.450537634375 0.24569789687500002 0.456989246875 0.251434034375 0.46182795624999995 0.274378584375 0.4634408609375 0.2896749515625 0.462365590625 0.295411090625 0.45967741875 0.3030592734375 0.44623655937500006 0.3030592734375 0.44032258124999996
1 0.2361376671875 0.4365591390625 0.22657743749999998 0.43333333281249997 0.2216376671875 0.43333333281249997 0.1969407265625 0.43333333281249997 0.1864244734375 0.43763440937500003 0.1826003828125 0.451612903125 0.1864244734375 0.45967741875 0.1921606125 0.4634408609375 0.22753346093750001 0.4634408609375 0.237093690625 0.45967741875 0.239961759375 0.45537634374999997 0.23900573593750002 0.44032258124999996 0.2361376671875 0.4365591390625
1 0.1778202671875 0.43924731250000004 0.16539196875 0.43387096718749996 0.1598470359375 0.43387096718749996 0.1376673046875 0.43387096718749996 0.1271510515625 0.43709677343750003 0.12237093750000001 0.445698925 0.12237093750000001 0.455913978125 0.12428298281250001 0.4607526875 0.13097514375 0.4639784953125 0.16539196875 0.4645161296875 0.1768642453125 0.46021505312500005 0.1797323140625 0.451612903125 0.1778202671875 0.43924731250000004
1 0.10133843281249999 0.4344086015625 0.0850860421875 0.4344086015625 0.083173996875 0.4344086015625 0.069789675 0.4360215046875 0.062141490625 0.44193548437499997 0.062141490625 0.46021505312500005 0.0678776296875 0.4645161296875 0.0745697890625 0.4655913984375 0.11185468437499999 0.4639784953125 0.117590821875 0.45860215000000004 0.11950286875 0.44677419374999994 0.11376672968749998 0.43709677343750003 0.10133843281249999 0.4344086015625
1 0.044933078125 0.4360215046875 0.02007648125 0.4354838703125 0.019120459375000003 0.4354838703125 0.00860420625 0.43709677343750003 0.0009560234375000001 0.44193548437499997 0 0.45430107499999994 0.0038240921875 0.4639784953125 0.011472275 0.46666666718750005 0.050669215625 0.4645161296875 0.0573613765625 0.4564516125 0.0583174 0.44677419374999994 0.05544933125 0.44032258124999996 0.044933078125 0.4360215046875
1 0.64818355625 0.4268817203125 0.6099426390625 0.4284946234375 0.6042065015625 0.43225806406249995 0.6042065015625 0.43817204375 0.611854684375 0.443010753125 0.6978967500000001 0.44139785 0.709369025 0.43817204375 0.7103250484375 0.43333333281249997 0.7036328875 0.4284946234375 0.6491395796874999 0.4268817203125 0.64818355625 0.4268817203125
1 0.8891013390625 0.4317204296875 0.87476099375 0.4268817203125 0.8193116640625 0.42634408593749995 0.8173996171875 0.42634408593749995 0.809751434375 0.43225806406249995 0.8135755265625001 0.43978494687499997 0.841300190625 0.44516129062500004 0.8556405359375001 0.450537634375 0.8671128109374999 0.4521505375 0.88049713125 0.44946236562499997 0.8871892921875 0.44623655937500006 0.8919694078125 0.440860215625 0.8929254296875 0.43709677343750003 0.8891013390625 0.4317204296875
1 1 0.42634408593749995 0.9961759078125001 0.4252688171875 0.9912045890625001 0.4252688171875 0.9713193109375 0.4252688171875 0.9646271515624999 0.4284946234375 0.9541108984375001 0.44677419374999994 0.9541108984375001 0.451612903125 0.9588910140625 0.454838709375 0.99713193125 0.454838709375 1 0.45416666718750004 1 0.42634408593749995
0 0.44455066875 0.1279569890625 0.44072657812499993 0.1279569890625 0.4225621421875 0.1301075265625 0.41778202656249996 0.1327956984375 0.416826003125 0.1435483875 0.4263862328125 0.15107526875 0.45602294531250004 0.150537634375 0.46175908281250005 0.1478494625 0.4646271515625 0.14247311875 0.463671128125 0.1327956984375 0.45602294531250004 0.1290322578125 0.44455066875 0.1279569890625
0 0.4397705546875 0.15322580624999999 0.437858509375 0.15322580624999999 0.4254302109375 0.15537634375 0.41778202656249996 0.1629032265625 0.4206500953125 0.1763440859375 0.4311663484375 0.1822580640625 0.45506692187500003 0.18118279531249998 0.46175908281250005 0.17580645156250002 0.463671128125 0.1639784953125 0.460803059375 0.15752688125 0.45602294531250004 0.154838709375 0.4397705546875 0.15322580624999999
0 0.45602294531250004 0.1860215046875 0.44837476093750006 0.1844086015625 0.44168260000000004 0.1844086015625 0.4349904390625 0.1844086015625 0.42734225625000005 0.1870967734375 0.4235181640625 0.19247311875 0.4244741875 0.20967741874999998 0.4311663484375 0.2145161296875 0.43881453125 0.2161290328125 0.45506692187500003 0.2139784953125 0.4598470359375 0.20860215000000001 0.460803059375 0.189784946875 0.45602294531250004 0.1860215046875
0 0.45506692187500003 0.2215053765625 0.44837476093750006 0.21989247343749999 0.443594646875 0.21989247343749999 0.4340344171875 0.22096774218749998 0.4282982796875 0.2279569890625 0.430210325 0.25 0.43307839374999996 0.254838709375 0.44072657812499993 0.258064515625 0.44741873749999994 0.258064515625 0.45315487499999996 0.255913978125 0.457934990625 0.250537634375 0.457934990625 0.22473118281249999 0.45506692187500003 0.2215053765625
0 0.44837476093750006 0.26182795625 0.44263862343750005 0.26182795625 0.4349904390625 0.26344086093749997 0.43307839374999996 0.2655913984375 0.4311663484375 0.29086021562500003 0.4340344171875 0.298387096875 0.443594646875 0.3021505375 0.45506692187500003 0.3 0.4588910140625 0.294086021875 0.4588910140625 0.27096774218749997 0.45602294531250004 0.26505376406250003 0.44837476093750006 0.26182795625
0 0.44837476093750006 0.30645161249999997 0.44741873749999994 0.305913978125 0.43690248593750003 0.30806451562500003 0.43307839374999996 0.31236559062499997 0.4340344171875 0.341935484375 0.43881453125 0.346236559375 0.44646271562499995 0.34784946250000004 0.45506692187500003 0.346236559375 0.460803059375 0.34032258125000003 0.460803059375 0.3134408609375 0.45697896718750003 0.30860215 0.44837476093750006 0.30645161249999997
0 0.4598470359375 0.354301075 0.45219885312499997 0.35161290312500004 0.443594646875 0.35161290312500004 0.437858509375 0.353763440625 0.4340344171875 0.35860215 0.4340344171875 0.37795698906249997 0.437858509375 0.39032258125 0.4455066921875 0.39247311875 0.45602294531250004 0.391935484375 0.460803059375 0.3892473125 0.46271510468750005 0.3849462359375 0.46175908281250005 0.35752688125 0.4598470359375 0.354301075
0 0.44837476093750006 0.39677419375 0.44168260000000004 0.39784946250000003 0.4359464625 0.4021505375 0.4349904390625 0.43064516093750005 0.45028680625 0.4344086015625 0.46175908281250005 0.43333333281249997 0.4655831734375 0.43064516093750005 0.463671128125 0.40430107499999995 0.460803059375 0.399462365625 0.45506692187500003 0.39677419375 0.44837476093750006 0.39677419375
0 0.5516252390624999 0.4284946234375 0.5315487578125 0.4295698921875 0.5267686421875 0.4317204296875 0.5258126187500001 0.43978494687499997 0.5296367109375 0.443010753125 0.5889101343750001 0.44354838750000003 0.597514340625 0.44032258124999996 0.5984703640625 0.43333333281249997 0.591778203125 0.4290322578125 0.5525812625000001 0.4284946234375 0.5516252390624999 0.4284946234375
0 0.78776290625 0.42580645156249997 0.762906309375 0.42634408593749995 0.7619502875 0.42580645156249997 0.7437858515625 0.42634408593749995 0.7332695984375001 0.4290322578125 0.7304015296874999 0.43333333281249997 0.7323135749999999 0.43870967812500006 0.7476099421875 0.44139785 0.7896749515625 0.44139785 0.80210325 0.43924731250000004 0.8040152968750001 0.43064516093750005 0.801147228125 0.4279569890625 0.78776290625 0.42580645156249997
0 0.9550669218750001 0.43064516093750005 0.9483747609375 0.42580645156249997 0.9416826 0.4252688171875 0.9365841296875 0.4252688171875 0.911089865625 0.4252688171875 0.9053537281249999 0.4274193546875 0.9015296359375 0.4349462359375 0.9072657749999999 0.44193548437499997 0.9177820265625 0.44516129062500004 0.9311663484375 0.445698925 0.9359464624999999 0.44784946249999996 0.9474187374999999 0.44623655937500006 0.9521988531250001 0.440860215625 0.9550669218750001 0.43064516093750005