0 0.54351851875 0.43333333281249997 0.5351851859375001 0.4369791671875 0.5351851859375001 0.4453125 0.5379629625 0.44739583281249995 0.547222221875 0.4484375 0.6018518515625 0.4479166671875 0.61851851875 0.4458333328125 0.6240740734375 0.44739583281249995 0.64444444375 0.44739583281249995 0.6509259265625 0.4447916671875 0.6518518515625 0.4375 0.647222221875 0.43333333281249997 0.6379629625 0.43177083281249995 0.6370370375000001 0.43177083281249995 0.6240740734375 0.4328125 0.61851851875 0.4348958328125 0.6 0.4328125 0.54351851875 0.43333333281249997
1 0.6629629625 0.446875 0.6805555562500001 0.44739583281249995 0.7518518515625 0.44635416718750004 0.7629629625 0.4427083328125 0.7796296296875 0.4458333328125 0.8046296296875 0.4458333328125 0.8138888890624999 0.44114583281249997 0.8138888890624999 0.4348958328125 0.8111111109375001 0.4322916671875 0.8018518515625 0.4302083328125 0.7759259265625 0.4302083328125 0.7666666671875 0.43385416718750003 0.7638888890625 0.43125 0.759259259375 0.43333333281249997 0.747222221875 0.4302083328125 0.7324074078125 0.4302083328125 0.73148148125 0.4302083328125 0.6629629625 0.4322916671875 0.6564814812499999 0.43541666718750005 0.6564814812499999 0.4421875 0.6629629625 0.446875
0 0.8296296296874999 0.44895833281249997 0.8481481484375 0.4546875 0.8583333328125 0.4557291671875 0.86851851875 0.4515625 0.86944444375 0.440625 0.865740740625 0.43385416718750003 0.8574074078124999 0.43072916718750004 0.8522222218750001 0.43072916718750004 0.8296296296874999 0.43125 0.8222222218749999 0.43541666718750005 0.821296296875 0.44322916718750005 0.8296296296874999 0.44895833281249997
0 0.43148148124999997 0.1619791671875 0.4546296296875 0.1619791671875 0.4620370375 0.1604166671875 0.4675925921875 0.1541666671875 0.465740740625 0.1447916671875 0.4546296296875 0.14010416718750002 0.43981481406249995 0.14010416718750002 0.4388888890625 0.1395833328125 0.42129629687500003 0.1458333328125 0.4203703703125 0.1546875 0.42314814843750004 0.1588541671875 0.43148148124999997 0.1619791671875
0 0.4268518515625 0.1875 0.43333333281249997 0.1911458328125 0.4583333328125 0.190625 0.46388888906250003 0.18697916718750002 0.46666666718750005 0.1776041671875 0.46481481406249997 0.1692708328125 0.4546296296875 0.16458333281249998 0.44930555625 0.16458333281249998 0.43333333281249997 0.16458333281249998 0.4240740734375 0.1692708328125 0.4240740734375 0.1817708328125 0.4268518515625 0.1875
0 0.427777778125 0.21354166718749998 0.43518518593750005 0.22239583281250003 0.45 0.22291666718749997 0.4583333328125 0.2208333328125 0.4620370375 0.21770833281250002 0.46481481406249997 0.203125 0.4620370375 0.1963541671875 0.4546296296875 0.1932291671875 0.447222221875 0.1932291671875 0.44166666718750003 0.1932291671875 0.434259259375 0.19375 0.4296296296875 0.196875 0.4268518515625 0.2036458328125 0.427777778125 0.21354166718749998
0 0.4361111109375 0.2598958328125 0.44629629687500005 0.2635416671875 0.4546296296875 0.2625 0.4611111109375 0.2552083328125 0.4620370375 0.234375 0.4583333328125 0.228125 0.45185185156249996 0.2260416671875 0.44629629687500005 0.2260416671875 0.43518518593750005 0.228125 0.43148148124999997 0.2359375 0.434259259375 0.2567708328125 0.4361111109375 0.2598958328125
0 0.44166666718750003 0.30625 0.447222221875 0.3078125 0.4583333328125 0.30520833281250004 0.4620370375 0.2989583328125 0.4611111109375 0.27395833281250004 0.459259259375 0.2708333328125 0.4509259265625 0.2677083328125 0.447222221875 0.2677083328125 0.4388888890625 0.2697916671875 0.43518518593750005 0.2770833328125 0.4361111109375 0.3010416671875 0.44166666718750003 0.30625
0 0.44259259218749997 0.3505208328125 0.44907407343749994 0.35208333281250004 0.4583333328125 0.3505208328125 0.46388888906250003 0.34427083281250004 0.46296296249999996 0.3177083328125 0.45555555625000005 0.31197916718749996 0.45046296249999995 0.31197916718749996 0.44259259218749997 0.3125 0.4370370375 0.3177083328125 0.4379629625 0.3463541671875 0.44259259218749997 0.3505208328125
0 0.44259259218749997 0.3932291671875 0.45370370312499997 0.3953125 0.4601851859375 0.3942708328125 0.465740740625 0.3890625 0.465740740625 0.36666666718749996 0.46296296249999996 0.359375 0.4583333328125 0.3567708328125 0.4509259265625 0.3557291671875 0.45 0.3557291671875 0.44351851875000003 0.3567708328125 0.4388888890625 0.3604166671875 0.4379629625 0.3817708328125 0.44259259218749997 0.3932291671875
0 0.44629629687500005 0.43541666718750005 0.459259259375 0.4359375 0.465740740625 0.434375 0.46851851875 0.43125 0.4675925921875 0.4114583328125 0.46481481406249997 0.40208333281249997 0.45648148125 0.39895833281250004 0.4481481484375 0.39895833281250004 0.44259259218749997 0.4010416671875 0.4388888890625 0.40729166718750004 0.43981481406249995 0.4322916671875 0.44629629687500005 0.43541666718750005
0 0.9546296296874999 0.4583333328125 0.9620370375 0.459375 0.9824074078124999 0.4583333328125 0.9898148140625 0.45104166718750005 0.9861111109375 0.4348958328125 0.98148148125 0.43125 0.975 0.4302083328125 0.9694444437499999 0.4302083328125 0.95555555625 0.43541666718750005 0.9509259265625 0.4458333328125 0.9509259265625 0.4546875 0.9546296296874999 0.4583333328125
1 0.877777778125 0.4484375 0.890740740625 0.4515625 0.9129629625 0.4505208328125 0.91944444375 0.45416666718750004 0.9231481484374999 0.45208333281249996 0.940740740625 0.45208333281249996 0.9472222218749999 0.4447916671875 0.946296296875 0.4348958328125 0.9370370375 0.43072916718750004 0.9129629625 0.4296875 0.9101851859375 0.4296875 0.8833333328125 0.43072916718750004 0.875 0.43385416718750003 0.872222221875 0.43958333281249995 0.877777778125 0.4484375
1 0.4268518515625 0.434375 0.41944444374999995 0.43541666718750005 0.4166666671875 0.4375 0.4148148140625 0.4458333328125 0.4240740734375 0.4526041671875 0.44444444375 0.44947916718750003 0.51851851875 0.4484375 0.525 0.446875 0.525 0.4375 0.5148148140625 0.43333333281249997 0.51003055625 0.43333333281249997 0.47222222187499996 0.43385416718750003 0.45555555625000005 0.4375 0.4370370375 0.434375 0.4268518515625 0.434375
1 0.35648148125 0.4614583328125 0.36666666718749996 0.465625 0.3925925921875 0.46458333281249997 0.403703703125 0.4609375 0.41203703750000004 0.45416666718750004 0.4129629625 0.44895833281249997 0.409259259375 0.44114583281249997 0.397222221875 0.43645833281249996 0.3740740734375 0.43645833281249996 0.3703703703125 0.43645833281249996 0.35925925937500003 0.4380208328125 0.3546296296875 0.4427083328125 0.353703703125 0.4557291671875 0.35648148125 0.4614583328125
1 0.30555555624999997 0.4661458328125 0.3379629625 0.465625 0.34629629687499996 0.4625 0.3490740734375 0.4583333328125 0.34722222187499996 0.44166666718750003 0.3351851859375 0.4369791671875 0.3203703703125 0.4369791671875 0.3166666671875 0.4369791671875 0.3018518515625 0.4380208328125 0.296296296875 0.4421875 0.296296296875 0.4604166671875 0.30555555624999997 0.4661458328125
1 0.2388888890625 0.4640625 0.246296296875 0.4671875 0.271296296875 0.4671875 0.2824074078125 0.465625 0.28611111093749997 0.4635416671875 0.290740740625 0.4546875 0.2888888890625 0.44375 0.28148148125 0.43854166718750004 0.2731481484375 0.4375 0.2666666671875 0.4375 0.24444444375000002 0.43854166718750004 0.23611111093749998 0.44375 0.23518518593749999 0.459375 0.2388888890625 0.4640625
1 0.177777778125 0.46458333281249997 0.1851851859375 0.4682291671875 0.221296296875 0.46666666718750005 0.2296296296875 0.459375 0.23055555625 0.44895833281249997 0.22777777812500002 0.44322916718750005 0.2166666671875 0.43854166718750004 0.19351851874999998 0.4380208328125 0.1925925921875 0.4380208328125 0.1824074078125 0.4390625 0.175 0.44427083281249996 0.17314814843749998 0.45625 0.177777778125 0.46458333281249997
1 0.1148148140625 0.46458333281249997 0.12222222187500001 0.46875 0.1583333328125 0.4682291671875 0.16851851874999998 0.46302083281249995 0.16851851874999998 0.4447916671875 0.1620370375 0.4401041671875 0.1481481484375 0.43854166718750004 0.140740740625 0.43854166718750004 0.1231481484375 0.43958333281249995 0.1129629625 0.44635416718750004 0.1129629625 0.4609375 0.1148148140625 0.46458333281249997
1 0 0.46770833281249996 0.004629629687499999 0.4703125 0.0296296296875 0.47083333281249995 0.046296296875 0.4661458328125 0.0490740734375 0.45989583281249996 0.047222221875 0.4458333328125 0.037037037499999995 0.440625 0.031666667187500004 0.440625 0.0101851859375 0.440625 0 0.44322916718750005 0 0.46770833281249996
1 0.053703703125 0.46302083281249995 0.059259259375 0.46875 0.0990740734375 0.46875 0.10648148125000001 0.46510416718750003 0.109259259375 0.45989583281249996 0.10833333281249999 0.44635416718750004 0.10370370312499999 0.4421875 0.0925925921875 0.43958333281249995 0.0870370375 0.43958333281249995 0.0648148140625 0.4401041671875 0.0574074078125 0.44322916718750005 0.051851851562499995 0.45625 0.053703703125 0.46302083281249995