0 0.4675925921875 0.4328125 0.46388888906250003 0.40416666718750005 0.4509259265625 0.4010416671875 0.44351851875000003 0.40260416718750003 0.4388888890625 0.4078125 0.4388888890625 0.4359375 0.44259259218749997 0.4375 0.4601851859375 0.43645833281249996 0.4675925921875 0.4328125
0 0.465740740625 0.3895833328125 0.46296296249999996 0.3614583328125 0.4509259265625 0.3578125 0.44259259218749997 0.359375 0.4388888890625 0.3630208328125 0.440740740625 0.3942708328125 0.4509259265625 0.39791666718749996 0.459259259375 0.396875 0.465740740625 0.3895833328125
0 0.465740740625 0.1588541671875 0.46666666718750005 0.1463541671875 0.4546296296875 0.14114583281249998 0.4379629625 0.14114583281249998 0.42129629687500003 0.1473958328125 0.42129629687500003 0.1572916671875 0.4296296296875 0.1630208328125 0.4583333328125 0.1630208328125 0.465740740625 0.1588541671875
0 0.4620370375 0.1895833328125 0.465740740625 0.1817708328125 0.4620370375 0.1682291671875 0.45 0.165625 0.43518518593750005 0.165625 0.427777778125 0.1677083328125 0.42314814843750004 0.17239583281249998 0.4240740734375 0.1854166671875 0.43055555625 0.1916666671875 0.45185185156249996 0.1921875 0.4620370375 0.1895833328125
0 0.46388888906250003 0.21354166718749998 0.4620370375 0.1984375 0.45370370312499997 0.1953125 0.4361111109375 0.1953125 0.427777778125 0.2010416671875 0.42870370312499995 0.2203125 0.43981481406249995 0.225 0.4574074078125 0.22291666718749997 0.46388888906250003 0.21354166718749998
0 0.4601851859375 0.259375 0.4601851859375 0.2328125 0.45185185156249996 0.228125 0.44166666718750003 0.228125 0.434259259375 0.23177083281250002 0.434259259375 0.2588541671875 0.44166666718750003 0.26510416718749996 0.4509259265625 0.265625 0.4601851859375 0.259375
0 0.4546296296875 0.3083333328125 0.4620370375 0.3 0.4611111109375 0.2770833328125 0.4546296296875 0.2703125 0.4388888890625 0.271875 0.4361111109375 0.275 0.4361111109375 0.3026041671875 0.44259259218749997 0.3083333328125 0.4546296296875 0.3083333328125
0 0.4574074078125 0.3526041671875 0.46296296249999996 0.3479166671875 0.46296296249999996 0.3203125 0.45555555625000005 0.3135416671875 0.44351851875000003 0.3135416671875 0.4379629625 0.3171875 0.4370370375 0.346875 0.44259259218749997 0.3526041671875 0.4509259265625 0.3541666671875 0.4574074078125 0.3526041671875
0 0.465740740625 0.1317708328125 0.4620370375 0.12552083281249998 0.42314814843750004 0.1286458328125 0.4203703703125 0.1307291671875 0.41944444374999995 0.1359375 0.4296296296875 0.1385416671875 0.4611111109375 0.1359375 0.465740740625 0.1317708328125
1 0.0546296296875 0.46770833281249996 0.059259259375 0.46197916718750004 0.060185185937499996 0.44895833281249997 0.052777778124999994 0.44166666718750003 0.0148148140625 0.440625 0.004629629687499999 0.446875 0.004629629687499999 0.4640625 0.0120370375 0.4692708328125 0.021296296875000002 0.47083333281249995 0.0546296296875 0.46770833281249996
1 0.1101851859375 0.4682291671875 0.1166666671875 0.46458333281249997 0.11944444375 0.45 0.1111111109375 0.440625 0.102777778125 0.4390625 0.0759259265625 0.43958333281249995 0.06851851875000001 0.44166666718750003 0.0638888890625 0.44739583281249995 0.0638888890625 0.45989583281249996 0.06944444375 0.46770833281249996 0.1 0.4692708328125 0.1101851859375 0.4682291671875
1 0.1740740734375 0.4661458328125 0.178703703125 0.45885416718750005 0.178703703125 0.44947916718750003 0.1703703703125 0.4401041671875 0.1620370375 0.4380208328125 0.1361111109375 0.43854166718750004 0.12592592656249998 0.4427083328125 0.1231481484375 0.44739583281249995 0.1231481484375 0.46197916718750004 0.13055555624999998 0.46770833281249996 0.15925925937500002 0.46875 0.1740740734375 0.4661458328125
1 0.234259259375 0.4640625 0.2379629625 0.45885416718750005 0.2379629625 0.44635416718750004 0.23611111093749998 0.4427083328125 0.22777777812500002 0.43854166718750004 0.1925925921875 0.43854166718750004 0.1833333328125 0.4458333328125 0.1833333328125 0.4609375 0.1916666671875 0.4671875 0.222222221875 0.46770833281249996 0.234259259375 0.4640625
1 0.29444444375 0.46302083281249995 0.29722222187499997 0.4458333328125 0.2888888890625 0.4380208328125 0.253703703125 0.4380208328125 0.24351851875000002 0.44427083281249996 0.24259259218749998 0.4578125 0.25 0.465625 0.2833333328125 0.46666666718750005 0.29444444375 0.46302083281249995
1 0.3583333328125 0.45989583281249996 0.3583333328125 0.4453125 0.3509259265625 0.4380208328125 0.3111111109375 0.4375 0.3018518515625 0.4453125 0.302777778125 0.459375 0.3120370375 0.465625 0.34722222187499996 0.465625 0.3583333328125 0.45989583281249996
1 0.4203703703125 0.4546875 0.4240740734375 0.44947916718750003 0.42314814843750004 0.44166666718750003 0.41018518593750003 0.4359375 0.372222221875 0.4369791671875 0.36296296250000004 0.4427083328125 0.36296296250000004 0.4583333328125 0.3731481484375 0.46510416718750003 0.4018518515625 0.4625 0.4203703703125 0.4546875
1 0.54444444375 0.44427083281249996 0.54444444375 0.43854166718750004 0.5333333328125 0.4348958328125 0.471296296875 0.4348958328125 0.4361111109375 0.44322916718750005 0.43518518593750005 0.446875 0.43981481406249995 0.4479166671875 0.5370370375 0.4479166671875 0.54444444375 0.44427083281249996
1 0.7333333328125 0.4447916671875 0.7398148140624999 0.44114583281249997 0.7388888890625 0.43541666718750005 0.7259259265625 0.43177083281249995 0.6509259265625 0.43177083281249995 0.6425925921875 0.4328125 0.6379629625 0.4359375 0.6379629625 0.44322916718750005 0.6481481484375 0.446875 0.725 0.4458333328125 0.7333333328125 0.4447916671875
1 0.8925925921875001 0.4505208328125 0.9046296296874999 0.4447916671875 0.9064814812499999 0.4401041671875 0.902777778125 0.43385416718750003 0.8888888890625 0.43072916718750004 0.8416666671874999 0.43125 0.8333333328125001 0.4390625 0.8333333328125001 0.4484375 0.8425925921875 0.4526041671875 0.8601851859374999 0.45625 0.8925925921875001 0.4505208328125
1 0.9879629624999999 0.45677083281249997 0.9898148140625 0.45 0.9824074078124999 0.4401041671875 0.9740740734375001 0.43854166718750004 0.9638888890624999 0.4447916671875 0.9611111109375001 0.4557291671875 0.9648148140625 0.4583333328125 0.9833333328125 0.45885416718750005 0.9879629624999999 0.45677083281249997
0 0.6296296296875 0.4453125 0.63148148125 0.44322916718750005 0.63055555625 0.43541666718750005 0.6240740734375 0.43333333281249997 0.590740740625 0.4322916671875 0.5611111109375 0.43541666718750005 0.5620370375 0.44427083281249996 0.571296296875 0.4479166671875 0.6175925921875 0.44739583281249995 0.6296296296875 0.4453125
0 0.7675925921875 0.4453125 0.8231481484375 0.4453125 0.827777778125 0.44166666718750003 0.828703703125 0.43541666718750005 0.8259259265625 0.4322916671875 0.8027777781250001 0.4302083328125 0.8018518515625 0.4302083328125 0.7666666671875 0.43125 0.759259259375 0.43541666718750005 0.7611111109375 0.4427083328125 0.7675925921875 0.4453125
0 0.921296296875 0.4479166671875 0.9370370375 0.45729166718750003 0.9509259265625 0.4557291671875 0.95648148125 0.4515625 0.9638888890624999 0.4401041671875 0.9629629625 0.4328125 0.9509259265625 0.4296875 0.9453703703125 0.4296875 0.928703703125 0.43072916718750004 0.9231481484374999 0.43385416718750003 0.9203703703125001 0.43854166718750004 0.921296296875 0.4479166671875
0 0.9990740734375001 0.4296875 0.997222221875 0.4296875 0.9888888890624999 0.434375 0.9888888890624999 0.44114583281249997 0.9981481484374999 0.45520833281249995 0.9990740734375001 0.4296875