0 0.4481481484375 0.44427083281249996 0.459259259375 0.4484375 0.48981481406249994 0.4479166671875 0.49444444374999996 0.44427083281249996 0.49351851875 0.4375 0.4888888890625 0.4348958328125 0.471296296875 0.43333333281249997 0.46388888906250003 0.42291666718750004 0.45555555625000005 0.4213541671875 0.4546296296875 0.42083333281249996 0.44629629687500005 0.421875 0.440740740625 0.428125 0.44166666718750003 0.4380208328125 0.4481481484375 0.44427083281249996
0 0.4379629625 0.2838541671875 0.4453703703125 0.2864583328125 0.45555555625000005 0.2848958328125 0.4611111109375 0.2796875 0.4611111109375 0.25625 0.4574074078125 0.2494791671875 0.45185185156249996 0.24739583281250002 0.447222221875 0.24739583281250002 0.4388888890625 0.2484375 0.43333333281249997 0.2541666671875 0.434259259375 0.2776041671875 0.4379629625 0.2838541671875
0 0.4611111109375 0.14791666718750002 0.46666666718750005 0.14375 0.46666666718750005 0.134375 0.4620370375 0.1328125 0.4388888890625 0.1328125 0.4370370375 0.1328125 0.42129629687500003 0.1369791671875 0.42222222187499997 0.1458333328125 0.43148148124999997 0.14895833281249998 0.4611111109375 0.14791666718750002
0 0.42129629687500003 0.1677083328125 0.42870370312499995 0.1765625 0.4509259265625 0.1776041671875 0.4620370375 0.1755208328125 0.46666666718750005 0.1640625 0.465740740625 0.15625 0.459259259375 0.1510416671875 0.45370370312499997 0.1505208328125 0.44907407343749994 0.1505208328125 0.43518518593750005 0.1505208328125 0.4268518515625 0.1520833328125 0.42222222187499997 0.1552083328125 0.42129629687500003 0.1677083328125
0 0.427777778125 0.203125 0.43518518593750005 0.2078125 0.45277777812500003 0.20729166718749997 0.4583333328125 0.20625 0.46296296249999996 0.2026041671875 0.46388888906250003 0.1838541671875 0.4583333328125 0.18020833281249998 0.4453703703125 0.17916666718750002 0.44166666718750003 0.17916666718750002 0.43240740781250003 0.18020833281249998 0.4268518515625 0.1828125 0.4240740734375 0.18697916718750002 0.427777778125 0.203125
0 0.4361111109375 0.2416666671875 0.4509259265625 0.24375 0.4601851859375 0.23854166718749997 0.46296296249999996 0.21875 0.459259259375 0.21197916718749998 0.45 0.2104166671875 0.44166666718750003 0.2104166671875 0.43240740781250003 0.2130208328125 0.42870370312499995 0.2182291671875 0.4296296296875 0.2322916671875 0.4361111109375 0.2416666671875
0 0.4388888890625 0.3265625 0.44907407343749994 0.3302083328125 0.4601851859375 0.32760416718749996 0.46296296249999996 0.3192708328125 0.4620370375 0.29739583281250004 0.4583333328125 0.2927083328125 0.4509259265625 0.2901041671875 0.4481481484375 0.2901041671875 0.44166666718750003 0.2911458328125 0.4370370375 0.2947916671875 0.4361111109375 0.3171875 0.4388888890625 0.3265625
0 0.440740740625 0.3703125 0.4481481484375 0.3734375 0.45648148125 0.3734375 0.46388888906250003 0.3671875 0.46388888906250003 0.340625 0.4620370375 0.3369791671875 0.45185185156249996 0.3333333328125 0.45 0.3333333328125 0.44259259218749997 0.334375 0.4379629625 0.3369791671875 0.4370370375 0.3619791671875 0.440740740625 0.3703125
0 0.4453703703125 0.4171875 0.4583333328125 0.41822916718750003 0.465740740625 0.41302083281249996 0.46666666718750005 0.3942708328125 0.46388888906250003 0.38125 0.4546296296875 0.3776041671875 0.4509259265625 0.3776041671875 0.44351851875000003 0.3786458328125 0.4388888890625 0.38333333281250004 0.4388888890625 0.4088541671875 0.4453703703125 0.4171875
0 0.628703703125 0.446875 0.6870370375 0.4453125 0.690740740625 0.4369791671875 0.6851851859375 0.4322916671875 0.6555555562500001 0.43177083281249995 0.6496916671874999 0.43177083281249995 0.6240740734375 0.43333333281249997 0.61944444375 0.43854166718750004 0.622222221875 0.4447916671875 0.628703703125 0.446875
0 0.8574074078124999 0.45625 0.8648148140625 0.4536458328125 0.86851851875 0.45 0.8666666671875 0.43645833281249996 0.85648148125 0.43072916718750004 0.8361111109375001 0.43072916718750004 0.8296296296874999 0.43072916718750004 0.8203703703125 0.4359375 0.8203703703125 0.44427083281249996 0.828703703125 0.44895833281249997 0.8574074078124999 0.45625
0 0.9509259265625 0.45625 0.95555555625 0.45885416718750005 0.98148148125 0.4583333328125 0.9879629624999999 0.45 0.984259259375 0.43385416718750003 0.9796296296874999 0.43125 0.9675925921875 0.4302083328125 0.9666666671874999 0.4302083328125 0.95555555625 0.434375 0.9509259265625 0.44166666718750003 0.9481481484375 0.45104166718750005 0.9509259265625 0.45625
1 0 0.4703125 0.0296296296875 0.4703125 0.039814814062499995 0.46666666718750005 0.04351851875 0.45520833281249995 0.0425925921875 0.446875 0.0351851859375 0.44166666718750003 0.0268518515625 0.440625 0.021527778125 0.440625 0 0.44166666718750003 0 0.4703125
1 0.047222221875 0.4609375 0.0509259265625 0.46666666718750005 0.0574074078125 0.4692708328125 0.0925925921875 0.46875 0.1 0.46510416718750003 0.102777778125 0.45989583281249996 0.102777778125 0.4479166671875 0.0953703703125 0.44114583281249997 0.0861111109375 0.43958333281249995 0.08101851875 0.43958333281249995 0.060185185937499996 0.4401041671875 0.053703703125 0.44166666718750003 0.048148148437499996 0.44635416718750004 0.047222221875 0.4609375
1 0.1166666671875 0.4682291671875 0.146296296875 0.46875 0.15925925937500002 0.46510416718750003 0.1620370375 0.45989583281249996 0.1620370375 0.44739583281249995 0.15925925937500002 0.4427083328125 0.146296296875 0.43854166718750004 0.13888888906250002 0.43854166718750004 0.1175925921875 0.43958333281249995 0.10833333281249999 0.4447916671875 0.1074074078125 0.4635416671875 0.1166666671875 0.4682291671875
1 0.165740740625 0.4578125 0.172222221875 0.46666666718750005 0.17962962968750001 0.4682291671875 0.2046296296875 0.4682291671875 0.21851851875 0.4640625 0.221296296875 0.45989583281249996 0.2203703703125 0.4447916671875 0.2175925921875 0.44166666718750003 0.20833333281250002 0.4380208328125 0.2031481484375 0.4380208328125 0.1768518515625 0.43854166718750004 0.1703703703125 0.44166666718750003 0.165740740625 0.44947916718750003 0.165740740625 0.4578125
1 0.22777777812500002 0.4614583328125 0.234259259375 0.4661458328125 0.25833333281250004 0.4671875 0.2759259265625 0.46458333281249997 0.28055555625 0.459375 0.2796296296875 0.4447916671875 0.2768518515625 0.44114583281249997 0.26851851875 0.4375 0.2629629625 0.4375 0.2379629625 0.4380208328125 0.22777777812500002 0.4427083328125 0.225 0.4557291671875 0.22777777812500002 0.4614583328125
1 0.290740740625 0.46510416718750003 0.29814814843750004 0.46666666718750005 0.3166666671875 0.46666666718750005 0.3296296296875 0.46510416718750003 0.334259259375 0.4625 0.3416666671875 0.4453125 0.33888888906250003 0.440625 0.3296296296875 0.4369791671875 0.32444444375 0.4369791671875 0.29444444375 0.4375 0.2870370375 0.440625 0.284259259375 0.45625 0.290740740625 0.46510416718750003
1 0.3509259265625 0.4661458328125 0.3648148140625 0.465625 0.372222221875 0.4625 0.372222221875 0.4546875 0.3611111109375 0.4447916671875 0.352777778125 0.4447916671875 0.34444444375 0.44895833281249997 0.340740740625 0.4583333328125 0.3425925921875 0.4635416671875 0.3509259265625 0.4661458328125
1 0.3740740734375 0.45416666718750004 0.38333333281250004 0.4635416671875 0.3916666671875 0.46458333281249997 0.4 0.46302083281249995 0.4388888890625 0.44895833281249997 0.440740740625 0.4427083328125 0.4379629625 0.43854166718750004 0.43148148124999997 0.43541666718750005 0.425 0.43541666718750005 0.3851851859375 0.43645833281249996 0.375 0.43958333281249995 0.372222221875 0.44322916718750005 0.3740740734375 0.45416666718750004
1 0.5074074078125 0.4484375 0.5611111109375 0.4484375 0.5953703703125 0.44739583281249995 0.602777778125 0.44322916718750005 0.6009259265625 0.43645833281249996 0.5916666671875 0.43333333281249997 0.5527777781250001 0.4328125 0.5518518515624999 0.4328125 0.5046296296875 0.434375 0.4990740734375 0.4380208328125 0.5 0.44427083281249996 0.5074074078125 0.4484375
1 0.7101851859375 0.4458333328125 0.7870370375 0.4458333328125 0.79444444375 0.4447916671875 0.7981481484375 0.4421875 0.7990740734374999 0.4369791671875 0.79444444375 0.4322916671875 0.7814814812499999 0.43072916718750004 0.75 0.43072916718750004 0.74351851875 0.43072916718750004 0.7046296296875 0.43177083281249995 0.6972222218749999 0.4348958328125 0.6981481484375001 0.44322916718750005 0.7101851859375 0.4458333328125
1 0.875 0.4479166671875 0.88055555625 0.4505208328125 0.8898148140625001 0.4515625 0.9129629625 0.4505208328125 0.91944444375 0.45520833281249995 0.921296296875 0.4526041671875 0.9379629625 0.4515625 0.9453703703125 0.44322916718750005 0.94351851875 0.434375 0.9361111109375001 0.43072916718750004 0.9129629625 0.4302083328125 0.9120370375 0.4296875 0.8833333328125 0.43072916718750004 0.8759259265624999 0.4328125 0.871296296875 0.43854166718750004 0.875 0.4479166671875