0 0.522222221875 0.4484375 0.5314814812499999 0.44739583281249995 0.5351851859375001 0.44427083281249996 0.5361111109375 0.4390625 0.5296296296875 0.4348958328125 0.475 0.434375 0.47407407343749997 0.43385416718750003 0.46388888906250003 0.4390625 0.46388888906250003 0.4453125 0.46944444374999994 0.4484375 0.522222221875 0.4484375
0 0.6703703703125 0.4458333328125 0.7259259265625 0.4458333328125 0.7351851859375 0.4427083328125 0.7361111109375 0.4369791671875 0.73148148125 0.4322916671875 0.6861111109375 0.43125 0.68148148125 0.43125 0.6731481484375 0.43177083281249995 0.6638888890625 0.43541666718750005 0.6638888890625 0.4421875 0.6703703703125 0.4458333328125
0 0.8583333328125 0.4557291671875 0.8666666671875 0.4557291671875 0.8916666671875 0.45104166718750005 0.902777778125 0.44322916718750005 0.9018518515625 0.4359375 0.896296296875 0.4322916671875 0.875 0.43072916718750004 0.8703703703125001 0.43072916718750004 0.859259259375 0.43333333281249997 0.8509259265625 0.440625 0.8490740734375001 0.4479166671875 0.8583333328125 0.4557291671875
0 0.9740740734375001 0.45208333281249996 0.98055555625 0.45729166718750003 0.9898148140625 0.459375 0.9990740734375001 0.459375 0.9990740734375001 0.4296875 0.99444444375 0.4296875 0.98148148125 0.43072916718750004 0.9759259265625 0.43385416718750003 0.9731481484375 0.43854166718750004 0.9740740734375001 0.45208333281249996
0 0.43055555625 0.1677083328125 0.4601851859375 0.1666666671875 0.46666666718750005 0.1604166671875 0.4675925921875 0.1536458328125 0.46481481406249997 0.14791666718750002 0.4509259265625 0.1442708328125 0.4370370375 0.14375 0.434259259375 0.14375 0.42129629687500003 0.1494791671875 0.42129629687500003 0.1583333328125 0.42592592656250006 0.1661458328125 0.43055555625 0.1677083328125
0 0.4268518515625 0.20572916718749998 0.43518518593750005 0.2125 0.44259259218749997 0.21354166718749998 0.45370370312499997 0.2125 0.46388888906250003 0.2052083328125 0.465740740625 0.1776041671875 0.46388888906250003 0.1744791671875 0.45555555625000005 0.1708333328125 0.4546296296875 0.1703125 0.434259259375 0.1708333328125 0.4268518515625 0.1734375 0.42314814843750004 0.178125 0.4268518515625 0.20572916718749998
0 0.44351851875000003 0.253125 0.45185185156249996 0.2526041671875 0.4583333328125 0.2494791671875 0.4620370375 0.23958333281250002 0.4611111109375 0.22239583281250003 0.4583333328125 0.2192708328125 0.4509259265625 0.2171875 0.44629629687500005 0.2171875 0.434259259375 0.2192708328125 0.4296296296875 0.228125 0.434259259375 0.2479166671875 0.44351851875000003 0.253125
0 0.44259259218749997 0.29635416718749996 0.4481481484375 0.296875 0.459259259375 0.29375 0.4620370375 0.2875 0.4611111109375 0.26510416718749996 0.459259259375 0.2614583328125 0.45185185156249996 0.2578125 0.44444444375 0.2578125 0.4370370375 0.2609375 0.434259259375 0.275 0.4379629625 0.2932291671875 0.44259259218749997 0.29635416718749996
0 0.440740740625 0.3390625 0.44629629687500005 0.3411458328125 0.4583333328125 0.3401041671875 0.46296296249999996 0.334375 0.46296296249999996 0.309375 0.459259259375 0.3026041671875 0.4546296296875 0.3010416671875 0.4495370375 0.3010416671875 0.440740740625 0.3020833328125 0.4370370375 0.30520833281250004 0.4370370375 0.3338541671875 0.440740740625 0.3390625
0 0.44351851875000003 0.3848958328125 0.45555555625000005 0.3864583328125 0.4620370375 0.3838541671875 0.46481481406249997 0.3791666671875 0.46481481406249997 0.353125 0.4611111109375 0.3479166671875 0.45185185156249996 0.3458333328125 0.4509259265625 0.3453125 0.44351851875000003 0.3463541671875 0.4379629625 0.35104166718749996 0.4379629625 0.3776041671875 0.44351851875000003 0.3848958328125
0 0.44166666718750003 0.4270833328125 0.45277777812500003 0.43125 0.46481481406249997 0.42760416718750005 0.4675925921875 0.4203125 0.465740740625 0.396875 0.46388888906250003 0.3932291671875 0.45648148125 0.390625 0.4481481484375 0.390625 0.44166666718750003 0.3932291671875 0.4388888890625 0.3973958328125 0.4388888890625 0.41822916718750003 0.44166666718750003 0.4270833328125
1 0 0.4703125 0.015740740625 0.4682291671875 0.021296296875000002 0.46197916718750004 0.0203703703125 0.4479166671875 0.015740740625 0.44322916718750005 0.0074074078125 0.44114583281249997 0 0.44114583281249997 0 0.4703125
1 0.0259259265625 0.4625 0.030555556249999997 0.4682291671875 0.037037037499999995 0.46979166718750004 0.061111110937500004 0.46979166718750004 0.077777778125 0.46666666718750005 0.08055555625000001 0.4614583328125 0.07962962968750001 0.446875 0.075 0.4421875 0.0648148140625 0.4401041671875 0.0638888890625 0.43958333281249995 0.039814814062499995 0.4401041671875 0.030555556249999997 0.4427083328125 0.0259259265625 0.44947916718750003 0.0259259265625 0.4625
1 0.0861111109375 0.46458333281249997 0.09074074062500001 0.4682291671875 0.0981481484375 0.4692708328125 0.13148148125 0.4682291671875 0.13888888906250002 0.4640625 0.140740740625 0.45989583281249996 0.13888888906250002 0.44427083281249996 0.12870370312499999 0.43958333281249995 0.10833333281249999 0.4390625 0.1046296296875 0.4390625 0.0925925921875 0.440625 0.0861111109375 0.4458333328125 0.08333333281250001 0.45208333281249996 0.0861111109375 0.46458333281249997
1 0.147222221875 0.46510416718750003 0.15370370312499998 0.4682291671875 0.190740740625 0.46770833281249996 0.1990740734375 0.46302083281249995 0.2018518515625 0.4526041671875 0.1990740734375 0.44375 0.1898148140625 0.43854166718750004 0.177777778125 0.4380208328125 0.1759259265625 0.4380208328125 0.15370370312499998 0.43958333281249995 0.1453703703125 0.4453125 0.14351851875 0.45885416718750005 0.147222221875 0.46510416718750003
1 0.2046296296875 0.4578125 0.21203703749999997 0.4661458328125 0.2203703703125 0.46770833281249996 0.2398148140625 0.46770833281249996 0.2518518515625 0.46666666718750005 0.25740740781250004 0.4640625 0.2611111109375 0.45885416718750005 0.2611111109375 0.44635416718750004 0.259259259375 0.4427083328125 0.2518518515625 0.43854166718750004 0.24722222187499998 0.4380208328125 0.24259259218749998 0.4380208328125 0.21574074062499998 0.43854166718750004 0.20833333281250002 0.44166666718750003 0.2046296296875 0.44739583281249995 0.2046296296875 0.4578125
1 0.26574074062499997 0.4583333328125 0.2731481484375 0.465625 0.3046296296875 0.46666666718750005 0.3138888890625 0.46458333281249997 0.31759259218749997 0.4614583328125 0.3203703703125 0.45208333281249996 0.31759259218749997 0.44166666718750003 0.3129629625 0.43854166718750004 0.302777778125 0.4369791671875 0.3009259265625 0.4369791671875 0.27777777812500004 0.4375 0.26944444375 0.440625 0.26574074062499997 0.4458333328125 0.26574074062499997 0.4583333328125
1 0.32685185156249996 0.46197916718750004 0.33703703749999997 0.4661458328125 0.36851851875 0.465625 0.3759259265625 0.46302083281249995 0.3796296296875 0.4557291671875 0.377777778125 0.44322916718750005 0.3740740734375 0.43958333281249995 0.365740740625 0.43645833281249996 0.3583333328125 0.43645833281249996 0.3333333328125 0.4375 0.325 0.4427083328125 0.325 0.459375 0.32685185156249996 0.46197916718750004
1 0.3898148140625 0.459375 0.396296296875 0.46197916718750004 0.4018518515625 0.46197916718750004 0.44166666718750003 0.44947916718750003 0.4546296296875 0.44739583281249995 0.4574074078125 0.44322916718750005 0.45648148125 0.43854166718750004 0.45185185156249996 0.43541666718750005 0.4453703703125 0.434375 0.440740740625 0.434375 0.3879629625 0.4375 0.38333333281250004 0.44114583281249997 0.38148148125 0.44739583281249995 0.3898148140625 0.459375
1 0.55 0.4479166671875 0.6333333328124999 0.446875 0.6416666671875 0.4447916671875 0.646296296875 0.43958333281249995 0.6388888890625 0.43385416718750003 0.5768518515625 0.4328125 0.5759259265625001 0.4328125 0.54444444375 0.4348958328125 0.5416666671875 0.4369791671875 0.54351851875 0.4453125 0.55 0.4479166671875
1 0.74351851875 0.44322916718750005 0.7583333328124999 0.4458333328125 0.8138888890624999 0.4458333328125 0.827777778125 0.4479166671875 0.8361111109375001 0.44739583281249995 0.8425925921875 0.44322916718750005 0.8425925921875 0.43541666718750005 0.8333333328125001 0.43125 0.7787037031249999 0.4302083328125 0.777777778125 0.4302083328125 0.753703703125 0.43072916718750004 0.746296296875 0.4322916671875 0.7416666671875001 0.4369791671875 0.74351851875 0.44322916718750005
1 0.9138888890624999 0.44895833281249997 0.9324074078125 0.4578125 0.9481481484375 0.459375 0.9620370375 0.45677083281249997 0.965740740625 0.45416666718750004 0.9685185187500001 0.44114583281249997 0.9638888890624999 0.43385416718750003 0.9583333328125001 0.43125 0.9444444437499999 0.4296875 0.9370370375 0.4296875 0.9120370375 0.43072916718750004 0.9074074078125 0.4348958328125 0.9083333328125001 0.4427083328125 0.9138888890624999 0.44895833281249997