0 0.5759259265625001 0.446875 0.6296296296875 0.44739583281249995 0.6398148140625 0.44427083281249996 0.640740740625 0.4380208328125 0.6370370375000001 0.43385416718750003 0.5916666671875 0.4322916671875 0.590740740625 0.4322916671875 0.577777778125 0.43333333281249997 0.5703703703125 0.4369791671875 0.5703703703125 0.44322916718750005 0.5759259265625001 0.446875
0 0.827777778125 0.446875 0.8351851859374999 0.4427083328125 0.8370370375 0.43541666718750005 0.8333333328125001 0.4322916671875 0.7796296296875 0.43072916718750004 0.7787037031249999 0.43072916718750004 0.76944444375 0.4348958328125 0.76944444375 0.440625 0.775 0.4447916671875 0.827777778125 0.446875
0 0.9277777781250001 0.45416666718750004 0.9333333328125001 0.45729166718750003 0.9379629625 0.45885416718750005 0.9509259265625 0.45885416718750005 0.9611111109375001 0.4505208328125 0.9611111109375001 0.43854166718750004 0.95555555625 0.4322916671875 0.9453703703125 0.4302083328125 0.940740740625 0.4302083328125 0.93148148125 0.43125 0.925 0.4348958328125 0.922222221875 0.446875 0.9277777781250001 0.45416666718750004
0 0.4388888890625 0.4427083328125 0.44259259218749997 0.44322916718750005 0.46296296249999996 0.43541666718750005 0.4675925921875 0.43177083281249995 0.46666666718750005 0.41302083281249996 0.46388888906250003 0.4078125 0.45648148125 0.4057291671875 0.4509259265625 0.4057291671875 0.44351851875000003 0.40729166718750004 0.43981481406249995 0.4114583328125 0.4361111109375 0.43958333281249995 0.4388888890625 0.4427083328125
0 0.440740740625 0.35625 0.44907407343749994 0.359375 0.4601851859375 0.3583333328125 0.46388888906250003 0.353125 0.46388888906250003 0.32864583281250004 0.459259259375 0.3213541671875 0.45555555625000005 0.3203125 0.45046296249999995 0.3203125 0.43981481406249995 0.321875 0.4370370375 0.33125 0.4379629625 0.3515625 0.440740740625 0.35625
0 0.44166666718750003 0.2734375 0.4509259265625 0.27395833281250004 0.4583333328125 0.2713541671875 0.4601851859375 0.2677083328125 0.4611111109375 0.2453125 0.4574074078125 0.23802083281250003 0.44444444375 0.2364583328125 0.44351851875000003 0.2359375 0.4379629625 0.2375 0.43333333281249997 0.2416666671875 0.434259259375 0.2671875 0.44166666718750003 0.2734375
0 0.4203703703125 0.14010416718750002 0.4240740734375 0.1421875 0.43240740781250003 0.1427083328125 0.46666666718750005 0.1427083328125 0.46481481406249997 0.1380208328125 0.4675925921875 0.134375 0.46296296249999996 0.1296875 0.4620370375 0.1291666671875 0.4453703703125 0.13125 0.42314814843750004 0.1307291671875 0.41944444374999995 0.13333333281249998 0.4203703703125 0.14010416718750002
0 0.43148148124999997 0.16875 0.4546296296875 0.16875 0.46481481406249997 0.1651041671875 0.46666666718750005 0.15 0.4620370375 0.1463541671875 0.4509259265625 0.1447916671875 0.44259259218749997 0.1447916671875 0.4268518515625 0.1473958328125 0.42129629687500003 0.1515625 0.42222222187499997 0.1619791671875 0.43148148124999997 0.16875
0 0.43518518593750005 0.1994791671875 0.45648148125 0.1984375 0.46388888906250003 0.19375 0.46481481406249997 0.1765625 0.4546296296875 0.17135416718750002 0.440740740625 0.17135416718750002 0.4388888890625 0.17135416718750002 0.427777778125 0.1734375 0.42314814843750004 0.1786458328125 0.42592592656250006 0.19375 0.43518518593750005 0.1994791671875
0 0.43240740781250003 0.22916666718749998 0.44166666718750003 0.2322916671875 0.4583333328125 0.23072916718749997 0.46296296249999996 0.22239583281250003 0.46296296249999996 0.20677083281250003 0.4583333328125 0.203125 0.447222221875 0.20208333281250002 0.44629629687500005 0.20208333281250002 0.43518518593750005 0.203125 0.427777778125 0.2109375 0.42870370312499995 0.22239583281250003 0.43240740781250003 0.22916666718749998
0 0.447222221875 0.315625 0.459259259375 0.31302083281250004 0.4620370375 0.3083333328125 0.4620370375 0.2864583328125 0.459259259375 0.28072916718749996 0.45185185156249996 0.278125 0.447222221875 0.278125 0.4379629625 0.28072916718749996 0.4361111109375 0.2848958328125 0.4370370375 0.3098958328125 0.447222221875 0.315625
0 0.44907407343749994 0.40208333281249997 0.4574074078125 0.4015625 0.4620370375 0.3994791671875 0.465740740625 0.3921875 0.46481481406249997 0.36875 0.45648148125 0.3635416671875 0.4481481484375 0.3635416671875 0.4388888890625 0.36770833281250004 0.4379629625 0.3802083328125 0.43981481406249995 0.3963541671875 0.44907407343749994 0.40208333281249997
1 0.5370370375 0.4484375 0.546296296875 0.44739583281249995 0.5527777781250001 0.44322916718750005 0.5527777781250001 0.43854166718750004 0.54444444375 0.434375 0.475 0.434375 0.47407407343749997 0.43385416718750003 0.4601851859375 0.4380208328125 0.45555555625000005 0.44114583281249997 0.45555555625000005 0.4484375 0.5370370375 0.4484375
1 0.652777778125 0.446875 0.7324074078125 0.44635416718750004 0.747222221875 0.44375 0.7490740734375 0.4369791671875 0.746296296875 0.434375 0.7324074078125 0.43125 0.7166666671875 0.43125 0.715740740625 0.43125 0.6490740734375 0.43385416718750003 0.6453703703125 0.4359375 0.6453703703125 0.44322916718750005 0.652777778125 0.446875
1 0.840740740625 0.45104166718750005 0.85 0.45520833281249995 0.8675925921875001 0.45625 0.902777778125 0.44895833281249997 0.9120370375 0.44322916718750005 0.9111111109375001 0.43541666718750005 0.9037037031249999 0.43177083281249995 0.8675925921875001 0.43072916718750004 0.8611111109375 0.43072916718750004 0.8490740734375001 0.43125 0.8435185187500001 0.434375 0.8398148140625 0.440625 0.840740740625 0.45104166718750005
1 0.9675925921875 0.45625 0.9731481484375 0.45885416718750005 0.9990740734375001 0.459375 0.9990740734375001 0.4296875 0.9925925921875001 0.4296875 0.9870370375 0.4296875 0.9740740734375001 0.4302083328125 0.965740740625 0.4359375 0.9648148140625 0.4515625 0.9675925921875 0.45625
1 0.365740740625 0.44739583281249995 0.36666666718749996 0.4557291671875 0.371296296875 0.4625 0.3768518515625 0.46510416718750003 0.3851851859375 0.465625 0.3990740734375 0.4635416671875 0.427777778125 0.45208333281249996 0.4296296296875 0.44322916718750005 0.4268518515625 0.4401041671875 0.42314814843750004 0.4375 0.41203703750000004 0.4359375 0.4074074078125 0.4359375 0.38055555625 0.4369791671875 0.3731481484375 0.4380208328125 0.36944444375 0.440625 0.365740740625 0.44739583281249995
1 0.30740740781250003 0.4583333328125 0.3129629625 0.46458333281249997 0.321296296875 0.46666666718750005 0.33703703749999997 0.46666666718750005 0.353703703125 0.46510416718750003 0.35925925937500003 0.4625 0.36296296250000004 0.4536458328125 0.3620370375 0.4427083328125 0.3518518515625 0.4369791671875 0.34648148125 0.4369791671875 0.3166666671875 0.4375 0.309259259375 0.44114583281249997 0.30555555624999997 0.4515625 0.30740740781250003 0.4583333328125
1 0.24814814843750002 0.4609375 0.253703703125 0.465625 0.2611111109375 0.4671875 0.2888888890625 0.46666666718750005 0.29722222187499997 0.4635416671875 0.302777778125 0.45208333281249996 0.3009259265625 0.44375 0.296296296875 0.43958333281249995 0.28611111093749997 0.4369791671875 0.2851851859375 0.4369791671875 0.25555555625 0.4380208328125 0.25 0.44166666718750003 0.246296296875 0.4546875 0.24814814843750002 0.4609375
1 0.1898148140625 0.46458333281249997 0.1990740734375 0.4682291671875 0.225 0.46770833281249996 0.23518518593749999 0.465625 0.2416666671875 0.4583333328125 0.2416666671875 0.44739583281249995 0.2388888890625 0.4427083328125 0.2259259265625 0.4380208328125 0.2018518515625 0.4380208328125 0.2 0.4380208328125 0.19351851874999998 0.43958333281249995 0.1870370375 0.4453125 0.1861111109375 0.4578125 0.1898148140625 0.46458333281249997
1 0.13055555624999998 0.46666666718750005 0.13703703750000001 0.46875 0.1629629625 0.46875 0.1759259265625 0.46666666718750005 0.1824074078125 0.45885416718750005 0.1824074078125 0.44739583281249995 0.178703703125 0.4427083328125 0.1666666671875 0.43854166718750004 0.13981481406250001 0.4390625 0.13888888906250002 0.43854166718750004 0.1296296296875 0.4421875 0.12592592656249998 0.446875 0.125 0.4583333328125 0.13055555624999998 0.46666666718750005
1 0.0759259265625 0.4692708328125 0.1120370375 0.46875 0.11944444375 0.465625 0.12222222187500001 0.45729166718750003 0.12129629687500001 0.4458333328125 0.1148148140625 0.440625 0.10185185156250001 0.4390625 0.09675925937499999 0.4390625 0.0759259265625 0.4401041671875 0.0675925921875 0.4447916671875 0.0666666671875 0.46458333281249997 0.0759259265625 0.4692708328125
1 0.0074074078125 0.4640625 0.0129629625 0.46875 0.0203703703125 0.4703125 0.037037037499999995 0.4703125 0.051851851562499995 0.4692708328125 0.058333332812500006 0.4671875 0.0629629625 0.45885416718750005 0.061111110937500004 0.4453125 0.0574074078125 0.4421875 0.0490740734375 0.4401041671875 0.046296296875 0.4401041671875 0.021296296875000002 0.440625 0.0120370375 0.44375 0.0083333328125 0.44739583281249995 0.0074074078125 0.4640625