1 0.40648148125 0.45729166718750003 0.415740740625 0.45729166718750003 0.44166666718750003 0.44947916718750003 0.4768518515625 0.4479166671875 0.4824074078125 0.44375 0.48148148125 0.43854166718750004 0.477777778125 0.4359375 0.47222222187499996 0.4359375 0.46666666718750005 0.43333333281249997 0.46481481406249997 0.43333333281249997 0.4018518515625 0.43645833281249996 0.3953703703125 0.43958333281249995 0.3953703703125 0.4505208328125 0.40648148125 0.45729166718750003
1 0.5824074078125 0.44739583281249995 0.5898148140624999 0.4479166671875 0.6361111109375 0.446875 0.6416666671875 0.44427083281249996 0.64351851875 0.4390625 0.6398148140625 0.43385416718750003 0.63055555625 0.4322916671875 0.627777778125 0.4322916671875 0.58055555625 0.43385416718750003 0.5759259265625001 0.4375 0.577777778125 0.4447916671875 0.5824074078125 0.44739583281249995
1 0.7731481484375 0.4447916671875 0.8259259265625 0.446875 0.8333333328125001 0.44375 0.8333333328125001 0.4328125 0.8259259265625 0.43072916718750004 0.79444444375 0.4302083328125 0.7916666671875 0.4302083328125 0.775 0.43072916718750004 0.76944444375 0.43333333281249997 0.7675925921875 0.43958333281249995 0.7731481484375 0.4447916671875
1 0.922222221875 0.45 0.93148148125 0.45677083281249997 0.9388888890624999 0.45885416718750005 0.95 0.4583333328125 0.9583333328125001 0.45 0.9583333328125001 0.43541666718750005 0.952777778125 0.43125 0.946296296875 0.4302083328125 0.9404324078125 0.4302083328125 0.9268518515625 0.43072916718750004 0.91851851875 0.43854166718750004 0.91851851875 0.4447916671875 0.922222221875 0.45
1 0.33703703749999997 0.4557291671875 0.3453703703125 0.46510416718750003 0.377777778125 0.465625 0.3898148140625 0.4625 0.3925925921875 0.45729166718750003 0.3898148140625 0.4421875 0.38333333281250004 0.4375 0.377777778125 0.43645833281249996 0.3731481484375 0.43645833281249996 0.3490740734375 0.4369791671875 0.3398148140625 0.44114583281249997 0.33703703749999997 0.4458333328125 0.33703703749999997 0.4557291671875
1 0.27777777812500004 0.4578125 0.284259259375 0.46510416718750003 0.2898148140625 0.46666666718750005 0.3148148140625 0.46666666718750005 0.32777777812500003 0.4635416671875 0.3324074078125 0.45416666718750004 0.33148148125 0.44322916718750005 0.31944444375000003 0.4369791671875 0.3148148140625 0.4369791671875 0.2888888890625 0.4375 0.28055555625 0.44114583281249997 0.27777777812500004 0.44635416718750004 0.27777777812500004 0.4578125
1 0.21851851875 0.46302083281249995 0.22407407343750002 0.4661458328125 0.23240740781250002 0.46770833281249996 0.25 0.46770833281249996 0.26851851875 0.46458333281249997 0.272222221875 0.45989583281249996 0.272222221875 0.4458333328125 0.2675925921875 0.4401041671875 0.25833333281250004 0.4375 0.253240740625 0.4375 0.22685185156249998 0.43854166718750004 0.21944444375 0.4421875 0.21574074062499998 0.4578125 0.21851851875 0.46302083281249995
1 0.1574074078125 0.45989583281249996 0.1611111109375 0.465625 0.1675925921875 0.4682291671875 0.19444444375 0.4682291671875 0.20370370312500002 0.4671875 0.209259259375 0.4640625 0.21203703749999997 0.459375 0.21203703749999997 0.446875 0.20555555625 0.440625 0.19537037031249999 0.4380208328125 0.190740740625 0.4380208328125 0.1675925921875 0.43854166718750004 0.15925925937500002 0.44322916718750005 0.15648148125 0.45104166718750005 0.1574074078125 0.45989583281249996
1 0.102777778125 0.46666666718750005 0.1129629625 0.4692708328125 0.146296296875 0.4671875 0.15277777812499999 0.459375 0.15277777812499999 0.446875 0.15 0.44322916718750005 0.140740740625 0.43958333281249995 0.1175925921875 0.4390625 0.1120370375 0.4390625 0.10092592656249999 0.44322916718750005 0.0981481484375 0.4484375 0.0981481484375 0.4604166671875 0.102777778125 0.46666666718750005
1 0.04444444375 0.46875 0.051851851562499995 0.4703125 0.075 0.46979166718750004 0.0861111109375 0.4682291671875 0.0925925921875 0.4640625 0.0925925921875 0.4453125 0.08148148125 0.4401041671875 0.076296296875 0.4401041671875 0.05 0.440625 0.04351851875 0.44322916718750005 0.0379629625 0.45729166718750003 0.04444444375 0.46875
1 0 0.47083333281249995 0.0203703703125 0.4703125 0.0333333328125 0.465625 0.0324074078125 0.44635416718750004 0.027777778125000003 0.4427083328125 0.0203703703125 0.440625 0.015740740625 0.440625 0 0.44166666718750003 0 0.47083333281249995
0 0.49351851875 0.4484375 0.54444444375 0.4484375 0.5527777781250001 0.44739583281249995 0.5583333328125 0.44427083281249996 0.559259259375 0.4390625 0.553703703125 0.4348958328125 0.5083333328124999 0.43333333281249997 0.502777778125 0.43333333281249997 0.49351851875 0.43385416718750003 0.4879629625 0.4369791671875 0.48703703750000005 0.44375 0.49351851875 0.4484375
0 0.6490740734375 0.44427083281249996 0.6601851859375001 0.446875 0.7370370375 0.4453125 0.74444444375 0.44427083281249996 0.7490740734375 0.4390625 0.747222221875 0.43541666718750005 0.7398148140624999 0.4322916671875 0.6861111109375 0.4322916671875 0.6851851859375 0.43177083281249995 0.6583333328125 0.4322916671875 0.65 0.43385416718750003 0.647222221875 0.4369791671875 0.6490740734375 0.44427083281249996
0 0.8444444437499999 0.453125 0.8629629624999999 0.45625 0.8888888890625 0.4505208328125 0.8925925921875001 0.45104166718750005 0.9037037031249999 0.446875 0.9074074078125 0.4427083328125 0.9064814812499999 0.4348958328125 0.902777778125 0.4328125 0.897222221875 0.43125 0.865740740625 0.43072916718750004 0.8601851859374999 0.43072916718750004 0.8490740734375001 0.43072916718750004 0.8416666671874999 0.4348958328125 0.8388888890624999 0.44895833281249997 0.8444444437499999 0.453125
0 0.9694444437499999 0.45885416718750005 0.9990740734375001 0.45885416718750005 0.9990740734375001 0.4296875 0.9898148140625 0.4291666671875 0.9888888890624999 0.4291666671875 0.972222221875 0.4296875 0.9638888890624999 0.43541666718750005 0.9629629625 0.4526041671875 0.9694444437499999 0.45885416718750005
0 0.44351851875000003 0.42864583281249996 0.4509259265625 0.43072916718750004 0.46296296249999996 0.4296875 0.4675925921875 0.4223958328125 0.465740740625 0.3984375 0.4620370375 0.3947916671875 0.4546296296875 0.3932291671875 0.45370370312499997 0.3932291671875 0.44444444375 0.3947916671875 0.4388888890625 0.4 0.440740740625 0.42552083281249997 0.44351851875000003 0.42864583281249996
0 0.44907407343749994 0.3447916671875 0.459259259375 0.34427083281250004 0.46388888906250003 0.33645833281250004 0.46296296249999996 0.31302083281250004 0.459259259375 0.3083333328125 0.45277777812500003 0.3057291671875 0.44629629687500005 0.3057291671875 0.4370370375 0.3109375 0.4370370375 0.3375 0.440740740625 0.34322916718749996 0.44907407343749994 0.3447916671875
0 0.42870370312499995 0.1260416671875 0.43055555625 0.1296875 0.44907407343749994 0.1317708328125 0.46388888906250003 0.13125 0.46851851875 0.1276041671875 0.465740740625 0.1177083328125 0.46481481406249997 0.1177083328125 0.46296296249999996 0.11927083281249999 0.4509259265625 0.1197916671875 0.43148148124999997 0.1234375 0.42870370312499995 0.1260416671875
0 0.4583333328125 0.1572916671875 0.46666666718750005 0.1494791671875 0.46666666718750005 0.14114583281249998 0.4611111109375 0.1369791671875 0.44351851875000003 0.1354166671875 0.44259259218749997 0.1348958328125 0.42222222187499997 0.14010416718750002 0.42129629687500003 0.1520833328125 0.4268518515625 0.15625 0.4583333328125 0.1572916671875
0 0.43518518593750005 0.1864583328125 0.4583333328125 0.1859375 0.465740740625 0.1786458328125 0.46481481406249997 0.1640625 0.4546296296875 0.1598958328125 0.4361111109375 0.159375 0.43518518593750005 0.1588541671875 0.42222222187499997 0.1651041671875 0.42222222187499997 0.175 0.42592592656250006 0.1817708328125 0.43518518593750005 0.1864583328125
0 0.427777778125 0.2088541671875 0.434259259375 0.21614583281250002 0.43981481406249995 0.21770833281250002 0.45648148125 0.2166666671875 0.46388888906250003 0.20989583281250002 0.46388888906250003 0.19375 0.4546296296875 0.1885416671875 0.44976851875 0.1885416671875 0.43518518593750005 0.1885416671875 0.4296296296875 0.1911458328125 0.4268518515625 0.1953125 0.427777778125 0.2088541671875
0 0.4481481484375 0.25729166718749996 0.4583333328125 0.253125 0.4620370375 0.2427083328125 0.4620370375 0.228125 0.459259259375 0.2234375 0.45277777812500003 0.22135416718749998 0.447222221875 0.22135416718749998 0.43333333281249997 0.22395833281250002 0.43148148124999997 0.2390625 0.4370370375 0.2541666671875 0.4481481484375 0.25729166718749996
0 0.4388888890625 0.2989583328125 0.44629629687500005 0.3015625 0.4509259265625 0.3015625 0.4583333328125 0.2984375 0.4620370375 0.2927083328125 0.4611111109375 0.2677083328125 0.4509259265625 0.2614583328125 0.4481481484375 0.2614583328125 0.4379629625 0.2640625 0.43518518593750005 0.2703125 0.4370370375 0.29635416718749996 0.4388888890625 0.2989583328125
0 0.4509259265625 0.390625 0.4601851859375 0.3890625 0.465740740625 0.3817708328125 0.46388888906250003 0.353125 0.4583333328125 0.3489583328125 0.45370370312499997 0.3489583328125 0.447222221875 0.3489583328125 0.4379629625 0.3546875 0.4379629625 0.378125 0.440740740625 0.3859375 0.4509259265625 0.390625