1 0.44629629687500005 0.43958333281249995 0.434259259375 0.43541666718750005 0.41851851875 0.43541666718750005 0.41018518593750003 0.43854166718750004 0.4074074078125 0.4421875 0.40833333281249995 0.44739583281249995 0.41851851875 0.4536458328125 0.44259259218749997 0.44895833281249997 0.509259259375 0.4484375 0.515740740625 0.446875 0.5175925921875 0.440625 0.515740740625 0.4369791671875 0.50648148125 0.434375 0.5013888890625 0.434375 0.47222222187499996 0.4348958328125 0.46296296249999996 0.4390625 0.45555555625000005 0.43958333281249995 0.44629629687500005 0.43958333281249995
1 0.6148148140624999 0.446875 0.6555555562500001 0.446875 0.7009259265625001 0.4458333328125 0.7101851859375 0.44427083281249996 0.7138888890625 0.44166666718750003 0.7129629625 0.43541666718750005 0.7083333328125 0.43333333281249997 0.7009259265625001 0.43177083281249995 0.6703703703125 0.4322916671875 0.66944444375 0.43177083281249995 0.6129629624999999 0.43385416718750003 0.6083333328125 0.4380208328125 0.609259259375 0.44322916718750005 0.6148148140624999 0.446875
1 0.8138888890624999 0.44427083281249996 0.85648148125 0.45625 0.872222221875 0.4536458328125 0.884259259375 0.4484375 0.8879629625 0.44114583281249997 0.88055555625 0.43385416718750003 0.85648148125 0.43072916718750004 0.834259259375 0.43125 0.8333333328125001 0.43072916718750004 0.8175925921875 0.43125 0.8101851859375 0.434375 0.809259259375 0.43958333281249995 0.8138888890624999 0.44427083281249996
1 0.9453703703125 0.45625 0.9546296296874999 0.459375 0.9703703703125001 0.45885416718750005 0.978703703125 0.45416666718750004 0.977777778125 0.43958333281249995 0.9666666671874999 0.4328125 0.9648148140625 0.4328125 0.953703703125 0.434375 0.9490740734375 0.4380208328125 0.94351851875 0.44895833281249997 0.9453703703125 0.45625
1 0 0.4692708328125 0.00555555625 0.47083333281249995 0.0296296296875 0.4703125 0.0416666671875 0.4671875 0.046296296875 0.459375 0.045370370312500005 0.44739583281249995 0.040740740625 0.4427083328125 0.0324074078125 0.440625 0.027777778125000003 0.440625 0 0.44166666718750003 0 0.4692708328125
1 0.05 0.45989583281249996 0.051851851562499995 0.46458333281249997 0.058333332812500006 0.46875 0.0953703703125 0.46875 0.10370370312499999 0.46510416718750003 0.10648148125000001 0.45989583281249996 0.10555555624999999 0.44635416718750004 0.0990740734375 0.44114583281249997 0.09074074062500001 0.43958333281249995 0.0859259265625 0.43958333281249995 0.0620370375 0.4401041671875 0.051851851562499995 0.4453125 0.0490740734375 0.4505208328125 0.05 0.45989583281249996
1 0.1129629625 0.4640625 0.12129629687500001 0.46875 0.15555555625 0.46770833281249996 0.1620370375 0.46458333281249997 0.1648148140625 0.459375 0.165740740625 0.44947916718750003 0.1629629625 0.44427083281249996 0.1546296296875 0.43958333281249995 0.1324074078125 0.43854166718750004 0.1296296296875 0.43854166718750004 0.11851851875 0.4401041671875 0.1111111109375 0.44635416718750004 0.1101851859375 0.45885416718750005 0.1129629625 0.4640625
1 0.172222221875 0.46458333281249997 0.18148148125000002 0.4682291671875 0.2046296296875 0.4682291671875 0.2175925921875 0.4661458328125 0.225 0.45677083281249997 0.222222221875 0.4427083328125 0.2101851859375 0.4380208328125 0.1870370375 0.4380208328125 0.1833333328125 0.4380208328125 0.17314814843749998 0.44166666718750003 0.16944444375 0.44739583281249995 0.16944444375 0.45989583281249996 0.172222221875 0.46458333281249997
1 0.23611111093749998 0.465625 0.24351851875000002 0.4671875 0.271296296875 0.46666666718750005 0.28055555625 0.4635416671875 0.284259259375 0.45729166718750003 0.2833333328125 0.44427083281249996 0.272222221875 0.4375 0.2671296296875 0.4375 0.2398148140625 0.4380208328125 0.23148148124999998 0.4421875 0.2296296296875 0.4578125 0.23611111093749998 0.465625
1 0.28796296250000003 0.4546875 0.2925925921875 0.46302083281249995 0.29722222187499997 0.465625 0.3296296296875 0.4661458328125 0.3425925921875 0.4614583328125 0.34351851875 0.44427083281249996 0.3416666671875 0.44114583281249997 0.3324074078125 0.4369791671875 0.327222221875 0.4369791671875 0.29907407343750003 0.4375 0.29444444375 0.43854166718750004 0.2898148140625 0.4427083328125 0.28796296250000003 0.4546875
1 0.3546296296875 0.46458333281249997 0.3861111109375 0.46510416718750003 0.3953703703125 0.4635416671875 0.40277777812500004 0.45989583281249996 0.40648148125 0.4546875 0.40555555625000006 0.4479166671875 0.3981481484375 0.4380208328125 0.3925925921875 0.4359375 0.39074074062499997 0.4359375 0.3583333328125 0.4369791671875 0.35 0.440625 0.3481481484375 0.45625 0.3546296296875 0.46458333281249997
0 0.43055555625 0.1625 0.4583333328125 0.1625 0.465740740625 0.1583333328125 0.46666666718750005 0.1463541671875 0.4546296296875 0.14010416718750002 0.440740740625 0.14010416718750002 0.4379629625 0.14010416718750002 0.42129629687500003 0.146875 0.4203703703125 0.1546875 0.42314814843750004 0.159375 0.43055555625 0.1625
0 0.42222222187499997 0.17916666718750002 0.425 0.1875 0.43333333281249997 0.1927083328125 0.4546296296875 0.1921875 0.46296296249999996 0.1890625 0.465740740625 0.1729166671875 0.46388888906250003 0.16875 0.4546296296875 0.1651041671875 0.44930555625 0.1651041671875 0.43333333281249997 0.1651041671875 0.4268518515625 0.1666666671875 0.42314814843750004 0.1697916671875 0.42222222187499997 0.17916666718750002
0 0.4296296296875 0.2208333328125 0.43518518593750005 0.2244791671875 0.44259259218749997 0.22552083281250002 0.45648148125 0.2234375 0.46296296249999996 0.21770833281250002 0.46296296249999996 0.2 0.459259259375 0.196875 0.45 0.1953125 0.44444444375 0.1953125 0.434259259375 0.19583333281249998 0.43055555625 0.1979166671875 0.4268518515625 0.20729166718749997 0.4296296296875 0.2208333328125
0 0.44166666718750003 0.2645833328125 0.4509259265625 0.26510416718749996 0.45648148125 0.2630208328125 0.4601851859375 0.2588541671875 0.4620370375 0.2359375 0.459259259375 0.23177083281250002 0.4481481484375 0.228125 0.44351851875000003 0.228125 0.43518518593750005 0.23125 0.43240740781250003 0.2348958328125 0.434259259375 0.25833333281250004 0.44166666718750003 0.2645833328125
0 0.44629629687500005 0.3083333328125 0.45648148125 0.3067708328125 0.4620370375 0.3 0.4611111109375 0.2760416671875 0.459259259375 0.2723958328125 0.45277777812500003 0.2692708328125 0.4481481484375 0.2692708328125 0.4388888890625 0.2708333328125 0.43518518593750005 0.2776041671875 0.4361111109375 0.3020833328125 0.44629629687500005 0.3083333328125
0 0.44351851875000003 0.3515625 0.4509259265625 0.3526041671875 0.4583333328125 0.35104166718749996 0.46296296249999996 0.346875 0.46388888906250003 0.3239583328125 0.4601851859375 0.3151041671875 0.45555555625000005 0.31302083281250004 0.4481481484375 0.31302083281250004 0.447222221875 0.3125 0.44259259218749997 0.31302083281250004 0.4370370375 0.3182291671875 0.4370370375 0.3458333328125 0.44351851875000003 0.3515625
0 0.4509259265625 0.3963541671875 0.4611111109375 0.3942708328125 0.465740740625 0.3885416671875 0.46388888906250003 0.3609375 0.4583333328125 0.3572916671875 0.45185185156249996 0.35625 0.44907407343749994 0.35625 0.4388888890625 0.3604166671875 0.4379629625 0.3848958328125 0.44259259218749997 0.3942708328125 0.4509259265625 0.3963541671875
0 0.44444444375 0.4359375 0.4601851859375 0.43645833281249996 0.46666666718750005 0.4348958328125 0.46851851875 0.43125 0.46666666718750005 0.40833333281249995 0.46388888906250003 0.40260416718750003 0.4546296296875 0.3994791671875 0.44907407343749994 0.3994791671875 0.440740740625 0.403125 0.4388888890625 0.4067708328125 0.4388888890625 0.4328125 0.44444444375 0.4359375
0 0.5361111109375 0.44739583281249995 0.5944444437499999 0.44739583281249995 0.602777778125 0.44322916718750005 0.602777778125 0.4380208328125 0.5981481484375 0.434375 0.553703703125 0.4328125 0.5509259265625001 0.4328125 0.5361111109375 0.434375 0.5305555562500001 0.4375 0.5314814812499999 0.44375 0.5361111109375 0.44739583281249995
0 0.7425925921875 0.4458333328125 0.79444444375 0.4453125 0.8027777781250001 0.440625 0.8018518515625 0.4348958328125 0.79444444375 0.43125 0.7481481484375 0.43072916718750004 0.74444444375 0.43072916718750004 0.7351851859375 0.4328125 0.73148148125 0.43541666718750005 0.7324074078125 0.4421875 0.7425925921875 0.4458333328125
0 0.9074074078125 0.44947916718750003 0.91944444375 0.45 0.922222221875 0.4526041671875 0.928703703125 0.453125 0.9370370375 0.45104166718750005 0.9453703703125 0.434375 0.9425925921875 0.43125 0.9277777781250001 0.4302083328125 0.9268518515625 0.4296875 0.9009259265624999 0.43072916718750004 0.89444444375 0.4348958328125 0.8953703703125001 0.44427083281249996 0.9074074078125 0.44947916718750003
0 0.9879629624999999 0.45677083281249997 0.99351851875 0.45885416718750005 0.9990740734375001 0.45885416718750005 0.9990740734375001 0.4296875 0.99444444375 0.4296875 0.9861111109375 0.4302083328125 0.98148148125 0.4348958328125 0.984259259375 0.4515625 0.9879629624999999 0.45677083281249997