0 0.475 0.4479166671875 0.5314814812499999 0.4484375 0.5379629625 0.44739583281249995 0.5425925921875 0.44375 0.5416666671875 0.4369791671875 0.5361111109375 0.434375 0.490740740625 0.43385416718750003 0.48981481406249994 0.43333333281249997 0.477777778125 0.434375 0.47222222187499996 0.4369791671875 0.471296296875 0.44427083281249996 0.475 0.4479166671875
0 0.42129629687500003 0.1541666671875 0.42870370312499995 0.1583333328125 0.4583333328125 0.1583333328125 0.46388888906250003 0.15625 0.4675925921875 0.14895833281249998 0.46666666718750005 0.1416666671875 0.4620370375 0.1380208328125 0.4509259265625 0.1364583328125 0.4458333328125 0.1364583328125 0.4361111109375 0.1369791671875 0.42222222187499997 0.1416666671875 0.41944444374999995 0.1505208328125 0.42129629687500003 0.1541666671875
0 0.4268518515625 0.1828125 0.434259259375 0.18697916718750002 0.4583333328125 0.18697916718750002 0.46481481406249997 0.1817708328125 0.46481481406249997 0.16458333281249998 0.459259259375 0.1614583328125 0.45185185156249996 0.1604166671875 0.4459879625 0.1604166671875 0.43148148124999997 0.1609375 0.42222222187499997 0.1666666671875 0.42314814843750004 0.1776041671875 0.4268518515625 0.1828125
0 0.43148148124999997 0.21458333281250003 0.43518518593750005 0.2171875 0.44166666718750003 0.2182291671875 0.4546296296875 0.21770833281250002 0.4583333328125 0.21614583281250002 0.46481481406249997 0.20625 0.46481481406249997 0.1963541671875 0.4620370375 0.1916666671875 0.447222221875 0.1885416671875 0.440740740625 0.1885416671875 0.434259259375 0.1890625 0.42870370312499995 0.1916666671875 0.42592592656250006 0.2046875 0.43148148124999997 0.21458333281250003
0 0.440740740625 0.25625 0.45185185156249996 0.2567708328125 0.4611111109375 0.2484375 0.4620370375 0.228125 0.4574074078125 0.22239583281250003 0.44351851875000003 0.2208333328125 0.44259259218749997 0.2208333328125 0.43333333281249997 0.2234375 0.43055555625 0.228125 0.43240740781250003 0.246875 0.440740740625 0.25625
0 0.44444444375 0.3005208328125 0.4509259265625 0.3005208328125 0.4583333328125 0.2979166671875 0.4620370375 0.2911458328125 0.4611111109375 0.2677083328125 0.459259259375 0.2645833328125 0.4509259265625 0.2609375 0.44907407343749994 0.2609375 0.4379629625 0.2635416671875 0.434259259375 0.2708333328125 0.4370370375 0.2958333328125 0.44444444375 0.3005208328125
0 0.44259259218749997 0.34375 0.4546296296875 0.34427083281250004 0.4611111109375 0.3421875 0.46296296249999996 0.3390625 0.46296296249999996 0.31302083281250004 0.459259259375 0.30625 0.4509259265625 0.30416666718749996 0.45 0.30416666718749996 0.43981481406249995 0.3057291671875 0.4370370375 0.3098958328125 0.4370370375 0.3359375 0.44259259218749997 0.34375
0 0.44166666718750003 0.3864583328125 0.44907407343749994 0.3895833328125 0.45648148125 0.3895833328125 0.46481481406249997 0.3838541671875 0.465740740625 0.3645833328125 0.46388888906250003 0.353125 0.45370370312499997 0.3489583328125 0.4481481484375 0.3489583328125 0.44351851875000003 0.35 0.4379629625 0.3546875 0.4379629625 0.3791666671875 0.44166666718750003 0.3864583328125
0 0.44166666718750003 0.4291666671875 0.447222221875 0.43177083281249995 0.4583333328125 0.4328125 0.46666666718750005 0.42864583281249996 0.4675925921875 0.4125 0.46481481406249997 0.3963541671875 0.45555555625000005 0.3927083328125 0.4546296296875 0.3921875 0.44351851875000003 0.3942708328125 0.43981481406249995 0.3973958328125 0.4388888890625 0.4166666671875 0.44166666718750003 0.4291666671875
0 0.66944444375 0.44322916718750005 0.6777777781250001 0.44635416718750004 0.7324074078125 0.4453125 0.7398148140624999 0.4390625 0.73148148125 0.43177083281249995 0.7240740734375 0.43125 0.7231481484375 0.43125 0.6768518515624999 0.4322916671875 0.672222221875 0.43333333281249997 0.66851851875 0.4369791671875 0.66944444375 0.44322916718750005
0 0.852777778125 0.4479166671875 0.8583333328125 0.4526041671875 0.8638888890624999 0.45416666718750004 0.878703703125 0.4536458328125 0.8990740734375 0.44895833281249997 0.9055555562500001 0.4458333328125 0.9074074078125 0.4369791671875 0.9046296296874999 0.43333333281249997 0.8888888890625 0.4302083328125 0.8879629625 0.4302083328125 0.872222221875 0.43072916718750004 0.859259259375 0.434375 0.8518518515625001 0.44322916718750005 0.852777778125 0.4479166671875
0 0.9425925921875 0.45520833281249995 0.95 0.45885416718750005 0.9703703703125001 0.45885416718750005 0.977777778125 0.45729166718750003 0.98055555625 0.45416666718750004 0.98055555625 0.4359375 0.9740740734375001 0.43125 0.965740740625 0.4296875 0.9629629625 0.4296875 0.9583333328125001 0.4302083328125 0.95 0.43541666718750005 0.94351851875 0.4479166671875 0.9425925921875 0.45520833281249995
1 0 0.4703125 0.003703703125 0.47083333281249995 0.0129629625 0.46979166718750004 0.019444443750000002 0.46666666718750005 0.0231481484375 0.459375 0.021296296875000002 0.44635416718750004 0.0166666671875 0.4427083328125 0.009259259374999999 0.44114583281249997 0.004629629687499999 0.44114583281249997 0 0.44114583281249997 0 0.4703125
1 0.0268518515625 0.4609375 0.028703703125 0.465625 0.0361111109375 0.4692708328125 0.0546296296875 0.4703125 0.06851851875000001 0.4692708328125 0.077777778125 0.46666666718750005 0.08148148125 0.45885416718750005 0.07962962968750001 0.44739583281249995 0.077777778125 0.44375 0.06851851875000001 0.4401041671875 0.06351851875 0.4401041671875 0.04351851875 0.4401041671875 0.03148148125 0.44322916718750005 0.0268518515625 0.4526041671875 0.0268518515625 0.4609375
1 0.08425925937499999 0.45885416718750005 0.0925925921875 0.4682291671875 0.12870370312499999 0.46875 0.13888888906250002 0.4640625 0.140740740625 0.446875 0.13888888906250002 0.44375 0.127777778125 0.4390625 0.122453703125 0.4390625 0.0990740734375 0.43958333281249995 0.09074074062500001 0.4421875 0.08518518593749999 0.44895833281249997 0.08425925937499999 0.45885416718750005
1 0.15277777812499999 0.46770833281249996 0.1861111109375 0.4682291671875 0.19444444375 0.46666666718750005 0.2 0.4625 0.2018518515625 0.4479166671875 0.1990740734375 0.44322916718750005 0.1898148140625 0.43854166718750004 0.177777778125 0.4380208328125 0.1768518515625 0.4380208328125 0.1546296296875 0.43958333281249995 0.1453703703125 0.44635416718750004 0.1453703703125 0.4614583328125 0.15277777812499999 0.46770833281249996
1 0.20740740781250003 0.4625 0.21296296250000002 0.46666666718750005 0.2388888890625 0.46770833281249996 0.2509259265625 0.46666666718750005 0.25740740781250004 0.4635416671875 0.2611111109375 0.4557291671875 0.2601851859375 0.4453125 0.2546296296875 0.4401041671875 0.24444444375000002 0.4380208328125 0.2398148140625 0.4380208328125 0.21574074062499998 0.43854166718750004 0.20833333281250002 0.4421875 0.2046296296875 0.4546875 0.20740740781250003 0.4625
1 0.2648148140625 0.446875 0.2648148140625 0.45520833281249995 0.26574074062499997 0.459375 0.2731481484375 0.465625 0.30555555624999997 0.46666666718750005 0.3129629625 0.46510416718750003 0.31851851875000003 0.4614583328125 0.321296296875 0.453125 0.31851851875000003 0.4421875 0.3129629625 0.4380208328125 0.302777778125 0.4369791671875 0.3018518515625 0.4369791671875 0.27870370312500004 0.4375 0.272222221875 0.43854166718750004 0.26851851875 0.44114583281249997 0.2648148140625 0.446875
1 0.3379629625 0.4661458328125 0.36944444375 0.465625 0.3768518515625 0.46302083281249995 0.38055555625 0.4583333328125 0.377777778125 0.4421875 0.372222221875 0.4380208328125 0.3648148140625 0.43645833281249996 0.3601851859375 0.43645833281249996 0.3351851859375 0.4375 0.32685185156249996 0.4421875 0.32592592656249997 0.45885416718750005 0.3379629625 0.4661458328125
1 0.39074074062499997 0.459375 0.3953703703125 0.4614583328125 0.403703703125 0.4614583328125 0.44166666718750003 0.44947916718750003 0.4574074078125 0.44739583281249995 0.4611111109375 0.44322916718750005 0.4601851859375 0.4390625 0.4546296296875 0.4359375 0.44629629687500005 0.4348958328125 0.44166666718750003 0.4348958328125 0.3898148140625 0.4369791671875 0.38333333281250004 0.4421875 0.38240740781250004 0.44895833281249997 0.39074074062499997 0.459375
1 0.5527777781250001 0.446875 0.5583333328125 0.4479166671875 0.5990740734375 0.4479166671875 0.6379629625 0.446875 0.65 0.44322916718750005 0.65 0.43645833281249996 0.6388888890625 0.4328125 0.6 0.4328125 0.5990740734375 0.4322916671875 0.553703703125 0.434375 0.5481481484375 0.43854166718750004 0.5490740734374999 0.44375 0.5527777781250001 0.446875
1 0.8194444437499999 0.4458333328125 0.834259259375 0.4484375 0.8444444437499999 0.4427083328125 0.8435185187500001 0.4348958328125 0.834259259375 0.43125 0.7574074078125 0.43072916718750004 0.7546296296875 0.43072916718750004 0.7453703703125 0.4359375 0.746296296875 0.44166666718750003 0.7509259265625 0.4447916671875 0.8194444437499999 0.4458333328125
1 0.9333333328125001 0.4515625 0.9398148140625 0.4479166671875 0.9444444437499999 0.4348958328125 0.9398148140625 0.43125 0.93148148125 0.4296875 0.9277777781250001 0.4296875 0.9166666671874999 0.43385416718750003 0.9148148140625001 0.44375 0.9240740734375 0.4505208328125 0.9333333328125001 0.4515625
1 0.99351851875 0.45885416718750005 0.9990740734375001 0.45885416718750005 0.9990740734375001 0.4296875 0.99351851875 0.4296875 0.9851851859374999 0.43541666718750005 0.9861111109375 0.45104166718750005 0.9888888890624999 0.45625 0.99351851875 0.45885416718750005