1 0.6574074078125001 0.4453125 0.6611111109375 0.44166666718750003 0.6574074078125001 0.434375 0.640740740625 0.4328125 0.5731481484375001 0.43333333281249997 0.5620370375 0.434375 0.55648148125 0.4380208328125 0.559259259375 0.44635416718750004 0.565740740625 0.4479166671875 0.647222221875 0.44739583281249995 0.6574074078125001 0.4453125
0 0.4675925921875 0.43125 0.465740740625 0.4 0.4583333328125 0.3958333328125 0.44629629687500005 0.3963541671875 0.43981481406249995 0.4 0.440740740625 0.4291666671875 0.4481481484375 0.43333333281249997 0.46296296249999996 0.43385416718750003 0.4675925921875 0.43125
0 0.46481481406249997 0.1578125 0.4675925921875 0.1453125 0.4620370375 0.1390625 0.44259259218749997 0.1348958328125 0.427777778125 0.1380208328125 0.42129629687500003 0.14375 0.4203703703125 0.1526041671875 0.4268518515625 0.1588541671875 0.4601851859375 0.159375 0.46481481406249997 0.1578125
0 0.46296296249999996 0.3416666671875 0.46296296249999996 0.3140625 0.4601851859375 0.3104166671875 0.45185185156249996 0.3072916671875 0.4379629625 0.3104166671875 0.4379629625 0.3421875 0.44351851875000003 0.3463541671875 0.4509259265625 0.3473958328125 0.46296296249999996 0.3416666671875
0 0.4620370375 0.2947916671875 0.4601851859375 0.2677083328125 0.4546296296875 0.2640625 0.447222221875 0.2635416671875 0.4388888890625 0.26510416718749996 0.4361111109375 0.2692708328125 0.4370370375 0.2984375 0.44259259218749997 0.3026041671875 0.45185185156249996 0.303125 0.4620370375 0.2947916671875
0 0.4611111109375 0.1885416671875 0.46666666718750005 0.1770833328125 0.46388888906250003 0.1651041671875 0.45370370312499997 0.1614583328125 0.43333333281249997 0.1614583328125 0.42314814843750004 0.1666666671875 0.42222222187499997 0.1744791671875 0.42870370312499995 0.18697916718750002 0.434259259375 0.1890625 0.4611111109375 0.1885416671875
0 0.4583333328125 0.21875 0.46481481406249997 0.20677083281250003 0.4620370375 0.19375 0.45277777812500003 0.190625 0.434259259375 0.1911458328125 0.42870370312499995 0.19375 0.4268518515625 0.2088541671875 0.43148148124999997 0.2171875 0.44259259218749997 0.2208333328125 0.4583333328125 0.21875
0 0.4583333328125 0.2557291671875 0.4611111109375 0.24895833281250002 0.4601851859375 0.228125 0.4509259265625 0.2234375 0.44259259218749997 0.2234375 0.43518518593750005 0.2260416671875 0.43240740781250003 0.23020833281250003 0.434259259375 0.2520833328125 0.43981481406249995 0.2578125 0.4509259265625 0.2588541671875 0.4583333328125 0.2557291671875
0 0.46388888906250003 0.3885416671875 0.465740740625 0.3838541671875 0.46296296249999996 0.3546875 0.4574074078125 0.35208333281250004 0.4481481484375 0.3515625 0.44259259218749997 0.3526041671875 0.4388888890625 0.35625 0.43981481406249995 0.3869791671875 0.44444444375 0.390625 0.4583333328125 0.39114583281250004 0.46388888906250003 0.3885416671875
0 0.5453703703125 0.44739583281249995 0.55 0.4427083328125 0.5481481484375 0.43645833281249996 0.5379629625 0.43385416718750003 0.4879629625 0.43385416718750003 0.4796296296875 0.4375 0.478703703125 0.44322916718750005 0.4861111109375 0.4484375 0.5379629625 0.4484375 0.5453703703125 0.44739583281249995
1 0.4379629625 0.45104166718750005 0.4583333328125 0.4484375 0.46666666718750005 0.44322916718750005 0.4611111109375 0.4375 0.4388888890625 0.43541666718750005 0.39351851875 0.4369791671875 0.3861111109375 0.4427083328125 0.38703703749999996 0.4526041671875 0.3916666671875 0.4578125 0.4 0.4609375 0.4379629625 0.45104166718750005
1 0 0.47083333281249995 0.019444443750000002 0.4682291671875 0.0240740734375 0.46302083281249995 0.0240740734375 0.44739583281249995 0.0175925921875 0.4421875 0.0120370375 0.44114583281249997 0 0.44114583281249997 0 0.47083333281249995
1 0.08148148125 0.46666666718750005 0.08518518593749999 0.45104166718750005 0.077777778125 0.44166666718750003 0.0675925921875 0.43958333281249995 0.0416666671875 0.4401041671875 0.034259259375000004 0.4427083328125 0.0296296296875 0.45 0.0296296296875 0.4625 0.0361111109375 0.46875 0.060185185937499996 0.4703125 0.08148148125 0.46666666718750005
1 0.1416666671875 0.46510416718750003 0.1425925921875 0.4453125 0.13055555624999998 0.4390625 0.0990740734375 0.4401041671875 0.0925925921875 0.44322916718750005 0.0888888890625 0.4505208328125 0.0898148140625 0.4640625 0.0981481484375 0.46875 0.13148148125 0.46875 0.1416666671875 0.46510416718750003
1 0.1898148140625 0.4682291671875 0.2009259265625 0.4640625 0.20277777812500003 0.4458333328125 0.1925925921875 0.43854166718750004 0.1620370375 0.43854166718750004 0.1518518515625 0.4421875 0.1481481484375 0.4479166671875 0.1481481484375 0.459375 0.1546296296875 0.4671875 0.1620370375 0.46875 0.1898148140625 0.4682291671875
1 0.2611111109375 0.46302083281249995 0.2638888890625 0.446875 0.253703703125 0.43854166718750004 0.2166666671875 0.43854166718750004 0.20740740781250003 0.4458333328125 0.20740740781250003 0.45989583281249996 0.2148148140625 0.46666666718750005 0.2518518515625 0.4671875 0.2611111109375 0.46302083281249995
1 0.31851851875000003 0.4640625 0.3231481484375 0.459375 0.3240740734375 0.44895833281249997 0.322222221875 0.44322916718750005 0.3138888890625 0.4375 0.27777777812500004 0.4380208328125 0.26944444375 0.4427083328125 0.2675925921875 0.45677083281249997 0.275 0.465625 0.30648148124999997 0.46666666718750005 0.31851851875000003 0.4640625
1 0.3324074078125 0.4635416671875 0.3379629625 0.465625 0.36944444375 0.465625 0.38055555625 0.4625 0.384259259375 0.45520833281249995 0.38055555625 0.4427083328125 0.3759259265625 0.4380208328125 0.365740740625 0.43645833281249996 0.3601851859375 0.43645833281249996 0.33703703749999997 0.4375 0.328703703125 0.44322916718750005 0.32777777812500003 0.45729166718750003 0.3324074078125 0.4635416671875
1 0.775 0.44427083281249996 0.7925925921875 0.4458333328125 0.803703703125 0.4453125 0.8101851859375 0.44322916718750005 0.8101851859375 0.43333333281249997 0.796296296875 0.43072916718750004 0.7898148140625 0.43072916718750004 0.7787037031249999 0.43125 0.771296296875 0.434375 0.7703703703125 0.4401041671875 0.775 0.44427083281249996
1 0.86944444375 0.44427083281249996 0.8731481484374999 0.4505208328125 0.88055555625 0.4526041671875 0.9037037031249999 0.45 0.9129629625 0.4505208328125 0.9120370375 0.4546875 0.9175925921875001 0.45520833281249995 0.922222221875 0.4526041671875 0.9370370375 0.4505208328125 0.9425925921875 0.44166666718750003 0.9425925921875 0.43541666718750005 0.9361111109375001 0.43125 0.9277777781250001 0.4302083328125 0.92261944375 0.4302083328125 0.8916666671875 0.4302083328125 0.875 0.4322916671875 0.86944444375 0.4369791671875 0.86944444375 0.44427083281249996
0 0.684259259375 0.4458333328125 0.690740740625 0.44635416718750004 0.7416666671875001 0.4458333328125 0.75 0.4427083328125 0.7481481484375 0.43333333281249997 0.7398148140624999 0.43125 0.725 0.43125 0.7240740734375 0.43072916718750004 0.6851851859375 0.4322916671875 0.6796296296875 0.4348958328125 0.678703703125 0.4421875 0.684259259375 0.4458333328125
0 0.828703703125 0.44895833281249997 0.847222221875 0.4546875 0.8574074078124999 0.4557291671875 0.865740740625 0.45104166718750005 0.8648148140625 0.4380208328125 0.8574074078124999 0.43125 0.8435185187500001 0.43072916718750004 0.8385805562499999 0.43072916718750004 0.8240740734375 0.43125 0.8194444437499999 0.43333333281249997 0.8175925921875 0.4427083328125 0.828703703125 0.44895833281249997
0 0.9546296296874999 0.45885416718750005 0.977777778125 0.45885416718750005 0.984259259375 0.45520833281249995 0.984259259375 0.43541666718750005 0.98055555625 0.43177083281249995 0.9694444437499999 0.4302083328125 0.9648148140625 0.4302083328125 0.953703703125 0.4348958328125 0.9472222218749999 0.446875 0.9481481484375 0.45520833281249995 0.9546296296874999 0.45885416718750005