1 0.47407407343749997 0.4484375 0.5601851859375 0.4479166671875 0.618178703125 0.4465890625 0.6259425921874999 0.43885885468749997 0.6199703703125 0.43348125 0.5601851859375 0.43385416718750003 0.490740740625 0.43385416718750003 0.48981481406249994 0.43333333281249997 0.47407407343749997 0.43385416718750003 0.46851851875 0.44114583281249997 0.46851851875 0.44427083281249996 0.47407407343749997 0.4484375
0 0.6379629625 0.446875 0.69351851875 0.44635416718750004 0.7018518515625 0.44322916718750005 0.7018518515625 0.43541666718750005 0.69351851875 0.43177083281249995 0.6537037031249999 0.43177083281249995 0.652777778125 0.43177083281249995 0.6416666671875 0.4322916671875 0.6324074078125 0.4348958328125 0.63055555625 0.4401041671875 0.6379629625 0.446875
0 0.4583333328125 0.1541666671875 0.465740740625 0.15625 0.46666666718750005 0.1380208328125 0.4509259265625 0.1338541671875 0.44351851875000003 0.1338541671875 0.42314814843750004 0.1385416671875 0.41851851875 0.153125 0.4203703703125 0.15625 0.4583333328125 0.1541666671875
0 0.42592592656250006 0.1786458328125 0.434259259375 0.1817708328125 0.4583333328125 0.1807291671875 0.46388888906250003 0.1776041671875 0.465740740625 0.1619791671875 0.4574074078125 0.1572916671875 0.44907407343749994 0.15677083281249998 0.44305555625000004 0.15677083281249998 0.42870370312499995 0.1583333328125 0.42314814843750004 0.1614583328125 0.42129629687500003 0.165625 0.42592592656250006 0.1786458328125
0 0.434259259375 0.2130208328125 0.45555555625000005 0.2130208328125 0.46388888906250003 0.20677083281250003 0.46388888906250003 0.18802083281249998 0.45555555625000005 0.184375 0.4361111109375 0.184375 0.43518518593750005 0.1838541671875 0.42870370312499995 0.1864583328125 0.42592592656250006 0.1901041671875 0.4268518515625 0.20625 0.434259259375 0.2130208328125
0 0.4370370375 0.2484375 0.44259259218749997 0.2510416671875 0.45555555625000005 0.25 0.4601851859375 0.24583333281250003 0.4620370375 0.22291666718749997 0.4601851859375 0.21979166718749998 0.45370370312499997 0.2171875 0.448765740625 0.2171875 0.43518518593750005 0.2182291671875 0.43055555625 0.22395833281250002 0.43240740781250003 0.2416666671875 0.4370370375 0.2484375
0 0.4388888890625 0.2921875 0.4453703703125 0.2947916671875 0.4583333328125 0.2927083328125 0.4620370375 0.2848958328125 0.4611111109375 0.2635416671875 0.4583333328125 0.25833333281250004 0.45185185156249996 0.2557291671875 0.447222221875 0.2557291671875 0.4379629625 0.2578125 0.43518518593750005 0.26510416718749996 0.4361111109375 0.2875 0.4388888890625 0.2921875
0 0.44259259218749997 0.3369791671875 0.44907407343749994 0.3385416671875 0.4583333328125 0.33645833281250004 0.46296296249999996 0.33125 0.46296296249999996 0.30625 0.4601851859375 0.3015625 0.45277777812500003 0.2989583328125 0.447222221875 0.2989583328125 0.4379629625 0.3020833328125 0.4361111109375 0.3125 0.4379629625 0.3333333328125 0.44259259218749997 0.3369791671875
0 0.44259259218749997 0.3807291671875 0.4509259265625 0.3828125 0.459259259375 0.38125 0.46296296249999996 0.3786458328125 0.465740740625 0.3703125 0.46388888906250003 0.3473958328125 0.4601851859375 0.34375 0.45277777812500003 0.3421875 0.4509259265625 0.3421875 0.44351851875000003 0.34322916718749996 0.4379629625 0.3484375 0.4388888890625 0.3760416671875 0.44259259218749997 0.3807291671875
0 0.43966759218749996 0.4397026046875 0.4555240734375 0.44565104218749996 0.4675370375 0.4380802078125 0.4675925921875 0.41979166718750005 0.4675925921875 0.40833333281249995 0.465740740625 0.3916666671875 0.4620370375 0.3880208328125 0.45370370312499997 0.3864583328125 0.4481481484375 0.3864583328125 0.44259259218749997 0.3875 0.4388888890625 0.3921875 0.4388888890625 0.4166666671875 0.43966759218749996 0.4397026046875
0 0.8462962968750001 0.45416666718750004 0.8611111109375 0.45625 0.8740740734375001 0.4515625 0.8768518515625001 0.4421875 0.8731481484374999 0.43385416718750003 0.8574074078124999 0.43072916718750004 0.85154351875 0.43072916718750004 0.8398148140625 0.43072916718750004 0.8324074078124999 0.434375 0.83055555625 0.44739583281249995 0.8462962968750001 0.45416666718750004
0 0.9666666671874999 0.459375 0.9861111109375 0.4578125 0.9916666671875 0.45520833281249995 0.99444444375 0.45104166718750005 0.9925925921875001 0.4369791671875 0.984259259375 0.43125 0.977777778125 0.4302083328125 0.972222221875 0.4302083328125 0.959259259375 0.43541666718750005 0.95555555625 0.4458333328125 0.95648148125 0.4557291671875 0.9666666671874999 0.459375
1 0.715740740625 0.4458333328125 0.7787037031249999 0.4458333328125 0.8046296296875 0.4447916671875 0.8111111109375001 0.44114583281249997 0.8111111109375001 0.4348958328125 0.8018518515625 0.43125 0.7490740734375 0.43072916718750004 0.743703703125 0.43072916718750004 0.7129629625 0.43177083281249995 0.7083333328125 0.434375 0.7083333328125 0.4427083328125 0.715740740625 0.4458333328125
1 0.8851851859375 0.4479166671875 0.8916666671875 0.4505208328125 0.9129629625 0.45 0.9268518515625 0.4536458328125 0.940740740625 0.45416666718750004 0.9472222218749999 0.4526041671875 0.9518518515625001 0.4447916671875 0.9509259265625 0.434375 0.940740740625 0.43072916718750004 0.9129629625 0.4296875 0.9111111109375001 0.4296875 0.890740740625 0.4302083328125 0.88148148125 0.43385416718750003 0.8796296296874999 0.440625 0.8851851859375 0.4479166671875
1 0 0.46770833281249996 0.00648148125 0.4604166671875 0.00648148125 0.45 0.0018518515625 0.44375 0 0.44375 0 0.46770833281249996
1 0.013888889062500001 0.46770833281249996 0.019444443750000002 0.46979166718750004 0.053703703125 0.4692708328125 0.0638888890625 0.4661458328125 0.0648148140625 0.44739583281249995 0.0620370375 0.44375 0.052777778124999994 0.4401041671875 0.0475925921875 0.4401041671875 0.0268518515625 0.4401041671875 0.0129629625 0.4447916671875 0.0111111109375 0.4625 0.013888889062500001 0.46770833281249996
1 0.0703703703125 0.4635416671875 0.0759259265625 0.4682291671875 0.1074074078125 0.4692708328125 0.1166666671875 0.4682291671875 0.12407407343750002 0.4640625 0.1268518515625 0.45989583281249996 0.125 0.4453125 0.11574074062499999 0.43958333281249995 0.102777778125 0.4390625 0.097222221875 0.4390625 0.0759259265625 0.44114583281249997 0.0703703703125 0.446875 0.06851851875000001 0.4583333328125 0.0703703703125 0.4635416671875
1 0.1296296296875 0.45885416718750005 0.1361111109375 0.4671875 0.172222221875 0.4682291671875 0.1833333328125 0.46458333281249997 0.1870370375 0.459375 0.1861111109375 0.4458333328125 0.1824074078125 0.44166666718750003 0.17314814843749998 0.43854166718750004 0.16805555625 0.43854166718750004 0.1425925921875 0.4390625 0.13333333281249998 0.4427083328125 0.1296296296875 0.45 0.1296296296875 0.45885416718750005
1 0.190740740625 0.459375 0.1925925921875 0.4635416671875 0.1990740734375 0.4671875 0.22685185156249998 0.46770833281249996 0.2370370375 0.46666666718750005 0.24259259218749998 0.4640625 0.246296296875 0.45989583281249996 0.246296296875 0.4458333328125 0.2388888890625 0.43958333281249995 0.23148148124999998 0.4380208328125 0.22629629687500002 0.4380208328125 0.2 0.43854166718750004 0.19351851874999998 0.44166666718750003 0.1898148140625 0.4484375 0.190740740625 0.459375
1 0.2509259265625 0.45677083281249997 0.2546296296875 0.4635416671875 0.259259259375 0.4661458328125 0.290740740625 0.46666666718750005 0.3018518515625 0.4635416671875 0.30648148124999997 0.45677083281249997 0.30648148124999997 0.446875 0.302777778125 0.440625 0.29444444375 0.4375 0.2890740734375 0.4375 0.2611111109375 0.4380208328125 0.2546296296875 0.44114583281249997 0.2509259265625 0.446875 0.2509259265625 0.45677083281249997
1 0.3111111109375 0.4458333328125 0.3111111109375 0.4578125 0.315740740625 0.4635416671875 0.321296296875 0.4661458328125 0.353703703125 0.465625 0.3620370375 0.46302083281249995 0.365740740625 0.45885416718750005 0.3648148140625 0.4421875 0.3601851859375 0.43854166718750004 0.353703703125 0.4369791671875 0.348765740625 0.4369791671875 0.3240740734375 0.4369791671875 0.31759259218749997 0.4380208328125 0.3138888890625 0.440625 0.3111111109375 0.4458333328125
1 0.3740740734375 0.4609375 0.378703703125 0.4640625 0.39074074062499997 0.46510416718750003 0.40092592656250003 0.46302083281249995 0.42592592656250006 0.4546875 0.43518518593750005 0.44947916718750003 0.4370370375 0.44322916718750005 0.43240740781250003 0.4380208328125 0.42592592656250006 0.4359375 0.41851851875 0.4359375 0.4125 0.4359375 0.384259259375 0.43645833281249996 0.3740740734375 0.43958333281249995 0.3703703703125 0.45208333281249996 0.3740740734375 0.4609375