0 0.447222221875 0.446875 0.46481481406249997 0.4479166671875 0.4703703703125 0.4447916671875 0.47222222187499996 0.43541666718750005 0.4675925921875 0.428125 0.46666666718750005 0.415625 0.459259259375 0.41197916718750005 0.4509259265625 0.41197916718750005 0.440740740625 0.415625 0.4379629625 0.4390625 0.44166666718750003 0.44427083281249996 0.447222221875 0.446875
0 0.4481481484375 0.3645833328125 0.4601851859375 0.3630208328125 0.46481481406249997 0.3567708328125 0.46388888906250003 0.3317708328125 0.4620370375 0.32864583281250004 0.45277777812500003 0.3255208328125 0.44629629687500005 0.3255208328125 0.4379629625 0.3296875 0.4370370375 0.3489583328125 0.440740740625 0.3619791671875 0.4481481484375 0.3645833328125
0 0.44259259218749997 0.4067708328125 0.45648148125 0.40833333281249995 0.46296296249999996 0.4067708328125 0.465740740625 0.4036458328125 0.465740740625 0.3765625 0.46296296249999996 0.3713541671875 0.45370370312499997 0.3682291671875 0.44907407343749994 0.3682291671875 0.440740740625 0.3713541671875 0.4388888890625 0.37447916718749996 0.4388888890625 0.3994791671875 0.44259259218749997 0.4067708328125
0 0.4379629625 0.3166666671875 0.4481481484375 0.3213541671875 0.4583333328125 0.3192708328125 0.46296296249999996 0.3114583328125 0.4620370375 0.2880208328125 0.4583333328125 0.2828125 0.45277777812500003 0.28125 0.4453703703125 0.28125 0.43981481406249995 0.2828125 0.4361111109375 0.2875 0.4361111109375 0.3078125 0.4379629625 0.3166666671875
0 0.434259259375 0.2338541671875 0.44259259218749997 0.2364583328125 0.4509259265625 0.2364583328125 0.4583333328125 0.234375 0.4611111109375 0.23125 0.46388888906250003 0.2104166671875 0.4583333328125 0.20572916718749998 0.4453703703125 0.2046875 0.44259259218749997 0.2046875 0.43333333281249997 0.20625 0.4296296296875 0.2088541671875 0.42870370312499995 0.2234375 0.434259259375 0.2338541671875
0 0.434259259375 0.2677083328125 0.4379629625 0.2744791671875 0.44351851875000003 0.2770833328125 0.45648148125 0.2755208328125 0.4611111109375 0.2697916671875 0.4601851859375 0.24375 0.45277777812500003 0.23958333281250002 0.447222221875 0.23958333281250002 0.44166666718750003 0.23958333281250002 0.4370370375 0.2416666671875 0.43333333281249997 0.2479166671875 0.434259259375 0.2677083328125
0 0.42592592656250006 0.1953125 0.434259259375 0.20208333281250002 0.45648148125 0.20208333281250002 0.46296296249999996 0.1979166671875 0.465740740625 0.1916666671875 0.46481481406249997 0.1786458328125 0.4620370375 0.1760416671875 0.4509259265625 0.1739583328125 0.4453703703125 0.1739583328125 0.434259259375 0.1744791671875 0.4240740734375 0.1796875 0.42314814843750004 0.18802083281249998 0.42592592656250006 0.1953125
0 0.42592592656250006 0.1453125 0.46296296249999996 0.1453125 0.46851851875 0.14010416718750002 0.46851851875 0.134375 0.46388888906250003 0.1307291671875 0.4574074078125 0.1307291671875 0.42314814843750004 0.1328125 0.4203703703125 0.1364583328125 0.42222222187499997 0.14375 0.42592592656250006 0.1453125
0 0.427777778125 0.17135416718750002 0.4611111109375 0.17135416718750002 0.46666666718750005 0.16458333281249998 0.4675925921875 0.153125 0.4611111109375 0.14895833281249998 0.4546296296875 0.14791666718750002 0.44976851875 0.14791666718750002 0.43055555625 0.1484375 0.42129629687500003 0.1536458328125 0.42222222187499997 0.165625 0.427777778125 0.17135416718750002
0 0.60555555625 0.44635416718750004 0.6583333328125 0.446875 0.6666666671875 0.4458333328125 0.671296296875 0.44322916718750005 0.671296296875 0.43541666718750005 0.6620370375 0.43177083281249995 0.6231481484375 0.43177083281249995 0.6203703703125 0.43177083281249995 0.6111111109375 0.4322916671875 0.6009259265625 0.43541666718750005 0.5990740734375 0.43958333281249995 0.60555555625 0.44635416718750004
0 0.8490740734375001 0.453125 0.853703703125 0.4505208328125 0.8574074078124999 0.4421875 0.8574074078124999 0.4348958328125 0.8490740734375001 0.43072916718750004 0.8444444437499999 0.43072916718750004 0.8055555562500001 0.43125 0.8 0.434375 0.8018518515625 0.44322916718750005 0.8490740734375001 0.453125
0 0.965740740625 0.45885416718750005 0.972222221875 0.45729166718750003 0.9759259265625 0.45208333281249996 0.975 0.4375 0.9703703703125001 0.4322916671875 0.9601851859374999 0.43072916718750004 0.9583333328125001 0.43072916718750004 0.9472222218749999 0.43541666718750005 0.9481481484375 0.45520833281249995 0.9546296296874999 0.45885416718750005 0.965740740625 0.45885416718750005
1 0.021296296875000002 0.46875 0.027777778125000003 0.4703125 0.04444444375 0.4703125 0.060185185937499996 0.46875 0.0666666671875 0.4661458328125 0.06944444375 0.4609375 0.06851851875000001 0.446875 0.0638888890625 0.4421875 0.0546296296875 0.4401041671875 0.05 0.4401041671875 0.027777778125000003 0.440625 0.0175925921875 0.4453125 0.015740740625 0.4609375 0.021296296875000002 0.46875
1 0.072222221875 0.45989583281249996 0.0759259265625 0.4671875 0.10092592656249999 0.4692708328125 0.1148148140625 0.46875 0.12129629687500001 0.4661458328125 0.1268518515625 0.4583333328125 0.125 0.44635416718750004 0.1231481484375 0.44322916718750005 0.1129629625 0.4390625 0.1074074078125 0.4390625 0.09074074062500001 0.4390625 0.07685185156249999 0.44322916718750005 0.072222221875 0.44895833281249997 0.072222221875 0.45989583281249996
1 0.1379629625 0.4682291671875 0.1759259265625 0.46770833281249996 0.1851851859375 0.4614583328125 0.1861111109375 0.44739583281249995 0.1833333328125 0.44322916718750005 0.175 0.4390625 0.1629629625 0.4380208328125 0.15925925937500002 0.4380208328125 0.140740740625 0.4390625 0.13055555624999998 0.4453125 0.1296296296875 0.45989583281249996 0.1379629625 0.4682291671875
1 0.1898148140625 0.4583333328125 0.1925925921875 0.4640625 0.197222221875 0.46666666718750005 0.2259259265625 0.46770833281249996 0.240740740625 0.46458333281249997 0.2453703703125 0.4583333328125 0.2453703703125 0.446875 0.2416666671875 0.44166666718750003 0.23148148124999998 0.4380208328125 0.22638888906250001 0.4380208328125 0.2009259265625 0.4380208328125 0.1925925921875 0.4421875 0.1898148140625 0.446875 0.1898148140625 0.4583333328125
1 0.2546296296875 0.46458333281249997 0.2601851859375 0.46666666718750005 0.2898148140625 0.46666666718750005 0.3 0.4635416671875 0.3046296296875 0.453125 0.302777778125 0.4427083328125 0.2953703703125 0.4380208328125 0.28796296250000003 0.4369791671875 0.2824074078125 0.4369791671875 0.259259259375 0.4380208328125 0.2509259265625 0.44375 0.25 0.4583333328125 0.2546296296875 0.46458333281249997
1 0.309259259375 0.45677083281249997 0.31851851875000003 0.465625 0.3379629625 0.46666666718750005 0.353703703125 0.465625 0.3601851859375 0.46302083281249995 0.3648148140625 0.4546875 0.3638888890625 0.4447916671875 0.3620370375 0.44114583281249997 0.352777778125 0.4369791671875 0.3481481484375 0.4369791671875 0.31851851875000003 0.4375 0.3129629625 0.4401041671875 0.309259259375 0.4453125 0.309259259375 0.45677083281249997
1 0.36851851875 0.453125 0.3768518515625 0.4640625 0.39074074062499997 0.46510416718750003 0.3990740734375 0.4635416671875 0.43055555625 0.45208333281249996 0.43518518593750005 0.44739583281249995 0.43518518593750005 0.44375 0.43055555625 0.4380208328125 0.4240740734375 0.4359375 0.4182101859375 0.4359375 0.38055555625 0.4369791671875 0.372222221875 0.43958333281249995 0.36851851875 0.4453125 0.36851851875 0.453125
1 0.48425925937500003 0.4484375 0.56851851875 0.4479166671875 0.5759259265625001 0.446875 0.58055555625 0.4427083328125 0.58055555625 0.43854166718750004 0.5768518515625 0.4348958328125 0.5675925921875 0.43333333281249997 0.490740740625 0.43385416718750003 0.48981481406249994 0.43333333281249997 0.48148148125 0.43385416718750003 0.4768518515625 0.43958333281249995 0.477777778125 0.44427083281249996 0.48425925937500003 0.4484375
1 0.6833333328125 0.4458333328125 0.75648148125 0.4458333328125 0.7731481484375 0.4447916671875 0.7796296296875 0.440625 0.7787037031249999 0.43541666718750005 0.7703703703125 0.43177083281249995 0.725 0.43125 0.7240740734375 0.43072916718750004 0.6805555562500001 0.43333333281249997 0.6768518515624999 0.43645833281249996 0.6777777781250001 0.44322916718750005 0.6833333328125 0.4458333328125
1 0.859259259375 0.45208333281249996 0.865740740625 0.4546875 0.8953703703125001 0.4526041671875 0.9083333328125001 0.45 0.925 0.45 0.9333333328125001 0.44375 0.934259259375 0.4375 0.9268518515625 0.43177083281249995 0.9203703703125001 0.4302083328125 0.9156083328125 0.4302083328125 0.872222221875 0.43072916718750004 0.8666666671875 0.4328125 0.859259259375 0.43958333281249995 0.859259259375 0.45208333281249996
1 0.9861111109375 0.4578125 0.99351851875 0.459375 0.9990740734375001 0.459375 0.9990740734375001 0.4291666671875 0.9981481484374999 0.4291666671875 0.9861111109375 0.4302083328125 0.9796296296874999 0.4390625 0.98148148125 0.453125 0.9861111109375 0.4578125