1 0.4268518515625 0.4380208328125 0.42222222187499997 0.43958333281249995 0.42222222187499997 0.4447916671875 0.43055555625 0.44895833281249997 0.4370370375 0.44895833281249997 0.4388888890625 0.44739583281249995 0.4703703703125 0.44895833281249997 0.5231481484375 0.4484375 0.5305555562500001 0.446875 0.534259259375 0.44322916718750005 0.534259259375 0.43854166718750004 0.5287037031249999 0.4348958328125 0.50555555625 0.43333333281249997 0.5046296296875 0.43333333281249997 0.47407407343749997 0.434375 0.465740740625 0.43854166718750004 0.4546296296875 0.44114583281249997 0.4268518515625 0.4380208328125
1 0 0.46510416718750003 0.00555555625 0.4692708328125 0.0129629625 0.47083333281249995 0.045370370312500005 0.46875 0.052777778124999994 0.46302083281249995 0.052777778124999994 0.446875 0.04351851875 0.44114583281249997 0.0231481484375 0.4401041671875 0.0166666671875 0.4401041671875 0.00648148125 0.44114583281249997 0 0.4458333328125 0 0.46510416718750003
1 0.058333332812500006 0.46458333281249997 0.06851851875000001 0.4692708328125 0.10092592656249999 0.46875 0.1074074078125 0.4671875 0.1120370375 0.4635416671875 0.1111111109375 0.44427083281249996 0.0990740734375 0.4390625 0.0861111109375 0.4390625 0.08055555625000001 0.4390625 0.071296296875 0.43958333281249995 0.0629629625 0.4421875 0.0574074078125 0.44895833281249997 0.058333332812500006 0.46458333281249997
1 0.1166666671875 0.4583333328125 0.12407407343750002 0.46770833281249996 0.15925925937500002 0.4682291671875 0.16944444375 0.46458333281249997 0.172222221875 0.45989583281249996 0.171296296875 0.4447916671875 0.165740740625 0.440625 0.15648148125 0.43854166718750004 0.1511574078125 0.43854166718750004 0.1296296296875 0.4390625 0.12129629687500001 0.4421875 0.1166666671875 0.44947916718750003 0.1166666671875 0.4583333328125
1 0.1759259265625 0.459375 0.178703703125 0.4640625 0.184259259375 0.4671875 0.21944444375 0.4671875 0.22685185156249998 0.46510416718750003 0.23148148124999998 0.4609375 0.23333333281250002 0.45104166718750005 0.22870370312500002 0.44166666718750003 0.2203703703125 0.43854166718750004 0.209259259375 0.4380208328125 0.20833333281250002 0.4375 0.1861111109375 0.43854166718750004 0.177777778125 0.4427083328125 0.175 0.44895833281249997 0.1759259265625 0.459375
1 0.2388888890625 0.4625 0.24444444375000002 0.4661458328125 0.2768518515625 0.46666666718750005 0.28796296250000003 0.4640625 0.2925925921875 0.45885416718750005 0.2925925921875 0.4458333328125 0.2898148140625 0.44114583281249997 0.27870370312500004 0.4375 0.27388888906250003 0.4375 0.24722222187499998 0.4380208328125 0.2398148140625 0.44114583281249997 0.23611111093749998 0.4557291671875 0.2388888890625 0.4625
1 0.30648148124999997 0.465625 0.33888888906250003 0.465625 0.3490740734375 0.46197916718750004 0.352777778125 0.4536458328125 0.3509259265625 0.4427083328125 0.34444444375 0.4375 0.334259259375 0.43645833281249996 0.3296296296875 0.43645833281249996 0.30648148124999997 0.4375 0.29814814843750004 0.44322916718750005 0.29722222187499997 0.4583333328125 0.30648148124999997 0.465625
1 0.3648148140625 0.46458333281249997 0.3861111109375 0.46510416718750003 0.396296296875 0.4635416671875 0.4166666671875 0.4526041671875 0.4166666671875 0.44635416718750004 0.409259259375 0.4380208328125 0.4018518515625 0.4359375 0.39351851875 0.4359375 0.3925925921875 0.43541666718750005 0.36666666718749996 0.43645833281249996 0.3574074078125 0.44114583281249997 0.3574074078125 0.459375 0.3648148140625 0.46458333281249997
1 0.628703703125 0.44375 0.6361111109375 0.446875 0.7240740734375 0.4458333328125 0.7296296296875 0.44375 0.73148148125 0.4369791671875 0.7240740734375 0.43177083281249995 0.6861111109375 0.43072916718750004 0.6824074078125 0.43072916718750004 0.64444444375 0.43125 0.634259259375 0.4328125 0.627777778125 0.43645833281249996 0.628703703125 0.44375
1 0.8259259265625 0.4453125 0.83148148125 0.44895833281249997 0.85648148125 0.45625 0.865740740625 0.4557291671875 0.8824074078124999 0.4515625 0.8981481484374999 0.44375 0.8981481484374999 0.4380208328125 0.89444444375 0.434375 0.8879629625 0.43177083281249995 0.8666666671875 0.43072916718750004 0.8620370375 0.43072916718750004 0.834259259375 0.43072916718750004 0.828703703125 0.43333333281249997 0.825 0.43958333281249995 0.8259259265625 0.4453125
1 0.9638888890624999 0.45885416718750005 0.9953703703125001 0.45885416718750005 0.9990740734375001 0.4578125 0.9990740734375001 0.4302083328125 0.9759259265625 0.4296875 0.9731481484375 0.4296875 0.965740740625 0.43072916718750004 0.9583333328125001 0.4375 0.9574074078124999 0.4557291671875 0.9638888890624999 0.45885416718750005
0 0.42222222187499997 0.1588541671875 0.4296296296875 0.1630208328125 0.4583333328125 0.1630208328125 0.46481481406249997 0.1598958328125 0.4675925921875 0.1541666671875 0.465740740625 0.1458333328125 0.45 0.1416666671875 0.44506203749999995 0.1416666671875 0.43518518593750005 0.1416666671875 0.42222222187499997 0.1458333328125 0.4203703703125 0.1546875 0.42222222187499997 0.1588541671875
0 0.43333333281249997 0.1932291671875 0.45648148125 0.1921875 0.46388888906250003 0.18802083281249998 0.46388888906250003 0.1703125 0.4583333328125 0.1671875 0.44444444375 0.165625 0.43981481406249995 0.165625 0.42870370312499995 0.1677083328125 0.42222222187499997 0.175 0.425 0.1875 0.43333333281249997 0.1932291671875
0 0.4379629625 0.225 0.45370370312499997 0.2244791671875 0.459259259375 0.22239583281250003 0.46296296249999996 0.21770833281250002 0.46296296249999996 0.20052083281250002 0.4574074078125 0.196875 0.4509259265625 0.19583333281249998 0.44490740781250004 0.19583333281249998 0.434259259375 0.1963541671875 0.427777778125 0.203125 0.42870370312499995 0.21979166718749998 0.4379629625 0.225
0 0.44259259218749997 0.26510416718749996 0.45555555625000005 0.2640625 0.4611111109375 0.25625 0.4620370375 0.2359375 0.459259259375 0.23177083281250002 0.45 0.228125 0.4481481484375 0.228125 0.4379629625 0.2296875 0.43240740781250003 0.234375 0.434259259375 0.2598958328125 0.44259259218749997 0.26510416718749996
0 0.4379629625 0.30625 0.44629629687500005 0.309375 0.4574074078125 0.3078125 0.4620370375 0.3010416671875 0.4611111109375 0.2770833328125 0.4574074078125 0.2713541671875 0.4509259265625 0.2692708328125 0.45 0.2692708328125 0.4379629625 0.271875 0.434259259375 0.2791666671875 0.43518518593750005 0.3020833328125 0.4379629625 0.30625
0 0.4370370375 0.346875 0.43981481406249995 0.3505208328125 0.447222221875 0.3536458328125 0.4583333328125 0.35208333281250004 0.46388888906250003 0.3447916671875 0.46296296249999996 0.32083333281250004 0.4601851859375 0.3166666671875 0.4546296296875 0.3140625 0.44629629687500005 0.3140625 0.43981481406249995 0.3161458328125 0.4370370375 0.3192708328125 0.4361111109375 0.3338541671875 0.4370370375 0.346875
0 0.44166666718750003 0.3958333328125 0.44907407343749994 0.39791666718749996 0.4601851859375 0.396875 0.465740740625 0.3895833328125 0.46388888906250003 0.3619791671875 0.45555555625000005 0.3578125 0.4509259265625 0.3578125 0.44166666718750003 0.359375 0.4379629625 0.3640625 0.4388888890625 0.3916666671875 0.44166666718750003 0.3958333328125
0 0.44259259218749997 0.4375 0.4583333328125 0.4380208328125 0.46666666718750005 0.43645833281249996 0.46851851875 0.43333333281249997 0.4675925921875 0.415625 0.46296296249999996 0.4036458328125 0.45370370312499997 0.4015625 0.45 0.4015625 0.44444444375 0.40260416718750003 0.4388888890625 0.4078125 0.4379629625 0.4328125 0.44259259218749997 0.4375
0 0.5601851859375 0.4479166671875 0.5990740734375 0.4479166671875 0.615740740625 0.446875 0.6203703703125 0.4447916671875 0.622222221875 0.43854166718750004 0.615740740625 0.43333333281249997 0.584259259375 0.4328125 0.5833333328125 0.4322916671875 0.5555555562500001 0.43385416718750003 0.55 0.4380208328125 0.5518518515624999 0.4453125 0.5601851859375 0.4479166671875
0 0.7509259265625 0.4427083328125 0.7583333328124999 0.4453125 0.775 0.4458333328125 0.8120370375 0.4453125 0.81851851875 0.44322916718750005 0.821296296875 0.43541666718750005 0.8166666671874999 0.4322916671875 0.8111111109375001 0.43072916718750004 0.7787037031249999 0.4302083328125 0.7768518515625 0.4302083328125 0.759259259375 0.43072916718750004 0.752777778125 0.4328125 0.7490740734375 0.43541666718750005 0.7509259265625 0.4427083328125
0 0.9138888890624999 0.44739583281249995 0.9277777781250001 0.4546875 0.9398148140625 0.45729166718750003 0.946296296875 0.4557291671875 0.9518518515625001 0.4515625 0.952777778125 0.434375 0.9490740734375 0.43125 0.9361111109375001 0.4296875 0.9296296296875 0.4296875 0.9203703703125001 0.4302083328125 0.9129629625 0.43333333281249997 0.9101851859375 0.4427083328125 0.9138888890624999 0.44739583281249995
0 0.43333333281249997 0.1380208328125 0.46296296249999996 0.1375 0.4675925921875 0.1338541671875 0.46666666718750005 0.1265625 0.46296296249999996 0.1265625 0.447222221875 0.1296875 0.4240740734375 0.1291666671875 0.42222222187499997 0.134375 0.43333333281249997 0.1380208328125