0 0.459259259375 0.4484375 0.5111111109375 0.4484375 0.51944444375 0.4447916671875 0.5203703703125 0.4390625 0.5138888890625 0.434375 0.47407407343749997 0.434375 0.46666666718750005 0.4328125 0.4611111109375 0.4328125 0.45277777812500003 0.4348958328125 0.4509259265625 0.43854166718750004 0.45277777812500003 0.4447916671875 0.459259259375 0.4484375
0 0.4296296296875 0.1552083328125 0.4583333328125 0.1546875 0.46666666718750005 0.1505208328125 0.4675925921875 0.1416666671875 0.46481481406249997 0.1375 0.447222221875 0.13333333281249998 0.44629629687500005 0.13333333281249998 0.4296296296875 0.1369791671875 0.4203703703125 0.14114583281249998 0.4203703703125 0.1505208328125 0.4296296296875 0.1552083328125
0 0.425 0.1786458328125 0.434259259375 0.1828125 0.4583333328125 0.1822916671875 0.46388888906250003 0.1796875 0.46481481406249997 0.1614583328125 0.45185185156249996 0.1572916671875 0.4453703703125 0.1572916671875 0.427777778125 0.1588541671875 0.42222222187499997 0.16354166718750002 0.42129629687500003 0.1703125 0.425 0.1786458328125
0 0.43518518593750005 0.2140625 0.4546296296875 0.21354166718749998 0.46296296249999996 0.20833333281250002 0.46388888906250003 0.1911458328125 0.45555555625000005 0.1859375 0.45023148125 0.1859375 0.43148148124999997 0.1864583328125 0.42592592656250006 0.1911458328125 0.42592592656250006 0.2052083328125 0.43518518593750005 0.2140625
0 0.44351851875000003 0.2515625 0.4509259265625 0.2515625 0.4583333328125 0.24895833281250002 0.4611111109375 0.24322916718749998 0.4620370375 0.22552083281250002 0.459259259375 0.2203125 0.45277777812500003 0.21770833281250002 0.447222221875 0.21770833281250002 0.43518518593750005 0.21875 0.4296296296875 0.2260416671875 0.43333333281249997 0.2453125 0.44351851875000003 0.2515625
0 0.4370370375 0.2901041671875 0.4388888890625 0.2921875 0.447222221875 0.2942708328125 0.4546296296875 0.29375 0.4583333328125 0.2916666671875 0.4620370375 0.284375 0.4601851859375 0.2619791671875 0.4583333328125 0.2588541671875 0.4509259265625 0.2557291671875 0.4453703703125 0.2557291671875 0.43981481406249995 0.2567708328125 0.4361111109375 0.2598958328125 0.434259259375 0.275 0.4370370375 0.2901041671875
0 0.4388888890625 0.3348958328125 0.45 0.3390625 0.459259259375 0.3359375 0.46296296249999996 0.3307291671875 0.4620370375 0.3057291671875 0.4601851859375 0.3015625 0.45277777812500003 0.2984375 0.447222221875 0.2984375 0.44166666718750003 0.2994791671875 0.4370370375 0.303125 0.4370370375 0.3307291671875 0.4388888890625 0.3348958328125
0 0.4388888890625 0.3770833328125 0.44259259218749997 0.38125 0.44907407343749994 0.3828125 0.459259259375 0.3817708328125 0.46481481406249997 0.3739583328125 0.46388888906250003 0.3494791671875 0.4611111109375 0.3453125 0.4546296296875 0.3427083328125 0.447222221875 0.3427083328125 0.440740740625 0.3447916671875 0.4379629625 0.3484375 0.4370370375 0.3651041671875 0.4388888890625 0.3770833328125
0 0.44259259218749997 0.425 0.45 0.4270833328125 0.4620370375 0.42552083281249997 0.46666666718750005 0.4203125 0.465740740625 0.39375 0.46296296249999996 0.3890625 0.45555555625000005 0.3869791671875 0.4481481484375 0.3869791671875 0.44259259218749997 0.3885416671875 0.4388888890625 0.3927083328125 0.4388888890625 0.4166666671875 0.44259259218749997 0.425
0 0.6537037031249999 0.44635416718750004 0.659259259375 0.446875 0.7083333328125 0.44635416718750004 0.7148148140624999 0.4447916671875 0.7175925921874999 0.4427083328125 0.7166666671875 0.4348958328125 0.7083333328125 0.43177083281249995 0.6953703703125 0.43125 0.690740740625 0.43125 0.6537037031249999 0.4328125 0.647222221875 0.4369791671875 0.6481481484375 0.44322916718750005 0.6537037031249999 0.44635416718750004
0 0.8481481484375 0.4546875 0.8574074078124999 0.45677083281249997 0.8796296296874999 0.4526041671875 0.8870370375000001 0.44895833281249997 0.8898148140625001 0.4447916671875 0.8870370375000001 0.4348958328125 0.88055555625 0.4322916671875 0.8648148140625 0.43072916718750004 0.8574074078124999 0.43072916718750004 0.8435185187500001 0.4348958328125 0.8388888890624999 0.44166666718750003 0.8398148140625 0.45 0.8481481484375 0.4546875
0 0.9703703703125001 0.4578125 0.9759259265625 0.45885416718750005 0.9990740734375001 0.4578125 0.9990740734375001 0.43177083281249995 0.9898148140625 0.4302083328125 0.983796296875 0.4302083328125 0.9731481484375 0.43125 0.965740740625 0.4390625 0.965740740625 0.45208333281249996 0.9703703703125001 0.4578125
1 0 0.46875 0.004629629687499999 0.4703125 0.028703703125 0.47083333281249995 0.04444444375 0.4671875 0.048148148437499996 0.459375 0.047222221875 0.44739583281249995 0.040740740625 0.44166666718750003 0.0333333328125 0.4401041671875 0.0324074078125 0.4401041671875 0 0.4421875 0 0.46875
1 0.0546296296875 0.4661458328125 0.060185185937499996 0.4692708328125 0.0666666671875 0.46979166718750004 0.09351851875 0.4692708328125 0.10185185156250001 0.46770833281249996 0.10833333281249999 0.45885416718750005 0.10833333281249999 0.4505208328125 0.10370370312499999 0.4427083328125 0.0953703703125 0.43958333281249995 0.06944444375 0.43958333281249995 0.0675925921875 0.43958333281249995 0.0574074078125 0.44322916718750005 0.051851851562499995 0.45 0.051851851562499995 0.46197916718750004 0.0546296296875 0.4661458328125
1 0.1111111109375 0.45885416718750005 0.11388888906250001 0.46458333281249997 0.11944444375 0.4682291671875 0.1481481484375 0.46875 0.15648148125 0.4682291671875 0.1629629625 0.465625 0.1666666671875 0.459375 0.1666666671875 0.446875 0.1611111109375 0.44114583281249997 0.147222221875 0.43854166718750004 0.1416666671875 0.43854166718750004 0.12222222187500001 0.43958333281249995 0.11388888906250001 0.44375 0.1101851859375 0.45104166718750005 0.1111111109375 0.45885416718750005
1 0.17314814843749998 0.46458333281249997 0.1824074078125 0.4682291671875 0.20555555625 0.4682291671875 0.2166666671875 0.4661458328125 0.2203703703125 0.4635416671875 0.2259259265625 0.4515625 0.22314814843750003 0.4421875 0.21574074062499998 0.43854166718750004 0.1861111109375 0.4380208328125 0.184259259375 0.4380208328125 0.1759259265625 0.4401041671875 0.1703703703125 0.44635416718750004 0.16944444375 0.45625 0.17314814843749998 0.46458333281249997
1 0.234259259375 0.4671875 0.25 0.4671875 0.25648148125 0.4635416671875 0.25555555625 0.4515625 0.246296296875 0.4447916671875 0.2416666671875 0.4447916671875 0.23240740781250002 0.446875 0.22685185156249998 0.4546875 0.22777777812500002 0.4635416671875 0.234259259375 0.4671875
1 0.2648148140625 0.46458333281249997 0.2731481484375 0.46666666718750005 0.29907407343750003 0.46666666718750005 0.3111111109375 0.46302083281249995 0.3148148140625 0.45625 0.3129629625 0.44322916718750005 0.30555555624999997 0.4380208328125 0.29907407343750003 0.4375 0.29814814843750004 0.4369791671875 0.26851851875 0.4380208328125 0.259259259375 0.44322916718750005 0.25833333281250004 0.45208333281249996 0.2648148140625 0.46458333281249997
1 0.3203703703125 0.45885416718750005 0.32685185156249996 0.46510416718750003 0.353703703125 0.4661458328125 0.3638888890625 0.465625 0.371296296875 0.46302083281249995 0.3740740734375 0.45989583281249996 0.3731481484375 0.4453125 0.36851851875 0.4390625 0.3620370375 0.43645833281249996 0.3583333328125 0.43645833281249996 0.328703703125 0.4375 0.321296296875 0.44166666718750003 0.31851851875000003 0.453125 0.3203703703125 0.45885416718750005
1 0.3768518515625 0.45104166718750005 0.38240740781250004 0.4604166671875 0.3879629625 0.46302083281249995 0.4 0.46302083281249995 0.434259259375 0.4526041671875 0.447222221875 0.4447916671875 0.44629629687500005 0.4390625 0.43981481406249995 0.43541666718750005 0.43518518593750005 0.43541666718750005 0.39074074062499997 0.43645833281249996 0.38148148125 0.43854166718750004 0.377777778125 0.4427083328125 0.3768518515625 0.45104166718750005
1 0.5324074078125001 0.4484375 0.6148148140624999 0.4479166671875 0.6240740734375 0.446875 0.6296296296875 0.4421875 0.627777778125 0.4359375 0.6231481484375 0.43385416718750003 0.5611111109375 0.43333333281249997 0.5601851859375 0.4328125 0.5296296296875 0.434375 0.525 0.4390625 0.527777778125 0.44635416718750004 0.5324074078125001 0.4484375
1 0.727777778125 0.4447916671875 0.81851851875 0.4458333328125 0.8268518515625001 0.44114583281249997 0.8268518515625001 0.4348958328125 0.81851851875 0.43125 0.75 0.43072916718750004 0.74398148125 0.43072916718750004 0.73055555625 0.43125 0.7240740734375 0.43385416718750003 0.7231481484375 0.440625 0.727777778125 0.4447916671875
1 0.8953703703125001 0.44427083281249996 0.9018518515625 0.4484375 0.9175925921875001 0.4505208328125 0.9379629625 0.4583333328125 0.9509259265625 0.45677083281249997 0.9583333328125001 0.45208333281249996 0.9601851859374999 0.4479166671875 0.9583333328125001 0.4359375 0.9509259265625 0.43072916718750004 0.9425925921875 0.4296875 0.9372685187500001 0.4296875 0.8981481484374999 0.43072916718750004 0.89351851875 0.434375 0.89351851875 0.4390625 0.8953703703125001 0.44427083281249996