0 0.4546296296875 0.1463541671875 0.46666666718750005 0.1427083328125 0.4675925921875 0.1348958328125 0.4620370375 0.13125 0.43333333281249997 0.13125 0.43148148124999997 0.13125 0.42222222187499997 0.1328125 0.41944444374999995 0.1354166671875 0.42314814843750004 0.1458333328125 0.4546296296875 0.1463541671875
0 0.4296296296875 0.1739583328125 0.4546296296875 0.1739583328125 0.4601851859375 0.1734375 0.46388888906250003 0.1708333328125 0.4675925921875 0.16354166718750002 0.4675925921875 0.1536458328125 0.459259259375 0.1494791671875 0.44907407343749994 0.1484375 0.44351851875000003 0.1484375 0.43240740781250003 0.14895833281249998 0.42129629687500003 0.1541666671875 0.42222222187499997 0.1666666671875 0.4296296296875 0.1739583328125
0 0.4268518515625 0.1979166671875 0.43518518593750005 0.2046875 0.459259259375 0.2036458328125 0.46481481406249997 0.1963541671875 0.46388888906250003 0.17916666718750002 0.4583333328125 0.1765625 0.4453703703125 0.1755208328125 0.44166666718750003 0.1755208328125 0.43055555625 0.1770833328125 0.42592592656250006 0.1796875 0.42314814843750004 0.1848958328125 0.4268518515625 0.1979166671875
0 0.43518518593750005 0.23802083281250003 0.44259259218749997 0.240625 0.45185185156249996 0.2401041671875 0.4611111109375 0.2348958328125 0.46388888906250003 0.21510416718749997 0.4611111109375 0.209375 0.45648148125 0.20729166718749997 0.4509259265625 0.20729166718749997 0.434259259375 0.2078125 0.42870370312499995 0.21510416718749997 0.43055555625 0.2322916671875 0.43518518593750005 0.23802083281250003
0 0.4379629625 0.2791666671875 0.44259259218749997 0.28177083281250004 0.4583333328125 0.2802083328125 0.4611111109375 0.27395833281250004 0.4611111109375 0.25052083281250004 0.4583333328125 0.24583333281250003 0.45185185156249996 0.24322916718749998 0.446759259375 0.24322916718749998 0.4388888890625 0.2442708328125 0.43333333281249997 0.25052083281250004 0.434259259375 0.27291666718749996 0.4379629625 0.2791666671875
0 0.4370370375 0.31875 0.440740740625 0.3234375 0.447222221875 0.3255208328125 0.45648148125 0.325 0.46296296249999996 0.3182291671875 0.4611111109375 0.290625 0.45648148125 0.2869791671875 0.4509259265625 0.2859375 0.45 0.2859375 0.44351851875000003 0.2864583328125 0.4379629625 0.2890625 0.4361111109375 0.2953125 0.4370370375 0.31875
0 0.44166666718750003 0.3671875 0.447222221875 0.3697916671875 0.4583333328125 0.36875 0.46296296249999996 0.365625 0.46481481406249997 0.35989583281250004 0.46388888906250003 0.33541666718749996 0.4546296296875 0.3291666671875 0.4509259265625 0.3291666671875 0.44259259218749997 0.3307291671875 0.4370370375 0.3369791671875 0.4379629625 0.3619791671875 0.44166666718750003 0.3671875
0 0.44166666718750003 0.41041666718750003 0.45 0.4135416671875 0.459259259375 0.41302083281249996 0.46388888906250003 0.41041666718750003 0.46666666718750005 0.4046875 0.465740740625 0.3807291671875 0.46388888906250003 0.3765625 0.4574074078125 0.3739583328125 0.45231481406249996 0.3739583328125 0.44259259218749997 0.37552083281250004 0.4388888890625 0.3802083328125 0.43981481406249995 0.4078125 0.44166666718750003 0.41041666718750003
0 0.4509259265625 0.4447916671875 0.4583333328125 0.4479166671875 0.4824074078125 0.4479166671875 0.48703703750000005 0.44322916718750005 0.48518518593750004 0.4369791671875 0.4824074078125 0.4348958328125 0.475 0.4348958328125 0.46944444374999994 0.4322916671875 0.465740740625 0.4203125 0.4574074078125 0.41614583281249995 0.4509259265625 0.41614583281249995 0.4453703703125 0.41770833281249997 0.440740740625 0.421875 0.44259259218749997 0.4369791671875 0.4509259265625 0.4447916671875
0 0.622222221875 0.446875 0.678703703125 0.44635416718750004 0.6870370375 0.4427083328125 0.6861111109375 0.43541666718750005 0.6777777781250001 0.4322916671875 0.6388888890625 0.43177083281249995 0.6379629625 0.43177083281249995 0.6268518515625 0.4322916671875 0.6175925921875 0.4348958328125 0.6148148140624999 0.440625 0.622222221875 0.446875
0 0.8453703703125001 0.45416666718750004 0.8574074078124999 0.45625 0.8666666671875 0.45104166718750005 0.8648148140625 0.4359375 0.8574074078124999 0.43125 0.8361111109375001 0.43072916718750004 0.828703703125 0.43072916718750004 0.8203703703125 0.43385416718750003 0.8175925921875 0.4375 0.8203703703125 0.4453125 0.8453703703125001 0.45416666718750004
0 0.95 0.45677083281249997 0.9546296296874999 0.45885416718750005 0.9796296296874999 0.45885416718750005 0.984259259375 0.45625 0.9870370375 0.4515625 0.9870370375 0.4401041671875 0.98148148125 0.43177083281249995 0.9740740734375001 0.4302083328125 0.9694444437499999 0.4302083328125 0.9574074078124999 0.4328125 0.9509259265625 0.4401041671875 0.9472222218749999 0.45104166718750005 0.95 0.45677083281249997
1 0 0.4703125 0.0111111109375 0.4671875 0.0148148140625 0.4604166671875 0.013888889062500001 0.44739583281249995 0.009259259374999999 0.44322916718750005 0.0018518515625 0.44114583281249997 0 0.44114583281249997 0 0.4703125
1 0.021296296875000002 0.4661458328125 0.028703703125 0.46979166718750004 0.0620370375 0.4692708328125 0.0675925921875 0.4682291671875 0.072222221875 0.46458333281249997 0.0731481484375 0.44635416718750004 0.0666666671875 0.44166666718750003 0.0546296296875 0.4401041671875 0.05 0.4401041671875 0.028703703125 0.44114583281249997 0.0203703703125 0.4458333328125 0.019444443750000002 0.46302083281249995 0.021296296875000002 0.4661458328125
1 0.08425925937499999 0.46770833281249996 0.09074074062500001 0.4692708328125 0.12407407343750002 0.4682291671875 0.13055555624999998 0.46510416718750003 0.1324074078125 0.46197916718750004 0.1324074078125 0.4458333328125 0.12592592656249998 0.440625 0.10185185156250001 0.4390625 0.0981481484375 0.4390625 0.08333333281250001 0.44166666718750003 0.077777778125 0.44739583281249995 0.078703703125 0.46302083281249995 0.08425925937499999 0.46770833281249996
1 0.13703703750000001 0.459375 0.13888888906250002 0.4640625 0.1453703703125 0.46770833281249996 0.17962962968750001 0.4682291671875 0.190740740625 0.46458333281249997 0.19351851874999998 0.4604166671875 0.19351851874999998 0.44739583281249995 0.190740740625 0.4427083328125 0.177777778125 0.4380208328125 0.175 0.4380208328125 0.15092592656249998 0.43854166718750004 0.1416666671875 0.4421875 0.1379629625 0.44739583281249995 0.13703703750000001 0.459375
1 0.21203703749999997 0.46770833281249996 0.24259259218749998 0.46666666718750005 0.24814814843750002 0.46458333281249997 0.2518518515625 0.45989583281249996 0.2509259265625 0.44322916718750005 0.2398148140625 0.4380208328125 0.21851851875 0.4380208328125 0.21203703749999997 0.4380208328125 0.20277777812500003 0.44114583281249997 0.1981481484375 0.446875 0.2 0.4635416671875 0.21203703749999997 0.46770833281249996
1 0.259259259375 0.4609375 0.2666666671875 0.4661458328125 0.29907407343750003 0.46666666718750005 0.3101851859375 0.46197916718750004 0.3129629625 0.4583333328125 0.3120370375 0.4453125 0.3101851859375 0.44166666718750003 0.29907407343750003 0.4369791671875 0.29351851875 0.4369791671875 0.2675925921875 0.4380208328125 0.259259259375 0.4427083328125 0.25648148125 0.4546875 0.259259259375 0.4609375
1 0.31759259218749997 0.459375 0.325 0.46510416718750003 0.33703703749999997 0.46666666718750005 0.353703703125 0.4661458328125 0.3648148140625 0.46510416718750003 0.3703703703125 0.4625 0.3731481484375 0.4583333328125 0.372222221875 0.446875 0.36944444375 0.440625 0.3620370375 0.4369791671875 0.3574074078125 0.4369791671875 0.3296296296875 0.4369791671875 0.31944444375000003 0.44114583281249997 0.3166666671875 0.4557291671875 0.31759259218749997 0.459375
1 0.3759259265625 0.4546875 0.38055555625 0.4614583328125 0.3879629625 0.4640625 0.3981481484375 0.4635416671875 0.43518518593750005 0.45208333281249996 0.44351851875000003 0.44739583281249995 0.44351851875000003 0.44166666718750003 0.43981481406249995 0.4375 0.434259259375 0.43541666718750005 0.427777778125 0.43541666718750005 0.3898148140625 0.43645833281249996 0.38148148125 0.4380208328125 0.375 0.446875 0.3759259265625 0.4546875
1 0.5851851859375 0.4479166671875 0.5944444437499999 0.446875 0.6 0.4427083328125 0.6 0.4380208328125 0.5916666671875 0.434375 0.522222221875 0.43385416718750003 0.521296296875 0.43333333281249997 0.497222221875 0.4348958328125 0.4953703703125 0.44322916718750005 0.5 0.44739583281249995 0.5851851859375 0.4479166671875
1 0.6981481484375001 0.4453125 0.7861111109375 0.4458333328125 0.7953703703125 0.44427083281249996 0.7990740734374999 0.440625 0.796296296875 0.43333333281249997 0.7870370375 0.43125 0.7166666671875 0.43072916718750004 0.715740740625 0.43072916718750004 0.7009259265625001 0.43177083281249995 0.69351851875 0.4348958328125 0.6925925921875 0.43958333281249995 0.6981481484375001 0.4453125
1 0.8731481484374999 0.44895833281249997 0.884259259375 0.45208333281249996 0.902777778125 0.45 0.9129629625 0.4505208328125 0.9111111109375001 0.4546875 0.9175925921875001 0.4557291671875 0.922222221875 0.4526041671875 0.9379629625 0.4515625 0.9425925921875 0.44739583281249995 0.9444444437499999 0.43541666718750005 0.9361111109375001 0.43072916718750004 0.9129629625 0.4296875 0.9101851859375 0.4296875 0.8888888890625 0.4302083328125 0.8759259265624999 0.4322916671875 0.8703703703125001 0.43854166718750004 0.8731481484374999 0.44895833281249997