0 0.43055555625 0.1708333328125 0.459259259375 0.17135416718750002 0.46481481406249997 0.1671875 0.4675925921875 0.1619791671875 0.46666666718750005 0.1515625 0.4601851859375 0.14791666718750002 0.447222221875 0.1463541671875 0.44629629687500005 0.1463541671875 0.43148148124999997 0.146875 0.42129629687500003 0.1526041671875 0.42222222187499997 0.16458333281249998 0.43055555625 0.1708333328125
0 0.43518518593750005 0.2015625 0.4574074078125 0.20052083281250002 0.46388888906250003 0.19583333281249998 0.46481481406249997 0.178125 0.4620370375 0.1755208328125 0.4481481484375 0.1729166671875 0.440740740625 0.1729166671875 0.427777778125 0.1755208328125 0.42314814843750004 0.1807291671875 0.42592592656250006 0.19479166718750002 0.43518518593750005 0.2015625
0 0.43333333281249997 0.2328125 0.44259259218749997 0.2364583328125 0.4509259265625 0.2364583328125 0.4583333328125 0.234375 0.4611111109375 0.23072916718749997 0.46388888906250003 0.2104166671875 0.4620370375 0.20729166718749997 0.45555555625000005 0.20416666718749998 0.45030833281250005 0.20416666718749998 0.43333333281249997 0.20572916718749998 0.427777778125 0.2125 0.43055555625 0.2286458328125 0.43333333281249997 0.2328125
0 0.4370370375 0.2755208328125 0.44629629687500005 0.2786458328125 0.4546296296875 0.278125 0.4611111109375 0.2713541671875 0.4601851859375 0.2442708328125 0.45370370312499997 0.23958333281250002 0.44768518593750006 0.23958333281250002 0.4388888890625 0.2401041671875 0.43333333281249997 0.24739583281250002 0.43518518593750005 0.2723958328125 0.4370370375 0.2755208328125
0 0.4388888890625 0.3192708328125 0.44629629687500005 0.3229166671875 0.4583333328125 0.32083333281250004 0.46296296249999996 0.3114583328125 0.4620370375 0.2901041671875 0.459259259375 0.2854166671875 0.4509259265625 0.2828125 0.4481481484375 0.2828125 0.43981481406249995 0.284375 0.4361111109375 0.28958333281250004 0.4361111109375 0.3145833328125 0.4388888890625 0.3192708328125
0 0.44166666718750003 0.3640625 0.45185185156249996 0.36666666718749996 0.4620370375 0.3630208328125 0.46481481406249997 0.3526041671875 0.46296296249999996 0.3317708328125 0.459259259375 0.328125 0.4509259265625 0.3265625 0.44907407343749994 0.3265625 0.44259259218749997 0.32760416718749996 0.4379629625 0.33125 0.4370370375 0.3505208328125 0.44166666718750003 0.3640625
0 0.44444444375 0.4088541671875 0.4546296296875 0.41041666718750003 0.46481481406249997 0.40625 0.46666666718750005 0.3921875 0.46481481406249997 0.37552083281250004 0.4601851859375 0.3713541671875 0.45370370312499997 0.3703125 0.4481481484375 0.3703125 0.44166666718750003 0.371875 0.4379629625 0.3770833328125 0.4388888890625 0.403125 0.44444444375 0.4088541671875
0 0.46388888906250003 0.14375 0.46851851875 0.1390625 0.46851851875 0.1328125 0.46481481406249997 0.1291666671875 0.4574074078125 0.1291666671875 0.42222222187499997 0.1317708328125 0.42129629687500003 0.1421875 0.427777778125 0.1442708328125 0.46388888906250003 0.14375
0 0.4546296296875 0.44739583281249995 0.47407407343749997 0.4479166671875 0.48148148125 0.44322916718750005 0.48148148125 0.4380208328125 0.46851851875 0.43125 0.46388888906250003 0.41510416718750004 0.45555555625000005 0.4135416671875 0.4546296296875 0.41302083281249996 0.4453703703125 0.4145833328125 0.440740740625 0.41770833281249997 0.43981481406249995 0.4348958328125 0.4546296296875 0.44739583281249995
0 0.6148148140624999 0.44739583281249995 0.66944444375 0.44635416718750004 0.6768518515624999 0.44375 0.6777777781250001 0.4348958328125 0.6703703703125 0.4322916671875 0.6620370375 0.43177083281249995 0.6611111109375 0.43177083281249995 0.6111111109375 0.43333333281249997 0.60555555625 0.43645833281249996 0.60648148125 0.44322916718750005 0.6148148140624999 0.44739583281249995
0 0.8083333328125001 0.44322916718750005 0.8462962968750001 0.45416666718750004 0.85555555625 0.4536458328125 0.8601851859374999 0.44375 0.8574074078124999 0.4328125 0.85 0.43072916718750004 0.827777778125 0.43072916718750004 0.8222222218749999 0.43072916718750004 0.8138888890624999 0.43125 0.80648148125 0.434375 0.8055555562500001 0.4390625 0.8083333328125001 0.44322916718750005
0 0.9518518515625001 0.45885416718750005 0.9712962968750001 0.45885416718750005 0.9768518515625001 0.4578125 0.98148148125 0.4536458328125 0.98148148125 0.4375 0.9740740734375001 0.43125 0.9675925921875 0.4302083328125 0.9611111109375001 0.4302083328125 0.9490740734375 0.43645833281249996 0.9425925921875 0.44739583281249995 0.94351851875 0.45520833281249995 0.9518518515625001 0.45885416718750005
1 0 0.46979166718750004 0.0101851859375 0.46666666718750005 0.0129629625 0.4609375 0.0120370375 0.446875 0.002777778125 0.44166666718750003 0 0.44166666718750003 0 0.46979166718750004
1 0.07685185156249999 0.4635416671875 0.08333333281250001 0.4682291671875 0.09074074062500001 0.4692708328125 0.12222222187500001 0.4682291671875 0.1268518515625 0.46666666718750005 0.13148148125 0.459375 0.12870370312499999 0.44427083281249996 0.12592592656249998 0.44166666718750003 0.11574074062499999 0.4390625 0.1 0.4390625 0.0990740734375 0.4390625 0.0870370375 0.4401041671875 0.07962962968750001 0.44375 0.0759259265625 0.45208333281249996 0.07685185156249999 0.4635416671875
1 0.021296296875000002 0.46770833281249996 0.027777778125000003 0.46979166718750004 0.060185185937499996 0.4692708328125 0.06944444375 0.4661458328125 0.072222221875 0.4604166671875 0.072222221875 0.44739583281249995 0.065740740625 0.44166666718750003 0.05648148125 0.4401041671875 0.0513888890625 0.4401041671875 0.028703703125 0.440625 0.0175925921875 0.446875 0.018518518749999997 0.4640625 0.021296296875000002 0.46770833281249996
1 0.1351851859375 0.45885416718750005 0.1379629625 0.46458333281249997 0.14444444375 0.46770833281249996 0.1768518515625 0.4682291671875 0.1879629625 0.46458333281249997 0.190740740625 0.45989583281249996 0.190740740625 0.44739583281249995 0.1879629625 0.4421875 0.178703703125 0.43854166718750004 0.17391944374999999 0.43854166718750004 0.15 0.43854166718750004 0.13981481406250001 0.4421875 0.1361111109375 0.446875 0.1351851859375 0.45885416718750005
1 0.2018518515625 0.4661458328125 0.20833333281250002 0.46770833281249996 0.2388888890625 0.4671875 0.24814814843750002 0.4635416671875 0.2518518515625 0.4583333328125 0.2509259265625 0.446875 0.24814814843750002 0.44166666718750003 0.2398148140625 0.4380208328125 0.23456759218749998 0.4380208328125 0.20833333281250002 0.4380208328125 0.1981481484375 0.4421875 0.19444444375 0.45677083281249997 0.2018518515625 0.4661458328125
1 0.2611111109375 0.4640625 0.26574074062499997 0.4661458328125 0.3 0.4661458328125 0.309259259375 0.46197916718750004 0.3120370375 0.45885416718750005 0.3111111109375 0.4458333328125 0.3083333328125 0.44114583281249997 0.29814814843750004 0.4369791671875 0.2929009265625 0.4369791671875 0.26944444375 0.4375 0.25833333281250004 0.4427083328125 0.25555555625 0.45625 0.2611111109375 0.4640625
1 0.3148148140625 0.4557291671875 0.321296296875 0.46458333281249997 0.33703703749999997 0.46666666718750005 0.352777778125 0.4661458328125 0.3611111109375 0.465625 0.36759259218749996 0.46302083281249995 0.371296296875 0.4583333328125 0.3703703703125 0.4458333328125 0.36851851875 0.44114583281249997 0.3611111109375 0.4369791671875 0.3563490734375 0.4369791671875 0.32777777812500003 0.4369791671875 0.31851851875000003 0.4401041671875 0.3148148140625 0.44739583281249995 0.3148148140625 0.4557291671875
1 0.3768518515625 0.45885416718750005 0.38148148125 0.46302083281249995 0.3925925921875 0.46458333281249997 0.434259259375 0.45208333281249996 0.44166666718750003 0.446875 0.44166666718750003 0.4427083328125 0.4388888890625 0.43854166718750004 0.43240740781250003 0.43541666718750005 0.42731481406249994 0.43541666718750005 0.3861111109375 0.43645833281249996 0.377777778125 0.43958333281249995 0.3740740734375 0.45104166718750005 0.3768518515625 0.45885416718750005
1 0.5833333328125 0.44739583281249995 0.590740740625 0.44322916718750005 0.5916666671875 0.4390625 0.5888888890625 0.43645833281249996 0.5759259265625001 0.43333333281249997 0.5138888890625 0.43385416718750003 0.5129629625 0.43333333281249997 0.48981481406249994 0.43541666718750005 0.4879629625 0.44375 0.4916666671875 0.44739583281249995 0.5833333328125 0.44739583281249995
1 0.69351851875 0.44635416718750004 0.7740740734375 0.4453125 0.7824074078125001 0.44427083281249996 0.7879629625 0.4401041671875 0.7870370375 0.43541666718750005 0.7787037031249999 0.43125 0.725 0.43072916718750004 0.7240740734375 0.43072916718750004 0.6879629625 0.4328125 0.6833333328125 0.43541666718750005 0.6851851859375 0.44427083281249996 0.69351851875 0.44635416718750004
1 0.872222221875 0.4536458328125 0.8824074078124999 0.4536458328125 0.9129629625 0.45 0.91944444375 0.4557291671875 0.9203703703125001 0.4526041671875 0.93148148125 0.45 0.9379629625 0.44427083281249996 0.9379629625 0.4348958328125 0.9351851859375 0.4322916671875 0.921296296875 0.4302083328125 0.9160490734375 0.4302083328125 0.8731481484374999 0.43125 0.8638888890624999 0.4380208328125 0.865740740625 0.45104166718750005 0.872222221875 0.4536458328125
1 0.9879629624999999 0.45416666718750004 0.996296296875 0.45885416718750005 0.9990740734375001 0.45885416718750005 0.9990740734375001 0.4296875 0.9953703703125001 0.4296875 0.9888888890624999 0.4322916671875 0.9861111109375 0.4359375 0.9861111109375 0.44635416718750004 0.9879629624999999 0.45416666718750004