0 0.477777778125 0.4479166671875 0.5361111109375 0.4484375 0.5453703703125 0.4453125 0.5453703703125 0.4375 0.5398148140625 0.434375 0.4981481484375 0.43333333281249997 0.497222221875 0.43333333281249997 0.4824074078125 0.43385416718750003 0.47407407343749997 0.4369791671875 0.4731481484375 0.44427083281249996 0.477777778125 0.4479166671875
0 0.44629629687500005 0.43177083281249995 0.4601851859375 0.4328125 0.465740740625 0.43072916718750004 0.4675925921875 0.4270833328125 0.46666666718750005 0.40520833281249996 0.46388888906250003 0.3958333328125 0.45555555625000005 0.3927083328125 0.4509259265625 0.3927083328125 0.44259259218749997 0.3947916671875 0.4388888890625 0.3994791671875 0.43981481406249995 0.42552083281249997 0.44629629687500005 0.43177083281249995
0 0.6805555562500001 0.4453125 0.7333333328125 0.4458333328125 0.740740740625 0.4447916671875 0.74444444375 0.4421875 0.74444444375 0.43541666718750005 0.7333333328125 0.43125 0.69351851875 0.43125 0.6925925921875 0.43125 0.6851851859375 0.43177083281249995 0.6759259265625001 0.4359375 0.6759259265625001 0.44166666718750003 0.6805555562500001 0.4453125
0 0.8546296296874999 0.4484375 0.8601851859374999 0.453125 0.877777778125 0.4536458328125 0.9046296296874999 0.446875 0.9074074078125 0.44375 0.9074074078125 0.4348958328125 0.902777778125 0.43177083281249995 0.8888888890625 0.43072916718750004 0.8879629625 0.43072916718750004 0.8703703703125001 0.43125 0.8601851859374999 0.434375 0.8546296296874999 0.4421875 0.8546296296874999 0.4484375
1 0.9175925921875001 0.4484375 0.93148148125 0.45729166718750003 0.9472222218749999 0.459375 0.9629629625 0.4578125 0.972222221875 0.45104166718750005 0.972222221875 0.43854166718750004 0.9694444437499999 0.4348958328125 0.9638888890624999 0.43177083281249995 0.9518518515625001 0.4302083328125 0.9470675921874999 0.4302083328125 0.91851851875 0.43125 0.9138888890624999 0.4369791671875 0.9138888890624999 0.4427083328125 0.9175925921875001 0.4484375
0 0.984259259375 0.45677083281249997 0.990740740625 0.45885416718750005 0.9990740734375001 0.45885416718750005 0.9990740734375001 0.4302083328125 0.990740740625 0.4302083328125 0.9824074078124999 0.43385416718750003 0.978703703125 0.4390625 0.9796296296874999 0.4526041671875 0.984259259375 0.45677083281249997
0 0.4268518515625 0.1807291671875 0.43333333281249997 0.1833333328125 0.45555555625000005 0.1828125 0.46481481406249997 0.1786458328125 0.4675925921875 0.1536458328125 0.4620370375 0.14791666718750002 0.4509259265625 0.1458333328125 0.44490740781250004 0.1458333328125 0.43148148124999997 0.146875 0.42129629687500003 0.153125 0.42222222187499997 0.175 0.4268518515625 0.1807291671875
0 0.4296296296875 0.2125 0.434259259375 0.215625 0.440740740625 0.2166666671875 0.4574074078125 0.21510416718749997 0.46481481406249997 0.20572916718749998 0.46296296249999996 0.1911458328125 0.45555555625000005 0.18697916718750002 0.447222221875 0.1864583328125 0.4453703703125 0.1864583328125 0.43240740781250003 0.1875 0.42592592656250006 0.1932291671875 0.42592592656250006 0.2052083328125 0.4296296296875 0.2125
0 0.43981481406249995 0.2546875 0.4509259265625 0.2557291671875 0.4601851859375 0.25 0.4620370375 0.22760416718749998 0.4574074078125 0.221875 0.44351851875000003 0.21979166718749998 0.44259259218749997 0.21979166718749998 0.434259259375 0.22239583281250003 0.43055555625 0.228125 0.43240740781250003 0.24583333281250003 0.43981481406249995 0.2546875
0 0.447222221875 0.3 0.4601851859375 0.2958333328125 0.4620370375 0.2901041671875 0.4611111109375 0.2666666671875 0.4583333328125 0.2625 0.4509259265625 0.259375 0.44629629687500005 0.259375 0.4370370375 0.2630208328125 0.434259259375 0.27395833281250004 0.4370370375 0.2947916671875 0.447222221875 0.3
0 0.440740740625 0.3416666671875 0.447222221875 0.34375 0.4601851859375 0.3416666671875 0.46388888906250003 0.3338541671875 0.46296296249999996 0.3104166671875 0.4601851859375 0.30625 0.45277777812500003 0.3036458328125 0.44629629687500005 0.3036458328125 0.43981481406249995 0.30520833281250004 0.4370370375 0.3078125 0.4370370375 0.3359375 0.440740740625 0.3416666671875
0 0.440740740625 0.3854166671875 0.4509259265625 0.3895833328125 0.46296296249999996 0.3864583328125 0.465740740625 0.3791666671875 0.46388888906250003 0.35208333281250004 0.459259259375 0.3489583328125 0.4509259265625 0.3479166671875 0.45 0.3479166671875 0.44166666718750003 0.35 0.4379629625 0.353125 0.4379629625 0.3791666671875 0.440740740625 0.3854166671875
1 0 0.4713541671875 0.021296296875000002 0.46875 0.025 0.4583333328125 0.0231481484375 0.4453125 0.0175925921875 0.4421875 0.00555555625 0.440625 0.003703703125 0.440625 0 0.44114583281249997 0 0.4713541671875
1 0.0296296296875 0.4640625 0.0361111109375 0.4692708328125 0.060185185937499996 0.4703125 0.0759259265625 0.4682291671875 0.08055555625000001 0.4661458328125 0.08333333281250001 0.46197916718750004 0.08333333281250001 0.4515625 0.077777778125 0.4427083328125 0.06851851875000001 0.4401041671875 0.06351851875 0.4401041671875 0.04351851875 0.4401041671875 0.03148148125 0.44427083281249996 0.027777778125000003 0.4578125 0.0296296296875 0.4640625
1 0.0888888890625 0.4635416671875 0.09351851875 0.46770833281249996 0.0990740734375 0.4692708328125 0.13148148125 0.46875 0.140740740625 0.465625 0.14351851875 0.4604166671875 0.1425925921875 0.44635416718750004 0.13888888906250002 0.4421875 0.1296296296875 0.4390625 0.12481481406249999 0.4390625 0.10555555624999999 0.4390625 0.0925925921875 0.4421875 0.0870370375 0.4557291671875 0.0888888890625 0.4635416671875
1 0.1490740734375 0.46302083281249995 0.15555555625 0.46770833281249996 0.1888888890625 0.4682291671875 0.2009259265625 0.4640625 0.20370370312500002 0.459375 0.20277777812500003 0.4453125 0.19537037031249999 0.43958333281249995 0.1888888890625 0.4380208328125 0.184259259375 0.4380208328125 0.1611111109375 0.43854166718750004 0.15 0.44322916718750005 0.146296296875 0.45729166718750003 0.1490740734375 0.46302083281249995
1 0.20740740781250003 0.459375 0.2148148140625 0.46666666718750005 0.240740740625 0.46770833281249996 0.25740740781250004 0.46510416718750003 0.26203703749999996 0.45989583281249996 0.26203703749999996 0.44635416718750004 0.259259259375 0.44166666718750003 0.25 0.4380208328125 0.244752778125 0.4380208328125 0.2166666671875 0.43854166718750004 0.2101851859375 0.4421875 0.20648148125 0.44947916718750003 0.20740740781250003 0.459375
1 0.2703703703125 0.4635416671875 0.27777777812500004 0.46666666718750005 0.30648148124999997 0.46666666718750005 0.31851851875000003 0.46302083281249995 0.3231481484375 0.4557291671875 0.321296296875 0.44322916718750005 0.3138888890625 0.4375 0.3046296296875 0.4369791671875 0.29722222187499997 0.4369791671875 0.2759259265625 0.4380208328125 0.26851851875 0.4427083328125 0.2666666671875 0.45885416718750005 0.2703703703125 0.4635416671875
1 0.33148148125 0.4635416671875 0.33703703749999997 0.465625 0.36944444375 0.465625 0.3768518515625 0.4635416671875 0.38055555625 0.4604166671875 0.378703703125 0.4427083328125 0.3740740734375 0.43854166718750004 0.36759259218749996 0.43645833281249996 0.35925925937500003 0.43645833281249996 0.3351851859375 0.4375 0.32777777812500003 0.4427083328125 0.32777777812500003 0.459375 0.33148148125 0.4635416671875
1 0.3916666671875 0.45989583281249996 0.3981481484375 0.46197916718750004 0.403703703125 0.4614583328125 0.44166666718750003 0.44947916718750003 0.4583333328125 0.44739583281249995 0.4611111109375 0.4390625 0.45370370312499997 0.4359375 0.44444444375 0.4348958328125 0.43919722187500004 0.4348958328125 0.3888888890625 0.4375 0.38333333281250004 0.4421875 0.38240740781250004 0.44739583281249995 0.3916666671875 0.45989583281249996
1 0.5583333328125 0.44739583281249995 0.5990740734375 0.4479166671875 0.647222221875 0.446875 0.6574074078125001 0.44322916718750005 0.6564814812499999 0.43645833281249996 0.647222221875 0.43333333281249997 0.6083333328125 0.4322916671875 0.60555555625 0.4322916671875 0.55648148125 0.434375 0.5518518515624999 0.4380208328125 0.5527777781250001 0.44427083281249996 0.5583333328125 0.44739583281249995
1 0.75555555625 0.4447916671875 0.8222222218749999 0.44635416718750004 0.8370370375 0.44947916718750003 0.847222221875 0.44322916718750005 0.847222221875 0.43541666718750005 0.8416666671874999 0.43177083281249995 0.7814814812499999 0.43072916718750004 0.7763888890625 0.43072916718750004 0.7611111109375 0.43072916718750004 0.7518518515625 0.43333333281249997 0.75 0.43958333281249995 0.75555555625 0.4447916671875