1 0.0129629625 0.4635416671875 0.021296296875000002 0.46979166718750004 0.053703703125 0.4692708328125 0.0638888890625 0.4661458328125 0.0648148140625 0.4479166671875 0.060185185937499996 0.4421875 0.052777778124999994 0.4401041671875 0.048148148437499996 0.4401041671875 0.0203703703125 0.440625 0.0120370375 0.4447916671875 0.0101851859375 0.4546875 0.0129629625 0.4635416671875
1 0.071296296875 0.46510416718750003 0.077777778125 0.46875 0.1120370375 0.46875 0.12129629687500001 0.46510416718750003 0.125 0.459375 0.1231481484375 0.4447916671875 0.11574074062499999 0.4401041671875 0.10555555624999999 0.4390625 0.1003083328125 0.4390625 0.078703703125 0.4401041671875 0.0703703703125 0.44635416718750004 0.06851851875000001 0.459375 0.071296296875 0.46510416718750003
1 0 0.4703125 0.0083333328125 0.4671875 0.0083333328125 0.4583333328125 0.0018518515625 0.44947916718750003 0 0.44947916718750003 0 0.4703125
1 0.13148148125 0.46510416718750003 0.1379629625 0.4682291671875 0.1703703703125 0.4682291671875 0.1768518515625 0.4671875 0.18148148125000002 0.4635416671875 0.184259259375 0.45625 0.1824074078125 0.44427083281249996 0.175 0.43958333281249995 0.1629629625 0.4380208328125 0.15925925937500002 0.4380208328125 0.13888888906250002 0.4390625 0.1296296296875 0.4447916671875 0.12870370312499999 0.4604166671875 0.13148148125 0.46510416718750003
1 0.1870370375 0.45625 0.190740740625 0.4635416671875 0.19537037031249999 0.46666666718750005 0.2046296296875 0.4682291671875 0.2259259265625 0.46770833281249996 0.23518518593749999 0.46666666718750005 0.2398148140625 0.4640625 0.24351851875000002 0.459375 0.24351851875000002 0.4458333328125 0.240740740625 0.4421875 0.2296296296875 0.4380208328125 0.22469166718750003 0.4380208328125 0.2 0.4380208328125 0.1916666671875 0.44114583281249997 0.1879629625 0.44635416718750004 0.1870370375 0.45625
1 0.253703703125 0.46458333281249997 0.259259259375 0.46666666718750005 0.2898148140625 0.46666666718750005 0.3009259265625 0.46302083281249995 0.3046296296875 0.453125 0.302777778125 0.4427083328125 0.2953703703125 0.4380208328125 0.2888888890625 0.4369791671875 0.2824074078125 0.4369791671875 0.25833333281250004 0.4380208328125 0.2509259265625 0.4421875 0.24907407343750002 0.459375 0.253703703125 0.46458333281249997
1 0.3203703703125 0.4661458328125 0.353703703125 0.465625 0.3611111109375 0.4625 0.3648148140625 0.45677083281249997 0.3638888890625 0.44322916718750005 0.3574074078125 0.4380208328125 0.35 0.43645833281249996 0.34444444375 0.43645833281249996 0.321296296875 0.4369791671875 0.3111111109375 0.4421875 0.3101851859375 0.459375 0.3203703703125 0.4661458328125
1 0.36851851875 0.45208333281249996 0.371296296875 0.45885416718750005 0.377777778125 0.46458333281249997 0.39074074062499997 0.46510416718750003 0.40092592656250003 0.46302083281249995 0.4296296296875 0.4526041671875 0.434259259375 0.4479166671875 0.43055555625 0.43854166718750004 0.4240740734375 0.4359375 0.4138888890625 0.43541666718750005 0.41111111093749997 0.43541666718750005 0.38333333281250004 0.43645833281249996 0.3731481484375 0.4390625 0.36944444375 0.44322916718750005 0.36851851875 0.45208333281249996
1 0.46944444374999994 0.4484375 0.4768518515625 0.44895833281249997 0.5388888890625 0.4484375 0.5611111109375 0.44739583281249995 0.5675925921875 0.44322916718750005 0.56851851875 0.4390625 0.5601851859375 0.434375 0.5148148140625 0.43333333281249997 0.5129629625 0.43333333281249997 0.47407407343749997 0.43385416718750003 0.465740740625 0.43958333281249995 0.46481481406249997 0.4458333328125 0.46944444374999994 0.4484375
1 0.66944444375 0.44635416718750004 0.752777778125 0.4458333328125 0.7648148140625 0.44322916718750005 0.765740740625 0.43541666718750005 0.75555555625 0.43125 0.7203703703125 0.4322916671875 0.709259259375 0.43072916718750004 0.7083333328125 0.43072916718750004 0.6666666671875 0.4328125 0.6620370375 0.43541666718750005 0.6620370375 0.4421875 0.66944444375 0.44635416718750004
1 0.8509259265625 0.45416666718750004 0.8629629624999999 0.4578125 0.884259259375 0.453125 0.896296296875 0.4526041671875 0.9037037031249999 0.45 0.91944444375 0.44895833281249997 0.9268518515625 0.44166666718750003 0.9259259265625 0.43541666718750005 0.91944444375 0.43125 0.8981481484374999 0.4302083328125 0.8898148140625001 0.4302083328125 0.8648148140625 0.43072916718750004 0.85648148125 0.434375 0.85 0.44635416718750004 0.8509259265625 0.45416666718750004
1 0.98148148125 0.45677083281249997 0.99351851875 0.459375 0.9990740734375001 0.45885416718750005 0.9990740734375001 0.4296875 0.9925925921875001 0.4296875 0.984259259375 0.4302083328125 0.977777778125 0.434375 0.9768518515625001 0.44895833281249997 0.98148148125 0.45677083281249997
0 0.4379629625 0.4401041671875 0.44629629687500005 0.4453125 0.459259259375 0.44322916718750005 0.46851851875 0.4322916671875 0.465740740625 0.41041666718750003 0.4620370375 0.40729166718750004 0.45648148125 0.40625 0.45 0.40625 0.44351851875000003 0.4078125 0.43981481406249995 0.41197916718750005 0.4379629625 0.43125 0.4379629625 0.4401041671875
0 0.44166666718750003 0.4 0.44629629687500005 0.40260416718750003 0.45555555625000005 0.403125 0.46296296249999996 0.40052083281249995 0.465740740625 0.3963541671875 0.465740740625 0.3734375 0.46296296249999996 0.365625 0.4546296296875 0.3625 0.44907407343749994 0.3625 0.44259259218749997 0.3635416671875 0.4379629625 0.3682291671875 0.4379629625 0.3932291671875 0.44166666718750003 0.4
0 0.42129629687500003 0.1348958328125 0.4296296296875 0.1395833328125 0.459259259375 0.14010416718750002 0.4675925921875 0.1359375 0.465740740625 0.128125 0.4620370375 0.128125 0.44351851875000003 0.1307291671875 0.43148148124999997 0.1291666671875 0.425 0.1307291671875 0.42129629687500003 0.1348958328125
0 0.425 0.16354166718750002 0.43055555625 0.1661458328125 0.4546296296875 0.1661458328125 0.46388888906250003 0.1630208328125 0.4675925921875 0.15572916718750002 0.46666666718750005 0.1484375 0.4620370375 0.1447916671875 0.4509259265625 0.1432291671875 0.44259259218749997 0.1432291671875 0.427777778125 0.1447916671875 0.42129629687500003 0.1484375 0.42129629687500003 0.1583333328125 0.425 0.16354166718750002
0 0.42592592656250006 0.1911458328125 0.43518518593750005 0.1963541671875 0.45555555625000005 0.1953125 0.46388888906250003 0.1911458328125 0.46481481406249997 0.1729166671875 0.45277777812500003 0.16875 0.44691388906249996 0.16875 0.43518518593750005 0.16875 0.4296296296875 0.1703125 0.42222222187499997 0.1776041671875 0.42592592656250006 0.1911458328125
0 0.42870370312499995 0.221875 0.43518518593750005 0.228125 0.44166666718750003 0.22916666718749998 0.45555555625000005 0.2286458328125 0.46296296249999996 0.2208333328125 0.46388888906250003 0.2036458328125 0.4583333328125 0.1994791671875 0.45277777812500003 0.1989583328125 0.446759259375 0.1989583328125 0.43518518593750005 0.1994791671875 0.42870370312499995 0.2036458328125 0.4268518515625 0.20989583281250002 0.42870370312499995 0.221875
0 0.4370370375 0.26875 0.44259259218749997 0.2708333328125 0.45185185156249996 0.2708333328125 0.4611111109375 0.2640625 0.4611111109375 0.23854166718749997 0.4546296296875 0.23333333281250002 0.45 0.23333333281250002 0.4370370375 0.234375 0.43240740781250003 0.2401041671875 0.434259259375 0.2645833328125 0.4370370375 0.26875
0 0.4388888890625 0.3114583328125 0.45 0.3145833328125 0.459259259375 0.31197916718749996 0.4620370375 0.30625 0.4620370375 0.2828125 0.459259259375 0.278125 0.4509259265625 0.2744791671875 0.447222221875 0.2744791671875 0.44166666718750003 0.2755208328125 0.4361111109375 0.28072916718749996 0.4361111109375 0.3067708328125 0.4388888890625 0.3114583328125
0 0.440740740625 0.3557291671875 0.4481481484375 0.35885416718749996 0.4583333328125 0.3583333328125 0.46388888906250003 0.3515625 0.46296296249999996 0.325 0.4601851859375 0.32083333281250004 0.45185185156249996 0.3182291671875 0.4509259265625 0.3177083328125 0.440740740625 0.31979166718749996 0.4370370375 0.3255208328125 0.4370370375 0.3489583328125 0.440740740625 0.3557291671875
0 0.5861111109375 0.44427083281249996 0.5916666671875 0.44739583281249995 0.647222221875 0.446875 0.6546296296875 0.4447916671875 0.6564814812499999 0.4375 0.652777778125 0.43385416718750003 0.6388888890625 0.43177083281249995 0.615740740625 0.4322916671875 0.6148148140624999 0.43177083281249995 0.5981481484375 0.4322916671875 0.5888888890625 0.434375 0.584259259375 0.4380208328125 0.5861111109375 0.44427083281249996
0 0.821296296875 0.44635416718750004 0.8361111109375001 0.45 0.8435185187500001 0.44895833281249997 0.8490740734375001 0.4421875 0.8490740734375001 0.43541666718750005 0.8416666671874999 0.43072916718750004 0.828703703125 0.43072916718750004 0.8236768515625 0.43072916718750004 0.790740740625 0.43125 0.784259259375 0.4348958328125 0.7870370375 0.44375 0.821296296875 0.44635416718750004
0 0.98055555625 0.9979166671874999 0.98055555625 0.9994791671875 0.9990740734375001 0.9994791671875 0.9990740734375001 0.9885416671874999 0.9981481484374999 0.9885416671874999 0.99444444375 0.99375 0.9898148140625 0.99375 0.9861111109375 0.9973958328125001 0.98055555625 0.9979166671874999