0 0.5555555562500001 0.44739583281249995 0.6148148140624999 0.44739583281249995 0.621296296875 0.44322916718750005 0.6203703703125 0.43645833281249996 0.6148148140624999 0.43385416718750003 0.5768518515625 0.43333333281249997 0.5759259265625001 0.4328125 0.55648148125 0.43385416718750003 0.5509259265625001 0.43645833281249996 0.55 0.44322916718750005 0.5555555562500001 0.44739583281249995
0 0.7546296296875 0.4458333328125 0.790740740625 0.44635416718750004 0.8120370375 0.4458333328125 0.8175925921875 0.44375 0.8203703703125 0.43541666718750005 0.8166666671874999 0.4322916671875 0.803703703125 0.4302083328125 0.7796296296875 0.4302083328125 0.7787037031249999 0.4302083328125 0.75555555625 0.43125 0.7490740734375 0.43333333281249997 0.7490740734375 0.44375 0.7546296296875 0.4458333328125
0 0.928703703125 0.45520833281249995 0.9379629625 0.4578125 0.9481481484375 0.4557291671875 0.952777778125 0.4505208328125 0.953703703125 0.43541666718750005 0.95 0.43125 0.94351851875 0.4302083328125 0.9379629625 0.4302083328125 0.921296296875 0.4302083328125 0.9101851859375 0.43645833281249996 0.9120370375 0.44635416718750004 0.928703703125 0.45520833281249995
0 0.44259259218749997 0.43645833281249996 0.4583333328125 0.4375 0.46666666718750005 0.4359375 0.46851851875 0.43333333281249997 0.4675925921875 0.4125 0.46388888906250003 0.4036458328125 0.4546296296875 0.40052083281249995 0.45 0.40052083281249995 0.44166666718750003 0.4036458328125 0.4388888890625 0.4078125 0.4388888890625 0.43333333281249997 0.44259259218749997 0.43645833281249996
0 0.46296296249999996 0.1520833328125 0.4675925921875 0.14791666718750002 0.46481481406249997 0.1375 0.44444444375 0.134375 0.44166666718750003 0.134375 0.42129629687500003 0.1395833328125 0.41944444374999995 0.15 0.43055555625 0.1536458328125 0.46296296249999996 0.1520833328125
0 0.427777778125 0.1760416671875 0.4620370375 0.1760416671875 0.46666666718750005 0.165625 0.465740740625 0.1614583328125 0.459259259375 0.1572916671875 0.447222221875 0.15625 0.44259259218749997 0.15625 0.4296296296875 0.1572916671875 0.42222222187499997 0.1619791671875 0.42129629687500003 0.1682291671875 0.427777778125 0.1760416671875
0 0.4583333328125 0.2052083328125 0.46481481406249997 0.1973958328125 0.46388888906250003 0.1817708328125 0.4546296296875 0.178125 0.4370370375 0.1776041671875 0.434259259375 0.1776041671875 0.4240740734375 0.1848958328125 0.42870370312499995 0.203125 0.434259259375 0.20625 0.4583333328125 0.2052083328125
0 0.43333333281249997 0.2515625 0.4370370375 0.25729166718749996 0.44351851875000003 0.2598958328125 0.45277777812500003 0.259375 0.459259259375 0.25625 0.4611111109375 0.2520833328125 0.46296296249999996 0.21614583281250002 0.4611111109375 0.21197916718749998 0.4546296296875 0.2088541671875 0.45 0.2088541671875 0.440740740625 0.2088541671875 0.43148148124999997 0.2114583328125 0.42870370312499995 0.2182291671875 0.43333333281249997 0.2515625
0 0.4379629625 0.3036458328125 0.4453703703125 0.3072916671875 0.45648148125 0.3057291671875 0.4620370375 0.2989583328125 0.4611111109375 0.2734375 0.459259259375 0.2703125 0.4509259265625 0.2677083328125 0.44629629687500005 0.2677083328125 0.4379629625 0.2703125 0.43518518593750005 0.275 0.4361111109375 0.3 0.4379629625 0.3036458328125
0 0.44166666718750003 0.3505208328125 0.44907407343749994 0.3526041671875 0.4583333328125 0.35104166718749996 0.46388888906250003 0.3453125 0.46296296249999996 0.3177083328125 0.45555555625000005 0.31302083281250004 0.45 0.31302083281250004 0.44259259218749997 0.3135416671875 0.4370370375 0.31875 0.4370370375 0.3453125 0.44166666718750003 0.3505208328125
0 0.44259259218749997 0.3947916671875 0.44907407343749994 0.396875 0.4583333328125 0.3963541671875 0.46296296249999996 0.3942708328125 0.46666666718750005 0.3848958328125 0.46388888906250003 0.3609375 0.459259259375 0.3578125 0.45185185156249996 0.3567708328125 0.4509259265625 0.35625 0.44351851875000003 0.3578125 0.4379629625 0.3625 0.4388888890625 0.3890625 0.44259259218749997 0.3947916671875
1 0.9620370375 0.45885416718750005 0.9990740734375001 0.4583333328125 0.9990740734375001 0.4302083328125 0.9898148140625 0.4296875 0.9839509265625 0.4296875 0.9675925921875 0.4302083328125 0.9601851859374999 0.4348958328125 0.9574074078124999 0.45520833281249995 0.9620370375 0.45885416718750005
1 0.8296296296874999 0.4484375 0.85 0.45520833281249995 0.8638888890624999 0.45625 0.877777778125 0.453125 0.890740740625 0.44895833281249997 0.8981481484374999 0.44375 0.897222221875 0.4369791671875 0.8888888890625 0.4322916671875 0.8444444437499999 0.43125 0.8388888890624999 0.43125 0.8333333328125001 0.43125 0.8268518515625001 0.434375 0.825 0.4447916671875 0.8296296296874999 0.4484375
1 0.63148148125 0.44635416718750004 0.6481481484375 0.44739583281249995 0.7203703703125 0.4458333328125 0.7240740734375 0.4453125 0.7296296296875 0.440625 0.727777778125 0.43541666718750005 0.7166666671875 0.43177083281249995 0.6546296296875 0.4322916671875 0.6537037031249999 0.43177083281249995 0.6324074078125 0.43333333281249997 0.627777778125 0.43541666718750005 0.625 0.4401041671875 0.63148148125 0.44635416718750004
1 0.43518518593750005 0.4380208328125 0.42314814843750004 0.4390625 0.42314814843750004 0.44635416718750004 0.43333333281249997 0.44947916718750003 0.43981481406249995 0.4479166671875 0.503703703125 0.44895833281249997 0.522222221875 0.4484375 0.5314814812499999 0.4447916671875 0.5314814812499999 0.43854166718750004 0.5240740734375 0.4348958328125 0.48425925937500003 0.434375 0.48055555625 0.434375 0.4731481484375 0.4348958328125 0.4546296296875 0.440625 0.4453703703125 0.440625 0.43518518593750005 0.4380208328125
1 0.3601851859375 0.4609375 0.36944444375 0.465625 0.397222221875 0.4635416671875 0.403703703125 0.4614583328125 0.4166666671875 0.4526041671875 0.4138888890625 0.4421875 0.4074074078125 0.4369791671875 0.3740740734375 0.43645833281249996 0.36944444375 0.43645833281249996 0.3611111109375 0.43958333281249995 0.3583333328125 0.44322916718750005 0.3574074078125 0.45520833281249995 0.3601851859375 0.4609375
1 0.29722222187499997 0.45625 0.3046296296875 0.46510416718750003 0.3120370375 0.46666666718750005 0.33055555625 0.46666666718750005 0.3453703703125 0.46510416718750003 0.35 0.4625 0.3546296296875 0.4546875 0.352777778125 0.44322916718750005 0.34629629687499996 0.4380208328125 0.3379629625 0.4369791671875 0.3333333328125 0.4369791671875 0.3083333328125 0.4375 0.3009259265625 0.440625 0.29722222187499997 0.44635416718750004 0.29722222187499997 0.45625
1 0.2388888890625 0.4625 0.24351851875000002 0.4661458328125 0.2731481484375 0.4671875 0.28148148125 0.46666666718750005 0.2888888890625 0.4640625 0.29351851875 0.45885416718750005 0.29351851875 0.44635416718750004 0.290740740625 0.44166666718750003 0.27870370312500004 0.4375 0.272222221875 0.4375 0.24814814843750002 0.4380208328125 0.2388888890625 0.4421875 0.23611111093749998 0.45520833281249995 0.2388888890625 0.4625
1 0.1759259265625 0.45989583281249996 0.178703703125 0.46458333281249997 0.184259259375 0.46770833281249996 0.21944444375 0.46770833281249996 0.2296296296875 0.4640625 0.23333333281250002 0.45885416718750005 0.23240740781250002 0.4458333328125 0.22685185156249998 0.440625 0.2166666671875 0.4380208328125 0.21111111093749999 0.4380208328125 0.1851851859375 0.43854166718750004 0.17962962968750001 0.44166666718750003 0.175 0.44947916718750003 0.1759259265625 0.45989583281249996
1 0.11944444375 0.4661458328125 0.12592592656249998 0.46875 0.1620370375 0.4682291671875 0.1703703703125 0.4635416671875 0.1703703703125 0.44427083281249996 0.1611111109375 0.4390625 0.1481481484375 0.43854166718750004 0.14351851875 0.43854166718750004 0.1231481484375 0.440625 0.1166666671875 0.446875 0.1148148140625 0.45885416718750005 0.11944444375 0.4661458328125
1 0.0574074078125 0.4625 0.061111110937500004 0.46770833281249996 0.075 0.46979166718750004 0.0981481484375 0.4692708328125 0.1101851859375 0.465625 0.1120370375 0.44739583281249995 0.10648148125000001 0.44166666718750003 0.09629629687499999 0.43958333281249995 0.0953703703125 0.4390625 0.0740740734375 0.43958333281249995 0.0620370375 0.44322916718750005 0.0574074078125 0.45104166718750005 0.0574074078125 0.4625
1 0 0.46510416718750003 0.00555555625 0.46979166718750004 0.0111111109375 0.47083333281249995 0.04444444375 0.4692708328125 0.052777778124999994 0.46458333281249997 0.052777778124999994 0.44635416718750004 0.04444444375 0.44114583281249997 0.022222221875 0.4401041671875 0.0175925921875 0.4401041671875 0.00555555625 0.44166666718750003 0 0.4458333328125 0 0.46510416718750003