1 0.5694444437499999 0.4479166671875 0.5768518515625 0.44739583281249995 0.584259259375 0.44322916718750005 0.584259259375 0.4375 0.5768518515625 0.43385416718750003 0.522222221875 0.4328125 0.51944444375 0.4328125 0.4824074078125 0.4348958328125 0.4824074078125 0.4458333328125 0.48981481406249994 0.4484375 0.5694444437499999 0.4479166671875
1 0.678703703125 0.44322916718750005 0.6851851859375 0.4458333328125 0.7518518515625 0.4458333328125 0.771296296875 0.4453125 0.7805555562500001 0.44166666718750003 0.7787037031249999 0.43385416718750003 0.771296296875 0.43177083281249995 0.709259259375 0.43072916718750004 0.7083333328125 0.43072916718750004 0.6916666671875 0.43125 0.68148148125 0.43333333281249997 0.6768518515624999 0.43854166718750004 0.678703703125 0.44322916718750005
1 0.8759259265624999 0.45416666718750004 0.8879629625 0.4505208328125 0.9231481484374999 0.44947916718750003 0.93148148125 0.4458333328125 0.9333333328125001 0.4369791671875 0.9277777781250001 0.43177083281249995 0.8731481484374999 0.43072916718750004 0.872222221875 0.43072916718750004 0.8629629624999999 0.43541666718750005 0.8601851859374999 0.4427083328125 0.8611111109375 0.45104166718750005 0.8759259265624999 0.45416666718750004
1 0.99351851875 0.459375 0.9990740734375001 0.45885416718750005 0.9990740734375001 0.4296875 0.9925925921875001 0.4296875 0.9833333328125 0.4328125 0.98055555625 0.4479166671875 0.9851851859374999 0.45677083281249997 0.99351851875 0.459375
1 0.38240740781250004 0.4635416671875 0.3916666671875 0.46458333281249997 0.4 0.46302083281249995 0.4379629625 0.44947916718750003 0.43981481406249995 0.4421875 0.43518518593750005 0.4369791671875 0.43148148124999997 0.43541666718750005 0.4148148140625 0.43541666718750005 0.409259259375 0.43541666718750005 0.384259259375 0.43645833281249996 0.3759259265625 0.440625 0.3740740734375 0.45416666718750004 0.38240740781250004 0.4635416671875
1 0.3138888890625 0.4583333328125 0.3231481484375 0.465625 0.3620370375 0.46510416718750003 0.36851851875 0.4609375 0.36851851875 0.4427083328125 0.3611111109375 0.4369791671875 0.352777778125 0.43645833281249996 0.34444444375 0.43645833281249996 0.325 0.4369791671875 0.315740740625 0.44166666718750003 0.3129629625 0.446875 0.3138888890625 0.4583333328125
1 0.25555555625 0.4625 0.2601851859375 0.465625 0.2916666671875 0.46666666718750005 0.3046296296875 0.4635416671875 0.309259259375 0.4578125 0.309259259375 0.44635416718750004 0.30648148124999997 0.44114583281249997 0.2953703703125 0.4369791671875 0.290740740625 0.4369791671875 0.2666666671875 0.4375 0.25555555625 0.44166666718750003 0.252777778125 0.45520833281249995 0.25555555625 0.4625
1 0.1925925921875 0.45677083281249997 0.197222221875 0.46458333281249997 0.20277777812500003 0.4671875 0.23518518593749999 0.4671875 0.246296296875 0.46302083281249995 0.24907407343750002 0.45989583281249996 0.24907407343750002 0.44635416718750004 0.246296296875 0.4421875 0.23611111093749998 0.4380208328125 0.2311731484375 0.4380208328125 0.20648148125 0.4380208328125 0.196296296875 0.4421875 0.1925925921875 0.44895833281249997 0.1925925921875 0.45677083281249997
1 0.13703703750000001 0.465625 0.14444444375 0.4682291671875 0.178703703125 0.46770833281249996 0.1870370375 0.4635416671875 0.1888888890625 0.4604166671875 0.1898148140625 0.4526041671875 0.1861111109375 0.4427083328125 0.177777778125 0.43854166718750004 0.1620370375 0.4380208328125 0.1611111109375 0.4380208328125 0.1416666671875 0.4401041671875 0.134259259375 0.4458333328125 0.134259259375 0.46197916718750004 0.13703703750000001 0.465625
1 0.0759259265625 0.46666666718750005 0.08333333281250001 0.46875 0.10185185156250001 0.4692708328125 0.1175925921875 0.46875 0.1268518515625 0.465625 0.1296296296875 0.459375 0.12870370312499999 0.44739583281249995 0.1268518515625 0.44322916718750005 0.11574074062499999 0.4390625 0.11074074062499999 0.4390625 0.09074074062500001 0.4390625 0.078703703125 0.4421875 0.0731481484375 0.45 0.0759259265625 0.46666666718750005
1 0.0203703703125 0.46875 0.027777778125000003 0.4703125 0.046296296875 0.46979166718750004 0.060185185937499996 0.46875 0.0666666671875 0.46666666718750005 0.0703703703125 0.45885416718750005 0.06851851875000001 0.44635416718750004 0.0629629625 0.44166666718750003 0.051851851562499995 0.43958333281249995 0.0490740734375 0.43958333281249995 0.0231481484375 0.44114583281249997 0.015740740625 0.4458333328125 0.0148148140625 0.46197916718750004 0.0203703703125 0.46875
1 0 0.46875 0.0074074078125 0.46666666718750005 0.0101851859375 0.45989583281249996 0.0101851859375 0.4484375 0.0018518515625 0.4421875 0 0.4421875 0 0.46875
0 0.434259259375 0.1427083328125 0.46388888906250003 0.1421875 0.46851851875 0.1348958328125 0.465740740625 0.1286458328125 0.46296296249999996 0.1286458328125 0.42592592656250006 0.1302083328125 0.4203703703125 0.13333333281249998 0.42129629687500003 0.14010416718750002 0.434259259375 0.1427083328125
0 0.42222222187499997 0.1619791671875 0.43148148124999997 0.1682291671875 0.4574074078125 0.1682291671875 0.46481481406249997 0.16458333281249998 0.4675925921875 0.1510416671875 0.4611111109375 0.1463541671875 0.44444444375 0.1447916671875 0.44259259218749997 0.1447916671875 0.43148148124999997 0.1458333328125 0.4240740734375 0.14895833281249998 0.4203703703125 0.153125 0.42222222187499997 0.1619791671875
0 0.434259259375 0.1989583328125 0.4574074078125 0.1979166671875 0.46481481406249997 0.1901041671875 0.46481481406249997 0.1760416671875 0.45648148125 0.17135416718750002 0.43981481406249995 0.17135416718750002 0.4388888890625 0.1708333328125 0.4296296296875 0.17239583281249998 0.42314814843750004 0.1776041671875 0.4268518515625 0.1942708328125 0.434259259375 0.1989583328125
0 0.434259259375 0.23072916718749997 0.43981481406249995 0.2322916671875 0.4546296296875 0.23177083281250002 0.4611111109375 0.2265625 0.46388888906250003 0.2078125 0.4611111109375 0.2036458328125 0.45648148125 0.20208333281250002 0.4506175921875 0.20208333281250002 0.43518518593750005 0.2026041671875 0.42870370312499995 0.20729166718749997 0.42870370312499995 0.22291666718749997 0.434259259375 0.23072916718749997
0 0.4379629625 0.271875 0.4453703703125 0.275 0.4509259265625 0.275 0.4583333328125 0.2713541671875 0.4611111109375 0.2645833328125 0.4601851859375 0.240625 0.45370370312499997 0.2364583328125 0.447222221875 0.2364583328125 0.4388888890625 0.23697916718749998 0.43240740781250003 0.24322916718749998 0.434259259375 0.2645833328125 0.4379629625 0.271875
0 0.44259259218749997 0.3182291671875 0.45 0.3192708328125 0.459259259375 0.315625 0.4620370375 0.3114583328125 0.4620370375 0.2875 0.459259259375 0.28177083281250004 0.4509259265625 0.2786458328125 0.45 0.2786458328125 0.43981481406249995 0.2802083328125 0.4361111109375 0.2848958328125 0.4370370375 0.3145833328125 0.44259259218749997 0.3182291671875
0 0.44259259218749997 0.3625 0.447222221875 0.3640625 0.4574074078125 0.3630208328125 0.46388888906250003 0.3572916671875 0.46296296249999996 0.32864583281250004 0.4583333328125 0.3244791671875 0.4509259265625 0.3223958328125 0.44907407343749994 0.3223958328125 0.44259259218749997 0.3234375 0.4370370375 0.328125 0.4379629625 0.3572916671875 0.44259259218749997 0.3625
0 0.44166666718750003 0.4057291671875 0.45277777812500003 0.4078125 0.46296296249999996 0.40625 0.46481481406249997 0.40416666718750005 0.465740740625 0.3770833328125 0.46296296249999996 0.3708333328125 0.45185185156249996 0.3671875 0.45 0.3671875 0.440740740625 0.3703125 0.4379629625 0.37447916718749996 0.4379629625 0.3947916671875 0.44166666718750003 0.4057291671875
0 0.45370370312499997 0.44739583281249995 0.46666666718750005 0.44739583281249995 0.47407407343749997 0.44322916718750005 0.475 0.4390625 0.46851851875 0.4322916671875 0.465740740625 0.41510416718750004 0.4583333328125 0.4114583328125 0.45 0.4114583328125 0.43981481406249995 0.41614583281249995 0.43981481406249995 0.4369791671875 0.447222221875 0.44427083281249996 0.45370370312499997 0.44739583281249995
0 0.6074074078125 0.446875 0.659259259375 0.446875 0.671296296875 0.44375 0.672222221875 0.43854166718750004 0.66851851875 0.43333333281249997 0.6620370375 0.43177083281249995 0.6231481484375 0.43177083281249995 0.6203703703125 0.43177083281249995 0.6101851859375 0.4322916671875 0.6009259265625 0.4359375 0.6 0.44114583281249997 0.6074074078125 0.446875
0 0.825 0.44739583281249995 0.8435185187500001 0.4526041671875 0.8518518515625001 0.45104166718750005 0.85648148125 0.440625 0.85648148125 0.43541666718750005 0.852777778125 0.4322916671875 0.847222221875 0.43072916718750004 0.8101851859375 0.4302083328125 0.809259259375 0.4302083328125 0.7990740734374999 0.4348958328125 0.8 0.44114583281249997 0.803703703125 0.44427083281249996 0.825 0.44739583281249995
0 0.9472222218749999 0.4578125 0.9509259265625 0.45729166718750003 0.953703703125 0.45885416718750005 0.9703703703125001 0.4583333328125 0.9759259265625 0.4505208328125 0.9740740734375001 0.4359375 0.9685185187500001 0.43177083281249995 0.959259259375 0.43072916718750004 0.9583333328125001 0.43072916718750004 0.9509259265625 0.4322916671875 0.946296296875 0.43541666718750005 0.9378787031250001 0.45066666718750004 0.9472222218749999 0.4578125