1 0.397222221875 0.45625 0.4046296296875 0.45885416718750005 0.41018518593750003 0.45885416718750005 0.44629629687500005 0.4479166671875 0.48148148125 0.44739583281249995 0.48333333281249996 0.44635416718750004 0.478703703125 0.44427083281249996 0.478703703125 0.4421875 0.48518518593750004 0.44166666718750003 0.4879629625 0.43958333281249995 0.4703703703125 0.4380208328125 0.45370370312499997 0.44114583281249997 0.43518518593750005 0.4348958328125 0.43240740781250003 0.4348958328125 0.4 0.43645833281249996 0.39351851875 0.43854166718750004 0.39074074062499997 0.4484375 0.397222221875 0.45625
1 0.33148148125 0.45520833281249995 0.3379629625 0.4640625 0.352777778125 0.4661458328125 0.377777778125 0.465625 0.384259259375 0.4640625 0.3898148140625 0.45885416718750005 0.3879629625 0.446875 0.3851851859375 0.44114583281249997 0.3759259265625 0.43645833281249996 0.3740740734375 0.43645833281249996 0.3416666671875 0.4375 0.3351851859375 0.440625 0.33148148125 0.44739583281249995 0.33148148125 0.45520833281249995
1 0.27870370312500004 0.46510416718750003 0.28611111093749997 0.46666666718750005 0.3138888890625 0.46666666718750005 0.3231481484375 0.4640625 0.32777777812500003 0.45885416718750005 0.32777777812500003 0.446875 0.325 0.44114583281249997 0.315740740625 0.4369791671875 0.310802778125 0.4369791671875 0.2851851859375 0.4375 0.275 0.44166666718750003 0.271296296875 0.45625 0.27870370312500004 0.46510416718750003
1 0.2166666671875 0.46510416718750003 0.22407407343750002 0.4671875 0.240740740625 0.46770833281249996 0.253703703125 0.4671875 0.2638888890625 0.4635416671875 0.2675925921875 0.45885416718750005 0.2675925921875 0.44895833281249997 0.2648148140625 0.4421875 0.25648148125 0.4380208328125 0.25148148125 0.4380208328125 0.22314814843750003 0.43854166718750004 0.2148148140625 0.4421875 0.21203703749999997 0.4578125 0.2166666671875 0.46510416718750003
1 0.15648148125 0.4640625 0.1629629625 0.46770833281249996 0.16944444375 0.46875 0.19351851874999998 0.4682291671875 0.20370370312500002 0.465625 0.20833333281250002 0.459375 0.209259259375 0.4515625 0.20555555625 0.4427083328125 0.19351851874999998 0.4380208328125 0.1703703703125 0.43854166718750004 0.16944444375 0.4380208328125 0.1629629625 0.4390625 0.15555555625 0.4447916671875 0.15370370312499998 0.4578125 0.15648148125 0.4640625
1 0.097222221875 0.465625 0.10555555624999999 0.46875 0.13333333281249998 0.46875 0.14351851875 0.4671875 0.15 0.4583333328125 0.15 0.44895833281249997 0.146296296875 0.4427083328125 0.1361111109375 0.4390625 0.11574074062499999 0.4390625 0.1148148140625 0.43854166718750004 0.10092592656249999 0.440625 0.09444444375 0.44635416718750004 0.09351851875 0.45989583281249996 0.097222221875 0.465625
1 0.04444444375 0.4692708328125 0.07685185156249999 0.4692708328125 0.08333333281250001 0.4682291671875 0.0870370375 0.465625 0.0898148140625 0.4578125 0.08796296249999999 0.4453125 0.08333333281250001 0.44166666718750003 0.0675925921875 0.43958333281249995 0.065740740625 0.43958333281249995 0.046296296875 0.440625 0.0388888890625 0.4458333328125 0.0361111109375 0.459375 0.04444444375 0.4692708328125
1 0 0.47083333281249995 0.021296296875000002 0.46979166718750004 0.030555556249999997 0.465625 0.0333333328125 0.45885416718750005 0.03148148125 0.44739583281249995 0.027777778125000003 0.44322916718750005 0.021296296875000002 0.44114583281249997 0.015972221875 0.44114583281249997 0 0.44114583281249997 0 0.47083333281249995
1 0.5916666671875 0.44739583281249995 0.6731481484375 0.446875 0.6861111109375 0.44427083281249996 0.6879629625 0.4375 0.684259259375 0.43385416718750003 0.6620370375 0.43177083281249995 0.6601851859375001 0.43177083281249995 0.590740740625 0.43385416718750003 0.5851851859375 0.4369791671875 0.5851851859375 0.44322916718750005 0.5916666671875 0.44739583281249995
1 0.7879629625 0.44427083281249996 0.8194444437499999 0.44635416718750004 0.8490740734375001 0.45416666718750004 0.8611111109375 0.4526041671875 0.86944444375 0.44427083281249996 0.86851851875 0.4380208328125 0.8648148140625 0.434375 0.85648148125 0.43125 0.8120370375 0.43072916718750004 0.80694444375 0.43072916718750004 0.7916666671875 0.43072916718750004 0.7861111109375 0.4328125 0.784259259375 0.4401041671875 0.7879629625 0.44427083281249996
1 0.93148148125 0.4557291671875 0.9379629625 0.45885416718750005 0.9453703703125 0.459375 0.978703703125 0.4583333328125 0.9851851859374999 0.45208333281249996 0.9861111109375 0.44114583281249997 0.9833333328125 0.43333333281249997 0.975 0.4302083328125 0.9583333328125001 0.4296875 0.9546296296874999 0.4296875 0.9425925921875 0.43125 0.9379629625 0.434375 0.9305555562500001 0.44947916718750003 0.93148148125 0.4557291671875
0 0.425 0.1359375 0.43333333281249997 0.1395833328125 0.4620370375 0.1395833328125 0.4675925921875 0.1348958328125 0.46666666718750005 0.1276041671875 0.465740740625 0.1270833328125 0.45185185156249996 0.1307291671875 0.4296296296875 0.1291666671875 0.42592592656250006 0.1307291671875 0.425 0.1359375
0 0.427777778125 0.16354166718750002 0.4583333328125 0.16354166718750002 0.46388888906250003 0.1609375 0.46666666718750005 0.15572916718750002 0.46388888906250003 0.1447916671875 0.447222221875 0.1427083328125 0.4453703703125 0.1427083328125 0.4296296296875 0.14375 0.42222222187499997 0.146875 0.42129629687500003 0.15625 0.427777778125 0.16354166718750002
0 0.43518518593750005 0.1942708328125 0.4583333328125 0.1932291671875 0.46296296249999996 0.190625 0.46481481406249997 0.1864583328125 0.46388888906250003 0.1703125 0.4509259265625 0.1666666671875 0.4361111109375 0.1666666671875 0.43518518593750005 0.1666666671875 0.427777778125 0.16875 0.42314814843750004 0.1734375 0.425 0.1890625 0.43518518593750005 0.1942708328125
0 0.43518518593750005 0.22552083281250002 0.44259259218749997 0.2265625 0.4574074078125 0.2244791671875 0.46296296249999996 0.2182291671875 0.46388888906250003 0.2026041671875 0.4546296296875 0.196875 0.448765740625 0.196875 0.43518518593750005 0.1973958328125 0.427777778125 0.2036458328125 0.42870370312499995 0.2208333328125 0.43518518593750005 0.22552083281250002
0 0.43981481406249995 0.26510416718749996 0.4509259265625 0.26614583281250004 0.4583333328125 0.2635416671875 0.4601851859375 0.2604166671875 0.4620370375 0.23958333281250002 0.4583333328125 0.2322916671875 0.45185185156249996 0.23020833281250003 0.44444444375 0.23020833281250003 0.44351851875000003 0.23020833281250003 0.4370370375 0.23177083281250002 0.43240740781250003 0.2364583328125 0.434259259375 0.259375 0.43981481406249995 0.26510416718749996
0 0.4379629625 0.30625 0.44444444375 0.309375 0.45648148125 0.3083333328125 0.4620370375 0.3020833328125 0.4620370375 0.2796875 0.4601851859375 0.2744791671875 0.45370370312499997 0.2703125 0.44907407343749994 0.2703125 0.4379629625 0.2723958328125 0.43518518593750005 0.2786458328125 0.4361111109375 0.3026041671875 0.4379629625 0.30625
0 0.44629629687500005 0.3536458328125 0.459259259375 0.3515625 0.46388888906250003 0.3453125 0.46296296249999996 0.3203125 0.4546296296875 0.3140625 0.44629629687500005 0.3140625 0.4370370375 0.31979166718749996 0.4370370375 0.3453125 0.43981481406249995 0.3505208328125 0.44629629687500005 0.3536458328125
0 0.44166666718750003 0.3942708328125 0.44907407343749994 0.396875 0.4583333328125 0.3963541671875 0.46296296249999996 0.39375 0.465740740625 0.3885416671875 0.46388888906250003 0.3619791671875 0.4546296296875 0.3578125 0.44907407343749994 0.3578125 0.43981481406249995 0.3609375 0.4379629625 0.3645833328125 0.4388888890625 0.3890625 0.44166666718750003 0.3942708328125
0 0.44259259218749997 0.43645833281249996 0.46388888906250003 0.4380208328125 0.46851851875 0.43541666718750005 0.46666666718750005 0.409375 0.46296296249999996 0.403125 0.4546296296875 0.4010416671875 0.45 0.4010416671875 0.44166666718750003 0.4036458328125 0.4388888890625 0.4078125 0.4388888890625 0.43333333281249997 0.44259259218749997 0.43645833281249996
0 0.5120370375000001 0.44739583281249995 0.5694444437499999 0.4479166671875 0.5759259265625001 0.446875 0.578703703125 0.44375 0.578703703125 0.43854166718750004 0.5731481484375001 0.434375 0.5296296296875 0.43333333281249997 0.5268518515625 0.43333333281249997 0.515740740625 0.43385416718750003 0.5083333328124999 0.43645833281249996 0.5074074078125 0.44322916718750005 0.5120370375000001 0.44739583281249995
0 0.7148148140624999 0.4458333328125 0.7731481484375 0.4447916671875 0.7787037031249999 0.43958333281249995 0.7768518515625 0.434375 0.771296296875 0.43177083281249995 0.75555555625 0.43072916718750004 0.7546296296875 0.43072916718750004 0.715740740625 0.43125 0.70648148125 0.43541666718750005 0.7074074078125 0.4427083328125 0.7148148140624999 0.4458333328125
0 0.884259259375 0.44947916718750003 0.91851851875 0.44947916718750003 0.9277777781250001 0.4447916671875 0.9296296296875 0.434375 0.9203703703125001 0.43072916718750004 0.9055555562500001 0.4302083328125 0.8990740734375 0.4302083328125 0.884259259375 0.43125 0.8759259265624999 0.4359375 0.8759259265624999 0.44375 0.884259259375 0.44947916718750003