0 0.45277777812500003 0.4453125 0.4611111109375 0.4484375 0.4879629625 0.4484375 0.49629629687500004 0.446875 0.4990740734375 0.44375 0.4981481484375 0.4375 0.4916666671875 0.434375 0.471296296875 0.4328125 0.46481481406249997 0.42291666718750004 0.45555555625000005 0.42083333281249996 0.4546296296875 0.4203125 0.4453703703125 0.421875 0.44166666718750003 0.42552083281249997 0.44166666718750003 0.43385416718750003 0.45277777812500003 0.4453125
0 0.42222222187499997 0.1447916671875 0.43240740781250003 0.1484375 0.4620370375 0.1473958328125 0.4675925921875 0.1427083328125 0.465740740625 0.1328125 0.4608796296875 0.1328125 0.44629629687500005 0.1328125 0.42314814843750004 0.1359375 0.4203703703125 0.1375 0.42222222187499997 0.1447916671875
0 0.427777778125 0.1760416671875 0.4546296296875 0.1765625 0.4620370375 0.175 0.4675925921875 0.1630208328125 0.465740740625 0.1546875 0.459259259375 0.1510416671875 0.45277777812500003 0.1505208328125 0.4478398140625 0.1505208328125 0.427777778125 0.1520833328125 0.42222222187499997 0.15625 0.42129629687500003 0.1671875 0.427777778125 0.1760416671875
0 0.427777778125 0.2026041671875 0.43518518593750005 0.2078125 0.4574074078125 0.20677083281250003 0.46388888906250003 0.2015625 0.46388888906250003 0.1822916671875 0.4574074078125 0.17916666718750002 0.44444444375 0.178125 0.44351851875000003 0.178125 0.43240740781250003 0.17916666718750002 0.4268518515625 0.1822916671875 0.4240740734375 0.18697916718750002 0.427777778125 0.2026041671875
0 0.4361111109375 0.2416666671875 0.44259259218749997 0.24322916718749998 0.45555555625000005 0.2421875 0.4620370375 0.2359375 0.46296296249999996 0.2166666671875 0.4601851859375 0.2125 0.45277777812500003 0.2104166671875 0.446759259375 0.2104166671875 0.43518518593750005 0.2114583328125 0.42870370312499995 0.21875 0.43333333281249997 0.2390625 0.4361111109375 0.2416666671875
0 0.4379629625 0.2833333328125 0.44444444375 0.2859375 0.45277777812500003 0.2854166671875 0.4611111109375 0.2802083328125 0.4611111109375 0.2536458328125 0.4583333328125 0.2494791671875 0.45185185156249996 0.246875 0.44444444375 0.246875 0.4370370375 0.2494791671875 0.43333333281249997 0.2552083328125 0.4361111109375 0.2802083328125 0.4379629625 0.2833333328125
0 0.4388888890625 0.3260416671875 0.44351851875000003 0.3291666671875 0.45 0.3302083328125 0.4601851859375 0.32760416718749996 0.46296296249999996 0.321875 0.46296296249999996 0.2984375 0.4583333328125 0.2916666671875 0.4509259265625 0.28958333281250004 0.4481481484375 0.28958333281250004 0.44259259218749997 0.2901041671875 0.4379629625 0.2932291671875 0.4361111109375 0.3072916671875 0.4388888890625 0.3260416671875
0 0.44259259218749997 0.3713541671875 0.4481481484375 0.3734375 0.45648148125 0.3734375 0.4620370375 0.3708333328125 0.46481481406249997 0.3651041671875 0.46388888906250003 0.3380208328125 0.4583333328125 0.3338541671875 0.45185185156249996 0.3333333328125 0.4509259265625 0.3328125 0.44166666718750003 0.334375 0.4379629625 0.3369791671875 0.4379629625 0.3651041671875 0.44259259218749997 0.3713541671875
0 0.44444444375 0.41614583281249995 0.45648148125 0.41822916718750003 0.465740740625 0.41302083281249996 0.46666666718750005 0.39010416718749996 0.46388888906250003 0.3802083328125 0.45555555625000005 0.3770833328125 0.4509259265625 0.3770833328125 0.44351851875000003 0.3786458328125 0.4388888890625 0.38333333281250004 0.4388888890625 0.40833333281249995 0.44444444375 0.41614583281249995
0 0.63148148125 0.4458333328125 0.6620370375 0.446875 0.6925925921875 0.4458333328125 0.6972222218749999 0.44375 0.6981481484375001 0.43645833281249996 0.6925925921875 0.4328125 0.6555555562500001 0.43177083281249995 0.6509259265625 0.43177083281249995 0.6416666671875 0.43177083281249995 0.628703703125 0.4348958328125 0.6259259265625 0.43958333281249995 0.63148148125 0.4458333328125
0 0.85555555625 0.45625 0.8648148140625 0.45520833281249995 0.8740740734375001 0.44895833281249997 0.872222221875 0.43541666718750005 0.8648148140625 0.43177083281249995 0.8425925921875 0.4302083328125 0.8388888890624999 0.4302083328125 0.827777778125 0.43541666718750005 0.827777778125 0.44739583281249995 0.847222221875 0.4546875 0.85555555625 0.45625
0 0.952777778125 0.45520833281249995 0.95648148125 0.4583333328125 0.9620370375 0.459375 0.98148148125 0.45885416718750005 0.9879629624999999 0.453125 0.9879629624999999 0.43645833281249996 0.9833333328125 0.43125 0.978703703125 0.4302083328125 0.972222221875 0.4302083328125 0.9611111109375001 0.43177083281249995 0.95555555625 0.4359375 0.953703703125 0.440625 0.952777778125 0.45520833281249995
1 0 0.4703125 0.002777778125 0.4703125 0.009259259374999999 0.46875 0.013888889062500001 0.46510416718750003 0.015740740625 0.4505208328125 0.0111111109375 0.44375 0.0018518515625 0.44114583281249997 0 0.44114583281249997 0 0.4703125
1 0.0203703703125 0.4635416671875 0.027777778125000003 0.4692708328125 0.059259259375 0.46979166718750004 0.071296296875 0.46666666718750005 0.075 0.4604166671875 0.075 0.44739583281249995 0.0666666671875 0.44114583281249997 0.061111110937500004 0.4401041671875 0.0561111109375 0.4401041671875 0.030555556249999997 0.440625 0.021296296875000002 0.4453125 0.018518518749999997 0.45104166718750005 0.0203703703125 0.4635416671875
1 0.0824074078125 0.465625 0.0916666671875 0.4692708328125 0.12592592656249998 0.4682291671875 0.13148148125 0.4661458328125 0.1351851859375 0.4609375 0.1351851859375 0.4458333328125 0.12592592656249998 0.4401041671875 0.10185185156250001 0.4390625 0.0981481484375 0.4390625 0.0861111109375 0.44114583281249997 0.07962962968750001 0.44635416718750004 0.078703703125 0.459375 0.0824074078125 0.465625
1 0.15 0.4682291671875 0.178703703125 0.4682291671875 0.1916666671875 0.4640625 0.19351851874999998 0.44635416718750004 0.190740740625 0.4421875 0.178703703125 0.4380208328125 0.1703703703125 0.4380208328125 0.15 0.4390625 0.1416666671875 0.44375 0.13981481406250001 0.4609375 0.15 0.4682291671875
1 0.1981481484375 0.45885416718750005 0.2009259265625 0.4640625 0.20648148125 0.46666666718750005 0.240740740625 0.4671875 0.25 0.4640625 0.253703703125 0.4578125 0.252777778125 0.44427083281249996 0.2416666671875 0.4380208328125 0.2370370375 0.4380208328125 0.209259259375 0.4380208328125 0.2018518515625 0.44166666718750003 0.1981481484375 0.446875 0.1981481484375 0.45885416718750005
1 0.25833333281250004 0.4578125 0.2648148140625 0.46510416718750003 0.271296296875 0.46666666718750005 0.29907407343750003 0.46666666718750005 0.30648148124999997 0.46510416718750003 0.3111111109375 0.46197916718750004 0.3138888890625 0.4557291671875 0.3120370375 0.44322916718750005 0.3 0.4369791671875 0.29351851875 0.4369791671875 0.271296296875 0.4375 0.2611111109375 0.4421875 0.25833333281250004 0.4458333328125 0.25833333281250004 0.4578125
1 0.31759259218749997 0.45729166718750003 0.32592592656249997 0.46510416718750003 0.353703703125 0.4661458328125 0.36944444375 0.4635416671875 0.3740740734375 0.4583333328125 0.3731481484375 0.446875 0.3703703703125 0.44114583281249997 0.3611111109375 0.43645833281249996 0.3546296296875 0.43645833281249996 0.33055555625 0.4369791671875 0.3203703703125 0.44114583281249997 0.3166666671875 0.45 0.31759259218749997 0.45729166718750003
1 0.3796296296875 0.4614583328125 0.3888888890625 0.4640625 0.4 0.46302083281249995 0.44259259218749997 0.44895833281249997 0.4453703703125 0.4421875 0.4361111109375 0.4348958328125 0.43101851875 0.4348958328125 0.3879629625 0.43645833281249996 0.38148148125 0.4380208328125 0.3759259265625 0.4447916671875 0.3796296296875 0.4614583328125
1 0.5083333328124999 0.44739583281249995 0.5148148140625 0.4484375 0.5509259265625001 0.4484375 0.5990740734375 0.4479166671875 0.60555555625 0.446875 0.6111111109375 0.44322916718750005 0.6120370375 0.4390625 0.60555555625 0.434375 0.5527777781250001 0.4328125 0.5518518515624999 0.4328125 0.5101851859375001 0.434375 0.5046296296875 0.4375 0.5046296296875 0.44427083281249996 0.5083333328124999 0.44739583281249995
1 0.70555555625 0.4421875 0.7129629625 0.4458333328125 0.723027778125 0.44688437499999994 0.72908055625 0.4458572921875 0.7357083328125 0.44580000000000003 0.7403981484375 0.4456848953125 0.75 0.4458333328125 0.7861111109375 0.4458333328125 0.8027777781250001 0.4447916671875 0.8101851859375 0.43958333281249995 0.8083333328125001 0.434375 0.8027777781250001 0.43177083281249995 0.75648148125 0.43072916718750004 0.75555555625 0.4302083328125 0.7209240734375 0.4310541671875 0.7148148140624999 0.43125 0.7046296296875 0.43541666718750005 0.70555555625 0.4421875
1 0.8833333328125 0.44895833281249997 0.8916666671875 0.45104166718750005 0.9129629625 0.4505208328125 0.9148148140625001 0.4526041671875 0.9268518515625 0.45416666718750004 0.946296296875 0.4526041671875 0.9509259265625 0.440625 0.95 0.43541666718750005 0.9444444437499999 0.43125 0.9296296296875 0.4296875 0.92430555625 0.4296875 0.8888888890625 0.4302083328125 0.88148148125 0.4322916671875 0.877777778125 0.440625 0.8833333328125 0.44895833281249997