0 0.46296296249999996 0.1817708328125 0.46666666718750005 0.175 0.46296296249999996 0.1614583328125 0.45 0.1588541671875 0.434259259375 0.1588541671875 0.42222222187499997 0.165625 0.42314814843750004 0.1765625 0.43055555625 0.1833333328125 0.4546296296875 0.184375 0.46296296249999996 0.1817708328125
0 0.4574074078125 0.2140625 0.46481481406249997 0.2052083328125 0.46296296249999996 0.1911458328125 0.4546296296875 0.1875 0.43518518593750005 0.1875 0.4268518515625 0.1927083328125 0.4268518515625 0.20572916718749998 0.43240740781250003 0.2130208328125 0.4379629625 0.21510416718749997 0.4574074078125 0.2140625
0 0.4601851859375 0.2484375 0.4611111109375 0.22395833281250002 0.4546296296875 0.2192708328125 0.4379629625 0.2192708328125 0.43055555625 0.225 0.43333333281249997 0.2479166671875 0.43981481406249995 0.253125 0.45 0.2541666671875 0.4601851859375 0.2484375
0 0.459259259375 0.2953125 0.4620370375 0.2880208328125 0.4601851859375 0.2625 0.4509259265625 0.2578125 0.43981481406249995 0.2588541671875 0.4361111109375 0.2625 0.4370370375 0.2927083328125 0.440740740625 0.29635416718749996 0.45185185156249996 0.29739583281250004 0.459259259375 0.2953125
0 0.46666666718750005 0.1505208328125 0.46666666718750005 0.14114583281249998 0.4583333328125 0.1359375 0.44166666718750003 0.1348958328125 0.42129629687500003 0.1416666671875 0.4203703703125 0.1505208328125 0.427777778125 0.15677083281249998 0.4583333328125 0.15677083281249998 0.46666666718750005 0.1505208328125
0 0.4620370375 0.3375 0.46388888906250003 0.33125 0.4620370375 0.30625 0.4509259265625 0.3015625 0.4388888890625 0.30416666718749996 0.4379629625 0.33645833281250004 0.4453703703125 0.3411458328125 0.45555555625000005 0.3411458328125 0.4620370375 0.3375
0 0.46481481406249997 0.3807291671875 0.46481481406249997 0.35208333281250004 0.4546296296875 0.3453125 0.44351851875000003 0.3463541671875 0.4388888890625 0.3494791671875 0.4379629625 0.3776041671875 0.44351851875000003 0.3854166671875 0.45555555625000005 0.3869791671875 0.46481481406249997 0.3807291671875
0 0.46481481406249997 0.42760416718750005 0.4675925921875 0.42083333281249996 0.465740740625 0.3958333328125 0.46296296249999996 0.3921875 0.45648148125 0.390625 0.4481481484375 0.390625 0.43981481406249995 0.3953125 0.440740740625 0.4244791671875 0.44351851875000003 0.428125 0.4546296296875 0.43125 0.46481481406249997 0.42760416718750005
0 0.6379629625 0.4458333328125 0.6425925921875 0.44166666718750003 0.6388888890625 0.434375 0.6240740734375 0.4322916671875 0.5601851859375 0.4328125 0.5388888890625 0.43645833281249996 0.5388888890625 0.4447916671875 0.54444444375 0.4479166671875 0.63055555625 0.44739583281249995 0.6379629625 0.4458333328125
0 0.8370370375 0.440625 0.8361111109375001 0.4348958328125 0.8268518515625001 0.43125 0.7629629625 0.4302083328125 0.74444444375 0.43072916718750004 0.7379629624999999 0.43333333281249997 0.7370370375 0.44114583281249997 0.74351851875 0.4453125 0.8268518515625001 0.44635416718750004 0.8370370375 0.440625
0 0.9629629625 0.453125 0.965740740625 0.4390625 0.9620370375 0.434375 0.952777778125 0.43072916718750004 0.9083333328125001 0.4302083328125 0.902777778125 0.43385416718750003 0.9046296296874999 0.4447916671875 0.93148148125 0.45677083281249997 0.9472222218749999 0.45885416718750005 0.9629629625 0.453125
1 0 0.4703125 0.0148148140625 0.46770833281249996 0.019444443750000002 0.4625 0.0175925921875 0.44635416718750004 0.00555555625 0.44114583281249997 0 0.44114583281249997 0 0.4703125
1 0.061111110937500004 0.46979166718750004 0.0731481484375 0.46770833281249996 0.077777778125 0.46458333281249997 0.078703703125 0.446875 0.06851851875000001 0.4401041671875 0.0351851859375 0.440625 0.025 0.4479166671875 0.0240740734375 0.4625 0.028703703125 0.4682291671875 0.04444444375 0.4703125 0.061111110937500004 0.46979166718750004
1 0.1351851859375 0.46510416718750003 0.13888888906250002 0.459375 0.13888888906250002 0.44895833281249997 0.1324074078125 0.44114583281249997 0.12222222187500001 0.4390625 0.09629629687499999 0.43958333281249995 0.0870370375 0.44322916718750005 0.08333333281250001 0.44739583281249995 0.08333333281250001 0.46197916718750004 0.0916666671875 0.46875 0.1268518515625 0.46875 0.1351851859375 0.46510416718750003
1 0.19537037031249999 0.4640625 0.1981481484375 0.44635416718750004 0.1898148140625 0.43958333281249995 0.17962962968750001 0.4380208328125 0.15277777812499999 0.4390625 0.1425925921875 0.446875 0.1416666671875 0.45729166718750003 0.15092592656249998 0.46770833281249996 0.1824074078125 0.4682291671875 0.19537037031249999 0.4640625
1 0.24814814843750002 0.46666666718750005 0.25555555625 0.46302083281249995 0.259259259375 0.45 0.25648148125 0.44322916718750005 0.25 0.4390625 0.21574074062499998 0.4380208328125 0.209259259375 0.43958333281249995 0.20277777812500003 0.4453125 0.20277777812500003 0.45989583281249996 0.21296296250000002 0.4671875 0.2379629625 0.46770833281249996 0.24814814843750002 0.46666666718750005
1 0.3148148140625 0.4625 0.31759259218749997 0.446875 0.315740740625 0.44166666718750003 0.309259259375 0.4380208328125 0.275 0.4375 0.2666666671875 0.440625 0.2638888890625 0.44427083281249996 0.2638888890625 0.459375 0.271296296875 0.465625 0.3009259265625 0.46666666718750005 0.3148148140625 0.4625
1 0.45 0.4484375 0.4546296296875 0.4447916671875 0.45370370312499997 0.4380208328125 0.44351851875000003 0.434375 0.39074074062499997 0.43645833281249996 0.38055555625 0.44166666718750003 0.38240740781250004 0.4557291671875 0.3888888890625 0.4609375 0.396296296875 0.4625 0.45 0.4484375
1 0.5287037031249999 0.44739583281249995 0.5324074078125001 0.44375 0.5296296296875 0.43541666718750005 0.5231481484375 0.43385416718750003 0.47407407343749997 0.43385416718750003 0.4620370375 0.4375 0.4611111109375 0.4458333328125 0.4703703703125 0.44895833281249997 0.521296296875 0.4484375 0.5287037031249999 0.44739583281249995
1 0.847222221875 0.4515625 0.8490740734375001 0.4536458328125 0.8583333328125 0.45625 0.88148148125 0.4526041671875 0.890740740625 0.44895833281249997 0.897222221875 0.44322916718750005 0.896296296875 0.4369791671875 0.8888888890625 0.43177083281249995 0.8731481484374999 0.43072916718750004 0.86851851875 0.43072916718750004 0.8601851859374999 0.43125 0.852777778125 0.43385416718750003 0.847222221875 0.43958333281249995 0.847222221875 0.4515625
1 0.9712962968750001 0.4479166671875 0.975 0.4546875 0.9833333328125 0.4583333328125 0.9925925921875001 0.459375 0.9990740734375001 0.4583333328125 0.9990740734375001 0.4296875 0.9941361109375 0.4296875 0.98055555625 0.4302083328125 0.9740740734375001 0.43333333281249997 0.9712962968750001 0.4375 0.9712962968750001 0.4479166671875
1 0.321296296875 0.4536458328125 0.3240740734375 0.4604166671875 0.3296296296875 0.46458333281249997 0.33703703749999997 0.4661458328125 0.352777778125 0.4661458328125 0.3740740734375 0.4635416671875 0.3768518515625 0.45885416718750005 0.375 0.4421875 0.365740740625 0.43645833281249996 0.3601851859375 0.43645833281249996 0.334259259375 0.4369791671875 0.325 0.440625 0.321296296875 0.44635416718750004 0.321296296875 0.4536458328125
1 0.66944444375 0.44635416718750004 0.7231481484375 0.4458333328125 0.73055555625 0.44166666718750003 0.73055555625 0.4359375 0.7240740734375 0.43177083281249995 0.6796296296875 0.43125 0.6759259265625001 0.43125 0.6638888890625 0.43333333281249997 0.6601851859375001 0.43645833281249996 0.6611111109375 0.44375 0.66944444375 0.44635416718750004