0 0.502777778125 0.4479166671875 0.5555555562500001 0.4484375 0.5611111109375 0.4479166671875 0.565740740625 0.4447916671875 0.5666666671875 0.4390625 0.5601851859375 0.43385416718750003 0.515740740625 0.43333333281249997 0.5129629625 0.43333333281249997 0.502777778125 0.434375 0.497222221875 0.4369791671875 0.49629629687500004 0.44375 0.502777778125 0.4479166671875
0 0.6944444437499999 0.44427083281249996 0.7046296296875 0.44635416718750004 0.7546296296875 0.4458333328125 0.7620370375000001 0.4421875 0.7629629625 0.4359375 0.75555555625 0.43125 0.7166666671875 0.43072916718750004 0.7148148140624999 0.43072916718750004 0.703703703125 0.43125 0.6925925921875 0.434375 0.6916666671875 0.44166666718750003 0.6944444437499999 0.44427083281249996
0 0.8759259265624999 0.4505208328125 0.9101851859375 0.44947916718750003 0.921296296875 0.4458333328125 0.9240740734375 0.44114583281249997 0.9231481484374999 0.43385416718750003 0.9138888890624999 0.43072916718750004 0.896296296875 0.4302083328125 0.8953703703125001 0.4302083328125 0.88055555625 0.43125 0.871296296875 0.434375 0.86851851875 0.44427083281249996 0.8759259265624999 0.4505208328125
0 0.9990740734375001 0.43072916718750004 0.997222221875 0.43072916718750004 0.9888888890624999 0.4390625 0.9898148140625 0.45 0.997222221875 0.4578125 0.9990740734375001 0.43072916718750004
0 0.45 0.43645833281249996 0.46666666718750005 0.4369791671875 0.46666666718750005 0.40833333281249995 0.4620370375 0.40260416718750003 0.45277777812500003 0.4010416671875 0.4509259265625 0.4010416671875 0.44259259218749997 0.403125 0.43981481406249995 0.40729166718750004 0.440740740625 0.43177083281249995 0.45 0.43645833281249996
0 0.44166666718750003 0.39375 0.45 0.396875 0.4620370375 0.3942708328125 0.465740740625 0.3890625 0.46481481406249997 0.3630208328125 0.46388888906250003 0.3609375 0.45555555625000005 0.3578125 0.447222221875 0.3578125 0.43981481406249995 0.3609375 0.4379629625 0.3645833328125 0.4379629625 0.3791666671875 0.44166666718750003 0.39375
0 0.44259259218749997 0.35208333281250004 0.4481481484375 0.3536458328125 0.4583333328125 0.35208333281250004 0.46388888906250003 0.3463541671875 0.46388888906250003 0.3213541671875 0.4601851859375 0.3161458328125 0.4546296296875 0.3135416671875 0.4481481484375 0.3135416671875 0.4388888890625 0.3171875 0.4370370375 0.3203125 0.4379629625 0.3473958328125 0.44259259218749997 0.35208333281250004
0 0.43981481406249995 0.2666666671875 0.4509259265625 0.26875 0.4601851859375 0.2640625 0.4620370375 0.23854166718749997 0.4574074078125 0.2322916671875 0.4453703703125 0.23125 0.44351851875000003 0.23125 0.4388888890625 0.23177083281250002 0.43333333281249997 0.23697916718749998 0.434259259375 0.2598958328125 0.43981481406249995 0.2666666671875
0 0.4388888890625 0.3067708328125 0.4453703703125 0.309375 0.4583333328125 0.3078125 0.4620370375 0.3026041671875 0.4620370375 0.2796875 0.459259259375 0.275 0.45277777812500003 0.2723958328125 0.44444444375 0.2723958328125 0.4379629625 0.2744791671875 0.4361111109375 0.2786458328125 0.4361111109375 0.3015625 0.4388888890625 0.3067708328125
0 0.43518518593750005 0.2265625 0.4546296296875 0.2265625 0.4611111109375 0.2234375 0.46388888906250003 0.2036458328125 0.4583333328125 0.2 0.45370370312499997 0.1994791671875 0.448765740625 0.1994791671875 0.43518518593750005 0.2 0.42870370312499995 0.2052083328125 0.42870370312499995 0.21979166718749998 0.43518518593750005 0.2265625
0 0.425 0.16354166718750002 0.43240740781250003 0.1661458328125 0.46481481406249997 0.1651041671875 0.4675925921875 0.1572916671875 0.465740740625 0.1473958328125 0.4611111109375 0.1447916671875 0.44351851875000003 0.1432291671875 0.44259259218749997 0.1432291671875 0.43333333281249997 0.14375 0.42314814843750004 0.1473958328125 0.42129629687500003 0.1578125 0.425 0.16354166718750002
0 0.42592592656250006 0.190625 0.43518518593750005 0.1963541671875 0.4583333328125 0.1953125 0.46388888906250003 0.1911458328125 0.46481481406249997 0.1734375 0.4620370375 0.1708333328125 0.45185185156249996 0.16875 0.4459879625 0.16875 0.434259259375 0.16875 0.42870370312499995 0.1708333328125 0.42314814843750004 0.1776041671875 0.42592592656250006 0.190625
1 0.3898148140625 0.45208333281249996 0.4 0.45989583281249996 0.41203703750000004 0.45885416718750005 0.44166666718750003 0.44947916718750003 0.46481481406249997 0.44895833281249997 0.478703703125 0.44635416718750004 0.4796296296875 0.4427083328125 0.47407407343749997 0.4390625 0.45370370312499997 0.4390625 0.4361111109375 0.43541666718750005 0.42870370312499995 0.43541666718750005 0.3990740734375 0.43645833281249996 0.3916666671875 0.43854166718750004 0.3888888890625 0.44322916718750005 0.3898148140625 0.45208333281249996
1 0.571296296875 0.4421875 0.5759259265625001 0.446875 0.5824074078125 0.4479166671875 0.6620370375 0.446875 0.6731481484375 0.44322916718750005 0.6740740734374999 0.4380208328125 0.66944444375 0.43333333281249997 0.6611111109375 0.43177083281249995 0.659259259375 0.43177083281249995 0.65 0.43333333281249997 0.58148148125 0.43333333281249997 0.5722222218749999 0.4369791671875 0.571296296875 0.4421875
1 0.81851851875 0.44635416718750004 0.8490740734375001 0.4526041671875 0.8574074078124999 0.4484375 0.8611111109375 0.44322916718750005 0.859259259375 0.43541666718750005 0.8490740734375001 0.43125 0.7796296296875 0.43125 0.7787037031249999 0.43072916718750004 0.76944444375 0.434375 0.76944444375 0.44114583281249997 0.775 0.4453125 0.81851851875 0.44635416718750004
1 0.9379629625 0.45885416718750005 0.9666666671874999 0.459375 0.977777778125 0.4578125 0.9824074078124999 0.4546875 0.9851851859374999 0.44322916718750005 0.98148148125 0.4328125 0.975 0.43072916718750004 0.959259259375 0.4296875 0.9546296296874999 0.4296875 0.9388888890624999 0.43072916718750004 0.9305555562500001 0.43958333281249995 0.9277777781250001 0.45208333281249996 0.9379629625 0.45885416718750005
1 0.33055555625 0.45729166718750003 0.3379629625 0.46510416718750003 0.3768518515625 0.465625 0.3851851859375 0.4614583328125 0.3879629625 0.4546875 0.38333333281250004 0.4421875 0.3768518515625 0.4369791671875 0.36944444375 0.4369791671875 0.36851851875 0.43645833281249996 0.34351851875 0.4369791671875 0.3333333328125 0.440625 0.33055555625 0.4458333328125 0.33055555625 0.45729166718750003
0 0.42129629687500003 0.1385416671875 0.43333333281249997 0.14114583281249998 0.4611111109375 0.1395833328125 0.465740740625 0.1348958328125 0.46296296249999996 0.1286458328125 0.4611111109375 0.1286458328125 0.4481481484375 0.13125 0.42314814843750004 0.1307291671875 0.4203703703125 0.13333333281249998 0.42129629687500003 0.1385416671875
1 0.27777777812500004 0.4635416671875 0.2870370375 0.46666666718750005 0.3138888890625 0.46666666718750005 0.32592592656249997 0.4604166671875 0.32685185156249996 0.44739583281249995 0.3240740734375 0.44166666718750003 0.3166666671875 0.4375 0.3046296296875 0.4369791671875 0.29722222187499997 0.4369791671875 0.28148148125 0.43854166718750004 0.2731481484375 0.446875 0.2740740734375 0.45885416718750005 0.27777777812500004 0.4635416671875
1 0.2175925921875 0.45885416718750005 0.22777777812500002 0.46510416718750003 0.24351851875000002 0.46666666718750005 0.25833333281250004 0.465625 0.26851851875 0.45885416718750005 0.2675925921875 0.4453125 0.2629629625 0.440625 0.25648148125 0.43854166718750004 0.240740740625 0.43854166718750004 0.2398148140625 0.43854166718750004 0.22407407343750002 0.4401041671875 0.21944444375 0.44322916718750005 0.21574074062499998 0.45416666718750004 0.2175925921875 0.45885416718750005
1 0.1583333328125 0.46510416718750003 0.16851851874999998 0.46875 0.1898148140625 0.46875 0.2046296296875 0.465625 0.2101851859375 0.45625 0.20833333281250002 0.4453125 0.1990740734375 0.440625 0.1703703703125 0.4401041671875 0.16944444375 0.4401041671875 0.15925925937500002 0.4427083328125 0.1546296296875 0.44739583281249995 0.15370370312499998 0.4546875 0.1583333328125 0.46510416718750003
1 0.09444444375 0.4609375 0.0981481484375 0.4661458328125 0.1046296296875 0.46875 0.1361111109375 0.46875 0.147222221875 0.46458333281249997 0.15092592656249998 0.45104166718750005 0.1490740734375 0.4458333328125 0.1425925921875 0.440625 0.13148148125 0.43854166718750004 0.12870370312499999 0.43854166718750004 0.10555555624999999 0.43958333281249995 0.0990740734375 0.44166666718750003 0.09444444375 0.446875 0.09444444375 0.4609375
1 0 0.47083333281249995 0.022222221875 0.4692708328125 0.028703703125 0.46458333281249997 0.0296296296875 0.4479166671875 0.025 0.4427083328125 0.018518518749999997 0.44114583281249997 0.013888889062500001 0.44114583281249997 0 0.44114583281249997 0 0.47083333281249995
1 0.0351851859375 0.4625 0.04444444375 0.46979166718750004 0.072222221875 0.46979166718750004 0.0861111109375 0.4671875 0.0898148140625 0.4609375 0.0898148140625 0.446875 0.08333333281250001 0.44166666718750003 0.0731481484375 0.4401041671875 0.06833333281250001 0.4401041671875 0.0490740734375 0.4401041671875 0.040740740625 0.4421875 0.0361111109375 0.4458333328125 0.0351851859375 0.4625