0 0.4509259265625 0.4458333328125 0.4611111109375 0.4447916671875 0.46666666718750005 0.44114583281249997 0.46851851875 0.43645833281249996 0.46666666718750005 0.4135416671875 0.46481481406249997 0.40989583281249997 0.45648148125 0.4067708328125 0.4509259265625 0.4067708328125 0.440740740625 0.4109375 0.4379629625 0.4328125 0.44166666718750003 0.4427083328125 0.4509259265625 0.4458333328125
0 0.440740740625 0.35625 0.44907407343749994 0.359375 0.459259259375 0.3583333328125 0.46388888906250003 0.3515625 0.46296296249999996 0.325 0.459259259375 0.3203125 0.45370370312499997 0.31875 0.447222221875 0.31875 0.44166666718750003 0.31979166718749996 0.4370370375 0.3244791671875 0.4370370375 0.3494791671875 0.440740740625 0.35625
0 0.44166666718750003 0.40052083281249995 0.45 0.4036458328125 0.4611111109375 0.40208333281249997 0.465740740625 0.396875 0.46481481406249997 0.3682291671875 0.4611111109375 0.3645833328125 0.45555555625000005 0.3630208328125 0.447222221875 0.3630208328125 0.44351851875000003 0.3635416671875 0.4379629625 0.3682291671875 0.4379629625 0.3927083328125 0.44166666718750003 0.40052083281249995
0 0.4388888890625 0.31197916718749996 0.4481481484375 0.3151041671875 0.4574074078125 0.31302083281250004 0.4620370375 0.3072916671875 0.4620370375 0.2828125 0.459259259375 0.278125 0.4509259265625 0.2744791671875 0.44907407343749994 0.2744791671875 0.44166666718750003 0.2755208328125 0.4361111109375 0.28125 0.4361111109375 0.3067708328125 0.4388888890625 0.31197916718749996
0 0.4388888890625 0.2697916671875 0.45 0.2713541671875 0.4611111109375 0.2635416671875 0.4611111109375 0.2390625 0.4583333328125 0.234375 0.45185185156249996 0.2328125 0.45 0.2328125 0.4379629625 0.2338541671875 0.43240740781250003 0.23958333281250002 0.434259259375 0.2635416671875 0.4388888890625 0.2697916671875
0 0.434259259375 0.196875 0.4583333328125 0.1953125 0.46481481406249997 0.1890625 0.46388888906250003 0.171875 0.45370370312499997 0.16875 0.44351851875000003 0.1682291671875 0.44166666718750003 0.1682291671875 0.4268518515625 0.17135416718750002 0.42222222187499997 0.1776041671875 0.4268518515625 0.1927083328125 0.434259259375 0.196875
0 0.42129629687500003 0.1364583328125 0.42870370312499995 0.1395833328125 0.4611111109375 0.14010416718750002 0.4675925921875 0.1359375 0.46666666718750005 0.1276041671875 0.4620370375 0.1276041671875 0.44444444375 0.1307291671875 0.43240740781250003 0.1286458328125 0.4240740734375 0.1296875 0.42129629687500003 0.1364583328125
0 0.43055555625 0.165625 0.4574074078125 0.165625 0.46481481406249997 0.1619791671875 0.4675925921875 0.1552083328125 0.465740740625 0.1473958328125 0.46388888906250003 0.1453125 0.45185185156249996 0.1432291671875 0.447222221875 0.1432291671875 0.43333333281249997 0.1432291671875 0.42129629687500003 0.14895833281249998 0.42222222187499997 0.1598958328125 0.43055555625 0.165625
0 0.42870370312499995 0.221875 0.4361111109375 0.228125 0.44259259218749997 0.22916666718749998 0.4574074078125 0.22760416718749998 0.46296296249999996 0.2203125 0.46388888906250003 0.20416666718749998 0.4583333328125 0.2 0.45370370312499997 0.1994791671875 0.44907407343749994 0.1994791671875 0.43333333281249997 0.20052083281250002 0.42870370312499995 0.20416666718749998 0.4268518515625 0.20989583281250002 0.42870370312499995 0.221875
0 0.597222221875 0.446875 0.6537037031249999 0.446875 0.6629629625 0.44322916718750005 0.6629629625 0.43541666718750005 0.6564814812499999 0.4328125 0.6148148140624999 0.43177083281249995 0.6138888890625 0.43177083281249995 0.5990740734375 0.43333333281249997 0.5916666671875 0.4359375 0.590740740625 0.44166666718750003 0.597222221875 0.446875
0 0.7953703703125 0.44427083281249996 0.8203703703125 0.44635416718750004 0.8361111109375001 0.4505208328125 0.8453703703125001 0.45 0.8509259265625 0.44114583281249997 0.8490740734375001 0.4328125 0.8425925921875 0.43072916718750004 0.8111111109375001 0.4302083328125 0.80648148125 0.4302083328125 0.796296296875 0.43125 0.7888888890625 0.43541666718750005 0.790740740625 0.44166666718750003 0.7953703703125 0.44427083281249996
0 0.934259259375 0.4458333328125 0.9351851859375 0.4557291671875 0.9472222218749999 0.459375 0.9638888890624999 0.45885416718750005 0.9703703703125001 0.45677083281249997 0.972222221875 0.4536458328125 0.9712962968750001 0.434375 0.9666666671874999 0.43125 0.959259259375 0.43072916718750004 0.9583333328125001 0.4302083328125 0.95 0.43072916718750004 0.9416666671874999 0.4348958328125 0.940740740625 0.440625 0.934259259375 0.4458333328125
1 0.0009259265625 0.4427083328125 0 0.4427083328125 0.0018518515625 0.4682291671875 0.0074074078125 0.45989583281249996 0.0074074078125 0.44895833281249997 0.0009259265625 0.4427083328125
1 0.0120370375 0.4614583328125 0.013888889062500001 0.465625 0.021296296875000002 0.46979166718750004 0.052777778124999994 0.4692708328125 0.0638888890625 0.46666666718750005 0.0666666671875 0.4604166671875 0.065740740625 0.44895833281249997 0.0620370375 0.44322916718750005 0.053703703125 0.4401041671875 0.04851851875 0.4401041671875 0.0231481484375 0.440625 0.0148148140625 0.44427083281249996 0.0120370375 0.44947916718750003 0.0120370375 0.4614583328125
1 0.06944444375 0.45625 0.071296296875 0.46302083281249995 0.0759259265625 0.46770833281249996 0.08333333281250001 0.4692708328125 0.11388888906250001 0.46875 0.12407407343750002 0.4640625 0.1268518515625 0.45885416718750005 0.125 0.4458333328125 0.1231481484375 0.44322916718750005 0.1129629625 0.4390625 0.10833333281249999 0.4390625 0.0898148140625 0.4390625 0.075 0.4427083328125 0.071296296875 0.446875 0.06944444375 0.45625
1 0.1324074078125 0.4640625 0.13981481406250001 0.4682291671875 0.1768518515625 0.46770833281249996 0.1833333328125 0.46458333281249997 0.1870370375 0.45989583281249996 0.1861111109375 0.4447916671875 0.1740740734375 0.43854166718750004 0.1546296296875 0.43854166718750004 0.15370370312499998 0.4380208328125 0.140740740625 0.4390625 0.1324074078125 0.44375 0.1296296296875 0.44895833281249997 0.1324074078125 0.4640625
1 0.1916666671875 0.4614583328125 0.197222221875 0.46666666718750005 0.2259259265625 0.46770833281249996 0.2370370375 0.46666666718750005 0.24259259218749998 0.4640625 0.24722222187499998 0.45729166718750003 0.24722222187499998 0.44739583281249995 0.24444444375000002 0.4421875 0.234259259375 0.4380208328125 0.229497221875 0.4380208328125 0.2009259265625 0.4380208328125 0.19351851874999998 0.44166666718750003 0.1898148140625 0.4536458328125 0.1916666671875 0.4614583328125
1 0.2509259265625 0.45625 0.2546296296875 0.4635416671875 0.25833333281250004 0.465625 0.2666666671875 0.4671875 0.290740740625 0.46666666718750005 0.29907407343750003 0.465625 0.303703703125 0.46302083281249995 0.30740740781250003 0.4583333328125 0.30555555624999997 0.4427083328125 0.29907407343750003 0.4380208328125 0.2870370375 0.4369791671875 0.28611111093749997 0.4369791671875 0.2638888890625 0.4375 0.2546296296875 0.44114583281249997 0.2509259265625 0.44739583281249995 0.2509259265625 0.45625
1 0.321296296875 0.465625 0.353703703125 0.465625 0.35925925937500003 0.46458333281249997 0.3648148140625 0.4609375 0.365740740625 0.44322916718750005 0.35925925937500003 0.4375 0.3518518515625 0.43645833281249996 0.34444444375 0.43645833281249996 0.31851851875000003 0.4380208328125 0.3129629625 0.4427083328125 0.3120370375 0.4578125 0.321296296875 0.465625
1 0.371296296875 0.453125 0.3740740734375 0.45989583281249996 0.38055555625 0.46458333281249997 0.3888888890625 0.46510416718750003 0.4 0.46302083281249995 0.4296296296875 0.453125 0.4361111109375 0.44895833281249997 0.4370370375 0.4427083328125 0.427777778125 0.4359375 0.4228398140625 0.4359375 0.38333333281250004 0.43645833281249996 0.375 0.4390625 0.371296296875 0.4447916671875 0.371296296875 0.453125
1 0.678703703125 0.44635416718750004 0.75555555625 0.4458333328125 0.7648148140625 0.4447916671875 0.771296296875 0.44114583281249997 0.771296296875 0.43541666718750005 0.7629629625 0.43125 0.709259259375 0.43072916718750004 0.7083333328125 0.43072916718750004 0.6740740734374999 0.4328125 0.66944444375 0.4375 0.671296296875 0.44375 0.678703703125 0.44635416718750004
1 0.8564361859374999 0.45309102812499996 0.8554101859375001 0.4536041671875 0.8674772624999999 0.4539678484375 0.86234444375 0.45555520781250003 0.8759259265624999 0.4546875 0.88055555625 0.45104166718750005 0.9129629625 0.4479166671875 0.926778703125 0.4454744796875 0.9296675921875 0.4383203125 0.9240740734375 0.4369791671875 0.9240740734375 0.4348958328125 0.91984444375 0.4323041671875 0.9120370375 0.43125 0.8731481484374999 0.43125 0.872222221875 0.43072916718750004 0.8648148140625 0.43177083281249995 0.8583333328125 0.43541666718750005 0.8546296296874999 0.4421875 0.853703703125 0.45104166718750005 0.8564361859374999 0.45309102812499996
1 0.9851851859374999 0.4583333328125 0.99351851875 0.459375 0.9990740734375001 0.45885416718750005 0.9990740734375001 0.4296875 0.9925925921875001 0.4296875 0.98148148125 0.43125 0.9768518515625001 0.43958333281249995 0.9796296296874999 0.45416666718750004 0.9851851859374999 0.4583333328125
1 0.47407407343749997 0.4479166671875 0.5675925921875 0.4479166671875 0.5768518515625 0.44322916718750005 0.5759259265625001 0.4375 0.5666666671875 0.43385416718750003 0.4981481484375 0.43385416718750003 0.497222221875 0.43333333281249997 0.4796296296875 0.43385416718750003 0.4731481484375 0.43645833281249996 0.471296296875 0.44427083281249996 0.47407407343749997 0.4479166671875