0 0.475 0.4479166671875 0.48148148125 0.44427083281249996 0.4824074078125 0.4390625 0.4796296296875 0.4359375 0.46851851875 0.43125 0.46388888906250003 0.4166666671875 0.45555555625000005 0.4145833328125 0.4509259265625 0.4145833328125 0.440740740625 0.41979166718750005 0.44166666718750003 0.4390625 0.45555555625000005 0.4479166671875 0.475 0.4479166671875
0 0.44351851875000003 0.40989583281249997 0.4546296296875 0.4114583328125 0.4620370375 0.40989583281249997 0.46481481406249997 0.40729166718750004 0.46666666718750005 0.3942708328125 0.46481481406249997 0.3765625 0.4583333328125 0.3723958328125 0.45277777812500003 0.371875 0.4481481484375 0.371875 0.44351851875000003 0.3729166671875 0.4388888890625 0.3770833328125 0.4388888890625 0.4036458328125 0.44351851875000003 0.40989583281249997
0 0.440740740625 0.3651041671875 0.4481481484375 0.3682291671875 0.4583333328125 0.3671875 0.46388888906250003 0.3619791671875 0.46388888906250003 0.3359375 0.4620370375 0.3322916671875 0.4546296296875 0.328125 0.45370370312499997 0.328125 0.44259259218749997 0.3291666671875 0.4370370375 0.334375 0.4379629625 0.3609375 0.440740740625 0.3651041671875
0 0.440740740625 0.2796875 0.44907407343749994 0.28072916718749996 0.4583333328125 0.2776041671875 0.4611111109375 0.271875 0.4601851859375 0.246875 0.4583333328125 0.2442708328125 0.4509259265625 0.2416666671875 0.44351851875000003 0.2416666671875 0.4370370375 0.24375 0.43333333281249997 0.2484375 0.434259259375 0.27291666718749996 0.440740740625 0.2796875
0 0.4370370375 0.31875 0.43981481406249995 0.321875 0.447222221875 0.3244791671875 0.4583333328125 0.3223958328125 0.46296296249999996 0.3135416671875 0.4611111109375 0.2901041671875 0.459259259375 0.2869791671875 0.45185185156249996 0.2848958328125 0.44629629687500005 0.2848958328125 0.440740740625 0.2859375 0.4370370375 0.2890625 0.43518518593750005 0.3 0.4370370375 0.31875
0 0.4379629625 0.23802083281250003 0.4509259265625 0.23854166718749997 0.4611111109375 0.2322916671875 0.46296296249999996 0.2125 0.459259259375 0.2078125 0.44629629687500005 0.20677083281250003 0.44166666718750003 0.20677083281250003 0.43333333281249997 0.2078125 0.4296296296875 0.2114583328125 0.4296296296875 0.2286458328125 0.4379629625 0.23802083281250003
0 0.427777778125 0.17239583281249998 0.4583333328125 0.1729166671875 0.4620370375 0.17135416718750002 0.4675925921875 0.1619791671875 0.46666666718750005 0.1536458328125 0.4601851859375 0.15 0.4509259265625 0.1484375 0.44629629687500005 0.1484375 0.4296296296875 0.1494791671875 0.42129629687500003 0.1536458328125 0.42129629687500003 0.16458333281249998 0.427777778125 0.17239583281249998
0 0.42592592656250006 0.196875 0.43518518593750005 0.20416666718749998 0.4583333328125 0.2036458328125 0.46388888906250003 0.1979166671875 0.46481481406249997 0.1796875 0.4611111109375 0.1765625 0.45185185156249996 0.175 0.44629629687500005 0.175 0.43518518593750005 0.175 0.4240740734375 0.1807291671875 0.42314814843750004 0.1890625 0.42592592656250006 0.196875
0 0.45 0.1463541671875 0.4611111109375 0.1453125 0.465740740625 0.1427083328125 0.4675925921875 0.1348958328125 0.46388888906250003 0.13229166718750002 0.43240740781250003 0.13229166718750002 0.43148148124999997 0.13229166718750002 0.4203703703125 0.1348958328125 0.41851851875 0.1385416671875 0.42222222187499997 0.1453125 0.45 0.1463541671875
0 0.6148148140624999 0.44635416718750004 0.621296296875 0.44739583281249995 0.6629629625 0.446875 0.6759259265625001 0.4453125 0.6796296296875 0.44114583281249997 0.678703703125 0.43541666718750005 0.66944444375 0.43177083281249995 0.6638888890625 0.43177083281249995 0.6601851859375001 0.43177083281249995 0.6148148140624999 0.43333333281249997 0.6083333328125 0.4369791671875 0.6083333328125 0.44166666718750003 0.6148148140624999 0.44635416718750004
0 0.8129629625 0.4447916671875 0.852777778125 0.4546875 0.859259259375 0.4515625 0.8601851859374999 0.4359375 0.85648148125 0.43177083281249995 0.85 0.43072916718750004 0.8451055562500001 0.43072916718750004 0.815740740625 0.43072916718750004 0.8083333328125001 0.43333333281249997 0.8074074078125 0.440625 0.8129629625 0.4447916671875
0 0.9425925921875 0.45520833281249995 0.952777778125 0.45885416718750005 0.9768518515625001 0.4578125 0.9824074078124999 0.45208333281249996 0.98055555625 0.43541666718750005 0.9740740734375001 0.43125 0.965740740625 0.4296875 0.9629629625 0.4296875 0.9574074078124999 0.43072916718750004 0.9481481484375 0.43645833281249996 0.9416666671874999 0.4479166671875 0.9425925921875 0.45520833281249995
1 0.4129629625 0.45416666718750004 0.425 0.45416666718750004 0.4361111109375 0.45104166718750005 0.440740740625 0.4479166671875 0.440740740625 0.4427083328125 0.43148148124999997 0.43541666718750005 0.42314814843750004 0.43541666718750005 0.41018518593750003 0.4375 0.40555555625000006 0.44166666718750003 0.40555555625000006 0.4484375 0.4129629625 0.45416666718750004
1 0.3509259265625 0.46458333281249997 0.384259259375 0.46510416718750003 0.3925925921875 0.4635416671875 0.4 0.45885416718750005 0.40277777812500004 0.44895833281249997 0.3990740734375 0.4421875 0.3916666671875 0.4375 0.38333333281250004 0.43645833281249996 0.378240740625 0.43645833281249996 0.3546296296875 0.4369791671875 0.3453703703125 0.44166666718750003 0.34351851875 0.4557291671875 0.3509259265625 0.46458333281249997
1 0.28611111093749997 0.4609375 0.2925925921875 0.465625 0.3148148140625 0.46666666718750005 0.3296296296875 0.465625 0.3351851859375 0.4635416671875 0.3398148140625 0.45677083281249997 0.3398148140625 0.44635416718750004 0.3379629625 0.44166666718750003 0.3296296296875 0.4369791671875 0.3240740734375 0.4369791671875 0.29444444375 0.4375 0.2870370375 0.44114583281249997 0.284259259375 0.45520833281249995 0.28611111093749997 0.4609375
1 0.22777777812500002 0.4625 0.23333333281250002 0.4661458328125 0.26851851875 0.46666666718750005 0.2768518515625 0.4635416671875 0.28055555625 0.459375 0.2796296296875 0.4447916671875 0.2768518515625 0.44114583281249997 0.26851851875 0.4375 0.26319444375 0.4375 0.234259259375 0.43854166718750004 0.22685185156249998 0.4427083328125 0.22407407343750002 0.4557291671875 0.22777777812500002 0.4625
1 0.1675925921875 0.4635416671875 0.172222221875 0.46666666718750005 0.178703703125 0.4682291671875 0.20833333281250002 0.46770833281249996 0.2175925921875 0.4640625 0.221296296875 0.45885416718750005 0.2203703703125 0.44739583281249995 0.2175925921875 0.4421875 0.20833333281250002 0.4380208328125 0.2029629625 0.4380208328125 0.1768518515625 0.43854166718750004 0.16851851874999998 0.4427083328125 0.1648148140625 0.45677083281249997 0.1675925921875 0.4635416671875
1 0.10648148125000001 0.4640625 0.1129629625 0.46770833281249996 0.11944444375 0.46875 0.1518518515625 0.46770833281249996 0.1574074078125 0.465625 0.1601851859375 0.4614583328125 0.1611111109375 0.44947916718750003 0.1583333328125 0.4427083328125 0.146296296875 0.43854166718750004 0.13148148125 0.4390625 0.13055555624999998 0.43854166718750004 0.11944444375 0.4390625 0.1101851859375 0.4421875 0.10555555624999999 0.45104166718750005 0.10648148125000001 0.4640625
1 0.053703703125 0.4682291671875 0.060185185937499996 0.46979166718750004 0.08518518593749999 0.4692708328125 0.0953703703125 0.46770833281249996 0.0990740734375 0.46510416718750003 0.102777778125 0.45104166718750005 0.10092592656249999 0.44635416718750004 0.0953703703125 0.44114583281249997 0.0861111109375 0.43958333281249995 0.08055555625000001 0.43958333281249995 0.059259259375 0.4401041671875 0.048148148437499996 0.4458333328125 0.046296296875 0.4614583328125 0.053703703125 0.4682291671875
1 0.039814814062499995 0.4661458328125 0.0425925921875 0.44739583281249995 0.0361111109375 0.4421875 0.0268518515625 0.440625 0.021296296875000002 0.440625 0 0.44166666718750003 0.0018518515625 0.47083333281249995 0.028703703125 0.4703125 0.039814814062499995 0.4661458328125
1 0.49259259218749996 0.4479166671875 0.5703703703125 0.4479166671875 0.584259259375 0.44739583281249995 0.5916666671875 0.4427083328125 0.5916666671875 0.43854166718750004 0.584259259375 0.434375 0.5453703703125 0.43333333281249997 0.54444444375 0.4328125 0.49259259218749996 0.434375 0.4879629625 0.4375 0.4888888890625 0.4458333328125 0.49259259218749996 0.4479166671875
1 0.6870370375 0.44427083281249996 0.6953703703125 0.44635416718750004 0.772222221875 0.4458333328125 0.7796296296875 0.4453125 0.7879629625 0.4401041671875 0.7870370375 0.4348958328125 0.7787037031249999 0.43125 0.709259259375 0.43072916718750004 0.7083333328125 0.43072916718750004 0.69351851875 0.43125 0.6861111109375 0.434375 0.684259259375 0.43958333281249995 0.6870370375 0.44427083281249996
1 0.8666666671875 0.45104166718750005 0.871296296875 0.453125 0.8824074078124999 0.453125 0.9037037031249999 0.45 0.91944444375 0.45 0.922222221875 0.4515625 0.9305555562500001 0.45 0.9370370375 0.44427083281249996 0.9370370375 0.43541666718750005 0.9277777781250001 0.43072916718750004 0.9148148140625001 0.4296875 0.9111111109375001 0.4296875 0.88055555625 0.43072916718750004 0.86851851875 0.43333333281249997 0.8638888890624999 0.440625 0.8666666671875 0.45104166718750005
1 0.996296296875 0.45885416718750005 0.9990740734375001 0.45885416718750005 0.9990740734375001 0.4291666671875 0.9981481484374999 0.4291666671875 0.9888888890624999 0.4322916671875 0.9861111109375 0.43645833281249996 0.9879629624999999 0.4546875 0.996296296875 0.45885416718750005