0 0.43518518593750005 0.12395833281249999 0.42314814843750004 0.12395833281249999 0.41851851875 0.1276041671875 0.41944444374999995 0.13229166718750002 0.43518518593750005 0.134375 0.4388888890625 0.1328125 0.4611111109375 0.13125 0.46388888906250003 0.1270833328125 0.46388888906250003 0.1213541671875 0.4601851859375 0.11875 0.46388888906250003 0.115625 0.46296296249999996 0.1135416671875 0.4620370375 0.1130208328125 0.44629629687500005 0.1140625 0.44629629687500005 0.11927083281249999 0.43981481406249995 0.1203125 0.43518518593750005 0.12395833281249999
0 0.4296296296875 0.1604166671875 0.4611111109375 0.1598958328125 0.465740740625 0.1572916671875 0.4675925921875 0.1515625 0.46481481406249997 0.14114583281249998 0.4583333328125 0.1380208328125 0.44444444375 0.1369791671875 0.44166666718750003 0.1369791671875 0.4296296296875 0.1395833328125 0.42222222187499997 0.14375 0.42129629687500003 0.15572916718750002 0.4296296296875 0.1604166671875
0 0.434259259375 0.1895833328125 0.44629629687500005 0.18802083281249998 0.4583333328125 0.1890625 0.46296296249999996 0.1864583328125 0.46666666718750005 0.1770833328125 0.465740740625 0.1692708328125 0.4620370375 0.1651041671875 0.4509259265625 0.1625 0.44506203749999995 0.1625 0.4296296296875 0.16354166718750002 0.42222222187499997 0.1692708328125 0.4268518515625 0.1859375 0.434259259375 0.1895833328125
0 0.43055555625 0.21770833281250002 0.4361111109375 0.22135416718749998 0.440740740625 0.221875 0.45185185156249996 0.22135416718749998 0.4583333328125 0.2192708328125 0.4620370375 0.2166666671875 0.46481481406249997 0.2088541671875 0.46296296249999996 0.19479166718750002 0.4583333328125 0.1921875 0.4453703703125 0.1911458328125 0.44166666718750003 0.1911458328125 0.43055555625 0.1932291671875 0.4268518515625 0.1973958328125 0.42592592656250006 0.20416666718749998 0.43055555625 0.21770833281250002
0 0.4361111109375 0.2567708328125 0.4453703703125 0.2609375 0.45555555625000005 0.259375 0.4611111109375 0.25052083281250004 0.4620370375 0.2338541671875 0.459259259375 0.22760416718749998 0.45185185156249996 0.2244791671875 0.446759259375 0.2244791671875 0.4388888890625 0.225 0.434259259375 0.22760416718749998 0.43148148124999997 0.234375 0.4361111109375 0.2567708328125
0 0.4388888890625 0.3020833328125 0.44629629687500005 0.3046875 0.4574074078125 0.3026041671875 0.4620370375 0.2958333328125 0.4611111109375 0.2703125 0.45277777812500003 0.26510416718749996 0.44444444375 0.26510416718749996 0.4370370375 0.2682291671875 0.43518518593750005 0.2802083328125 0.4361111109375 0.2984375 0.4388888890625 0.3020833328125
0 0.44259259218749997 0.3479166671875 0.44907407343749994 0.3489583328125 0.4583333328125 0.3473958328125 0.46388888906250003 0.3416666671875 0.46296296249999996 0.3151041671875 0.4601851859375 0.3114583328125 0.4509259265625 0.3083333328125 0.44907407343749994 0.3083333328125 0.44259259218749997 0.309375 0.4370370375 0.3140625 0.4379629625 0.34322916718749996 0.44259259218749997 0.3479166671875
0 0.440740740625 0.390625 0.4481481484375 0.3942708328125 0.4546296296875 0.3942708328125 0.4583333328125 0.39375 0.465740740625 0.3880208328125 0.465740740625 0.3645833328125 0.46296296249999996 0.3567708328125 0.45185185156249996 0.3526041671875 0.45 0.3526041671875 0.440740740625 0.3557291671875 0.4379629625 0.35989583281250004 0.4379629625 0.3802083328125 0.440740740625 0.390625
0 0.44166666718750003 0.4328125 0.4583333328125 0.43541666718750005 0.4675925921875 0.4322916671875 0.4675925921875 0.4114583328125 0.46388888906250003 0.40052083281249995 0.4546296296875 0.39791666718749996 0.45277777812500003 0.39791666718749996 0.44351851875000003 0.3994791671875 0.43981481406249995 0.4036458328125 0.4388888890625 0.4244791671875 0.44166666718750003 0.4328125
0 0.5046296296875 0.4479166671875 0.5527777781250001 0.4484375 0.565740740625 0.44739583281249995 0.5694444437499999 0.4447916671875 0.5703703703125 0.4390625 0.5638888890625 0.434375 0.5231481484375 0.43333333281249997 0.51851851875 0.43333333281249997 0.5046296296875 0.434375 0.4990740734375 0.43645833281249996 0.4990740734375 0.44427083281249996 0.5046296296875 0.4479166671875
0 0.703703703125 0.4453125 0.75555555625 0.4458333328125 0.7638888890625 0.4447916671875 0.7675925921875 0.4421875 0.7675925921875 0.4348958328125 0.7629629625 0.43177083281249995 0.7166666671875 0.43072916718750004 0.7138888890625 0.43072916718750004 0.7046296296875 0.43177083281249995 0.6981481484375001 0.43541666718750005 0.6981481484375001 0.44166666718750003 0.703703703125 0.4453125
0 0.877777778125 0.4505208328125 0.9129629625 0.44947916718750003 0.922222221875 0.4458333328125 0.9259259265625 0.4401041671875 0.9240740734375 0.43385416718750003 0.9166666671874999 0.43072916718750004 0.8990740734375 0.4302083328125 0.89444444375 0.4302083328125 0.88055555625 0.43125 0.871296296875 0.4359375 0.8703703703125001 0.44322916718750005 0.877777778125 0.4505208328125
0 0.997222221875 0.4578125 0.9990740734375001 0.4302083328125 0.997222221875 0.4302083328125 0.9898148140625 0.4348958328125 0.9879629624999999 0.4427083328125 0.9898148140625 0.45208333281249996 0.997222221875 0.4578125
1 0 0.47083333281249995 0.0203703703125 0.46979166718750004 0.0259259265625 0.46770833281249996 0.0296296296875 0.4635416671875 0.0296296296875 0.446875 0.0259259265625 0.44322916718750005 0.019444443750000002 0.44114583281249997 0.014583332812499999 0.44114583281249997 0 0.44114583281249997 0 0.47083333281249995
1 0.04444444375 0.46979166718750004 0.072222221875 0.46979166718750004 0.0870370375 0.46666666718750005 0.0916666671875 0.45989583281249996 0.0916666671875 0.44895833281249997 0.0888888890625 0.44427083281249996 0.08333333281250001 0.44114583281249997 0.0759259265625 0.4401041671875 0.07055555625 0.4401041671875 0.04444444375 0.440625 0.0361111109375 0.44635416718750004 0.0361111109375 0.4640625 0.04444444375 0.46979166718750004
1 0.097222221875 0.4635416671875 0.10092592656249999 0.4671875 0.1074074078125 0.4692708328125 0.1351851859375 0.46875 0.147222221875 0.465625 0.15092592656249998 0.4604166671875 0.15092592656249998 0.446875 0.14444444375 0.44114583281249997 0.134259259375 0.4390625 0.12944444375 0.4390625 0.10648148125000001 0.43958333281249995 0.0990740734375 0.4421875 0.09629629687499999 0.4458333328125 0.097222221875 0.4635416671875
1 0.1601851859375 0.465625 0.16944444375 0.46875 0.20370370312500002 0.46666666718750005 0.2101851859375 0.4604166671875 0.21111111093749999 0.4484375 0.20740740781250003 0.4421875 0.19537037031249999 0.4380208328125 0.1703703703125 0.4380208328125 0.16944444375 0.4380208328125 0.1601851859375 0.44114583281249997 0.15648148125 0.4458333328125 0.15555555625 0.459375 0.1601851859375 0.465625
1 0.2148148140625 0.4578125 0.2175925921875 0.46302083281249995 0.22407407343750002 0.46666666718750005 0.25555555625 0.4671875 0.2666666671875 0.4635416671875 0.271296296875 0.4515625 0.26944444375 0.44427083281249996 0.26574074062499997 0.440625 0.25648148125 0.4375 0.2509259265625 0.4375 0.22407407343750002 0.43854166718750004 0.21851851875 0.44166666718750003 0.2148148140625 0.446875 0.2148148140625 0.4578125
1 0.27870370312500004 0.4625 0.2833333328125 0.465625 0.3138888890625 0.46666666718750005 0.32685185156249996 0.4635416671875 0.33055555625 0.45885416718750005 0.3296296296875 0.4427083328125 0.31851851875000003 0.4369791671875 0.3126546296875 0.4369791671875 0.28611111093749997 0.4375 0.2768518515625 0.4427083328125 0.275 0.45520833281249995 0.27870370312500004 0.4625
1 0.334259259375 0.4546875 0.34351851875 0.46510416718750003 0.377777778125 0.465625 0.3898148140625 0.46197916718750004 0.3898148140625 0.44375 0.38703703749999996 0.4401041671875 0.378703703125 0.43645833281249996 0.3728398140625 0.43645833281249996 0.34351851875 0.4375 0.3379629625 0.44114583281249997 0.334259259375 0.44739583281249995 0.334259259375 0.4546875
1 0.3990740734375 0.45416666718750004 0.41203703750000004 0.4578125 0.44351851875000003 0.44895833281249997 0.471296296875 0.44895833281249997 0.48333333281249996 0.44635416718750004 0.48425925937500003 0.43854166718750004 0.4796296296875 0.43645833281249996 0.45 0.4375 0.4388888890625 0.43541666718750005 0.434259259375 0.43541666718750005 0.3981481484375 0.4375 0.39444444375 0.4401041671875 0.39351851875 0.44739583281249995 0.3990740734375 0.45416666718750004
1 0.5833333328125 0.44739583281249995 0.64351851875 0.44739583281249995 0.6777777781250001 0.4447916671875 0.68148148125 0.44114583281249997 0.6796296296875 0.43541666718750005 0.66944444375 0.43177083281249995 0.6629629625 0.43177083281249995 0.6601851859375001 0.43177083281249995 0.5861111109375 0.43333333281249997 0.578703703125 0.43541666718750005 0.5768518515625 0.4427083328125 0.5833333328125 0.44739583281249995
1 0.7814814812499999 0.4447916671875 0.8194444437499999 0.44635416718750004 0.8481481484375 0.4536458328125 0.85555555625 0.45208333281249996 0.8601851859374999 0.44895833281249997 0.8638888890624999 0.4390625 0.85648148125 0.4322916671875 0.8425925921875 0.43072916718750004 0.803703703125 0.43072916718750004 0.8018518515625 0.43072916718750004 0.7787037031249999 0.4328125 0.775 0.4348958328125 0.7759259265625 0.44166666718750003 0.7814814812499999 0.4447916671875
1 0.9324074078125 0.45625 0.9453703703125 0.459375 0.9629629625 0.459375 0.977777778125 0.45729166718750003 0.9833333328125 0.4515625 0.984259259375 0.44322916718750005 0.98055555625 0.43385416718750003 0.972222221875 0.43072916718750004 0.9509259265625 0.4296875 0.94351851875 0.4296875 0.9361111109375001 0.4322916671875 0.9305555562500001 0.4401041671875 0.9277777781250001 0.45208333281249996 0.9324074078125 0.45625