0 0.4990740734375 0.44375 0.5046296296875 0.4479166671875 0.5601851859375 0.4484375 0.5675925921875 0.44739583281249995 0.5722222218749999 0.44375 0.5731481484375001 0.4390625 0.5666666671875 0.4348958328125 0.521296296875 0.43333333281249997 0.5203703703125 0.43333333281249997 0.50648148125 0.434375 0.5009259265625 0.4369791671875 0.497222221875 0.4359375 0.4990740734375 0.44375
0 0.703703703125 0.4458333328125 0.75648148125 0.4458333328125 0.7638888890625 0.4447916671875 0.7666666671875 0.4427083328125 0.7675925921875 0.4359375 0.7629629625 0.4322916671875 0.7175925921874999 0.43125 0.7129629625 0.43125 0.7046296296875 0.43177083281249995 0.6972222218749999 0.43541666718750005 0.6972222218749999 0.44166666718750003 0.703703703125 0.4458333328125
0 0.8611111109375 0.4578125 0.915740740625 0.44895833281249997 0.922222221875 0.44427083281249996 0.922222221875 0.43541666718750005 0.9175925921875001 0.4322916671875 0.9046296296874999 0.43072916718750004 0.8666666671875 0.43072916718750004 0.8648148140625 0.43072916718750004 0.853703703125 0.43541666718750005 0.8481481484375 0.4458333328125 0.8490740734375001 0.4536458328125 0.8611111109375 0.4578125
0 0.9851851859374999 0.45885416718750005 0.9916666671875 0.459375 0.9990740734375001 0.459375 0.9990740734375001 0.4296875 0.9925925921875001 0.4296875 0.98148148125 0.43072916718750004 0.975 0.4375 0.9768518515625001 0.4536458328125 0.9851851859374999 0.45885416718750005
0 0.427777778125 0.1630208328125 0.46296296249999996 0.16354166718750002 0.465740740625 0.1619791671875 0.4675925921875 0.14791666718750002 0.46388888906250003 0.1447916671875 0.4509259265625 0.1427083328125 0.44259259218749997 0.1427083328125 0.427777778125 0.1447916671875 0.42129629687500003 0.14895833281249998 0.42222222187499997 0.1583333328125 0.427777778125 0.1630208328125
0 0.42592592656250006 0.1895833328125 0.43333333281249997 0.19375 0.4583333328125 0.1927083328125 0.46296296249999996 0.190625 0.465740740625 0.1828125 0.46388888906250003 0.1697916671875 0.45555555625000005 0.1666666671875 0.4379629625 0.1661458328125 0.434259259375 0.1661458328125 0.427777778125 0.1682291671875 0.42314814843750004 0.17239583281249998 0.42222222187499997 0.17916666718750002 0.42592592656250006 0.1895833328125
0 0.43518518593750005 0.2244791671875 0.45 0.225 0.4574074078125 0.22239583281250003 0.46296296249999996 0.21770833281250002 0.46388888906250003 0.20208333281250002 0.45277777812500003 0.1963541671875 0.4478398140625 0.1963541671875 0.43518518593750005 0.196875 0.42870370312499995 0.2015625 0.427777778125 0.2140625 0.43518518593750005 0.2244791671875
0 0.43981481406249995 0.2630208328125 0.45185185156249996 0.2640625 0.4583333328125 0.2614583328125 0.4611111109375 0.25625 0.4620370375 0.2359375 0.4583333328125 0.23072916718749997 0.4509259265625 0.228125 0.44259259218749997 0.228125 0.43518518593750005 0.23125 0.43240740781250003 0.2359375 0.434259259375 0.2557291671875 0.43981481406249995 0.2630208328125
0 0.4388888890625 0.3046875 0.44629629687500005 0.3078125 0.45648148125 0.30625 0.4620370375 0.2989583328125 0.4611111109375 0.275 0.459259259375 0.2713541671875 0.45277777812500003 0.26875 0.4453703703125 0.26875 0.4388888890625 0.2703125 0.4361111109375 0.2744791671875 0.4361111109375 0.3010416671875 0.4388888890625 0.3046875
0 0.4388888890625 0.3479166671875 0.45 0.35208333281250004 0.4601851859375 0.3489583328125 0.46388888906250003 0.34375 0.46388888906250003 0.3213541671875 0.459259259375 0.3135416671875 0.4546296296875 0.31197916718749996 0.44629629687500005 0.31197916718749996 0.43981481406249995 0.3140625 0.4370370375 0.3177083328125 0.4370370375 0.3421875 0.4388888890625 0.3479166671875
0 0.44444444375 0.39375 0.45555555625000005 0.3947916671875 0.46296296249999996 0.3921875 0.465740740625 0.3885416671875 0.465740740625 0.36666666718749996 0.46388888906250003 0.35989583281250004 0.45185185156249996 0.3557291671875 0.4481481484375 0.3557291671875 0.44166666718750003 0.3578125 0.4379629625 0.3630208328125 0.4388888890625 0.3885416671875 0.44444444375 0.39375
0 0.447222221875 0.43541666718750005 0.4601851859375 0.4359375 0.465740740625 0.4348958328125 0.46851851875 0.43177083281249995 0.4675925921875 0.4114583328125 0.46388888906250003 0.4010416671875 0.4546296296875 0.3984375 0.4509259265625 0.3984375 0.44259259218749997 0.40052083281249995 0.4388888890625 0.4067708328125 0.43981481406249995 0.43125 0.447222221875 0.43541666718750005
1 0 0.47083333281249995 0.0203703703125 0.4703125 0.0333333328125 0.4661458328125 0.0333333328125 0.446875 0.0296296296875 0.44322916718750005 0.021296296875000002 0.440625 0.0166666671875 0.440625 0 0.44114583281249997 0 0.47083333281249995
1 0.0388888890625 0.459375 0.045370370312500005 0.46875 0.0759259265625 0.46979166718750004 0.08518518593749999 0.46875 0.09351851875 0.46510416718750003 0.09444444375 0.446875 0.09074074062500001 0.4427083328125 0.08333333281250001 0.4401041671875 0.078703703125 0.4401041671875 0.055555556250000006 0.4401041671875 0.04444444375 0.4427083328125 0.039814814062499995 0.44895833281249997 0.0388888890625 0.459375
1 0.10185185156250001 0.46510416718750003 0.10648148125000001 0.4682291671875 0.140740740625 0.46875 0.146296296875 0.46770833281249996 0.15277777812499999 0.46302083281249995 0.15277777812499999 0.4447916671875 0.147222221875 0.440625 0.13148148125 0.43854166718750004 0.1296296296875 0.43854166718750004 0.1101851859375 0.43958333281249995 0.102777778125 0.44322916718750005 0.0981481484375 0.45625 0.10185185156250001 0.46510416718750003
1 0.1611111109375 0.46458333281249997 0.1648148140625 0.4671875 0.17314814843749998 0.46875 0.2046296296875 0.46666666718750005 0.2101851859375 0.4609375 0.209259259375 0.44427083281249996 0.1990740734375 0.43854166718750004 0.18055555625 0.4380208328125 0.1759259265625 0.4380208328125 0.16851851874999998 0.43854166718750004 0.1601851859375 0.44322916718750005 0.1574074078125 0.45520833281249995 0.1611111109375 0.46458333281249997
1 0.2148148140625 0.4583333328125 0.2175925921875 0.4635416671875 0.222222221875 0.4661458328125 0.2296296296875 0.46770833281249996 0.2518518515625 0.46770833281249996 0.2601851859375 0.46666666718750005 0.2675925921875 0.4635416671875 0.271296296875 0.4578125 0.271296296875 0.44739583281249995 0.2675925921875 0.44114583281249997 0.25740740781250004 0.4375 0.2523148140625 0.4375 0.22407407343750002 0.43854166718750004 0.2175925921875 0.4421875 0.2148148140625 0.44635416718750004 0.2148148140625 0.4583333328125
1 0.2833333328125 0.465625 0.3148148140625 0.46666666718750005 0.32592592656249997 0.4640625 0.33055555625 0.4578125 0.33055555625 0.446875 0.32592592656249997 0.4401041671875 0.31851851875000003 0.4369791671875 0.313271296875 0.4369791671875 0.2870370375 0.4375 0.27777777812500004 0.4421875 0.2768518515625 0.4583333328125 0.2833333328125 0.465625
1 0.334259259375 0.4557291671875 0.3416666671875 0.46458333281249997 0.36851851875 0.4661458328125 0.38333333281250004 0.46458333281249997 0.3879629625 0.46197916718750004 0.3888888890625 0.44739583281249995 0.3851851859375 0.440625 0.3768518515625 0.43645833281249996 0.3719138890625 0.43645833281249996 0.3481481484375 0.4369791671875 0.3398148140625 0.4390625 0.334259259375 0.44635416718750004 0.334259259375 0.4557291671875
1 0.40833333281249995 0.45885416718750005 0.44351851875000003 0.44895833281249997 0.47407407343749997 0.44895833281249997 0.48333333281249996 0.4458333328125 0.48333333281249996 0.43854166718750004 0.4796296296875 0.4369791671875 0.45 0.4380208328125 0.4361111109375 0.43541666718750005 0.43518518593750005 0.4348958328125 0.396296296875 0.4375 0.39074074062499997 0.4447916671875 0.39444444375 0.453125 0.40833333281249995 0.45885416718750005
1 0.590740740625 0.44739583281249995 0.6777777781250001 0.446875 0.6879629625 0.44427083281249996 0.6898148140625 0.4375 0.684259259375 0.4328125 0.646296296875 0.43177083281249995 0.6453703703125 0.43177083281249995 0.5898148140624999 0.43385416718750003 0.5833333328125 0.4375 0.5833333328125 0.4421875 0.590740740625 0.44739583281249995
1 0.7870370375 0.4447916671875 0.8203703703125 0.44635416718750004 0.8361111109375001 0.45 0.8416666671874999 0.4484375 0.8462962968750001 0.4380208328125 0.8425925921875 0.43177083281249995 0.8129629625 0.43072916718750004 0.8076388890624999 0.43072916718750004 0.7916666671875 0.43072916718750004 0.7814814812499999 0.4348958328125 0.7805555562500001 0.4390625 0.7870370375 0.4447916671875
1 0.9351851859375 0.43854166718750004 0.9324074078125 0.4515625 0.9351851859375 0.45520833281249995 0.9388888890624999 0.4526041671875 0.946296296875 0.4578125 0.95555555625 0.45885416718750005 0.9620370375 0.4578125 0.9694444437499999 0.4536458328125 0.9703703703125001 0.440625 0.9648148140625 0.43385416718750003 0.9583333328125001 0.43125 0.9546296296874999 0.4328125 0.9518518515625001 0.43125 0.95 0.43125 0.940740740625 0.43541666718750005 0.9416666671874999 0.440625 0.9388888890624999 0.4427083328125 0.9351851859375 0.43854166718750004