0 0.425 0.1875 0.43518518593750005 0.1932291671875 0.45648148125 0.1921875 0.46388888906250003 0.1885416671875 0.46666666718750005 0.1776041671875 0.46481481406249997 0.1703125 0.46296296249999996 0.1682291671875 0.45277777812500003 0.165625 0.4481481484375 0.165625 0.434259259375 0.165625 0.427777778125 0.1671875 0.42222222187499997 0.1729166671875 0.425 0.1875
0 0.425 0.1604166671875 0.43148148124999997 0.1640625 0.4583333328125 0.16354166718750002 0.465740740625 0.159375 0.46666666718750005 0.146875 0.46296296249999996 0.14375 0.4509259265625 0.1416666671875 0.445678703125 0.1416666671875 0.43518518593750005 0.1416666671875 0.42222222187499997 0.146875 0.42129629687500003 0.1552083328125 0.425 0.1604166671875
0 0.43981481406249995 0.22552083281250002 0.45277777812500003 0.225 0.46296296249999996 0.2182291671875 0.46296296249999996 0.1989583328125 0.4583333328125 0.1963541671875 0.45 0.1953125 0.44490740781250004 0.1953125 0.434259259375 0.19583333281249998 0.427777778125 0.203125 0.4296296296875 0.2203125 0.43981481406249995 0.22552083281250002
0 0.44259259218749997 0.265625 0.45648148125 0.2640625 0.4611111109375 0.2567708328125 0.4620370375 0.2359375 0.4583333328125 0.23125 0.45185185156249996 0.22916666718749998 0.447222221875 0.22916666718749998 0.4370370375 0.23072916718749997 0.43240740781250003 0.23541666718749998 0.434259259375 0.2578125 0.44259259218749997 0.265625
0 0.4388888890625 0.3067708328125 0.44629629687500005 0.309375 0.4574074078125 0.3078125 0.4620370375 0.3010416671875 0.4611111109375 0.2760416671875 0.4583333328125 0.271875 0.45185185156249996 0.2697916671875 0.4481481484375 0.2697916671875 0.440740740625 0.2708333328125 0.4361111109375 0.275 0.4361111109375 0.3026041671875 0.4388888890625 0.3067708328125
0 0.44629629687500005 0.3536458328125 0.4583333328125 0.35208333281250004 0.46388888906250003 0.3463541671875 0.46388888906250003 0.321875 0.4601851859375 0.3161458328125 0.4546296296875 0.3135416671875 0.4481481484375 0.3135416671875 0.44166666718750003 0.3151041671875 0.4370370375 0.31979166718749996 0.4370370375 0.3463541671875 0.44629629687500005 0.3536458328125
0 0.44351851875000003 0.3953125 0.45648148125 0.396875 0.46388888906250003 0.3932291671875 0.46666666718750005 0.38229166718749996 0.46388888906250003 0.3609375 0.4546296296875 0.3578125 0.447222221875 0.3578125 0.43981481406249995 0.3609375 0.4379629625 0.3640625 0.4388888890625 0.3885416671875 0.44351851875000003 0.3953125
0 0.44259259218749997 0.4375 0.45 0.43854166718750004 0.4583333328125 0.4375 0.4675925921875 0.4322916671875 0.46666666718750005 0.40833333281249995 0.46296296249999996 0.40260416718750003 0.4546296296875 0.40052083281249995 0.45 0.40052083281249995 0.44259259218749997 0.40260416718750003 0.4388888890625 0.4088541671875 0.43981481406249995 0.434375 0.44259259218749997 0.4375
1 0.4981481484375 0.446875 0.4990740734375 0.4375 0.49351851875 0.4348958328125 0.475 0.43385416718750003 0.4731481484375 0.43385416718750003 0.4583333328125 0.4401041671875 0.4583333328125 0.4479166671875 0.48518518593750004 0.44895833281249997 0.4981481484375 0.446875
1 0.678703703125 0.44635416718750004 0.6888888890625 0.44427083281249996 0.6925925921875 0.4401041671875 0.6851851859375 0.43333333281249997 0.6703703703125 0.4322916671875 0.60555555625 0.4328125 0.5898148140624999 0.43541666718750005 0.5879629625 0.44375 0.5925925921874999 0.44739583281249995 0.5981481484375 0.4479166671875 0.678703703125 0.44635416718750004
1 0.85 0.4546875 0.8638888890624999 0.453125 0.872222221875 0.44427083281249996 0.86944444375 0.4359375 0.8574074078124999 0.43125 0.8009259265625 0.43125 0.7879629625 0.4348958328125 0.7870370375 0.4401041671875 0.790740740625 0.44427083281249996 0.8129629625 0.4458333328125 0.85 0.4546875
1 0.9898148140625 0.4515625 0.9898148140625 0.4390625 0.9824074078124999 0.43125 0.95 0.4302083328125 0.940740740625 0.43541666718750005 0.934259259375 0.44947916718750003 0.9333333328125001 0.4557291671875 0.9398148140625 0.45885416718750005 0.977777778125 0.45885416718750005 0.9898148140625 0.4515625
1 0.0648148140625 0.4661458328125 0.0675925921875 0.4536458328125 0.0648148140625 0.4458333328125 0.059259259375 0.44166666718750003 0.028703703125 0.4401041671875 0.019444443750000002 0.44166666718750003 0.0129629625 0.44635416718750004 0.0120370375 0.4635416671875 0.0203703703125 0.46979166718750004 0.04444444375 0.4703125 0.0648148140625 0.4661458328125
1 0.12407407343750002 0.4640625 0.1268518515625 0.45885416718750005 0.125 0.44635416718750004 0.1166666671875 0.4401041671875 0.08518518593749999 0.43958333281249995 0.0759259265625 0.4421875 0.071296296875 0.4484375 0.071296296875 0.46302083281249995 0.07685185156249999 0.4682291671875 0.1148148140625 0.46875 0.12407407343750002 0.4640625
1 0.1768518515625 0.46770833281249996 0.1824074078125 0.46510416718750003 0.1870370375 0.4583333328125 0.1861111109375 0.446875 0.178703703125 0.4401041671875 0.1620370375 0.4380208328125 0.140740740625 0.4390625 0.1324074078125 0.4427083328125 0.1296296296875 0.44739583281249995 0.1296296296875 0.4609375 0.1351851859375 0.4671875 0.1620370375 0.46875 0.1768518515625 0.46770833281249996
1 0.2370370375 0.46666666718750005 0.24259259218749998 0.4635416671875 0.2453703703125 0.4458333328125 0.2370370375 0.4390625 0.2009259265625 0.4380208328125 0.19351851874999998 0.44114583281249997 0.1898148140625 0.44635416718750004 0.1898148140625 0.459375 0.196296296875 0.46666666718750005 0.22407407343750002 0.4682291671875 0.2370370375 0.46666666718750005
1 0.29907407343750003 0.46510416718750003 0.3018518515625 0.46302083281249995 0.30648148124999997 0.45104166718750005 0.302777778125 0.44166666718750003 0.29814814843750004 0.43854166718750004 0.2870370375 0.4369791671875 0.2611111109375 0.4380208328125 0.25555555625 0.43958333281249995 0.25 0.44635416718750004 0.25 0.459375 0.25740740781250004 0.4661458328125 0.2833333328125 0.4671875 0.29907407343750003 0.46510416718750003
1 0.353703703125 0.465625 0.3601851859375 0.46302083281249995 0.365740740625 0.45104166718750005 0.36296296250000004 0.44166666718750003 0.35648148125 0.4380208328125 0.3453703703125 0.43645833281249996 0.31944444375000003 0.4375 0.3111111109375 0.44375 0.3101851859375 0.4578125 0.31759259218749997 0.46510416718750003 0.3379629625 0.46666666718750005 0.353703703125 0.465625
1 0.38148148125 0.46510416718750003 0.4046296296875 0.46197916718750004 0.42870370312499995 0.453125 0.434259259375 0.4479166671875 0.43240740781250003 0.4401041671875 0.42314814843750004 0.4359375 0.3796296296875 0.4369791671875 0.36944444375 0.44322916718750005 0.36851851875 0.45104166718750005 0.372222221875 0.4583333328125 0.3759259265625 0.4635416671875 0.38148148125 0.46510416718750003
0 0.5824074078125 0.4401041671875 0.575 0.43385416718750003 0.5259259265625 0.43333333281249997 0.5175925921875 0.43385416718750003 0.5120370375000001 0.4369791671875 0.5120370375000001 0.4447916671875 0.5203703703125 0.4484375 0.5759259265625001 0.44739583281249995 0.5824074078125 0.4401041671875
0 0.7814814812499999 0.44166666718750003 0.7814814812499999 0.4348958328125 0.771296296875 0.43072916718750004 0.7212962968750001 0.43125 0.7111111109375 0.4359375 0.7111111109375 0.44166666718750003 0.715740740625 0.4453125 0.772222221875 0.4458333328125 0.7814814812499999 0.44166666718750003
0 0.9296296296875 0.44739583281249995 0.9351851859375 0.4390625 0.9333333328125001 0.43385416718750003 0.9203703703125001 0.4302083328125 0.8916666671875 0.4302083328125 0.8796296296874999 0.43541666718750005 0.8796296296874999 0.4453125 0.8888888890625 0.45 0.9231481484374999 0.4505208328125 0.9296296296875 0.44739583281249995