1 0.4388888890625 0.43958333281249995 0.4385074078125 0.4377322921875 0.4256759265625 0.43370208281249994 0.41493333281250006 0.4375640625 0.4137398140625 0.4467994796875 0.421797221875 0.4523411453125 0.43055555625 0.45104166718750005 0.4388888890625 0.45104166718750005 0.44351851875000003 0.44895833281249997 0.502777778125 0.44895833281249997 0.5259259265625 0.446875 0.5231481484375 0.43645833281249996 0.51944444375 0.4348958328125 0.5074074078125 0.434375 0.502777778125 0.434375 0.47407407343749997 0.43541666718750005 0.46944444374999994 0.43854166718750004 0.45555555625000005 0.44166666718750003 0.4388888890625 0.43958333281249995
1 0.6268518515625 0.44739583281249995 0.7111111109375 0.4458333328125 0.7203703703125 0.44322916718750005 0.722222221875 0.4380208328125 0.715740740625 0.4328125 0.6861111109375 0.43177083281249995 0.6851851859375 0.43125 0.625 0.4328125 0.61851851875 0.43541666718750005 0.6175925921875 0.4427083328125 0.6268518515625 0.44739583281249995
1 0.35555555625 0.4625 0.3601851859375 0.46510416718750003 0.36944444375 0.4661458328125 0.3925925921875 0.46458333281249997 0.40555555625000006 0.459375 0.409259259375 0.45104166718750005 0.40648148125 0.4427083328125 0.40092592656250003 0.4380208328125 0.3953703703125 0.43645833281249996 0.39027777812500003 0.43645833281249996 0.3611111109375 0.4369791671875 0.352777778125 0.44166666718750003 0.3509259265625 0.45520833281249995 0.35555555625 0.4625
1 0.2925925921875 0.45729166718750003 0.2953703703125 0.4625 0.3 0.46510416718750003 0.30555555624999997 0.46666666718750005 0.322222221875 0.46666666718750005 0.3361111109375 0.465625 0.34351851875 0.46302083281249995 0.34722222187499996 0.45625 0.34629629687499996 0.4421875 0.3351851859375 0.4369791671875 0.329321296875 0.4369791671875 0.302777778125 0.4375 0.29444444375 0.44166666718750003 0.2916666671875 0.4484375 0.2925925921875 0.45729166718750003
1 0.234259259375 0.45989583281249996 0.24444444375000002 0.4671875 0.275 0.46666666718750005 0.2824074078125 0.46458333281249997 0.2870370375 0.45989583281249996 0.2870370375 0.4453125 0.284259259375 0.44114583281249997 0.2759259265625 0.4380208328125 0.25833333281250004 0.4375 0.25555555625 0.4375 0.240740740625 0.4380208328125 0.234259259375 0.44114583281249997 0.23148148124999998 0.4458333328125 0.234259259375 0.45989583281249996
1 0.20740740781250003 0.46770833281249996 0.2203703703125 0.46770833281249996 0.22685185156249998 0.4661458328125 0.2296296296875 0.4635416671875 0.22777777812500002 0.45104166718750005 0.22407407343750002 0.44739583281249995 0.2166666671875 0.4447916671875 0.21574074062499998 0.44427083281249996 0.20277777812500003 0.44895833281249997 0.2 0.45416666718750004 0.2 0.46458333281249997 0.20740740781250003 0.46770833281249996
1 0.146296296875 0.46510416718750003 0.1546296296875 0.46875 0.1851851859375 0.46770833281249996 0.19351851874999998 0.4635416671875 0.1990740734375 0.45208333281249996 0.1981481484375 0.44375 0.1898148140625 0.4390625 0.177777778125 0.4380208328125 0.1768518515625 0.4380208328125 0.15277777812499999 0.4390625 0.14444444375 0.44427083281249996 0.1425925921875 0.4583333328125 0.146296296875 0.46510416718750003
1 0.0861111109375 0.46458333281249997 0.0925925921875 0.46875 0.127777778125 0.46875 0.13333333281249998 0.4671875 0.1379629625 0.46302083281249995 0.1379629625 0.4453125 0.13148148125 0.440625 0.1175925921875 0.4390625 0.1115740734375 0.4390625 0.0925925921875 0.440625 0.08518518593749999 0.44739583281249995 0.08425925937499999 0.4604166671875 0.0861111109375 0.46458333281249997
1 0.0259259265625 0.46302083281249995 0.028703703125 0.4682291671875 0.0416666671875 0.4703125 0.060185185937499996 0.4703125 0.077777778125 0.46666666718750005 0.08055555625000001 0.4614583328125 0.078703703125 0.4458333328125 0.075 0.4421875 0.0648148140625 0.4401041671875 0.0638888890625 0.43958333281249995 0.0379629625 0.440625 0.030555556249999997 0.44322916718750005 0.0259259265625 0.45208333281249996 0.0259259265625 0.46302083281249995
1 0 0.4703125 0.015740740625 0.4682291671875 0.021296296875000002 0.46302083281249995 0.0203703703125 0.446875 0.015740740625 0.44322916718750005 0.0074074078125 0.44114583281249997 0 0.44114583281249997 0 0.4703125
1 0.8490740734375001 0.45520833281249995 0.8620370375 0.45625 0.878703703125 0.4526041671875 0.8879629625 0.44895833281249997 0.89351851875 0.44427083281249996 0.89444444375 0.4390625 0.8879629625 0.4328125 0.8796296296874999 0.43125 0.834259259375 0.43072916718750004 0.8324074078124999 0.43072916718750004 0.8259259265625 0.43125 0.821296296875 0.43385416718750003 0.821296296875 0.4447916671875 0.8490740734375001 0.45520833281249995
1 0.9620370375 0.459375 0.99444444375 0.45885416718750005 0.9990740734375001 0.45729166718750003 0.9990740734375001 0.43125 0.9759259265625 0.4296875 0.9712962968750001 0.4296875 0.9638888890624999 0.43072916718750004 0.9574074078124999 0.434375 0.953703703125 0.4557291671875 0.9620370375 0.459375
0 0.43518518593750005 0.19479166718750002 0.459259259375 0.1932291671875 0.46481481406249997 0.18802083281249998 0.46666666718750005 0.1770833328125 0.46296296249999996 0.1697916671875 0.4574074078125 0.1677083328125 0.4453703703125 0.1666666671875 0.4370370375 0.1666666671875 0.42592592656250006 0.1703125 0.42222222187499997 0.1765625 0.425 0.1895833328125 0.43518518593750005 0.19479166718750002
0 0.43518518593750005 0.22552083281250002 0.44166666718750003 0.2265625 0.4583333328125 0.2244791671875 0.46296296249999996 0.2192708328125 0.46481481406249997 0.2046875 0.4620370375 0.2 0.45370370312499997 0.196875 0.44845648125000004 0.196875 0.43518518593750005 0.1973958328125 0.427777778125 0.20416666718749998 0.42870370312499995 0.2208333328125 0.43518518593750005 0.22552083281250002
0 0.4379629625 0.2645833328125 0.44351851875000003 0.2666666671875 0.45555555625000005 0.265625 0.459259259375 0.2635416671875 0.4611111109375 0.25833333281250004 0.4620370375 0.23697916718749998 0.459259259375 0.2328125 0.45185185156249996 0.23020833281250003 0.44351851875000003 0.23020833281250003 0.43518518593750005 0.2328125 0.43240740781250003 0.23697916718749998 0.434259259375 0.2598958328125 0.4379629625 0.2645833328125
0 0.4388888890625 0.3078125 0.447222221875 0.3104166671875 0.459259259375 0.3078125 0.46296296249999996 0.2984375 0.4611111109375 0.2770833328125 0.4583333328125 0.27291666718749996 0.45277777812500003 0.2708333328125 0.4453703703125 0.2708333328125 0.4388888890625 0.2723958328125 0.4361111109375 0.2765625 0.4361111109375 0.303125 0.4388888890625 0.3078125
0 0.44629629687500005 0.3546875 0.45648148125 0.3541666671875 0.46388888906250003 0.3473958328125 0.46388888906250003 0.3223958328125 0.4601851859375 0.3171875 0.45370370312499997 0.3145833328125 0.447222221875 0.3145833328125 0.4379629625 0.3182291671875 0.4361111109375 0.3328125 0.4379629625 0.3494791671875 0.44629629687500005 0.3546875
0 0.44166666718750003 0.3963541671875 0.4509259265625 0.39895833281250004 0.459259259375 0.39791666718749996 0.46388888906250003 0.3953125 0.46666666718750005 0.3848958328125 0.46388888906250003 0.3630208328125 0.4611111109375 0.35989583281250004 0.4546296296875 0.3583333328125 0.45 0.3583333328125 0.44351851875000003 0.359375 0.4379629625 0.3645833328125 0.4379629625 0.3859375 0.44166666718750003 0.3963541671875
0 0.459259259375 0.4390625 0.46666666718750005 0.4375 0.46851851875 0.43541666718750005 0.46851851875 0.4265625 0.46666666718750005 0.409375 0.46296296249999996 0.40416666718750005 0.4583333328125 0.40260416718750003 0.45 0.40260416718750003 0.43981481406249995 0.4078125 0.4388888890625 0.43541666718750005 0.44351851875000003 0.4375 0.459259259375 0.4390625
0 0.5509259265625001 0.4479166671875 0.6 0.4479166671875 0.6083333328125 0.446875 0.6120370375 0.44375 0.6120370375 0.4369791671875 0.60648148125 0.43333333281249997 0.5611111109375 0.4328125 0.5583333328125 0.4328125 0.5481481484375 0.43385416718750003 0.5425925921875 0.4380208328125 0.54351851875 0.44375 0.5509259265625001 0.4479166671875
0 0.7425925921875 0.4427083328125 0.7481481484375 0.4453125 0.7574074078125 0.4458333328125 0.8018518515625 0.4458333328125 0.8129629625 0.4427083328125 0.8138888890624999 0.43541666718750005 0.809259259375 0.43177083281249995 0.7787037031249999 0.4302083328125 0.777777778125 0.4302083328125 0.752777778125 0.43072916718750004 0.746296296875 0.4322916671875 0.7416666671875001 0.43541666718750005 0.7425925921875 0.4427083328125
0 0.915740740625 0.45 0.9277777781250001 0.4546875 0.9416666671874999 0.4557291671875 0.9490740734375 0.45104166718750005 0.9509259265625 0.434375 0.9472222218749999 0.43177083281249995 0.9361111109375001 0.4302083328125 0.93125 0.4302083328125 0.9120370375 0.43125 0.9064814812499999 0.4348958328125 0.9055555562500001 0.44114583281249997 0.915740740625 0.45
0 0.427777778125 0.16354166718750002 0.4583333328125 0.1640625 0.46296296249999996 0.1625 0.46666666718750005 0.1583333328125 0.4675925921875 0.1494791671875 0.46388888906250003 0.1447916671875 0.4546296296875 0.1427083328125 0.4496916671875 0.1427083328125 0.4296296296875 0.14375 0.42222222187499997 0.1473958328125 0.42129629687500003 0.15677083281249998 0.427777778125 0.16354166718750002
0 0.42222222187499997 0.134375 0.43148148124999997 0.1385416671875 0.459259259375 0.1385416671875 0.4675925921875 0.1348958328125 0.46666666718750005 0.1270833328125 0.4620370375 0.1270833328125 0.4481481484375 0.1291666671875 0.42870370312499995 0.128125 0.42314814843750004 0.1307291671875 0.42222222187499997 0.134375