0 0.652777778125 0.4458333328125 0.659259259375 0.446875 0.7083333328125 0.44635416718750004 0.7166666671875 0.4447916671875 0.7194444437499999 0.44166666718750003 0.7166666671875 0.43333333281249997 0.7083333328125 0.43125 0.6944444437499999 0.43125 0.6916666671875 0.43125 0.6546296296875 0.4328125 0.6481481484375 0.4359375 0.6481481484375 0.4427083328125 0.652777778125 0.4458333328125
0 0.4583333328125 0.4479166671875 0.5083333328124999 0.4484375 0.521296296875 0.4458333328125 0.521296296875 0.4375 0.5129629625 0.43385416718750003 0.47222222187499996 0.43333333281249997 0.4671296296875 0.43333333281249997 0.459259259375 0.43385416718750003 0.45370370312499997 0.4369791671875 0.45370370312499997 0.44375 0.4583333328125 0.4479166671875
0 0.8435185187500001 0.45208333281249996 0.8583333328125 0.45625 0.88055555625 0.45208333281249996 0.8898148140625001 0.4453125 0.8870370375000001 0.434375 0.878703703125 0.43177083281249995 0.865740740625 0.43072916718750004 0.8611111109375 0.43072916718750004 0.8490740734375001 0.4328125 0.8398148140625 0.44166666718750003 0.8398148140625 0.4479166671875 0.8435185187500001 0.45208333281249996
1 0.9018518515625 0.4484375 0.91944444375 0.4505208328125 0.9379629625 0.4578125 0.9472222218749999 0.45729166718750003 0.959259259375 0.45 0.9583333328125001 0.43645833281249996 0.95 0.43072916718750004 0.9425925921875 0.4296875 0.9379629625 0.4296875 0.9 0.4302083328125 0.89351851875 0.434375 0.89444444375 0.4421875 0.9018518515625 0.4484375
0 0.9712962968750001 0.4583333328125 0.99444444375 0.45885416718750005 0.9990740734375001 0.45677083281249997 0.9990740734375001 0.43177083281249995 0.9824074078124999 0.4296875 0.98148148125 0.4296875 0.9740740734375001 0.43072916718750004 0.9675925921875 0.4348958328125 0.9648148140625 0.4515625 0.9712962968750001 0.4583333328125
0 0.427777778125 0.1552083328125 0.4583333328125 0.1546875 0.46666666718750005 0.1515625 0.46666666718750005 0.1380208328125 0.4611111109375 0.1354166671875 0.447222221875 0.13333333281249998 0.44629629687500005 0.13333333281249998 0.43148148124999997 0.1359375 0.42129629687500003 0.14010416718750002 0.4203703703125 0.1515625 0.427777778125 0.1552083328125
0 0.42222222187499997 0.1734375 0.4268518515625 0.18020833281249998 0.43148148124999997 0.1822916671875 0.4574074078125 0.1822916671875 0.46388888906250003 0.17916666718750002 0.465740740625 0.1630208328125 0.4546296296875 0.1572916671875 0.44976851875 0.1572916671875 0.43518518593750005 0.1572916671875 0.427777778125 0.1588541671875 0.42314814843750004 0.1619791671875 0.42222222187499997 0.1734375
0 0.427777778125 0.20833333281250002 0.43518518593750005 0.2140625 0.45555555625000005 0.21354166718749998 0.46296296249999996 0.209375 0.46481481406249997 0.1921875 0.46296296249999996 0.1885416671875 0.45555555625000005 0.1854166671875 0.45023148125 0.1854166671875 0.434259259375 0.1854166671875 0.4268518515625 0.1890625 0.42592592656250006 0.2036458328125 0.427777778125 0.20833333281250002
0 0.4361111109375 0.2479166671875 0.44259259218749997 0.2510416671875 0.45185185156249996 0.2510416671875 0.4601851859375 0.24635416718749997 0.46296296249999996 0.228125 0.4601851859375 0.2203125 0.45555555625000005 0.21770833281250002 0.45 0.21770833281250002 0.4361111109375 0.2182291671875 0.43055555625 0.22395833281250002 0.43240740781250003 0.2421875 0.4361111109375 0.2479166671875
0 0.44166666718750003 0.2932291671875 0.4546296296875 0.2942708328125 0.459259259375 0.2916666671875 0.4620370375 0.2859375 0.4620370375 0.2666666671875 0.459259259375 0.2588541671875 0.45185185156249996 0.2552083328125 0.4453703703125 0.2552083328125 0.4370370375 0.25833333281250004 0.434259259375 0.265625 0.4361111109375 0.2875 0.44166666718750003 0.2932291671875
0 0.44629629687500005 0.3390625 0.459259259375 0.3369791671875 0.46296296249999996 0.3322916671875 0.46296296249999996 0.3057291671875 0.4601851859375 0.3010416671875 0.45370370312499997 0.2984375 0.44629629687500005 0.2984375 0.4370370375 0.303125 0.4370370375 0.33125 0.4388888890625 0.3348958328125 0.44629629687500005 0.3390625
0 0.4388888890625 0.3770833328125 0.44259259218749997 0.38125 0.45 0.38333333281250004 0.4620370375 0.3807291671875 0.465740740625 0.3723958328125 0.46388888906250003 0.3484375 0.4611111109375 0.3453125 0.4546296296875 0.34322916718749996 0.45277777812500003 0.34322916718749996 0.4453703703125 0.34375 0.43981481406249995 0.3463541671875 0.4370370375 0.3609375 0.4388888890625 0.3770833328125
0 0.44259259218749997 0.425 0.4509259265625 0.428125 0.46296296249999996 0.42604166718750003 0.46666666718750005 0.4213541671875 0.465740740625 0.3927083328125 0.4611111109375 0.3880208328125 0.45185185156249996 0.3875 0.4509259265625 0.3869791671875 0.44166666718750003 0.3895833328125 0.4388888890625 0.3947916671875 0.43981481406249995 0.41979166718750005 0.44259259218749997 0.425
1 0 0.47083333281249995 0.013888889062500001 0.4671875 0.0166666671875 0.4604166671875 0.0148148140625 0.44635416718750004 0.002777778125 0.44114583281249997 0 0.44114583281249997 0 0.47083333281249995
1 0.0203703703125 0.46302083281249995 0.0268518515625 0.46875 0.0361111109375 0.4703125 0.060185185937499996 0.46979166718750004 0.0731481484375 0.4661458328125 0.07685185156249999 0.45989583281249996 0.07685185156249999 0.44947916718750003 0.0731481484375 0.44375 0.0638888890625 0.4401041671875 0.058564814062500005 0.4401041671875 0.0324074078125 0.440625 0.022222221875 0.44635416718750004 0.019444443750000002 0.453125 0.0203703703125 0.46302083281249995
1 0.0870370375 0.46770833281249996 0.09629629687499999 0.4692708328125 0.1231481484375 0.46875 0.13333333281249998 0.46510416718750003 0.1361111109375 0.45989583281249996 0.1351851859375 0.4453125 0.1296296296875 0.44114583281249997 0.11574074062499999 0.4390625 0.1148148140625 0.43854166718750004 0.0916666671875 0.4401041671875 0.08148148125 0.4458333328125 0.08055555625000001 0.4604166671875 0.0870370375 0.46770833281249996
1 0.140740740625 0.4609375 0.15092592656249998 0.4682291671875 0.17962962968750001 0.4682291671875 0.190740740625 0.46510416718750003 0.19444444375 0.45989583281249996 0.19444444375 0.446875 0.1898148140625 0.44114583281249997 0.178703703125 0.4380208328125 0.172222221875 0.4380208328125 0.15092592656249998 0.4390625 0.1453703703125 0.44114583281249997 0.140740740625 0.44635416718750004 0.140740740625 0.4609375
1 0.1981481484375 0.4536458328125 0.2009259265625 0.4635416671875 0.20555555625 0.4661458328125 0.21296296250000002 0.46770833281249996 0.23611111093749998 0.46770833281249996 0.25 0.46458333281249997 0.253703703125 0.45989583281249996 0.2546296296875 0.4479166671875 0.2518518515625 0.4421875 0.2416666671875 0.4380208328125 0.236728703125 0.4380208328125 0.21203703749999997 0.4380208328125 0.20370370312500002 0.440625 0.1990740734375 0.446875 0.1981481484375 0.4536458328125
1 0.2629629625 0.46302083281249995 0.271296296875 0.46666666718750005 0.3 0.46666666718750005 0.3120370375 0.46302083281249995 0.315740740625 0.4557291671875 0.3148148140625 0.4447916671875 0.3129629625 0.44166666718750003 0.3018518515625 0.4369791671875 0.29351851875 0.4369791671875 0.26944444375 0.4380208328125 0.2611111109375 0.44322916718750005 0.259259259375 0.45625 0.2629629625 0.46302083281249995
1 0.32592592656249997 0.46458333281249997 0.334259259375 0.4661458328125 0.353703703125 0.4661458328125 0.36666666718749996 0.46510416718750003 0.372222221875 0.4625 0.375 0.45885416718750005 0.3731481484375 0.44375 0.36851851875 0.43854166718750004 0.3620370375 0.43645833281249996 0.3574074078125 0.43645833281249996 0.33148148125 0.4369791671875 0.321296296875 0.4421875 0.31944444375000003 0.45625 0.32592592656249997 0.46458333281249997
1 0.38240740781250004 0.459375 0.3898148140625 0.46302083281249995 0.4 0.46302083281249995 0.4453703703125 0.4484375 0.44907407343749994 0.44375 0.4481481484375 0.4390625 0.44259259218749997 0.43541666718750005 0.4370370375 0.4348958328125 0.43240740781250003 0.4348958328125 0.384259259375 0.4375 0.377777778125 0.44375 0.377777778125 0.45208333281249996 0.38240740781250004 0.459375
1 0.534259259375 0.4479166671875 0.55 0.4484375 0.609259259375 0.4479166671875 0.6240740734375 0.446875 0.63148148125 0.44322916718750005 0.63148148125 0.4375 0.6231481484375 0.43333333281249997 0.584259259375 0.43333333281249997 0.5833333328125 0.4328125 0.5324074078125001 0.434375 0.5268518515625 0.4390625 0.5287037031249999 0.4458333328125 0.534259259375 0.4479166671875
1 0.7296296296875 0.44427083281249996 0.740740740625 0.4458333328125 0.821296296875 0.4458333328125 0.8259259265625 0.44375 0.827777778125 0.4348958328125 0.8240740734375 0.4322916671875 0.8175925921875 0.43072916718750004 0.7953703703125 0.43072916718750004 0.79444444375 0.4302083328125 0.7379629624999999 0.43125 0.727777778125 0.43385416718750003 0.7259259265625 0.440625 0.7296296296875 0.44427083281249996