0 0.7296296296875 0.44427083281249996 0.7333333328125 0.44635416718750004 0.7481481484375 0.44739583281249995 0.7925925921875 0.446875 0.8101851859375 0.4447916671875 0.821296296875 0.4479166671875 0.8370370375 0.44739583281249995 0.840740740625 0.4359375 0.8361111109375001 0.43125 0.81851851875 0.4302083328125 0.7981481484375 0.4322916671875 0.7916666671875 0.4302083328125 0.7796296296875 0.4296875 0.7759259265625 0.4296875 0.7388888890625 0.4302083328125 0.73148148125 0.43177083281249995 0.7268518515625 0.4369791671875 0.7296296296875 0.44427083281249996
1 0.840740740625 0.44739583281249995 0.8444444437499999 0.4536458328125 0.8611111109375 0.4578125 0.8879629625 0.4557291671875 0.8916666671875 0.4583333328125 0.896296296875 0.45677083281249997 0.9 0.45885416718750005 0.9074074078125 0.45520833281249995 0.915740740625 0.45885416718750005 0.9231481484374999 0.45729166718750003 0.9268518515625 0.4526041671875 0.9425925921875 0.453125 0.95 0.440625 0.9481481484375 0.43333333281249997 0.9425925921875 0.4302083328125 0.9370370375 0.4296875 0.9203703703125001 0.43125 0.9166666671874999 0.43385416718750003 0.915740740625 0.440625 0.9138888890624999 0.43385416718750003 0.9037037031249999 0.4296875 0.8981481484374999 0.4296875 0.85 0.43125 0.8444444437499999 0.4359375 0.8416666671874999 0.4427083328125 0.840740740625 0.44739583281249995
1 0 0.4703125 0.0296296296875 0.4703125 0.0379629625 0.46875 0.0425925921875 0.46510416718750003 0.045370370312500005 0.45885416718750005 0.04351851875 0.44635416718750004 0.0361111109375 0.44166666718750003 0.022222221875 0.440625 0.017129629687500002 0.440625 0 0.44166666718750003 0 0.4703125
1 0.051851851562499995 0.46666666718750005 0.059259259375 0.4692708328125 0.09351851875 0.46875 0.10185185156250001 0.46458333281249997 0.10370370312499999 0.446875 0.0981481484375 0.44166666718750003 0.08518518593749999 0.43958333281249995 0.07685185156249999 0.43958333281249995 0.060185185937499996 0.440625 0.05 0.44635416718750004 0.05 0.4640625 0.051851851562499995 0.46666666718750005
1 0.10833333281249999 0.4635416671875 0.1148148140625 0.46770833281249996 0.147222221875 0.46875 0.1583333328125 0.46666666718750005 0.1629629625 0.45989583281249996 0.1629629625 0.44739583281249995 0.1583333328125 0.44166666718750003 0.147222221875 0.4390625 0.14203703750000002 0.4390625 0.12129629687500001 0.4390625 0.1120370375 0.4421875 0.10648148125000001 0.4557291671875 0.10833333281249999 0.4635416671875
1 0.172222221875 0.4614583328125 0.18055555625 0.46770833281249996 0.20648148125 0.46770833281249996 0.2203703703125 0.4640625 0.22407407343750002 0.4583333328125 0.22314814843750003 0.4458333328125 0.2166666671875 0.440625 0.209259259375 0.4390625 0.20833333281250002 0.43854166718750004 0.177777778125 0.4401041671875 0.17314814843749998 0.44322916718750005 0.16944444375 0.45625 0.172222221875 0.4614583328125
1 0.23518518593749999 0.4635416671875 0.24259259218749998 0.46666666718750005 0.26944444375 0.46666666718750005 0.27777777812500004 0.46458333281249997 0.2833333328125 0.4609375 0.2824074078125 0.44322916718750005 0.271296296875 0.4380208328125 0.25648148125 0.43854166718750004 0.25555555625 0.4380208328125 0.2388888890625 0.4390625 0.23148148124999998 0.4453125 0.23148148124999998 0.459375 0.23518518593749999 0.4635416671875
1 0.2898148140625 0.4578125 0.29351851875 0.46302083281249995 0.29814814843750004 0.46510416718750003 0.32685185156249996 0.4661458328125 0.33703703749999997 0.46458333281249997 0.3425925921875 0.4609375 0.3453703703125 0.45625 0.3425925921875 0.4427083328125 0.33703703749999997 0.43854166718750004 0.32685185156249996 0.4375 0.32592592656249997 0.4369791671875 0.3009259265625 0.4380208328125 0.29444444375 0.43958333281249995 0.2916666671875 0.4421875 0.2898148140625 0.4578125
1 0.3574074078125 0.46510416718750003 0.36944444375 0.4661458328125 0.3916666671875 0.46458333281249997 0.4046296296875 0.4583333328125 0.40648148125 0.45104166718750005 0.4018518515625 0.44166666718750003 0.396296296875 0.4375 0.3851851859375 0.43645833281249996 0.38055555625 0.43645833281249996 0.35925925937500003 0.4369791671875 0.35 0.4421875 0.3490740734375 0.45729166718750003 0.3574074078125 0.46510416718750003
1 0.43518518593750005 0.4348958328125 0.41851851875 0.4348958328125 0.41018518593750003 0.4375 0.40648148125 0.4427083328125 0.4074074078125 0.44739583281249995 0.41018518593750003 0.45104166718750005 0.42129629687500003 0.45520833281249995 0.4453703703125 0.44947916718750003 0.50648148125 0.44895833281249997 0.515740740625 0.446875 0.5166666671875 0.4390625 0.5138888890625 0.4359375 0.50648148125 0.43385416718750003 0.490740740625 0.43385416718750003 0.4879629625 0.43385416718750003 0.47407407343749997 0.434375 0.45555555625000005 0.43958333281249995 0.44629629687500005 0.4390625 0.43518518593750005 0.4348958328125
1 0.6101851859375 0.44427083281249996 0.6175925921875 0.44739583281249995 0.6944444437499999 0.4458333328125 0.7083333328125 0.44427083281249996 0.7138888890625 0.43958333281249995 0.7120370375 0.43541666718750005 0.7009259265625001 0.4322916671875 0.6481481484375 0.4322916671875 0.64351851875 0.4322916671875 0.61944444375 0.4328125 0.6120370375 0.434375 0.6083333328125 0.4380208328125 0.6101851859375 0.44427083281249996
0 0.9490740734375 0.4557291671875 0.953703703125 0.45885416718750005 0.978703703125 0.45885416718750005 0.984259259375 0.45520833281249995 0.984259259375 0.43541666718750005 0.98148148125 0.43177083281249995 0.9740740734375001 0.4302083328125 0.9694444437499999 0.4302083328125 0.9620370375 0.43072916718750004 0.953703703125 0.4359375 0.9481481484375 0.4505208328125 0.9490740734375 0.4557291671875
1 0.9990740734375001 0.43072916718750004 0.9981481484374999 0.43072916718750004 0.990740740625 0.4369791671875 0.9916666671875 0.453125 0.997222221875 0.4578125 0.9990740734375001 0.43072916718750004
0 0.42129629687500003 0.1380208328125 0.4370370375 0.1390625 0.4611111109375 0.1364583328125 0.46481481406249997 0.1328125 0.46388888906250003 0.128125 0.4620370375 0.1270833328125 0.44629629687500005 0.1291666671875 0.4240740734375 0.1286458328125 0.4203703703125 0.13229166718750002 0.42129629687500003 0.1380208328125
0 0.42129629687500003 0.15625 0.4268518515625 0.1625 0.45370370312499997 0.1630208328125 0.46388888906250003 0.1609375 0.4675925921875 0.15572916718750002 0.4675925921875 0.14791666718750002 0.46666666718750005 0.1458333328125 0.45555555625000005 0.14114583281249998 0.45046296249999995 0.14114583281249998 0.43518518593750005 0.1421875 0.42314814843750004 0.1458333328125 0.4203703703125 0.1505208328125 0.42129629687500003 0.15625
0 0.43518518593750005 0.1927083328125 0.45648148125 0.1916666671875 0.46388888906250003 0.18802083281249998 0.46666666718750005 0.178125 0.46481481406249997 0.1697916671875 0.4601851859375 0.1666666671875 0.44907407343749994 0.1651041671875 0.44413611093750005 0.1651041671875 0.42870370312499995 0.1666666671875 0.42222222187499997 0.1734375 0.425 0.18697916718750002 0.43518518593750005 0.1927083328125
0 0.4361111109375 0.2244791671875 0.45185185156249996 0.2244791671875 0.4620370375 0.2192708328125 0.46388888906250003 0.20052083281250002 0.45555555625000005 0.1953125 0.4496916671875 0.1953125 0.43333333281249997 0.1963541671875 0.427777778125 0.2026041671875 0.4296296296875 0.2192708328125 0.4361111109375 0.2244791671875
0 0.44629629687500005 0.2640625 0.45277777812500003 0.2635416671875 0.4583333328125 0.2609375 0.4620370375 0.2494791671875 0.4620370375 0.23541666718749998 0.459259259375 0.23125 0.45 0.22760416718749998 0.4481481484375 0.22760416718749998 0.43981481406249995 0.2286458328125 0.43240740781250003 0.2359375 0.4361111109375 0.2598958328125 0.44629629687500005 0.2640625
0 0.4453703703125 0.3083333328125 0.45648148125 0.3072916671875 0.4620370375 0.3005208328125 0.4620370375 0.2776041671875 0.459259259375 0.2708333328125 0.45277777812500003 0.2682291671875 0.44444444375 0.2682291671875 0.4379629625 0.2708333328125 0.4361111109375 0.2744791671875 0.4361111109375 0.3020833328125 0.4453703703125 0.3083333328125
0 0.44166666718750003 0.3515625 0.44907407343749994 0.3536458328125 0.4583333328125 0.35208333281250004 0.46388888906250003 0.346875 0.46388888906250003 0.3213541671875 0.4601851859375 0.315625 0.4546296296875 0.31302083281250004 0.447222221875 0.31302083281250004 0.44259259218749997 0.3140625 0.4370370375 0.31979166718749996 0.4370370375 0.3458333328125 0.44166666718750003 0.3515625
0 0.44166666718750003 0.3947916671875 0.44907407343749994 0.3973958328125 0.4546296296875 0.3973958328125 0.4620370375 0.3958333328125 0.46481481406249997 0.3927083328125 0.465740740625 0.36770833281250004 0.46296296249999996 0.3604166671875 0.45185185156249996 0.3572916671875 0.44907407343749994 0.3572916671875 0.44166666718750003 0.359375 0.4379629625 0.3645833328125 0.4388888890625 0.3885416671875 0.44166666718750003 0.3947916671875
0 0.44351851875000003 0.4359375 0.4601851859375 0.4369791671875 0.465740740625 0.4359375 0.46851851875 0.4322916671875 0.46666666718750005 0.40833333281249995 0.4620370375 0.40260416718750003 0.45185185156249996 0.4010416671875 0.4509259265625 0.4010416671875 0.44444444375 0.40260416718750003 0.43981481406249995 0.4067708328125 0.4388888890625 0.4322916671875 0.44351851875000003 0.4359375
0 0.5370370375 0.4479166671875 0.5962962968750001 0.44739583281249995 0.602777778125 0.44322916718750005 0.602777778125 0.43854166718750004 0.5981481484375 0.4348958328125 0.5629629625 0.43333333281249997 0.557715740625 0.43333333281249997 0.5361111109375 0.434375 0.5305555562500001 0.4369791671875 0.5305555562500001 0.4427083328125 0.5370370375 0.4479166671875