0 0.4296296296875 0.1630208328125 0.45277777812500003 0.16354166718750002 0.46388888906250003 0.1604166671875 0.46666666718750005 0.1552083328125 0.465740740625 0.1458333328125 0.4611111109375 0.1432291671875 0.45 0.1416666671875 0.44444444375 0.1416666671875 0.427777778125 0.14375 0.42129629687500003 0.14791666718750002 0.42129629687500003 0.15677083281249998 0.4296296296875 0.1630208328125
0 0.425 0.1885416671875 0.43333333281249997 0.19375 0.4583333328125 0.1927083328125 0.46296296249999996 0.1895833328125 0.465740740625 0.1817708328125 0.46481481406249997 0.171875 0.4611111109375 0.1682291671875 0.4509259265625 0.1661458328125 0.445678703125 0.1661458328125 0.43518518593750005 0.1661458328125 0.427777778125 0.1682291671875 0.42222222187499997 0.1734375 0.425 0.1885416671875
0 0.43518518593750005 0.22552083281250002 0.44259259218749997 0.2265625 0.4574074078125 0.2244791671875 0.46296296249999996 0.2182291671875 0.46388888906250003 0.20208333281250002 0.4620370375 0.1994791671875 0.45370370312499997 0.1963541671875 0.4481481484375 0.1963541671875 0.43333333281249997 0.1973958328125 0.4268518515625 0.2052083328125 0.42870370312499995 0.2208333328125 0.43518518593750005 0.22552083281250002
0 0.4370370375 0.2645833328125 0.44629629687500005 0.2677083328125 0.4509259265625 0.2677083328125 0.459259259375 0.2640625 0.4611111109375 0.2567708328125 0.4611111109375 0.23541666718749998 0.459259259375 0.2328125 0.45185185156249996 0.23020833281250003 0.447222221875 0.23020833281250003 0.4379629625 0.23125 0.43240740781250003 0.2364583328125 0.434259259375 0.2604166671875 0.4370370375 0.2645833328125
0 0.44259259218749997 0.3109375 0.44629629687500005 0.3114583328125 0.4574074078125 0.309375 0.4620370375 0.3026041671875 0.4611111109375 0.278125 0.459259259375 0.275 0.45185185156249996 0.271875 0.44629629687500005 0.271875 0.4379629625 0.27395833281250004 0.43518518593750005 0.2786458328125 0.4361111109375 0.3046875 0.44259259218749997 0.3109375
0 0.44259259218749997 0.3552083328125 0.45648148125 0.35625 0.46388888906250003 0.3489583328125 0.46388888906250003 0.328125 0.4601851859375 0.3182291671875 0.4509259265625 0.315625 0.45 0.315625 0.44259259218749997 0.3166666671875 0.4370370375 0.3213541671875 0.4370370375 0.3484375 0.44259259218749997 0.3552083328125
0 0.44166666718750003 0.39895833281250004 0.44907407343749994 0.40208333281249997 0.4583333328125 0.4015625 0.46296296249999996 0.39895833281250004 0.465740740625 0.39375 0.46481481406249997 0.3671875 0.46296296249999996 0.3640625 0.4546296296875 0.3604166671875 0.4509259265625 0.3604166671875 0.44259259218749997 0.3619791671875 0.4379629625 0.3661458328125 0.4379629625 0.3921875 0.44166666718750003 0.39895833281250004
0 0.44166666718750003 0.44322916718750005 0.45 0.44166666718750003 0.45277777812500003 0.43854166718750004 0.4675925921875 0.43177083281249995 0.465740740625 0.40989583281249997 0.4611111109375 0.40625 0.4546296296875 0.40520833281249996 0.45370370312499997 0.40520833281249996 0.44444444375 0.4067708328125 0.43981481406249995 0.4114583328125 0.4370370375 0.4401041671875 0.44166666718750003 0.44322916718750005
0 0.5824074078125 0.44739583281249995 0.6351851859375001 0.446875 0.646296296875 0.4427083328125 0.6453703703125 0.4359375 0.6388888890625 0.4328125 0.5925925921874999 0.4322916671875 0.5888888890625 0.4322916671875 0.5796296296875 0.43333333281249997 0.5740740734374999 0.43854166718750004 0.5759259265625001 0.44427083281249996 0.5824074078125 0.44739583281249995
0 0.7805555562500001 0.44375 0.8259259265625 0.44739583281249995 0.8333333328125001 0.44739583281249995 0.8370370375 0.4453125 0.8416666671874999 0.43541666718750005 0.8351851859374999 0.43177083281249995 0.7953703703125 0.43072916718750004 0.79444444375 0.4302083328125 0.7861111109375 0.43072916718750004 0.7787037031249999 0.43333333281249997 0.7768518515625 0.4390625 0.7805555562500001 0.44375
0 0.9268518515625 0.45208333281249996 0.9388888890624999 0.45885416718750005 0.952777778125 0.4583333328125 0.9638888890624999 0.4515625 0.9638888890624999 0.4359375 0.9583333328125001 0.43177083281249995 0.9509259265625 0.4302083328125 0.9444444437499999 0.4302083328125 0.934259259375 0.43125 0.928703703125 0.4348958328125 0.925 0.44114583281249997 0.9268518515625 0.45208333281249996
1 0.371296296875 0.46302083281249995 0.3768518515625 0.46510416718750003 0.3898148140625 0.46510416718750003 0.4018518515625 0.4625 0.42222222187499997 0.45520833281249995 0.4296296296875 0.45 0.4296296296875 0.4427083328125 0.42314814843750004 0.4369791671875 0.39351851875 0.43645833281249996 0.3925925921875 0.4359375 0.372222221875 0.4375 0.365740740625 0.44322916718750005 0.365740740625 0.45729166718750003 0.371296296875 0.46302083281249995
1 0.30555555624999997 0.4557291671875 0.309259259375 0.4625 0.3138888890625 0.46510416718750003 0.321296296875 0.46666666718750005 0.3453703703125 0.4661458328125 0.352777778125 0.46510416718750003 0.35925925937500003 0.4614583328125 0.3601851859375 0.4427083328125 0.353703703125 0.4375 0.34722222187499996 0.43645833281249996 0.34351851875 0.43645833281249996 0.31851851875000003 0.4369791671875 0.309259259375 0.440625 0.30555555624999997 0.44635416718750004 0.30555555624999997 0.4557291671875
1 0.2518518515625 0.4640625 0.25833333281250004 0.46666666718750005 0.2870370375 0.46666666718750005 0.29444444375 0.46510416718750003 0.29907407343750003 0.46197916718750004 0.3018518515625 0.4546875 0.3 0.44166666718750003 0.2870370375 0.4369791671875 0.27870370312500004 0.4369791671875 0.25833333281250004 0.4375 0.25 0.4421875 0.24814814843750002 0.4578125 0.2518518515625 0.4640625
1 0.190740740625 0.46458333281249997 0.1990740734375 0.46770833281249996 0.23333333281250002 0.46666666718750005 0.2398148140625 0.4635416671875 0.24259259218749998 0.45885416718750005 0.24351851875000002 0.44895833281249997 0.240740740625 0.44322916718750005 0.23148148124999998 0.43854166718750004 0.21111111093749999 0.4380208328125 0.20648148125 0.4380208328125 0.19351851874999998 0.43958333281249995 0.1888888890625 0.44322916718750005 0.1861111109375 0.45625 0.190740740625 0.46458333281249997
1 0.1379629625 0.4682291671875 0.16944444375 0.4682291671875 0.1768518515625 0.46666666718750005 0.18055555625 0.4635416671875 0.1833333328125 0.45625 0.1824074078125 0.4453125 0.1768518515625 0.440625 0.1629629625 0.4380208328125 0.1601851859375 0.4380208328125 0.1379629625 0.4390625 0.12870370312499999 0.4458333328125 0.1296296296875 0.4635416671875 0.1379629625 0.4682291671875
1 0.0675925921875 0.4604166671875 0.0759259265625 0.46875 0.1111111109375 0.46875 0.1166666671875 0.46770833281249996 0.1231481484375 0.46302083281249995 0.1231481484375 0.4447916671875 0.11574074062499999 0.4401041671875 0.10185185156250001 0.4390625 0.09675925937499999 0.4390625 0.08148148125 0.43958333281249995 0.071296296875 0.44375 0.0675925921875 0.4505208328125 0.0675925921875 0.4604166671875
1 0.0129629625 0.4682291671875 0.0203703703125 0.4703125 0.0509259265625 0.4692708328125 0.0620370375 0.4661458328125 0.0648148140625 0.4604166671875 0.0620370375 0.4447916671875 0.051851851562499995 0.4401041671875 0.0425925921875 0.4401041671875 0.0376546296875 0.4401041671875 0.018518518749999997 0.44114583281249997 0.0101851859375 0.44635416718750004 0.009259259374999999 0.46302083281249995 0.0129629625 0.4682291671875
1 0 0.46770833281249996 0.00555555625 0.459375 0.003703703125 0.446875 0.0009259265625 0.44427083281249996 0 0.44427083281249996 0 0.46770833281249996
1 0.4574074078125 0.44895833281249997 0.54444444375 0.4484375 0.55648148125 0.4453125 0.5583333328125 0.4390625 0.5527777781250001 0.4348958328125 0.54444444375 0.43333333281249997 0.521296296875 0.43333333281249997 0.5203703703125 0.43333333281249997 0.46851851875 0.4348958328125 0.45370370312499997 0.44166666718750003 0.45277777812500003 0.44739583281249995 0.4574074078125 0.44895833281249997
1 0.6620370375 0.446875 0.7416666671875001 0.4458333328125 0.75 0.4447916671875 0.75648148125 0.4401041671875 0.75555555625 0.43541666718750005 0.7481481484375 0.43177083281249995 0.6944444437499999 0.43125 0.6925925921875 0.43125 0.6583333328125 0.4322916671875 0.652777778125 0.4348958328125 0.652777778125 0.44375 0.6620370375 0.446875
1 0.8435185187500001 0.4515625 0.8490740734375001 0.4546875 0.8611111109375 0.45729166718750003 0.9 0.4505208328125 0.9111111109375001 0.44739583281249995 0.91851851875 0.44114583281249997 0.9175925921875001 0.43541666718750005 0.9111111109375001 0.43177083281249995 0.875 0.43072916718750004 0.8703703703125001 0.43072916718750004 0.85648148125 0.43072916718750004 0.85 0.4322916671875 0.8435185187500001 0.44114583281249997 0.8435185187500001 0.4515625
1 0.972222221875 0.45625 0.9796296296874999 0.45885416718750005 0.9990740734375001 0.4578125 0.9990740734375001 0.43125 0.9916666671875 0.4302083328125 0.9856481484374999 0.4302083328125 0.9740740734375001 0.4322916671875 0.9694444437499999 0.4375 0.9694444437499999 0.45208333281249996 0.972222221875 0.45625