1 0.0009259265625 0.4427083328125 0 0.4427083328125 0.0018518515625 0.4682291671875 0.0083333328125 0.459375 0.0083333328125 0.44947916718750003 0.0009259265625 0.4427083328125
1 0.0129629625 0.46302083281249995 0.0203703703125 0.4692708328125 0.045370370312500005 0.46979166718750004 0.0648148140625 0.46666666718750005 0.0675925921875 0.45 0.0638888890625 0.44375 0.053703703125 0.4401041671875 0.048703703125 0.4401041671875 0.0240740734375 0.440625 0.015740740625 0.44427083281249996 0.0129629625 0.44895833281249997 0.0129629625 0.46302083281249995
1 0.0740740734375 0.4661458328125 0.08425925937499999 0.4692708328125 0.1175925921875 0.4682291671875 0.125 0.46510416718750003 0.127777778125 0.45989583281249996 0.125 0.44375 0.11388888906250001 0.4390625 0.09444444375 0.4390625 0.09074074062500001 0.4390625 0.078703703125 0.44114583281249997 0.072222221875 0.44739583281249995 0.071296296875 0.459375 0.0740740734375 0.4661458328125
1 0.13333333281249998 0.4635416671875 0.13888888906250002 0.46770833281249996 0.1453703703125 0.46875 0.1768518515625 0.46770833281249996 0.1851851859375 0.4635416671875 0.1879629625 0.45885416718750005 0.1861111109375 0.4447916671875 0.175 0.43854166718750004 0.1546296296875 0.4380208328125 0.15370370312499998 0.4380208328125 0.1425925921875 0.4390625 0.134259259375 0.44322916718750005 0.13055555624999998 0.4515625 0.13333333281249998 0.4635416671875
1 0.1925925921875 0.46197916718750004 0.197222221875 0.4661458328125 0.20277777812500003 0.46770833281249996 0.22685185156249998 0.46770833281249996 0.2379629625 0.46666666718750005 0.24444444375000002 0.4635416671875 0.24814814843750002 0.4583333328125 0.24814814843750002 0.44739583281249995 0.24444444375000002 0.44166666718750003 0.23611111093749998 0.4380208328125 0.23101851875 0.4380208328125 0.20555555625 0.4380208328125 0.19444444375 0.44166666718750003 0.190740740625 0.4546875 0.1925925921875 0.46197916718750004
1 0.25555555625 0.4635416671875 0.26203703749999996 0.46666666718750005 0.290740740625 0.46666666718750005 0.302777778125 0.4640625 0.3083333328125 0.45625 0.30740740781250003 0.4453125 0.3046296296875 0.44114583281249997 0.29814814843750004 0.4375 0.2925925921875 0.4369791671875 0.2870370375 0.4369791671875 0.2648148140625 0.4375 0.253703703125 0.4427083328125 0.252777778125 0.459375 0.25555555625 0.4635416671875
1 0.321296296875 0.465625 0.3546296296875 0.465625 0.3648148140625 0.4614583328125 0.36759259218749996 0.45416666718750004 0.36666666718749996 0.44375 0.36296296250000004 0.4390625 0.353703703125 0.43645833281249996 0.34861111093749997 0.43645833281249996 0.3203703703125 0.4375 0.3138888890625 0.44166666718750003 0.3120370375 0.45677083281249997 0.321296296875 0.465625
1 0.372222221875 0.4536458328125 0.375 0.4604166671875 0.38055555625 0.4640625 0.3898148140625 0.46510416718750003 0.40092592656250003 0.46302083281249995 0.43518518593750005 0.45104166718750005 0.4388888890625 0.44739583281249995 0.4388888890625 0.4427083328125 0.43518518593750005 0.4380208328125 0.42870370312499995 0.43541666718750005 0.425 0.43541666718750005 0.384259259375 0.43645833281249996 0.3759259265625 0.4390625 0.372222221875 0.4447916671875 0.372222221875 0.4536458328125
1 0.56851851875 0.4479166671875 0.575 0.446875 0.578703703125 0.44375 0.577777778125 0.4369791671875 0.5694444437499999 0.43385416718750003 0.50648148125 0.43385416718750003 0.50555555625 0.43333333281249997 0.48055555625 0.4348958328125 0.4768518515625 0.44114583281249997 0.4824074078125 0.4479166671875 0.56851851875 0.4479166671875
1 0.672222221875 0.4427083328125 0.6805555562500001 0.44635416718750004 0.74444444375 0.4458333328125 0.7675925921875 0.4447916671875 0.7759259265625 0.440625 0.775 0.43541666718750005 0.7638888890625 0.43125 0.7101851859375 0.43072916718750004 0.70648148125 0.43072916718750004 0.68148148125 0.43125 0.6759259265625001 0.4328125 0.672222221875 0.43541666718750005 0.672222221875 0.4427083328125
1 0.8620370375 0.4401041671875 0.85648148125 0.4421875 0.85648148125 0.45104166718750005 0.8600526374999999 0.451443421875 0.8599425921874999 0.4561010421875 0.8759259265624999 0.4546875 0.8796296296874999 0.4505208328125 0.884259259375 0.4515625 0.8879629625 0.44947916718750003 0.8925925921875001 0.4505208328125 0.9231481484374999 0.44739583281249995 0.928703703125 0.4390625 0.9268518515625 0.4348958328125 0.91944444375 0.43125 0.9046296296874999 0.43125 0.9037037031249999 0.43072916718750004 0.9 0.4322916671875 0.871296296875 0.43125 0.8648148140625 0.4328125 0.8611111109375 0.43541666718750005 0.8620370375 0.4401041671875
1 0.9861111109375 0.4583333328125 0.9925925921875001 0.459375 0.9990740734375001 0.459375 0.9990740734375001 0.4291666671875 0.9953703703125001 0.4291666671875 0.9851851859374999 0.4302083328125 0.978703703125 0.4375 0.98055555625 0.45416666718750004 0.9861111109375 0.4583333328125
0 0.42222222187499997 0.1609375 0.42592592656250006 0.1651041671875 0.43148148124999997 0.1671875 0.4574074078125 0.1671875 0.465740740625 0.1625 0.4675925921875 0.15 0.46296296249999996 0.1453125 0.45 0.1432291671875 0.4453703703125 0.1432291671875 0.43518518593750005 0.14375 0.42592592656250006 0.1463541671875 0.42129629687500003 0.15 0.42222222187499997 0.1609375
0 0.425 0.1895833328125 0.43333333281249997 0.1973958328125 0.4388888890625 0.19583333281249998 0.45555555625000005 0.1963541671875 0.46388888906250003 0.1916666671875 0.465740740625 0.1770833328125 0.46296296249999996 0.1729166671875 0.45555555625000005 0.1703125 0.45069444374999995 0.1703125 0.43240740781250003 0.1708333328125 0.4268518515625 0.1729166671875 0.42314814843750004 0.1770833328125 0.425 0.1895833328125
0 0.43333333281249997 0.2286458328125 0.440740740625 0.23072916718749997 0.45648148125 0.2296875 0.4620370375 0.22395833281250002 0.46388888906250003 0.2046875 0.45555555625000005 0.20052083281250002 0.4496916671875 0.20052083281250002 0.43518518593750005 0.2010416671875 0.42870370312499995 0.2046875 0.42870370312499995 0.22239583281250003 0.43333333281249997 0.2286458328125
0 0.4379629625 0.2703125 0.45 0.27291666718749996 0.4583333328125 0.2682291671875 0.4611111109375 0.2640625 0.4611111109375 0.2421875 0.459259259375 0.23802083281250003 0.45277777812500003 0.2348958328125 0.44768518593750006 0.2348958328125 0.43981481406249995 0.23541666718749998 0.43333333281249997 0.2401041671875 0.43333333281249997 0.25625 0.4379629625 0.2703125
0 0.44166666718750003 0.3161458328125 0.447222221875 0.3171875 0.4583333328125 0.3145833328125 0.4620370375 0.3104166671875 0.4611111109375 0.2822916671875 0.4583333328125 0.2791666671875 0.4509259265625 0.2765625 0.4481481484375 0.2765625 0.43981481406249995 0.278125 0.4361111109375 0.2828125 0.4370370375 0.31197916718749996 0.44166666718750003 0.3161458328125
0 0.44907407343749994 0.3614583328125 0.459259259375 0.35989583281250004 0.46388888906250003 0.3557291671875 0.46388888906250003 0.3291666671875 0.459259259375 0.3234375 0.45185185156249996 0.32083333281250004 0.447222221875 0.32083333281250004 0.4379629625 0.325 0.4370370375 0.3505208328125 0.43981481406249995 0.3578125 0.44907407343749994 0.3614583328125
0 0.45370370312499997 0.40625 0.4611111109375 0.40520833281249996 0.465740740625 0.4 0.465740740625 0.3760416671875 0.46296296249999996 0.36770833281250004 0.4509259265625 0.3645833328125 0.45 0.3645833328125 0.4388888890625 0.36875 0.4379629625 0.3927083328125 0.44259259218749997 0.40416666718750005 0.45370370312499997 0.40625
0 0.4481481484375 0.4453125 0.45370370312499997 0.44739583281249995 0.46296296249999996 0.44739583281249995 0.46851851875 0.4447916671875 0.471296296875 0.4348958328125 0.4675925921875 0.4291666671875 0.46666666718750005 0.415625 0.4583333328125 0.40989583281249997 0.45185185156249996 0.40989583281249997 0.44444444375 0.4109375 0.43981481406249995 0.415625 0.4388888890625 0.4359375 0.4481481484375 0.4453125
0 0.603703703125 0.44739583281249995 0.6564814812499999 0.446875 0.665740740625 0.44322916718750005 0.665740740625 0.4359375 0.6601851859375001 0.4328125 0.615740740625 0.4322916671875 0.6148148140624999 0.43177083281249995 0.5990740734375 0.43385416718750003 0.5935185187500001 0.4380208328125 0.597222221875 0.4447916671875 0.603703703125 0.44739583281249995
0 0.7981481484375 0.44427083281249996 0.8453703703125001 0.4515625 0.852777778125 0.44322916718750005 0.8518518515625001 0.43333333281249997 0.8435185187500001 0.43072916718750004 0.8101851859375 0.4302083328125 0.80648148125 0.4302083328125 0.7981481484375 0.43177083281249995 0.79351851875 0.4348958328125 0.79444444375 0.44114583281249997 0.7981481484375 0.44427083281249996
0 0.9425925921875 0.45520833281249995 0.9472222218749999 0.45885416718750005 0.9546296296874999 0.459375 0.9703703703125001 0.4578125 0.9740740734375001 0.4515625 0.9731481484375 0.43541666718750005 0.9694444437499999 0.43177083281249995 0.9601851859374999 0.4302083328125 0.95648148125 0.4302083328125 0.9509259265625 0.43072916718750004 0.94351851875 0.4369791671875 0.9354148140625 0.4507927078125 0.9425925921875 0.45520833281249995