0 0.425 0.1630208328125 0.43518518593750005 0.1661458328125 0.4583333328125 0.1651041671875 0.465740740625 0.159375 0.46481481406249997 0.1458333328125 0.4546296296875 0.1432291671875 0.4361111109375 0.1427083328125 0.43518518593750005 0.1427083328125 0.4240740734375 0.1458333328125 0.42129629687500003 0.14895833281249998 0.4203703703125 0.1541666671875 0.425 0.1630208328125
0 0.434259259375 0.196875 0.4583333328125 0.19583333281249998 0.46481481406249997 0.1901041671875 0.46388888906250003 0.171875 0.4574074078125 0.1692708328125 0.44444444375 0.1682291671875 0.440740740625 0.1682291671875 0.42870370312499995 0.1708333328125 0.42314814843750004 0.1765625 0.425 0.1895833328125 0.434259259375 0.196875
0 0.42870370312499995 0.221875 0.434259259375 0.228125 0.440740740625 0.2296875 0.4546296296875 0.22916666718749998 0.4583333328125 0.22760416718749998 0.46296296249999996 0.2208333328125 0.46388888906250003 0.2036458328125 0.45277777812500003 0.1994791671875 0.44629629687500005 0.1994791671875 0.43333333281249997 0.2010416671875 0.42870370312499995 0.20416666718749998 0.427777778125 0.2078125 0.42870370312499995 0.221875
0 0.4379629625 0.2697916671875 0.44907407343749994 0.2723958328125 0.4583333328125 0.2677083328125 0.4611111109375 0.2640625 0.4611111109375 0.2401041671875 0.459259259375 0.2364583328125 0.4509259265625 0.2338541671875 0.44444444375 0.2338541671875 0.4388888890625 0.234375 0.43333333281249997 0.23958333281250002 0.434259259375 0.2635416671875 0.4379629625 0.2697916671875
0 0.4388888890625 0.3145833328125 0.447222221875 0.3171875 0.4601851859375 0.31302083281250004 0.46296296249999996 0.3026041671875 0.4620370375 0.284375 0.459259259375 0.2796875 0.45185185156249996 0.2765625 0.44629629687500005 0.2765625 0.4379629625 0.2791666671875 0.4361111109375 0.2828125 0.4361111109375 0.3072916671875 0.4388888890625 0.3145833328125
0 0.4620370375 0.3614583328125 0.46388888906250003 0.3296875 0.459259259375 0.3239583328125 0.45277777812500003 0.3213541671875 0.447222221875 0.3213541671875 0.4379629625 0.3255208328125 0.4379629625 0.3536458328125 0.44351851875000003 0.359375 0.4620370375 0.3614583328125
0 0.44166666718750003 0.4010416671875 0.45 0.40520833281249996 0.4611111109375 0.403125 0.465740740625 0.396875 0.46388888906250003 0.3682291671875 0.4546296296875 0.3640625 0.44907407343749994 0.3640625 0.44259259218749997 0.3651041671875 0.4379629625 0.3692708328125 0.4379629625 0.3854166671875 0.44166666718750003 0.4010416671875
0 0.44259259218749997 0.44166666718750003 0.45 0.44427083281249996 0.4601851859375 0.44322916718750005 0.46666666718750005 0.43958333281249995 0.46851851875 0.43541666718750005 0.46666666718750005 0.415625 0.46388888906250003 0.4114583328125 0.4574074078125 0.4088541671875 0.45 0.4088541671875 0.440740740625 0.41302083281249996 0.4388888890625 0.4223958328125 0.4388888890625 0.4369791671875 0.44259259218749997 0.44166666718750003
0 0.64444444375 0.446875 0.6555555562500001 0.4427083328125 0.6555555562500001 0.4375 0.646296296875 0.43333333281249997 0.6 0.4328125 0.5990740734375 0.4322916671875 0.5833333328125 0.43541666718750005 0.5824074078125 0.44322916718750005 0.5879629625 0.446875 0.64444444375 0.446875
0 0.7481481484375 0.4447916671875 0.7583333328124999 0.4458333328125 0.8138888890624999 0.4458333328125 0.83055555625 0.44739583281249995 0.840740740625 0.4421875 0.840740740625 0.43541666718750005 0.8333333328125001 0.43177083281249995 0.7814814812499999 0.4302083328125 0.775 0.4302083328125 0.7481481484375 0.43177083281249995 0.7425925921875 0.43645833281249996 0.74444444375 0.4427083328125 0.7481481484375 0.4447916671875
0 0.9111111109375001 0.4479166671875 0.93148148125 0.45729166718750003 0.9472222218749999 0.45885416718750005 0.9518518515625001 0.4578125 0.9546296296874999 0.4536458328125 0.9583333328125001 0.45416666718750004 0.9629629625 0.45208333281249996 0.9638888890624999 0.4380208328125 0.9574074078124999 0.4328125 0.9453703703125 0.4302083328125 0.9401231484375 0.4302083328125 0.909259259375 0.43125 0.9055555562500001 0.4348958328125 0.9055555562500001 0.44166666718750003 0.9111111109375001 0.4479166671875
1 0.9768518515625001 0.4583333328125 0.99444444375 0.459375 0.9990740734375001 0.45885416718750005 0.9990740734375001 0.43072916718750004 0.99351851875 0.4302083328125 0.9870370375 0.4302083328125 0.978703703125 0.43072916718750004 0.9703703703125001 0.43541666718750005 0.9694444437499999 0.4515625 0.9768518515625001 0.4583333328125
1 0.8611111109375 0.45677083281249997 0.8916666671875 0.45 0.9009259265624999 0.44322916718750005 0.9 0.4359375 0.8953703703125001 0.4328125 0.8740740734375001 0.43072916718750004 0.8703703703125001 0.43072916718750004 0.85555555625 0.434375 0.8481481484375 0.4427083328125 0.85 0.4526041671875 0.8611111109375 0.45677083281249997
1 0.6768518515624999 0.4458333328125 0.7240740734375 0.44635416718750004 0.7361111109375 0.44322916718750005 0.7370370375 0.43541666718750005 0.73148148125 0.43177083281249995 0.6861111109375 0.43125 0.6824074078125 0.43125 0.672222221875 0.434375 0.6703703703125 0.4369791671875 0.671296296875 0.4427083328125 0.6768518515624999 0.4458333328125
1 0.5518518515624999 0.4484375 0.56851851875 0.44739583281249995 0.575 0.44375 0.5722222218749999 0.43541666718750005 0.565740740625 0.43385416718750003 0.515740740625 0.43333333281249997 0.5129629625 0.43333333281249997 0.475 0.4348958328125 0.4703703703125 0.43854166718750004 0.4731481484375 0.44739583281249995 0.5518518515624999 0.4484375
1 0.375 0.4614583328125 0.38055555625 0.46458333281249997 0.3898148140625 0.46510416718750003 0.3981481484375 0.4635416671875 0.42592592656250006 0.4546875 0.4361111109375 0.44895833281249997 0.43518518593750005 0.4401041671875 0.43055555625 0.4369791671875 0.4240740734375 0.4359375 0.42314814843750004 0.4359375 0.38240740781250004 0.4369791671875 0.375 0.4390625 0.371296296875 0.44427083281249996 0.375 0.4614583328125
1 0.3111111109375 0.45520833281249995 0.3129629625 0.45989583281249996 0.31944444375000003 0.46510416718750003 0.3296296296875 0.46666666718750005 0.3453703703125 0.4661458328125 0.3620370375 0.46302083281249995 0.365740740625 0.45885416718750005 0.365740740625 0.44375 0.36296296250000004 0.4401041671875 0.3546296296875 0.4369791671875 0.34938240781249996 0.4369791671875 0.3231481484375 0.4369791671875 0.3148148140625 0.440625 0.3111111109375 0.446875 0.3111111109375 0.45520833281249995
1 0.2546296296875 0.4640625 0.2638888890625 0.4671875 0.290740740625 0.46666666718750005 0.29907407343750003 0.46510416718750003 0.30740740781250003 0.45677083281249997 0.30740740781250003 0.4479166671875 0.303703703125 0.44114583281249997 0.2953703703125 0.4375 0.2638888890625 0.4375 0.2629629625 0.4375 0.2546296296875 0.440625 0.2509259265625 0.4453125 0.2509259265625 0.459375 0.2546296296875 0.4640625
1 0.1898148140625 0.4578125 0.1925925921875 0.4640625 0.1981481484375 0.4671875 0.221296296875 0.4682291671875 0.2370370375 0.46666666718750005 0.24259259218749998 0.4640625 0.246296296875 0.45729166718750003 0.246296296875 0.446875 0.24351851875000002 0.4421875 0.23240740781250002 0.4380208328125 0.2271601859375 0.4380208328125 0.2009259265625 0.4380208328125 0.19351851874999998 0.44114583281249997 0.1898148140625 0.44739583281249995 0.1898148140625 0.4578125
1 0.13333333281249998 0.4635416671875 0.13981481406250001 0.4682291671875 0.1740740734375 0.4682291671875 0.184259259375 0.4635416671875 0.1870370375 0.459375 0.1851851859375 0.44427083281249996 0.177777778125 0.43958333281249995 0.1629629625 0.43854166718750004 0.1620370375 0.4380208328125 0.1453703703125 0.43854166718750004 0.134259259375 0.44322916718750005 0.13055555624999998 0.45729166718750003 0.13333333281249998 0.4635416671875
1 0.075 0.4671875 0.08796296249999999 0.4692708328125 0.1074074078125 0.4692708328125 0.11851851875 0.4682291671875 0.125 0.465625 0.127777778125 0.4609375 0.1268518515625 0.4458333328125 0.12222222187500001 0.44166666718750003 0.11388888906250001 0.4390625 0.1090740734375 0.4390625 0.0898148140625 0.4390625 0.0759259265625 0.44322916718750005 0.071296296875 0.4536458328125 0.075 0.4671875
1 0 0.4692708328125 0.0083333328125 0.465625 0.0111111109375 0.45625 0.0101851859375 0.44739583281249995 0.0009259265625 0.44166666718750003 0 0.44166666718750003 0 0.4692708328125
1 0.021296296875000002 0.4692708328125 0.0388888890625 0.4703125 0.060185185937499996 0.46875 0.065740740625 0.46666666718750005 0.06851851875000001 0.4609375 0.0675925921875 0.446875 0.0629629625 0.4421875 0.053703703125 0.4401041671875 0.0490740734375 0.4401041671875 0.0268518515625 0.440625 0.0166666671875 0.4453125 0.0148148140625 0.4614583328125 0.021296296875000002 0.4692708328125