0 0.48055555625 0.4479166671875 0.5379629625 0.4484375 0.546296296875 0.4453125 0.546296296875 0.4375 0.540740740625 0.434375 0.4981481484375 0.43333333281249997 0.497222221875 0.43333333281249997 0.48148148125 0.434375 0.47592592656250005 0.4375 0.475 0.44322916718750005 0.48055555625 0.4479166671875
0 0.684259259375 0.44635416718750004 0.7370370375 0.4458333328125 0.74444444375 0.44427083281249996 0.746296296875 0.4421875 0.746296296875 0.43541666718750005 0.7398148140624999 0.4322916671875 0.7018518515625 0.43177083281249995 0.7009259265625001 0.43125 0.678703703125 0.43333333281249997 0.6740740734374999 0.43854166718750004 0.6759259265625001 0.44375 0.684259259375 0.44635416718750004
0 0.8583333328125 0.45208333281249996 0.8648148140625 0.45416666718750004 0.8796296296874999 0.4536458328125 0.902777778125 0.4484375 0.9101851859375 0.43958333281249995 0.9055555562500001 0.4322916671875 0.8981481484374999 0.43072916718750004 0.8740740734375001 0.43125 0.8731481484374999 0.43072916718750004 0.8620370375 0.43385416718750003 0.85648148125 0.43958333281249995 0.85555555625 0.4479166671875 0.8583333328125 0.45208333281249996
1 0.91944444375 0.44947916718750003 0.9324074078125 0.4578125 0.95555555625 0.459375 0.965740740625 0.45729166718750003 0.972222221875 0.4515625 0.9731481484375 0.4390625 0.9666666671874999 0.43177083281249995 0.95 0.4296875 0.94351851875 0.4296875 0.9203703703125001 0.43125 0.915740740625 0.43645833281249996 0.915740740625 0.44322916718750005 0.91944444375 0.44947916718750003
0 0.9851851859374999 0.45729166718750003 0.99351851875 0.459375 0.9990740734375001 0.459375 0.9990740734375001 0.4296875 0.9925925921875001 0.4296875 0.9870370375 0.43072916718750004 0.98055555625 0.4348958328125 0.978703703125 0.44895833281249997 0.9851851859374999 0.45729166718750003
0 0.4453703703125 0.4322916671875 0.4611111109375 0.43385416718750003 0.4675925921875 0.43072916718750004 0.46666666718750005 0.40260416718750003 0.46388888906250003 0.3963541671875 0.45648148125 0.39375 0.4509259265625 0.39375 0.44351851875000003 0.3953125 0.4388888890625 0.4 0.43981481406249995 0.4270833328125 0.4453703703125 0.4322916671875
0 0.427777778125 0.1588541671875 0.4583333328125 0.1588541671875 0.46481481406249997 0.15572916718750002 0.4675925921875 0.1453125 0.46388888906250003 0.1390625 0.4583333328125 0.1364583328125 0.44444444375 0.1348958328125 0.44259259218749997 0.1348958328125 0.427777778125 0.1380208328125 0.42222222187499997 0.14114583281249998 0.4203703703125 0.1526041671875 0.427777778125 0.1588541671875
0 0.425 0.18125 0.434259259375 0.18802083281249998 0.4601851859375 0.1875 0.46481481406249997 0.1822916671875 0.46481481406249997 0.165625 0.459259259375 0.1625 0.4509259265625 0.1609375 0.44506203749999995 0.1609375 0.43148148124999997 0.1614583328125 0.42592592656250006 0.16354166718750002 0.42222222187499997 0.1677083328125 0.425 0.18125
0 0.43518518593750005 0.21875 0.4546296296875 0.21875 0.459259259375 0.2171875 0.46296296249999996 0.2125 0.46481481406249997 0.1973958328125 0.4583333328125 0.1911458328125 0.44351851875000003 0.1895833328125 0.44259259218749997 0.1895833328125 0.43518518593750005 0.1901041671875 0.427777778125 0.19375 0.427777778125 0.21197916718749998 0.43518518593750005 0.21875
0 0.4379629625 0.2557291671875 0.44259259218749997 0.2578125 0.45185185156249996 0.2578125 0.4583333328125 0.2546875 0.4611111109375 0.2494791671875 0.4620370375 0.23072916718749997 0.4583333328125 0.22395833281250002 0.44444444375 0.22239583281250003 0.44351851875000003 0.22239583281250003 0.4361111109375 0.2234375 0.43148148124999997 0.2286458328125 0.43240740781250003 0.24635416718749997 0.4379629625 0.2557291671875
0 0.44259259218749997 0.3015625 0.447222221875 0.3020833328125 0.45648148125 0.3 0.4620370375 0.2947916671875 0.4611111109375 0.2682291671875 0.4509259265625 0.2619791671875 0.4481481484375 0.2619791671875 0.440740740625 0.2630208328125 0.43518518593750005 0.2692708328125 0.4370370375 0.29739583281250004 0.44259259218749997 0.3015625
0 0.44629629687500005 0.3463541671875 0.4583333328125 0.3447916671875 0.46388888906250003 0.3375 0.46296296249999996 0.3135416671875 0.4601851859375 0.3088541671875 0.45277777812500003 0.3057291671875 0.4453703703125 0.3057291671875 0.4370370375 0.3104166671875 0.4370370375 0.3380208328125 0.43981481406249995 0.34322916718749996 0.44629629687500005 0.3463541671875
0 0.44166666718750003 0.3875 0.45 0.390625 0.4601851859375 0.3895833328125 0.465740740625 0.38229166718749996 0.46388888906250003 0.3552083328125 0.45648148125 0.35104166718749996 0.4481481484375 0.35104166718749996 0.440740740625 0.353125 0.4379629625 0.3572916671875 0.4379629625 0.3791666671875 0.44166666718750003 0.3875
1 0 0.46510416718750003 0.00555555625 0.4692708328125 0.0129629625 0.47083333281249995 0.0296296296875 0.47083333281249995 0.0490740734375 0.46666666718750005 0.0546296296875 0.45104166718750005 0.053703703125 0.446875 0.05 0.4427083328125 0.037037037499999995 0.4401041671875 0.0324074078125 0.4401041671875 0.0120370375 0.440625 0 0.4458333328125 0 0.46510416718750003
1 0.0666666671875 0.4703125 0.08055555625000001 0.4682291671875 0.08425925937499999 0.4661458328125 0.0824074078125 0.4536458328125 0.075 0.4479166671875 0.06851851875000001 0.44739583281249995 0.0675925921875 0.446875 0.060185185937499996 0.44895833281249997 0.0546296296875 0.45729166718750003 0.055555556250000006 0.46666666718750005 0.0666666671875 0.4703125
1 0.0888888890625 0.4640625 0.0925925921875 0.46770833281249996 0.0990740734375 0.4692708328125 0.13055555624999998 0.46875 0.13981481406250001 0.4635416671875 0.1416666671875 0.45 0.1379629625 0.4427083328125 0.127777778125 0.4390625 0.1175925921875 0.4390625 0.1125 0.4390625 0.09351851875 0.440625 0.0861111109375 0.446875 0.08518518593749999 0.4557291671875 0.0888888890625 0.4640625
1 0.15370370312499998 0.4682291671875 0.1870370375 0.4682291671875 0.19444444375 0.46666666718750005 0.1990740734375 0.4625 0.2018518515625 0.4515625 0.1990740734375 0.44427083281249996 0.1925925921875 0.43958333281249995 0.177777778125 0.4380208328125 0.1768518515625 0.4380208328125 0.1546296296875 0.43958333281249995 0.1453703703125 0.44635416718750004 0.1453703703125 0.4609375 0.15370370312499998 0.4682291671875
1 0.20833333281250002 0.4640625 0.2148148140625 0.4671875 0.2398148140625 0.46770833281249996 0.2509259265625 0.46666666718750005 0.25648148125 0.4640625 0.2611111109375 0.45520833281249995 0.2601851859375 0.44635416718750004 0.2518518515625 0.4390625 0.24351851875000002 0.4380208328125 0.23518518593749999 0.4380208328125 0.2148148140625 0.43854166718750004 0.20648148125 0.44322916718750005 0.20370370312500002 0.45625 0.20833333281250002 0.4640625
1 0.26944444375 0.4640625 0.2740740734375 0.4661458328125 0.30555555624999997 0.46666666718750005 0.3129629625 0.46510416718750003 0.31759259218749997 0.46197916718750004 0.3203703703125 0.4536458328125 0.31851851875000003 0.4427083328125 0.3129629625 0.43854166718750004 0.30740740781250003 0.4375 0.3023148140625 0.4375 0.2768518515625 0.4375 0.2675925921875 0.44166666718750003 0.2648148140625 0.45677083281249997 0.26944444375 0.4640625
1 0.325 0.4578125 0.3333333328125 0.46510416718750003 0.36851851875 0.465625 0.3768518515625 0.4635416671875 0.38055555625 0.459375 0.378703703125 0.44375 0.3768518515625 0.440625 0.36851851875 0.4369791671875 0.3634259265625 0.4369791671875 0.3379629625 0.4369791671875 0.32685185156249996 0.44114583281249997 0.3240740734375 0.446875 0.325 0.4578125
1 0.3851851859375 0.4536458328125 0.3925925921875 0.4604166671875 0.397222221875 0.46197916718750004 0.4046296296875 0.4614583328125 0.44259259218749997 0.44947916718750003 0.45277777812500003 0.44895833281249997 0.4620370375 0.4458333328125 0.46388888906250003 0.44322916718750005 0.4601851859375 0.4380208328125 0.4370370375 0.43541666718750005 0.43240740781250003 0.43541666718750005 0.396296296875 0.43645833281249996 0.38703703749999996 0.43854166718750004 0.38240740781250004 0.446875 0.3851851859375 0.4536458328125
1 0.5574074078125 0.446875 0.5638888890625 0.4479166671875 0.615740740625 0.4479166671875 0.6481481484375 0.446875 0.6574074078125001 0.44322916718750005 0.6574074078125001 0.4369791671875 0.6518518515625 0.434375 0.6166666671875001 0.4328125 0.6120370375 0.4328125 0.5601851859375 0.43385416718750003 0.5527777781250001 0.4380208328125 0.553703703125 0.44375 0.5574074078125 0.446875
1 0.7574074078125 0.4447916671875 0.8175925921875 0.44635416718750004 0.8379629625 0.45 0.8490740734375001 0.44427083281249996 0.8490740734375001 0.4359375 0.840740740625 0.43125 0.7814814812499999 0.43072916718750004 0.7766203703125 0.43072916718750004 0.7620370375000001 0.43072916718750004 0.753703703125 0.43385416718750003 0.752777778125 0.440625 0.7574074078125 0.4447916671875