1 0.4583333328125 0.44895833281249997 0.54444444375 0.4484375 0.5518518515624999 0.44739583281249995 0.5574074078125 0.44375 0.5574074078125 0.4380208328125 0.55 0.4348958328125 0.5074074078125 0.43385416718750003 0.503703703125 0.43385416718750003 0.4703703703125 0.4348958328125 0.4583333328125 0.43958333281249995 0.45555555625000005 0.44739583281249995 0.4583333328125 0.44895833281249997
1 0.7333333328125 0.4458333328125 0.74351851875 0.4447916671875 0.7490740734375 0.4401041671875 0.7481481484375 0.4359375 0.7398148140624999 0.4322916671875 0.6861111109375 0.4322916671875 0.6851851859375 0.43177083281249995 0.6555555562500001 0.43333333281249997 0.65 0.43854166718750004 0.6537037031249999 0.4458333328125 0.7333333328125 0.4458333328125
1 0.8490740734375001 0.45520833281249995 0.8601851859374999 0.45729166718750003 0.86851851875 0.45625 0.9 0.45 0.9120370375 0.44322916718750005 0.9120370375 0.4375 0.9037037031249999 0.43125 0.8675925921875001 0.43072916718750004 0.8629629624999999 0.43072916718750004 0.8490740734375001 0.43072916718750004 0.8398148140625 0.4369791671875 0.8370370375 0.4479166671875 0.8490740734375001 0.45520833281249995
0 0.9277777781250001 0.45416666718750004 0.9379629625 0.45885416718750005 0.952777778125 0.4583333328125 0.9620370375 0.45104166718750005 0.9620370375 0.4369791671875 0.9583333328125001 0.4328125 0.95 0.4302083328125 0.9453703703125 0.4302083328125 0.9361111109375001 0.4302083328125 0.928703703125 0.4328125 0.922222221875 0.44166666718750003 0.9277777781250001 0.45416666718750004
1 0.965740740625 0.4515625 0.9685185187500001 0.45677083281249997 0.9731481484375 0.45885416718750005 0.9990740734375001 0.459375 0.9990740734375001 0.4296875 0.99398148125 0.4296875 0.9740740734375001 0.4302083328125 0.9685185187500001 0.43333333281249997 0.965740740625 0.4390625 0.965740740625 0.4515625
1 0.372222221875 0.46458333281249997 0.384259259375 0.465625 0.3990740734375 0.4635416671875 0.41851851875 0.45677083281249997 0.4268518515625 0.4515625 0.4268518515625 0.44166666718750003 0.42129629687500003 0.4375 0.4129629625 0.4359375 0.40555555625000006 0.4359375 0.375 0.4369791671875 0.365740740625 0.44114583281249997 0.3638888890625 0.45625 0.372222221875 0.46458333281249997
1 0.303703703125 0.45625 0.3120370375 0.46510416718750003 0.3203703703125 0.46666666718750005 0.3453703703125 0.4661458328125 0.3583333328125 0.46197916718750004 0.3611111109375 0.45104166718750005 0.35925925937500003 0.4427083328125 0.35648148125 0.43958333281249995 0.3490740734375 0.4369791671875 0.344259259375 0.4369791671875 0.315740740625 0.4375 0.309259259375 0.43958333281249995 0.303703703125 0.446875 0.303703703125 0.45625
1 0.24722222187499998 0.4625 0.2518518515625 0.465625 0.25833333281250004 0.4671875 0.28611111093749997 0.46666666718750005 0.296296296875 0.46302083281249995 0.3 0.45625 0.29907407343750003 0.44375 0.28796296250000003 0.4375 0.282777778125 0.4375 0.25555555625 0.4380208328125 0.246296296875 0.44322916718750005 0.24444444375000002 0.45625 0.24722222187499998 0.4625
1 0.1879629625 0.46510416718750003 0.197222221875 0.4682291671875 0.225 0.46770833281249996 0.234259259375 0.465625 0.2398148140625 0.45885416718750005 0.240740740625 0.45104166718750005 0.23611111093749998 0.44166666718750003 0.2259259265625 0.4380208328125 0.20277777812500003 0.4380208328125 0.1990740734375 0.4380208328125 0.1879629625 0.44166666718750003 0.184259259375 0.446875 0.184259259375 0.45885416718750005 0.1879629625 0.46510416718750003
1 0.12407407343750002 0.459375 0.12592592656249998 0.4635416671875 0.13333333281249998 0.4682291671875 0.1629629625 0.46875 0.175 0.4661458328125 0.17962962968750001 0.4583333328125 0.178703703125 0.44635416718750004 0.17314814843749998 0.440625 0.1620370375 0.43854166718750004 0.1611111109375 0.4380208328125 0.1379629625 0.43854166718750004 0.12870370312499999 0.44166666718750003 0.125 0.44635416718750004 0.12407407343750002 0.459375
1 0.0675925921875 0.465625 0.075 0.4692708328125 0.10555555624999999 0.4692708328125 0.1175925921875 0.4661458328125 0.1203703703125 0.45989583281249996 0.11944444375 0.4453125 0.11574074062499999 0.44166666718750003 0.10092592656249999 0.4390625 0.09629629687499999 0.4390625 0.075 0.4401041671875 0.0666666671875 0.4453125 0.065740740625 0.4614583328125 0.0675925921875 0.465625
1 0.0129629625 0.4692708328125 0.021296296875000002 0.47083333281249995 0.053703703125 0.46875 0.058333332812500006 0.4661458328125 0.0620370375 0.45989583281249996 0.060185185937499996 0.4447916671875 0.0509259265625 0.440625 0.03148148125 0.4401041671875 0.027777778125000003 0.4401041671875 0.013888889062500001 0.44166666718750003 0.0074074078125 0.44739583281249995 0.00648148125 0.46458333281249997 0.0129629625 0.4692708328125
0 0.42129629687500003 0.1416666671875 0.4240740734375 0.1432291671875 0.45370370312499997 0.1432291671875 0.46666666718750005 0.1447916671875 0.46851851875 0.1338541671875 0.465740740625 0.1296875 0.46296296249999996 0.1296875 0.45185185156249996 0.13229166718750002 0.4240740734375 0.13229166718750002 0.4203703703125 0.1364583328125 0.42129629687500003 0.1416666671875
0 0.42592592656250006 0.1661458328125 0.43240740781250003 0.16875 0.4574074078125 0.16875 0.465740740625 0.16458333281249998 0.46666666718750005 0.1494791671875 0.46296296249999996 0.146875 0.4509259265625 0.1447916671875 0.44259259218749997 0.1447916671875 0.43148148124999997 0.1458333328125 0.4203703703125 0.1526041671875 0.42222222187499997 0.1619791671875 0.42592592656250006 0.1661458328125
0 0.4240740734375 0.1895833328125 0.4296296296875 0.1973958328125 0.43518518593750005 0.1994791671875 0.4574074078125 0.1984375 0.46388888906250003 0.19375 0.465740740625 0.178125 0.46388888906250003 0.175 0.45555555625000005 0.171875 0.4546296296875 0.17135416718750002 0.4361111109375 0.171875 0.42870370312499995 0.1734375 0.4240740734375 0.1770833328125 0.4240740734375 0.1895833328125
0 0.434259259375 0.23177083281250002 0.44166666718750003 0.2338541671875 0.4574074078125 0.2328125 0.4611111109375 0.2286458328125 0.46388888906250003 0.20833333281250002 0.45648148125 0.2026041671875 0.45185185156249996 0.2026041671875 0.43333333281249997 0.2036458328125 0.427777778125 0.2104166671875 0.42870370312499995 0.2234375 0.434259259375 0.23177083281250002
0 0.4370370375 0.271875 0.44629629687500005 0.2755208328125 0.4574074078125 0.2734375 0.4611111109375 0.2671875 0.4611111109375 0.24479166718749998 0.459259259375 0.240625 0.45185185156249996 0.23802083281250003 0.44444444375 0.23802083281250003 0.4388888890625 0.2390625 0.434259259375 0.24322916718749998 0.43333333281249997 0.2578125 0.4370370375 0.271875
0 0.4388888890625 0.3161458328125 0.45 0.31979166718749996 0.4601851859375 0.315625 0.46296296249999996 0.3026041671875 0.4611111109375 0.2848958328125 0.4583333328125 0.28125 0.45185185156249996 0.2796875 0.4453703703125 0.2796875 0.4388888890625 0.28177083281250004 0.4361111109375 0.2859375 0.4361111109375 0.3083333328125 0.4388888890625 0.3161458328125
0 0.44166666718750003 0.359375 0.45 0.3614583328125 0.4601851859375 0.35989583281250004 0.46388888906250003 0.35625 0.46388888906250003 0.3307291671875 0.4611111109375 0.3270833328125 0.4509259265625 0.3234375 0.45 0.3234375 0.43981481406249995 0.3260416671875 0.4370370375 0.3317708328125 0.4379629625 0.3546875 0.44166666718750003 0.359375
0 0.44166666718750003 0.4015625 0.4509259265625 0.4057291671875 0.4620370375 0.403125 0.465740740625 0.3984375 0.46481481406249997 0.36875 0.459259259375 0.3645833328125 0.45370370312499997 0.3645833328125 0.44907407343749994 0.3645833328125 0.44259259218749997 0.3661458328125 0.4388888890625 0.3692708328125 0.4379629625 0.3859375 0.44166666718750003 0.4015625
0 0.434259259375 0.4390625 0.4388888890625 0.44375 0.4481481484375 0.44375 0.45277777812500003 0.4390625 0.4675925921875 0.4322916671875 0.46666666718750005 0.4145833328125 0.46388888906250003 0.4109375 0.45648148125 0.40833333281249995 0.4509259265625 0.40833333281249995 0.44629629687500005 0.409375 0.440740740625 0.4140625 0.4388888890625 0.43072916718750004 0.434259259375 0.4390625
0 0.5824074078125 0.44739583281249995 0.6379629625 0.446875 0.6453703703125 0.4421875 0.64351851875 0.43541666718750005 0.6388888890625 0.43333333281249997 0.5935185187500001 0.4328125 0.5870370375 0.4328125 0.5796296296875 0.43385416718750003 0.575 0.4375 0.5759259265625001 0.44375 0.5824074078125 0.44739583281249995
0 0.8259259265625 0.446875 0.834259259375 0.4427083328125 0.8351851859374999 0.43541666718750005 0.8268518515625001 0.43125 0.7814814812499999 0.43072916718750004 0.7759259265625 0.43072916718750004 0.76851851875 0.43385416718750003 0.7666666671875 0.4380208328125 0.772222221875 0.4447916671875 0.8259259265625 0.446875