1 0.5388888890625 0.44739583281249995 0.6259259265625 0.44739583281249995 0.6333333328124999 0.4458333328125 0.6379629625 0.44166666718750003 0.6370370375000001 0.4375 0.6296296296875 0.43385416718750003 0.5611111109375 0.4328125 0.559259259375 0.4328125 0.5416666671875 0.43385416718750003 0.5361111109375 0.4359375 0.5351851859375001 0.44427083281249996 0.5388888890625 0.44739583281249995
1 0.3796296296875 0.45208333281249996 0.3879629625 0.4614583328125 0.40092592656250003 0.4625 0.44907407343749994 0.4484375 0.45277777812500003 0.4447916671875 0.45277777812500003 0.4390625 0.4481481484375 0.43541666718750005 0.44259259218749997 0.434375 0.44166666718750003 0.434375 0.3916666671875 0.43645833281249996 0.38333333281250004 0.43854166718750004 0.3796296296875 0.4421875 0.3796296296875 0.45208333281249996
1 0.7416666671875001 0.4458333328125 0.8259259265625 0.44635416718750004 0.834259259375 0.4401041671875 0.834259259375 0.43541666718750005 0.825 0.43125 0.7490740734375 0.43072916718750004 0.74444444375 0.43072916718750004 0.7351851859375 0.4322916671875 0.7324074078125 0.43541666718750005 0.7333333328125 0.44166666718750003 0.7416666671875001 0.4458333328125
1 0.902777778125 0.44375 0.909259259375 0.44895833281249997 0.9240740734375 0.453125 0.93148148125 0.4578125 0.95 0.45885416718750005 0.9638888890624999 0.45104166718750005 0.9638888890624999 0.4375 0.9518518515625001 0.43072916718750004 0.9296296296875 0.4302083328125 0.925 0.4302083328125 0.9074074078125 0.43072916718750004 0.9037037031249999 0.4322916671875 0.9009259265624999 0.43541666718750005 0.902777778125 0.44375
1 0.325 0.4614583328125 0.3296296296875 0.46458333281249997 0.3361111109375 0.4661458328125 0.353703703125 0.4661458328125 0.36851851875 0.46510416718750003 0.3740740734375 0.46302083281249995 0.3768518515625 0.45885416718750005 0.375 0.44427083281249996 0.371296296875 0.4390625 0.3648148140625 0.43645833281249996 0.35972222187499997 0.43645833281249996 0.3351851859375 0.4369791671875 0.325 0.44114583281249997 0.322222221875 0.45520833281249995 0.325 0.4614583328125
1 0.275 0.46666666718750005 0.3018518515625 0.46666666718750005 0.3138888890625 0.4635416671875 0.31851851875000003 0.4536458328125 0.3166666671875 0.4427083328125 0.3101851859375 0.43854166718750004 0.302777778125 0.4369791671875 0.29722222187499997 0.4369791671875 0.275 0.4375 0.2648148140625 0.4421875 0.2638888890625 0.45989583281249996 0.275 0.46666666718750005
1 0.20555555625 0.4640625 0.21574074062499998 0.46770833281249996 0.2398148140625 0.46770833281249996 0.2509259265625 0.465625 0.25648148125 0.4609375 0.25833333281250004 0.453125 0.253703703125 0.44114583281249997 0.24259259218749998 0.4380208328125 0.2175925921875 0.4380208328125 0.2148148140625 0.4380208328125 0.2046296296875 0.4421875 0.2018518515625 0.44635416718750004 0.2009259265625 0.4557291671875 0.20555555625 0.4640625
1 0.1453703703125 0.46510416718750003 0.1518518515625 0.4682291671875 0.1824074078125 0.4682291671875 0.190740740625 0.46666666718750005 0.19537037031249999 0.4635416671875 0.1981481484375 0.4546875 0.196296296875 0.4447916671875 0.1888888890625 0.43958333281249995 0.177777778125 0.4380208328125 0.1759259265625 0.4380208328125 0.15370370312499998 0.43854166718750004 0.14444444375 0.4427083328125 0.140740740625 0.44895833281249997 0.1453703703125 0.46510416718750003
1 0.08148148125 0.4604166671875 0.08425925937499999 0.465625 0.0888888890625 0.4682291671875 0.1148148140625 0.4692708328125 0.12592592656249998 0.46875 0.13333333281249998 0.4661458328125 0.1379629625 0.45729166718750003 0.13703703750000001 0.44635416718750004 0.13148148125 0.44114583281249997 0.12222222187500001 0.4390625 0.1166666671875 0.4390625 0.09444444375 0.43958333281249995 0.08425925937499999 0.44427083281249996 0.08055555625000001 0.4505208328125 0.08148148125 0.4604166671875
1 0.0231481484375 0.4614583328125 0.0296296296875 0.46875 0.037037037499999995 0.4703125 0.053703703125 0.4703125 0.0666666671875 0.4692708328125 0.0740740734375 0.46666666718750005 0.077777778125 0.4604166671875 0.077777778125 0.44895833281249997 0.0740740734375 0.44322916718750005 0.0666666671875 0.4401041671875 0.061296296875 0.4401041671875 0.039814814062499995 0.4401041671875 0.028703703125 0.4427083328125 0.0240740734375 0.44895833281249997 0.0231481484375 0.4614583328125
1 0 0.47083333281249995 0.0166666671875 0.46666666718750005 0.019444443750000002 0.459375 0.015740740625 0.4447916671875 0.004629629687499999 0.44114583281249997 0 0.44114583281249997 0 0.47083333281249995
0 0.43055555625 0.1671875 0.4601851859375 0.1671875 0.46481481406249997 0.1651041671875 0.46666666718750005 0.1614583328125 0.46481481406249997 0.1510416671875 0.459259259375 0.1484375 0.44166666718750003 0.1473958328125 0.4388888890625 0.1473958328125 0.4296296296875 0.14895833281249998 0.42222222187499997 0.1536458328125 0.4240740734375 0.16458333281249998 0.43055555625 0.1671875
0 0.4268518515625 0.1932291671875 0.43518518593750005 0.1973958328125 0.4388888890625 0.19583333281249998 0.459259259375 0.19583333281249998 0.46481481406249997 0.1901041671875 0.46481481406249997 0.1739583328125 0.45555555625000005 0.1697916671875 0.4370370375 0.1692708328125 0.434259259375 0.1692708328125 0.42592592656250006 0.17239583281249998 0.42314814843750004 0.1760416671875 0.42222222187499997 0.18125 0.4268518515625 0.1932291671875
0 0.43240740781250003 0.2416666671875 0.4370370375 0.24583333281250003 0.44351851875000003 0.24739583281250002 0.4583333328125 0.24479166718749998 0.46296296249999996 0.2359375 0.46481481406249997 0.2052083328125 0.4583333328125 0.2 0.4509259265625 0.1989583328125 0.44907407343749994 0.1989583328125 0.434259259375 0.1994791671875 0.4268518515625 0.20677083281250003 0.427777778125 0.225 0.43240740781250003 0.2416666671875
0 0.4379629625 0.2916666671875 0.44629629687500005 0.2942708328125 0.4583333328125 0.2921875 0.4620370375 0.284375 0.4601851859375 0.2598958328125 0.4509259265625 0.2546875 0.447222221875 0.2546875 0.4379629625 0.25729166718749996 0.434259259375 0.265625 0.4361111109375 0.2880208328125 0.4379629625 0.2916666671875
0 0.440740740625 0.3369791671875 0.4481481484375 0.3395833328125 0.4574074078125 0.3380208328125 0.46296296249999996 0.33125 0.4620370375 0.3057291671875 0.459259259375 0.3015625 0.4509259265625 0.2994791671875 0.45 0.2994791671875 0.4388888890625 0.3015625 0.4361111109375 0.3057291671875 0.4370370375 0.3322916671875 0.440740740625 0.3369791671875
0 0.4388888890625 0.378125 0.44259259218749997 0.3828125 0.4509259265625 0.3848958328125 0.4620370375 0.38125 0.46481481406249997 0.3765625 0.46388888906250003 0.3494791671875 0.45555555625000005 0.34375 0.4509259265625 0.34375 0.44351851875000003 0.34427083281250004 0.4388888890625 0.3473958328125 0.4370370375 0.35989583281250004 0.4388888890625 0.378125
0 0.44259259218749997 0.42552083281249997 0.45 0.42864583281249996 0.4620370375 0.4270833328125 0.46666666718750005 0.42083333281249996 0.465740740625 0.3947916671875 0.46388888906250003 0.39114583281250004 0.45555555625000005 0.3885416671875 0.4481481484375 0.3885416671875 0.440740740625 0.3916666671875 0.4388888890625 0.3953125 0.4388888890625 0.4171875 0.44259259218749997 0.42552083281249997
0 0.4611111109375 0.44739583281249995 0.46944444374999994 0.44895833281249997 0.5175925921875 0.4484375 0.5259259265625 0.446875 0.5296296296875 0.44322916718750005 0.527777778125 0.4369791671875 0.522222221875 0.434375 0.50555555625 0.43333333281249997 0.503703703125 0.43333333281249997 0.46666666718750005 0.434375 0.4583333328125 0.43854166718750004 0.4583333328125 0.4447916671875 0.4611111109375 0.44739583281249995
0 0.6546296296875 0.44375 0.6629629625 0.446875 0.7101851859375 0.44635416718750004 0.7240740734375 0.4447916671875 0.7268518515625 0.440625 0.7240740734375 0.43385416718750003 0.709259259375 0.43125 0.6851851859375 0.43125 0.684259259375 0.43125 0.6648148140625 0.4322916671875 0.6555555562500001 0.434375 0.652777778125 0.4375 0.6546296296875 0.44375
0 0.8444444437499999 0.4484375 0.8490740734375001 0.45416666718750004 0.8620370375 0.45677083281249997 0.8898148140625001 0.44895833281249997 0.8953703703125001 0.44375 0.8953703703125001 0.43854166718750004 0.8888888890625 0.4322916671875 0.88055555625 0.43125 0.8752314812499999 0.43125 0.85648148125 0.43177083281249995 0.8481481484375 0.43645833281249996 0.8444444437499999 0.4421875 0.8444444437499999 0.4484375
0 0.977777778125 0.4583333328125 0.997222221875 0.459375 0.9990740734375001 0.43072916718750004 0.9898148140625 0.4296875 0.9861111109375 0.4296875 0.978703703125 0.43125 0.9712962968750001 0.4359375 0.9703703703125001 0.45104166718750005 0.977777778125 0.4583333328125
0 0.41851851875 0.1380208328125 0.42222222187499997 0.1442708328125 0.42592592656250006 0.1458333328125 0.4620370375 0.1442708328125 0.46666666718750005 0.140625 0.46666666718750005 0.134375 0.46296296249999996 0.13229166718750002 0.459259259375 0.13229166718750002 0.44351851875000003 0.134375 0.42314814843750004 0.1328125 0.41944444374999995 0.134375 0.41851851875 0.1380208328125