0 0.55648148125 0.446875 0.6111111109375 0.4479166671875 0.621296296875 0.446875 0.625 0.44427083281249996 0.625 0.4369791671875 0.6203703703125 0.43385416718750003 0.578703703125 0.4328125 0.5740740734374999 0.4328125 0.5583333328125 0.43385416718750003 0.5527777781250001 0.43645833281249996 0.5518518515624999 0.44166666718750003 0.55648148125 0.446875
0 0.759259259375 0.4447916671875 0.8166666671874999 0.4458333328125 0.825 0.43958333281249995 0.8240740734375 0.4348958328125 0.8175925921875 0.43125 0.772222221875 0.43072916718750004 0.7703703703125 0.43072916718750004 0.7601851859375001 0.4322916671875 0.753703703125 0.43541666718750005 0.7546296296875 0.4427083328125 0.759259259375 0.4447916671875
0 0.9175925921875001 0.4484375 0.93148148125 0.45729166718750003 0.946296296875 0.4583333328125 0.95555555625 0.45104166718750005 0.95555555625 0.43541666718750005 0.9490740734375 0.43072916718750004 0.93148148125 0.4296875 0.9296296296875 0.4296875 0.9240740734375 0.4302083328125 0.9166666671874999 0.43385416718750003 0.9138888890624999 0.44375 0.9175925921875001 0.4484375
0 0.44259259218749997 0.4375 0.459259259375 0.43854166718750004 0.46851851875 0.43541666718750005 0.46851851875 0.425 0.465740740625 0.4078125 0.4583333328125 0.403125 0.45 0.403125 0.44629629687500005 0.4036458328125 0.43981481406249995 0.4088541671875 0.4388888890625 0.4359375 0.44259259218749997 0.4375
0 0.4268518515625 0.1630208328125 0.43240740781250003 0.16458333281249998 0.4620370375 0.1630208328125 0.4675925921875 0.15572916718750002 0.46481481406249997 0.1453125 0.4583333328125 0.1432291671875 0.4370370375 0.1427083328125 0.434259259375 0.1427083328125 0.42592592656250006 0.1447916671875 0.42129629687500003 0.1484375 0.42129629687500003 0.15677083281249998 0.4268518515625 0.1630208328125
0 0.434259259375 0.1942708328125 0.4583333328125 0.1932291671875 0.46296296249999996 0.1911458328125 0.46481481406249997 0.1875 0.46481481406249997 0.171875 0.4583333328125 0.1677083328125 0.44629629687500005 0.1666666671875 0.4379629625 0.1666666671875 0.425 0.17135416718750002 0.42222222187499997 0.1770833328125 0.425 0.1895833328125 0.434259259375 0.1942708328125
0 0.43518518593750005 0.22552083281250002 0.45185185156249996 0.2260416671875 0.4583333328125 0.2244791671875 0.4620370375 0.2208333328125 0.46481481406249997 0.2046875 0.4620370375 0.2 0.45370370312499997 0.196875 0.4478398140625 0.196875 0.434259259375 0.1973958328125 0.427777778125 0.20416666718749998 0.42870370312499995 0.2208333328125 0.43518518593750005 0.22552083281250002
0 0.43981481406249995 0.265625 0.4481481484375 0.2671875 0.459259259375 0.2640625 0.4620370375 0.25052083281250004 0.4611111109375 0.23541666718749998 0.459259259375 0.2328125 0.4509259265625 0.2296875 0.4481481484375 0.2296875 0.4379629625 0.23125 0.43240740781250003 0.23697916718749998 0.434259259375 0.2598958328125 0.43981481406249995 0.265625
0 0.4379629625 0.3072916671875 0.4453703703125 0.3104166671875 0.4583333328125 0.3088541671875 0.4620370375 0.3026041671875 0.4611111109375 0.2770833328125 0.459259259375 0.27395833281250004 0.45185185156249996 0.2708333328125 0.4481481484375 0.2708333328125 0.440740740625 0.271875 0.4361111109375 0.2765625 0.4361111109375 0.3036458328125 0.4379629625 0.3072916671875
0 0.4379629625 0.35 0.4481481484375 0.3552083328125 0.4574074078125 0.3541666671875 0.46388888906250003 0.3479166671875 0.46296296249999996 0.3213541671875 0.459259259375 0.3166666671875 0.4509259265625 0.3145833328125 0.45 0.3145833328125 0.44259259218749997 0.315625 0.4379629625 0.3182291671875 0.4361111109375 0.3317708328125 0.4379629625 0.35
0 0.440740740625 0.3958333328125 0.45 0.3994791671875 0.4583333328125 0.39895833281250004 0.46388888906250003 0.3963541671875 0.46666666718750005 0.3859375 0.46481481406249997 0.365625 0.46296296249999996 0.3619791671875 0.45555555625000005 0.35885416718749996 0.4481481484375 0.35885416718749996 0.44166666718750003 0.3609375 0.4379629625 0.3651041671875 0.4379629625 0.3859375 0.440740740625 0.3958333328125
1 0.42103611093750004 0.44847291718750004 0.4525416671875 0.4486520828125 0.5231481484375 0.4484375 0.5314814812499999 0.44739583281249995 0.5351851859375001 0.4447916671875 0.5361111109375 0.4390625 0.527777778125 0.4348958328125 0.48425925937500003 0.434375 0.48148148125 0.434375 0.4731481484375 0.43541666718750005 0.45763425937499996 0.4400557296875 0.4229453703125 0.43504166718750004 0.42103611093750004 0.44847291718750004
1 0.35648148125 0.45677083281249997 0.35925925937500003 0.4614583328125 0.365740740625 0.46510416718750003 0.3953703703125 0.4640625 0.41203703750000004 0.45625 0.4166666671875 0.4515625 0.415740740625 0.44635416718750004 0.40833333281249995 0.4375 0.40092592656250003 0.43645833281249996 0.3953703703125 0.43645833281249996 0.36759259218749996 0.4369791671875 0.35925925937500003 0.4401041671875 0.35648148125 0.44427083281249996 0.35648148125 0.45677083281249997
1 0.296296296875 0.4557291671875 0.303703703125 0.46510416718750003 0.3111111109375 0.46666666718750005 0.33055555625 0.46666666718750005 0.34722222187499996 0.4635416671875 0.352777778125 0.4526041671875 0.3509259265625 0.44322916718750005 0.34444444375 0.4380208328125 0.33703703749999997 0.4369791671875 0.33194444375 0.4369791671875 0.3083333328125 0.4375 0.302777778125 0.43854166718750004 0.29907407343750003 0.44166666718750003 0.296296296875 0.4557291671875
1 0.2416666671875 0.46510416718750003 0.24722222187499998 0.4671875 0.28148148125 0.46666666718750005 0.2916666671875 0.4609375 0.29351851875 0.4505208328125 0.290740740625 0.4421875 0.2824074078125 0.4380208328125 0.2759259265625 0.4375 0.2675925921875 0.4375 0.24814814843750002 0.4380208328125 0.2388888890625 0.4427083328125 0.2370370375 0.45885416718750005 0.2416666671875 0.46510416718750003
1 0.18055555625 0.46302083281249995 0.1898148140625 0.4682291671875 0.21944444375 0.46770833281249996 0.22777777812500002 0.465625 0.23240740781250002 0.4614583328125 0.23333333281250002 0.4479166671875 0.2296296296875 0.44166666718750003 0.221296296875 0.43854166718750004 0.21111111093749999 0.4380208328125 0.20648148125 0.4380208328125 0.1851851859375 0.43854166718750004 0.1759259265625 0.4458333328125 0.175 0.45104166718750005 0.18055555625 0.46302083281249995
1 0.1490740734375 0.46770833281249996 0.15555555625 0.46875 0.16944444375 0.46770833281249996 0.175 0.4640625 0.172222221875 0.45104166718750005 0.16851851874999998 0.44739583281249995 0.15925925937500002 0.4453125 0.1583333328125 0.4447916671875 0.1481481484375 0.44947916718750003 0.14444444375 0.45625 0.1453703703125 0.46510416718750003 0.1490740734375 0.46770833281249996
1 0.0898148140625 0.4640625 0.0981481484375 0.46875 0.13055555624999998 0.46875 0.13981481406250001 0.46302083281249995 0.14444444375 0.45104166718750005 0.1425925921875 0.44375 0.13055555624999998 0.4390625 0.109259259375 0.4390625 0.1046296296875 0.4390625 0.09629629687499999 0.440625 0.0916666671875 0.44427083281249996 0.0888888890625 0.4515625 0.0898148140625 0.4640625
1 0.037037037499999995 0.46875 0.04444444375 0.4703125 0.060185185937499996 0.4703125 0.0759259265625 0.46875 0.0824074078125 0.4661458328125 0.08518518593749999 0.4604166671875 0.08425925937499999 0.446875 0.07962962968750001 0.4421875 0.0675925921875 0.43958333281249995 0.061111110937500004 0.43958333281249995 0.039814814062499995 0.440625 0.03148148125 0.446875 0.030555556249999997 0.4614583328125 0.037037037499999995 0.46875
1 0 0.4713541671875 0.0129629625 0.47083333281249995 0.022222221875 0.4682291671875 0.025 0.465625 0.0259259265625 0.44635416718750004 0.021296296875000002 0.4427083328125 0.013888889062500001 0.44114583281249997 0.009259259374999999 0.44114583281249997 0 0.44114583281249997 0 0.4713541671875
1 0.6370370375000001 0.446875 0.7259259265625 0.4458333328125 0.734259259375 0.4421875 0.7333333328125 0.4348958328125 0.7240740734375 0.43177083281249995 0.647222221875 0.43177083281249995 0.64444444375 0.43177083281249995 0.6333333328124999 0.43385416718750003 0.63055555625 0.43645833281249996 0.63148148125 0.44322916718750005 0.6370370375000001 0.446875
1 0.8518518515625001 0.4557291671875 0.8611111109375 0.45677083281249997 0.8796296296874999 0.453125 0.8916666671875 0.45 0.902777778125 0.44375 0.9037037031249999 0.43854166718750004 0.8953703703125001 0.4328125 0.8888888890625 0.43125 0.85 0.43072916718750004 0.8481481484375 0.43072916718750004 0.8333333328125001 0.43333333281249997 0.828703703125 0.44375 0.8324074078124999 0.44895833281249997 0.8518518515625001 0.4557291671875
1 0.9629629625 0.4578125 0.9666666671874999 0.45885416718750005 0.9990740734375001 0.45885416718750005 0.9990740734375001 0.4302083328125 0.9916666671875 0.4296875 0.9870370375 0.4296875 0.9703703703125001 0.4302083328125 0.9620370375 0.4348958328125 0.9601851859374999 0.4526041671875 0.9629629625 0.4578125